9.748034542070854513e+01 2.763236662121336673e-01 -1.992095716213379664e+00
7.817894224472466647e+01 1.484555688522985750e-01 -1.185965841083624683e+00
9.005315252706199658e+01 1.923454860739616523e-01 -1.284902532354551985e+00
9.362401912304706286e+01 1.197096134752522190e-01 -6.393916670504879107e+00
9.016731278335100797e+01 7.729370954034615604e-01 -2.445378662675722764e-02
8.481300973452258063e+01 2.101391077246439199e-01 -5.034606288475730329e-01
8.613774972306420352e+01 4.416069980617158830e-01 -4.822611161678749120e-02
8.892960505124491988e+01 7.861652005537577148e-01 -1.344051827281119577e-02
6.718364404121930988e+01 6.546412440679434397e-01 -9.638632871799058810e-01
8.407842863066063899e+01 9.859085506366196960e-02 -1.145175643528282272e+00
8.076630567478856904e+01 2.396125322356205262e-02 -3.059244431958034305e+00
7.878203589125899953e+01 5.333518651705885238e-01 -1.055843505045874098e+00
6.664984310351262309e+01 3.664015422616266893e-01 -8.209651074437607221e-01
9.079453435415911144e+01 3.106683708077135897e-01 -1.186904157928322379e+00
8.755046936598472485e+01 1.480037479622144450e-02 -7.757750093389675222e-03
8.004614134636722156e+01 4.058269679404770125e-01 -4.242166661253294002e+00
9.243200384160925864e+01 4.707919100368919141e-01 -5.731732923710345373e-01
9.497102155566878423e+01 2.701919042643830537e-01 -3.715202352813649078e+00
7.446346416447900651e+01 5.215988134056902537e-01 -1.649558951136635976e+00
7.853631594141501182e+01 1.438125510971594023e-01 -1.814217427601461319e+00
7.762383114530996409e+01 3.330605435511598267e-01 -4.376515287353928696e-01
9.721117343996269256e+01 1.287765190805176263e-01 -3.866248363071646210e+00
6.677937635374637182e+01 7.182531820087022512e-01 -1.106870188487635742e+00
8.876217131814981087e+01 5.808184887540507324e-01 -4.052771740935690037e-02
8.547660837879881512e+01 4.971549023820667212e-01 -6.555458690377198583e-02
6.984982717153769727e+01 3.958100973621774682e-02 -1.531707847001415046e-01
9.554715899467957740e+01 3.977176750041219733e-01 -1.600799674172732168e+00
6.911155027924843353e+01 2.644283084560294927e-02 -6.870047887920725793e-02
7.562537282263102156e+01 4.583549535229896471e-02 -5.400278652654846162e-02
9.311912091752144249e+01 1.713464360851197632e-01 -5.112238008381710941e+00
7.469939642486424702e+01 6.706164045505411675e-01 -1.105377241567625735e+00
7.735963771606121497e+01 6.604815269057419114e-01 -1.715400803825943565e-01
9.568803660438720726e+01 7.646396806590252115e-01 -2.020633281523131486e-01
7.410586657162085089e+01 5.965009659182414214e-01 -2.250349911565382666e+00
6.809746040623053887e+01 3.717816500522151957e-01 -1.406007161550178741e-01
8.131176074908714213e+01 3.141198979065910057e-01 -1.326311193185816961e+01
9.660442351555460050e+01 3.027272523953610239e-01 -2.237177828367248544e+00
8.168237959497476197e+01 5.061519533512812696e-01 -8.513593810884891866e+00
9.617115898954963882e+01 7.230544342032396710e-02 -5.057022292830796850e+00
7.796227837308535413e+01 5.172266783973366033e-01 -5.186437014461515727e-01
6.769672024068962912e+01 7.535952168677471086e-01 -9.071893145287452942e-01
6.572962116606882432e+01 3.861474762294881957e-01 -3.233636194531420038e+00
7.005383518146281574e+01 3.590326462603399271e-01 -4.968129028806512082e+00
7.490099895984945988e+01 2.815400658425514235e-01 -6.603722287423994253e-01
9.181216949689016360e+01 1.221449388269239544e-01 -4.697532749446467371e+00
8.366076530263423194e+01 6.734248936945677055e-01 -8.162163300593626714e-01
7.226292106429166040e+01 8.341671767669051052e-02 -2.702340666567791150e+00
6.540069134275711349e+01 5.864191780092060657e-01 -4.199002997317750285e+00
9.394915550653570335e+01 1.848706372137649545e-01 -5.449088679238486499e+00
8.026787452894032526e+01 6.802767554137921779e-01 -3.153929368704971647e+00
8.813515735590635813e+01 3.434096822455073861e-01 -1.905398114873380899e-01
6.875307241011061876e+01 2.226498960596589860e-01 -6.561627044407131182e-01
7.698361595724253448e+01 6.297364937999397339e-02 -2.150527286230336788e-01
7.074606707949889994e+01 2.434719796047057072e-01 -6.079875176532370418e+00
9.414028976655201575e+01 3.464564276058118564e-01 -2.275418454189096273e+00
7.596811566033620977e+01 2.616418387260810996e-01 -5.365395374211086310e-02
8.441743236028865738e+01 7.027267854674940084e-02 -5.091995556706839787e-01
7.314062038387992004e+01 7.466847603117130472e-01 -3.672364579297591636e+00
9.294774964421603158e+01 6.362456125751938529e-01 -1.796818180265959408e-01
8.239790054973894939e+01 1.613450620844438521e-01 -1.017703016683928929e+01
9.443063912868436205e+01 7.268517169225354735e-01 -2.483235312785661286e-01
6.757687284183027998e+01 4.825231717794300490e-01 -7.782522663178070843e-01
6.612032957060537797e+01 5.464490447114195293e-01 -2.356138853761103213e+00
7.215071193777602332e+01 5.408019458523013467e-01 -5.800641009040578666e+00
7.261053524431247297e+01 5.741781569770008087e-01 -5.082482082990545713e+00
8.270457924589726417e+01 4.265272839020749496e-01 -4.932972991114732864e+00
8.743677615238431144e+01 6.090082482086636162e-01 -1.547940061766094333e-01
8.218895939578854382e+01 2.958786178532093469e-01 -1.000129653525146445e+01
7.670861896377709854e+01 6.461067412829140100e-01 -8.798569498953871804e-02
8.140717712396323691e+01 1.799470713901445973e-01 -1.633804855853248128e+01
8.524121233916162055e+01 1.063171039984225213e-01 -1.799703155112590824e-01
9.073816960373216034e+01 7.081239213202606964e-01 -5.455816732268280178e-02
8.719725031168766805e+01 7.407122222058053485e-01 -1.251385348982576307e-01
8.560241709451128145e+01 9.519024091511341101e-02 -8.929220698172239679e-02
6.865607603247610768e+01 2.014856365380179593e-01 -3.991065845090329689e-01
8.628293309672976363e+01 4.379029244029329360e-01 -5.760773767152661817e-02
8.928467803339472653e+01 4.775526945285448743e-01 -4.954870699925530836e-02
8.668145769780322496e+01 3.264591136041084529e-01 -1.101244964256486991e-01
9.684420075571016184e+01 3.839075822353690270e-01 -1.304451162301285105e+00
8.339996752337869168e+01 4.583756513245925146e-01 -1.836455567181904058e+00
9.218410693319208349e+01 2.300737085386200809e-01 -3.085739676165153877e+00
9.171796684564328928e+01 7.776295700236004471e-01 -3.123950601038796501e-02
7.351347999846521475e+01 5.618029472371679489e-01 -3.508451995756512787e+00
7.118969839622371865e+01 5.541897498495508279e-01 -6.766041435065484499e+00
7.922926635688531860e+01 7.280957581969818015e-01 -9.347227753102990144e-01
8.323216168165060935e+01 4.099579189561926573e-01 -2.544067536080226066e+00
8.061497028641198881e+01 6.988948572334204856e-01 -4.003716892452691134e+00
7.520447659768355209e+01 4.534524373011485920e-01 -3.472769069084379878e-01
6.933890094993650166e+01 6.165144952535018819e-01 -3.159939502266254863e+00
9.526877883831761551e+01 2.543551769478468172e-01 -3.990877423468385476e+00
8.819819930653731888e+01 6.951404403093108808e-01 -1.029649202372927147e-01
7.952652186362438158e+01 2.348451688825533568e-01 -3.714046724251920839e+00
6.604939120134315544e+01 7.922873436752284615e-01 -2.669157831798720792e+00
7.163132796749498254e+01 4.215321102773595362e-03 -3.538647363849100613e-01
7.616801403040011564e+01 1.591671427336120437e-01 -1.056911031921500821e-01
9.123324087089467582e+01 4.186887720889358455e-01 -6.253951550971511564e-01
7.128318066367302208e+01 4.864721837619454675e-02 -7.290343244770073339e-01
7.357020628606260004e+01 6.285627584260244927e-01 -3.094475930101094008e+00
7.038469216926112892e+01 6.029455476410572334e-01 -4.944954672170759125e+00
8.953324315102751996e+01 4.951821608208066272e-01 -8.095303181375930468e-02
7.036362033356540735e+01 2.864916561461882671e-01 -5.475094962805707510e+00
8.377004199058846723e+01 6.868079554915313967e-01 -6.250443523822849512e-01
7.744780264056704766e+01 7.076564551259419966e-01 -1.607514534398162831e-01
8.576227647150675182e+01 9.080357956064066816e-02 -6.598601793907468704e-02
6.540070309128945780e+01 7.632595914710580409e-01 -4.196061531296165548e+00
9.271977242864598168e+01 3.243614908740815456e-02 -3.540479028189048361e+00
7.010445735215598972e+01 3.642044912830264547e-01 -4.957547924519279725e+00
7.080100409413458351e+01 1.866685875850001008e-01 -5.701742806011700360e+00
7.519744892865168140e+01 3.138203206522076072e-01 -2.685679961846255681e-01
7.710621101312271719e+01 6.536473125566020226e-01 -1.194781105419486372e-01
8.437874851765404571e+01 4.585962546090960323e-02 -3.581754766666082612e-01
8.963057259112396480e+01 1.428560671573702867e-01 -1.090323540812475400e+00
7.643011251784369620e+01 5.070194482321500606e-01 -9.256566124983013621e-02
9.342120925567294876e+01 3.293167480770538003e-01 -2.248564337312298100e+00
8.269902049847463843e+01 3.446384446247615085e-01 -6.025693493407314527e+00
7.174718904752022297e+01 5.197831418754975813e-02 -1.143240056751043454e+00
8.807392365871078255e+01 1.280502225092370050e-01 -3.630260429438696423e-01
7.275083503289025089e+01 3.082914863842516340e-01 -5.707903439014833324e+00
6.936444208164684255e+01 6.449213853808910546e-01 -3.131432391296486983e+00
7.607275490283052477e+01 7.217944313552489277e-02 -3.070496443149189902e-02
7.403789607247584570e+01 7.703274252186087523e-01 -2.177974354254005096e+00
7.145628235746839607e+01 3.559533990457079966e-01 -7.601515256873988768e+00
8.772809887332567769e+01 3.823069742325907461e-01 -2.118309591684091886e-01
8.042831784852631927e+01 6.296771593066272654e-01 -4.027662485659129210e+00
7.890555650523688769e+01 4.576948743349651960e-01 -1.378949941236156329e+00
9.307070184392537726e+01 6.178494024454336264e-01 -2.401428887240871501e-01
7.241034088801347934e+01 7.352131692120523754e-01 -4.711916365512458071e+00
9.503196513544517643e+01 3.914137495060907024e-01 -1.800538132379757128e+00
6.736370427492083479e+01 7.837739543737676229e-01 -1.045781224692841516e+00
6.864239402798854428e+01 3.237441013521413780e-01 -3.433688551226702357e-01
6.885644708037992245e+01 2.075368057864651616e-01 -9.863762326472597097e-01
9.167121446268534157e+01 7.413304716385364923e-01 -4.030318510095152323e-02
9.735194650539808947e+01 7.003888868415368563e-02 -3.256085346701944161e+00
7.660138852437789581e+01 1.052312657413596447e-01 -2.124023061452932071e-01
7.972378200923753866e+01 4.040320504264386381e-01 -3.179896743071000120e+00
9.096407918431171424e+01 6.114724565365891040e-01 -1.243032311543151996e-01
9.296742579649641414e+01 5.033587700423668432e-01 -5.483496399056159154e-01
8.675899458880572013e+01 5.888587816087935689e-01 -1.036583002065216974e-01
8.181784285940564416e+01 5.315598911382958258e-01 -7.650042563710711008e+00
7.803334700180364791e+01 4.095656996005224149e-01 -6.245510354180147106e-01
7.317130369767720310e+01 8.677022554542834776e-02 -1.927915481992173552e+00
8.734787612870835005e+01 2.908277571392284822e-01 -2.411831991276454090e-01
8.832881822900202451e+01 3.702263490694111987e-03 -1.244245191066140482e-01
9.542247061499099914e+01 7.590144144977059026e-01 -2.198867179356195911e-01
8.097621738763299959e+01 2.991718025357251731e-01 -1.246717028647329961e+01
9.078671747490095356e+01 1.594222023861559534e-01 -3.028257417748696945e+00
8.006530326384287832e+01 6.925318498141928014e-01 -2.242371288667577733e+00
9.468475180363135735e+01 4.379938716348600325e-01 -1.364287097219366141e+00
7.201178911426831064e+01 4.266832275015695064e-01 -6.563379815711123833e+00
7.842830832401250518e+01 3.930578368139723278e-01 -1.000415581653831820e+00
9.492655188494003937e+01 4.440736807226430827e-01 -1.300851496430590171e+00
7.836471343713839133e+01 2.377048010158513136e-01 -1.390905337518428597e+00
9.129170382331525957e+01 1.193694181565344015e-01 -4.095640079793355426e+00
8.930314181760377323e+01 6.971835476443453139e-01 -6.249103555851254557e-03
8.478109733479610099e+01 4.640122927152954269e-01 -2.376372442808532826e-01
9.714285693787255127e+01 7.257815466612459465e-01 -1.245568584179196220e-01
7.932245616627182017e+01 5.768195419832847781e-01 -1.431787868554669219e+00
6.651704391417149509e+01 5.752510170419434798e-01 -1.410721272826553463e+00
7.100408502397202426e+01 2.156059214974576088e-01 -6.687095459290584465e+00
7.774080297963810438e+01 2.785565502238791513e-01 -5.858586539276821048e-01
6.588335043752570641e+01 4.191494243220649785e-01 -2.777833932834488539e+00
6.995574588162862995e+01 7.453227826316575211e-01 -4.026848113412198060e+00
7.552426149213536632e+01 6.367792521163786468e-01 -2.008404679180909314e-01
7.512830553995623006e+01 2.605945696633889530e-01 -3.139600468737347438e-01
8.336769628156214651e+01 9.629851588294134623e-02 -2.949744724858184064e+00
6.908886881901705124e+01 5.165790761842413703e-01 -1.844070925574304631e+00
6.791097956852665618e+01 2.850183196408655195e-02 -2.005940419782331063e-01
8.257837409627595093e+01 5.548552211698074554e-01 -4.210434693484272906e+00
7.985211270896655833e+01 4.766098958809621422e-01 -3.082378097804835182e+00
8.719364489569072418e+01 2.258766032789487621e-01 -2.658436689738699066e-01
9.685644710573717475e+01 1.781405664488789065e-01 -3.868320894630350892e+00
8.532013241764421707e+01 5.391116896828583860e-01 -9.366380825650863495e-02
9.415631731061593257e+01 5.625959469041974526e-01 -5.765810325073187359e-01
9.010613047409739806e+01 1.507714315479375955e-01 -1.939028492030224093e+00
9.576567556755419730e+01 5.260587773861694627e-01 -6.925942788223374835e-01
8.649574864891926040e+01 6.756576914276278822e-01 -6.324838553089134896e-02
8.323409265400565005e+01 4.505624015036737706e-01 -2.274516747280129536e+00
9.383987366827393828e+01 5.509552060278034569e-01 -5.849165738434581874e-01
9.653848806519977188e+01 5.794038764864307967e-02 -3.807215158579057235e+00
8.114994999104021645e+01 2.657784133590851972e-01 -1.407114751628929028e+01
6.827759974945199417e+01 7.969592476165860973e-01 -1.338733536485690323e-01
7.367729273388772526e+01 1.920382597292980831e-01 -3.273931980420404564e+00
8.594405275406150224e+01 2.199098008207583388e-01 -7.691926674310121947e-02
6.551673997291528906e+01 4.838382756136539453e-01 -3.851617835244746324e+00
8.498687333277118228e+01 1.638795655448293739e-02 -1.605230934446719437e-01
8.404554626612005563e+01 1.676997653437138913e-01 -1.551455850789939417e+00
9.231528754634659606e+01 2.557754194307426121e-01 -2.625584467689852985e+00
7.463693703353061437e+01 6.594513777258794729e-01 -1.112032255778247158e+00
9.040691448061768654e+01 3.372069023601129700e-01 -7.957031979587217974e-01
6.717293882855678078e+01 3.708867266379844430e-01 -6.206457542035507258e-01
7.323497710483481171e+01 2.476964089222628562e-01 -4.609910468266845029e+00
9.622994821983955660e+01 1.219372738813799019e-02 -1.041526082747850968e+00
6.684790316488792428e+01 7.135618411764967917e-01 -1.045702544685996660e+00
8.901516529864575489e+01 5.998364895210556158e-01 -2.589167267734037922e-02
9.182657753234641973e+01 7.917333279631078025e-01 -2.925899178921070182e-02
6.612140625623339929e+01 1.254887119380667937e-01 -5.921677459535337196e-01
8.231592050546205996e+01 1.753485558332217864e-01 -1.159905155124541842e+01
7.444932893143391084e+01 6.067047670206824339e-01 -1.566609226950287370e+00
8.148441479791108577e+01 6.662026597360379832e-01 -6.340173037873452877e+00
8.883606246164109166e+01 4.958883460886689409e-01 -5.220049888870136046e-02
7.851209514356447983e+01 4.695769240469319650e-01 -9.721766797906086222e-01
8.591929791720899345e+01 1.651505284344937097e-01 -8.732663403653491418e-02
7.202700941164502524e+01 3.345357791976735218e-01 -6.982621953477570642e+00
6.680486388615379667e+01 1.062142884366866769e-01 -1.950801313869744008e-02
7.545690525952967675e+01 5.075923047096225771e-01 -1.902195863448744029e-01
7.421799576442799662e+01 4.088977737882757424e-01 -2.250155500459742441e+00
9.508253784882765558e+01 6.299523658765308898e-02 -5.821687289619775107e+00
6.901724538651741625e+01 1.868167877895529072e-01 -1.740651170621768440e+00
8.940338122003180388e+01 6.688060928278798389e-01 -1.011283093005793145e-02
6.844332084903189184e+01 6.432584141431839653e-01 -6.240790492002275952e-02
8.746411635527579165e+01 3.906894059508554395e-01 -2.090575510063726050e-01
8.899475735356200801e+01 5.611565511564952091e-01 -3.025427673108324611e-02
9.389552572095776384e+01 5.473577851757773782e-01 -5.988609114745032658e-01
9.266847691255119912e+01 3.021234593894476239e-01 -2.098205537327118453e+00
9.209276162347354955e+01 5.803754852008612408e-01 -1.983804623327231897e-01
7.966185309825939953e+01 6.137469523267676808e-01 -1.682545331518184417e+00
8.132244913603551595e+01 5.547751516315654885e-02 -8.987503454231278610e+00
6.963782286808900324e+01 4.763911451555206122e-01 -4.217513857661689514e+00
7.345335607568027569e+01 1.377985297868577763e-01 -3.043149325972772878e+00
6.741131946224140847e+01 1.749680604451790966e-01 -1.311979943598530762e-01
6.772408509978779989e+01 6.256522689812924476e-01 -7.580845580410383588e-01
7.359823742170277683e+01 7.245652248990339661e-01 -2.877142430707179788e+00
8.335400518779425738e+01 5.229431295267537028e-01 -1.876663542042501964e+00
7.162089508894324297e+01 3.696788013779839233e-01 -7.485733561594783758e+00
6.518927584937289055e+01 8.006248863390076978e-03 -1.058115136569216297e+00
7.150895528755108899e+01 7.721213604348992066e-02 -2.576638582381115761e+00
8.630784422184324001e+01 7.702353580801263311e-01 -4.675852094657857033e-02
8.141584757612670842e+01 7.434121617173143903e-01 -5.465719957898813597e+00
8.790256045698403398e+01 5.341822044281276938e-01 -1.505565914716137377e-01
9.293703386058533056e+01 2.226457981837150213e-01 -3.781725352859985900e+00
6.559234872702643315e+01 3.474835108980025566e-01 -3.326354883976198717e+00
7.481265708355911670e+01 5.579183539693093330e-01 -9.758120106175822706e-01
7.020110215244405083e+01 2.831920978183337656e-01 -5.093180217781148933e+00
7.999275069992879139e+01 6.372149263486774906e-01 -2.517750579059666372e+00
6.971371108454093246e+01 2.551975944929923412e-01 -4.479156142652842121e+00
8.660664771846583676e+01 4.391835019539620522e-01 -9.316999667128471330e-02
7.504099669317399446e+01 4.944440818561895989e-01 -6.288342869461372997e-01
9.616863911427054745e+01 5.138428152265538396e-01 -6.782334942260377364e-01
9.659159961324830590e+01 6.729322780768301829e-03 -6.528943949028838123e-01
7.616421115399502639e+01 4.186291014288431866e-01 -8.205814589945695237e-02
8.863299589770547016e+01 7.673509418637833868e-01 -4.071696414705545941e-02
7.910606637426073462e+01 7.839007004586414640e-01 -7.667178658317111983e-01
8.447695176034216047e+01 7.189620122895092891e-01 -1.694015793281345716e-01
9.361796582041625925e+01 7.569808453499922152e-01 -1.013463352474772705e-01
9.061861222467379662e+01 1.255122504424129037e-01 -2.841227715398042974e+00
7.886820254156123156e+01 6.824895176649635464e-02 -1.759024981849635072e+00
9.095666490326334497e+01 6.807419237580772942e-01 -7.142736002064895007e-02
8.273972240487663043e+01 7.037116381871451054e-01 -2.537300688253980141e+00
7.551712053246752987e+01 2.086901889141615229e-01 -3.771202747580674336e-02
8.426345538430400950e+01 5.950596586253830145e-01 -3.161477384445544048e-01
7.258105219227927307e+01 6.552809750362054153e-01 -4.765286093388476196e+00
8.561171585710854970e+01 2.407404358496642027e-01 -1.175423378818824111e-01
7.704884601597805727e+01 4.010082066498161790e-01 -1.596506977754252043e-01
8.010763949702199227e+01 3.978673407178148214e-01 -5.036096526615152946e+00
6.723890562185007980e+01 6.603602369035632691e-01 -9.741877496500391809e-01
6.896501901128978318e+01 2.029311631357203494e-01 -1.362597728958708565e+00
8.195169068048321037e+01 3.066604154745935715e-02 -3.791300401794991171e+00
9.667086225159975754e+01 4.840877066826074770e-01 -6.957929198287544637e-01
7.661366499776491423e+01 2.384051152273011231e-01 -1.731822387706243582e-01
7.064545186375303842e+01 5.845070240859134847e-01 -5.530479706194979528e+00
7.753586596539497577e+01 5.405932859545068414e-01 -2.480572778413100143e-01
8.831773673752852005e+01 9.588622754884618127e-02 -2.789728311409176431e-01
9.135571506845668921e+01 6.904490980190053362e-01 -6.641575542793601294e-02
9.459113933806548857e+01 3.096325835077640143e-01 -2.986670518173552669e+00
7.037287599734105470e+01 6.079823565065886060e-01 -4.932430024741948138e+00
8.689177251534466961e+01 4.296422478828079705e-02 -4.380097573455084964e-02
9.213045210483232950e+01 8.448065004409655021e-02 -5.261409004204105955e+00
9.020455634251440813e+01 2.308013416773883053e-01 -1.212911372091367568e+00
7.312220359196021491e+01 6.723975228171834573e-01 -3.877012285319991758e+00
7.780535976398721232e+01 3.928858807525881236e-02 -2.430789151050823660e-01
8.321537821056540452e+01 1.791461181195279362e-01 -4.747444928492987160e+00
8.200728346852970674e+01 3.163831067411639886e-01 -1.159759611943221813e+01
9.743046890431418205e+01 4.437520044205691128e-01 -7.748346804714424385e-01
7.730640001979480758e+01 7.354167447322935702e-01 -1.278482444039415189e-01
6.608754337693000025e+01 1.499045204880296855e-01 -8.195618967319896475e-01
9.159933381615559256e+01 7.877022429406838055e-01 -3.375429174286582318e-02
7.232095300268839821e+01 6.233485848897103443e-01 -5.131834520605639938e+00
9.562772543354844856e+01 7.981980855363778327e-01 -1.776763971570848311e-01
9.332886550445024909e+01 3.596430888105854318e-01 -1.753817176739096428e+00
9.437109875662605418e+01 1.138689990885648345e-01 -6.930915705822646267e+00
9.712658800075860199e+01 3.816419446398544579e-01 -1.181463279566087987e+00
9.476800548622694009e+01 1.538422381093019209e-01 -6.484495017280712759e+00
7.841238002009453112e+01 7.116039863068088778e-01 -5.629270592602749756e-01
8.235730487376228837e+01 4.548967129167133527e-01 -6.150081483140432681e+00
6.602738757800933911e+01 7.513307821395088792e-01 -2.672596986169748057e+00
8.475222824048751136e+01 1.935999405473897428e-01 -5.105971332008598651e-01
6.652276690596212916e+01 4.278697328104463793e-01 -1.071958446024890543e+00
8.558517205310627673e+01 2.797959680789063874e-01 -1.091676162664332872e-01
8.080596157239745025e+01 5.013230670429852376e-01 -7.407349952425366979e+00
9.572781683727953350e+01 2.628789803943279435e-01 -3.450178639191347596e+00
8.068213049672559123e+01 3.633564822393668958e-01 -9.146613406940405255e+00
8.376275465186920144e+01 2.938234334020606298e-01 -1.964031300763850130e+00
7.097164437526183178e+01 4.632629220580369855e-01 -6.731012642554485836e+00
9.004253252653202821e+01 3.211535636914045755e-01 -6.522096698833567130e-01
8.500721877128637516e+01 1.820082881512932391e-02 -1.648622583858224966e-01
6.803967223566617406e+01 5.735274820591732547e-01 -3.528105115525475011e-01
7.402935051541717826e+01 9.658063007990398685e-02 -1.107336707228195216e+00
8.956321836063766284e+01 1.358948217873963971e-01 -8.698918703838465216e-01
8.768257702216308758e+01 2.671450793377133093e-01 -2.808253746201887502e-01
7.589175406488651277e+01 3.404418708342140110e-01 -6.242559666790648693e-02
8.786369485968023696e+01 7.546816828980271730e-01 -1.231962173858400789e-01
7.514609578425022107e+01 5.142100698595739039e-02 -2.117735219294142324e-01
7.180638209788436654e+01 5.233883434536233947e-01 -6.413870002573765383e+00
9.477819559693998031e+01 1.254838603388989393e-01 -6.920961659667228538e+00
7.336574989352659770e+01 5.839433628270598309e-01 -3.685624650659336865e+00
7.032694451751265774e+01 2.692913928497499554e-01 -5.221342923442321649e+00
9.672693212867113743e+01 7.469973255922620625e-01 -1.264884016037429726e-01
9.642467254515433694e+01 1.421758253918705417e-01 -4.881145724183720169e+00
8.135272276612150222e+01 5.000584556894749344e-01 -8.947077784558032931e+00
6.780802652576491596e+01 5.194320227662453382e-01 -5.880935018854057672e-01
7.842065461832429207e+01 2.951902071602372207e-03 -1.279904031642750684e-01
9.192881835266103963e+01 7.651022654022101577e-01 -3.050965675751112979e-02
9.724601823802078115e+01 3.759102397765411441e-01 -1.165981542609051624e+00
7.994953137250098507e+01 5.603412539434302758e-02 -3.976471091605881192e+00
7.447107229584008792e+01 8.222309252831304371e-02 -5.174762488558238838e-01
6.663264275786995938e+01 2.013544464854756244e-01 -3.018036513597074366e-01
7.389870354105725880e+01 7.313218384124376970e-01 -2.445793532082683353e+00
9.065144991013359288e+01 4.743521958970447483e-01 -3.252810474196126678e-01
7.965390810010538303e+01 1.184450350285961573e-01 -4.634939931118212897e+00
9.090339733179665416e+01 3.690864641550799935e-02 -2.621273022008583364e+00
9.617894667848473489e+01 7.241682906931821151e-01 -1.902859679657200875e-01
8.762518541536583427e+01 2.504030044928126642e-01 -2.944471808861683360e-01
9.549259272597822701e+01 3.852885829002570262e-01 -1.727365490172457774e+00
8.204739265052006658e+01 7.083459623518004733e-01 -4.911129889440089435e+00
6.883460079382665242e+01 7.906462188377760825e-01 -9.476568355836040292e-01
6.673443506058308117e+01 1.849722069942312253e-01 -1.860870040534172709e-01
8.318180576779244007e+01 2.326691344609400081e-01 -4.594131859966812392e+00
8.615749833845632111e+01 3.464128319970560255e-01 -5.526975431340386269e-02
6.552295256181105287e+01 7.695258206802928491e-01 -3.922456144953133883e+00
8.566721873394985209e+01 5.879762479727056457e-01 -4.320526330705518059e-02
7.132096001090634729e+01 7.778087141370376711e-01 -5.935050475555221361e+00
9.387524670427208662e+01 6.939659277881787824e-02 -6.111085108765048624e+00
6.585944344772140369e+01 2.573863377369333683e-01 -2.381665480331035756e+00
7.694089661851904793e+01 4.190341559945749694e-02 -1.144993238440692590e-01
9.533669018554462582e+01 8.904618438005718062e-02 -6.554088146915246327e+00
7.126481142665963375e+01 2.908332600337945606e-01 -7.574487480217365842e+00
8.503209183259673409e+01 6.528343687206416002e-01 -8.711637794096238618e-02
8.715544249742312388e+01 1.294474731161287528e-01 -3.550740770628081355e-01
7.285592942212848300e+01 3.957607545757542145e-01 -5.258308774888183379e+00
9.152067549942944424e+01 6.739836440458339961e-01 -7.559535528862294795e-02
6.978499272417876398e+01 1.552165699764155582e-01 -3.585052251151577885e+00
6.763370326777489083e+01 7.742830671753603289e-02 -4.038133989099056131e-02
8.398134541395785391e+01 2.211851077121553544e-01 -1.517350403140136139e+00
6.513450295112973265e+01 1.176625727769627615e-02 -8.338337713503706228e-01
8.527414845598504201e+01 4.697559216842610574e-01 -1.133797061927283856e-01
9.446153937862283101e+01 5.548134848025556565e-01 -6.572117295542554416e-01
7.613722112893304939e+01 2.994209477876537129e-01 -7.061766899492409599e-02
8.974424694541964698e+01 3.170235877478563835e-02 -9.529255003984046235e-01
8.634365140032763009e+01 6.022921594756832642e-01 -5.051534168731829089e-02
7.794131608149169210e+01 9.769283775721199214e-02 -8.305815588333882449e-01
9.035740905958094515e+01 3.527686710052260199e-01 -6.179716324850145215e-01
8.492152333272397868e+01 7.437047580544152714e-01 -8.561000681133015822e-02
7.316016254352594217e+01 3.132825984914847095e-01 -4.972366639293446688e+00
6.932586218287831059e+01 2.855136359420009096e-01 -3.317728709917208807e+00
6.825795564118975278e+01 1.069936966175100840e-01 -2.448783708209424648e-02
8.238885769162402539e+01 6.954044228199487421e-01 -3.549543103185379689e+00
8.013775786818938229e+01 6.684966794546871593e-01 -2.766433919481434245e+00
8.347441266200800669e+01 6.140689838360213759e-01 -1.189622528134866464e+00
7.925866988037485328e+01 2.233320695015761706e-02 -7.831908674512636503e-01
7.083735017154469915e+01 5.101455933820440158e-01 -6.323846945167876044e+00
8.273041299307777763e+01 1.500088530174941148e-01 -7.549470859479601614e+00
7.844273635005696121e+01 4.210030226292325040e-01 -9.447677270933486637e-01
6.900984968862334767e+01 6.364659854546649287e-01 -1.828358609195373852e+00
8.042629473679140517e+01 2.255321128570483558e-01 -9.700903505113862124e+00
6.715769112087760107e+01 4.327422596825511447e-01 -7.316479931132253700e-01
7.745859878255005526e+01 5.330694092384108407e-01 -2.515461010236682560e-01
8.102500351855164240e+01 2.435659437678839856e-01 -1.384156702468708744e+01
7.743341636532868222e+01 4.907942308473061122e-01 -2.227327554896781914e-01
8.452902404420606786e+01 3.815754153417867944e-01 -5.145441819687769369e-01
8.862932834018616290e+01 6.414050220873370733e-01 -5.151562811890143118e-02
8.993097285011823772e+01 4.566382600869867137e-01 -1.942586088139976463e-01
9.255744642281877077e+01 4.047027935189043690e-01 -1.010163201186216275e+00
7.630637714057894527e+01 4.427900615515309446e-01 -9.369648131647875799e-02
9.747564780366701598e+01 7.180646425435123215e-01 -1.256951444132131390e-01
9.416945510124801899e+01 1.607057242562509036e-01 -6.135355338354702148e+00
7.463284249286567729e+01 3.431965917050670556e-01 -1.185104692722255937e+00
8.185816440207510425e+01 2.746370446532554466e-01 -1.345022072945488567e+01
8.381120929491774518e+01 4.857601966521546411e-01 -9.076397423679425369e-01
9.339802365362091052e+01 3.248264323232674666e-01 -2.204709868420282159e+00
8.835533300641345988e+01 4.546123542771267623e-01 -1.015994196729889942e-01
9.300035762083849988e+01 5.758131637830623539e-01 -3.060152940915771280e-01
7.572468231828614194e+01 4.303891693461363577e-01 -9.840049186889628097e-02
7.360982768074104854e+01 5.925396084323311108e-01 -3.185143593314445187e+00
9.312447704401648707e+01 4.098843812460631897e-01 -1.172147210880803314e+00
8.746880200447175469e+01 5.464250396205003746e-01 -1.665016372906111264e-01
8.896471183731466681e+01 5.421162948233682055e-01 -3.274085808025498090e-02
7.256649468686210014e+01 6.598038935593447674e-01 -4.747069593557267986e+00
7.673133149462508129e+01 1.979184432754882428e-01 -2.364516521054308429e-01
7.532659703495755821e+01 6.988925284197473609e-01 -3.514014908000300252e-01
9.226507550544175729e+01 6.213766752379467073e-01 -1.404841288518127451e-01
9.141849408137827027e+01 2.119315583324227481e-01 -2.791360860821270773e+00
7.003188043714038713e+01 1.709702618507672467e-01 -4.047211340623303677e+00
6.633922419790407332e+01 1.771314698549317779e-01 -6.942824527280194724e-01
8.150301049617338833e+01 6.251596650051548520e-01 -6.811508443603845997e+00
8.924901475975049436e+01 5.613882499524088798e-01 -2.456094971000955668e-02
7.193610857091313449e+01 3.118678144523496787e-01 -7.234608183449953600e+00
9.579755438537173973e+01 3.299932311156949516e-01 -2.337215579149972466e+00
6.837740197651059759e+01 7.990083260717262270e-01 -6.839261054247984528e-02
7.878295861015241996e+01 6.815197384646181078e-01 -7.878287835492007174e-01
8.675883403614578526e+01 3.620436493317907845e-01 -1.299340430214532272e-01
8.163464037549823615e+01 1.990414979605147072e-01 -1.559720247062516130e+01
8.129943526415118527e+01 2.785164594650268444e-01 -1.423888183815003572e+01
8.134474470227206666e+01 1.509655364423181656e-01 -1.603738225941811990e+01
8.171557711029250015e+01 2.439946970291143602e-01 -1.483312159228792204e+01
8.014139649313219138e+01 2.005522350621571914e-01 -7.775216293584958471e+00
8.148116704198467630e+01 2.261731147766113392e-01 -1.560780848263321197e+01
8.074084317296994584e+01 1.968550504992405970e-01 -1.256462828843465829e+01
8.116497224775460495e+01 2.577636770853430903e-01 -1.427384126784318674e+01
8.036815142494066322e+01 2.026650136810300984e-01 -8.832927566850724332e+00
8.159981160064199912e+01 3.256913165365196705e-01 -1.307428355039600021e+01
8.112478776371570177e+01 2.689315419529529905e-01 -1.399091522408618893e+01
8.151200325391826595e+01 2.525907955126009963e-01 -1.502230343251375366e+01
8.172307343599514695e+01 3.274657249450683705e-01 -1.268111346072909029e+01
8.116013477618382410e+01 1.631333947181701771e-01 -1.568209611533303161e+01
8.219170598465791500e+01 3.322728263015983785e-01 -9.258808776846422006e+00
8.191306625676604369e+01 2.999577190908592761e-01 -1.196851675123638614e+01
8.090434971252700791e+01 5.058372985273201783e-02 -7.544780407562490687e+00
9.316366321611944556e+01 5.170392136837131253e-02 -4.998462382069915222e+00
8.101259642457165455e+01 1.447482109069824219e-01 -1.478054697459932498e+01
8.242683802877266430e+01 1.821005601651701500e-01 -1.028440852689244167e+01
7.985448142986165010e+01 3.345175803737994169e-01 -4.374430054508359866e+00
8.072152075975806440e+01 2.889758094858573823e-01 -1.075932370980567399e+01
8.390495658708366022e+01 2.715826113505365735e-01 -1.698057403884845495e+00
7.219358641450678249e+01 1.651649526353149711e-01 -5.907833193244153236e+00
7.288592089434608567e+01 2.381691202353288794e-01 -5.395215777661351630e+00
8.141893538375431660e+01 5.915663838386536061e-02 -9.517173564790601503e+00
8.123746317759068347e+01 1.267438888549804743e-01 -1.502469420188325344e+01
8.130260313791596616e+01 1.526854187250137329e-02 -1.949895640963941412e+00
8.174974754192533055e+01 1.583010554313659668e-01 -1.564429536699682011e+01
8.186568662567992760e+01 1.145121574401855580e-01 -1.352538603114993521e+01
8.152577742702987962e+01 2.185968093939982537e-01 -1.575690257724187937e+01
8.141504046082712875e+01 2.276229317266503793e-01 -1.570028091426186734e+01
8.166642559952629199e+01 1.830902254350073588e-01 -1.571953090218179661e+01
8.162436965276388889e+01 2.212668418884277399e-01 -1.527380046539527214e+01
8.138392134849847537e+01 2.050844000290505120e-01 -1.609914830383566553e+01
8.143459606243357030e+01 2.340349197387695535e-01 -1.556491726371491069e+01
8.121132997545618082e+01 1.753756185719709260e-01 -1.567691605098762686e+01
8.089794231267046598e+01 1.597464442253112848e-01 -1.394081659371210336e+01
8.128492286998940131e+01 2.456670999526977539e-01 -1.508377155766752864e+01
8.162920781622267441e+01 2.666375750765110908e-01 -1.427383602434157339e+01
8.112597257287903574e+01 2.545481443405151478e-01 -1.435573907048626019e+01
8.084357253132009191e+01 2.067898750305176003e-01 -1.357790515742195758e+01
8.164496243217011795e+01 2.269540071487426980e-01 -1.517323957757211161e+01
8.118844901567835848e+01 2.137961864471435713e-01 -1.524166292916151200e+01
8.133215110104502799e+01 2.903436660766601785e-01 -1.411868234648832399e+01
8.116427854070907699e+01 2.775338755521258860e-01 -1.376479606016031276e+01
8.100058135618932909e+01 1.158537626266479548e-01 -1.397817839857192368e+01
8.178396495248503584e+01 1.591493929210460456e-01 -1.565845359452335650e+01
8.169493743891240456e+01 1.387993205453957879e-01 -1.525860109339355475e+01
8.198452986114001817e+01 2.745068669319153040e-02 -3.260017399016443829e+00
8.157864617711439337e+01 1.819826860078507524e-01 -1.618795328933362754e+01
8.138341692170504871e+01 2.353493305766318489e-01 -1.553191567209018054e+01
8.148738929364006367e+01 2.277914439899110244e-01 -1.557637250632770787e+01
8.139609413749604983e+01 1.655809100372589993e-01 -1.633249098890801321e+01
8.165743219398999031e+01 2.352213481751531943e-01 -1.501049766761699367e+01
8.143812832744282559e+01 2.165791923519686246e-01 -1.591548692369944007e+01
8.141108769459373207e+01 1.893169822795816859e-01 -1.628173603508493983e+01
8.133884557571830953e+01 1.707721225966289669e-01 -1.617563410363301557e+01
8.175925380601812265e+01 1.891461723767791092e-01 -1.570506456300539710e+01
8.131969432240484252e+01 1.996711526023084438e-01 -1.597748496759971637e+01
8.130468181758237733e+01 1.408948552223096284e-01 -1.585663268586904806e+01
8.163783861800257569e+01 1.520659190840747965e-01 -1.603442519769625108e+01
8.177260442728180578e+01 2.237411005957650190e-01 -1.452809575691883204e+01
8.116898352785152326e+01 2.175018361138401635e-01 -1.517536853527001028e+01
8.151330569436439077e+01 1.517287794636603127e-01 -1.602248603975766628e+01
8.185556649929515061e+01 2.120318883265389087e-01 -1.473346438337370934e+01
8.166401685621781326e+01 1.707054638904548782e-01 -1.572300500618698038e+01
8.113825747932895638e+01 1.834589719856288548e-01 -1.564185196459364313e+01
8.153004076812320022e+01 1.444637321867174584e-01 -1.588539264186286992e+01
8.180476532233154785e+01 2.172924984404315529e-01 -1.464243191432904645e+01
8.177918424114838558e+01 1.531231091395259536e-01 -1.557738814413326622e+01
8.155716132547252073e+01 2.579774072442655997e-01 -1.489599753499705415e+01
8.157701103963279365e+01 2.451370277918141216e-01 -1.521036065040180674e+01
8.172874967769389798e+01 1.374555007525668782e-01 -1.522313735080396313e+01
8.193719130512977245e+01 1.601113003342757302e-01 -1.390703864861386307e+01
8.126769810689876294e+01 1.768055087674565706e-01 -1.617130516669589824e+01
8.184604759107226357e+01 1.983691124940030193e-01 -1.489273421235950501e+01
8.148507659797574831e+01 2.420807675428833794e-01 -1.526723684227831868e+01
8.147118079262894241e+01 1.671206812948386744e-01 -1.633970492692138521e+01
8.168342885375500373e+01 1.454363484137151941e-01 -1.542261095629982215e+01
8.163128800051563871e+01 2.139946688871080527e-01 -1.539711435033189524e+01
8.136672669377821876e+01 1.822970269508273899e-01 -1.632667672572142337e+01
8.145784786637894115e+01 1.422203300511886703e-01 -1.601679120127915468e+01
8.146744864014371501e+01 1.857926232163491231e-01 -1.630983350704465806e+01
8.119935553739750844e+01 1.613911852662490432e-01 -1.566943189650983292e+01
8.175687514069136341e+01 1.238099006041549627e-01 -1.472784272096552449e+01
8.171307890003149055e+01 1.686296193068510252e-01 -1.572228027771877024e+01
8.123165966715022535e+01 1.986110968561181911e-01 -1.599312944902452394e+01
8.130370277461038597e+01 1.966760687761587301e-01 -1.601553715098335218e+01
8.160108376124063057e+01 1.779904494776591850e-01 -1.620118988851271169e+01
8.169066753124296554e+01 1.825901924168915058e-01 -1.572539078730066819e+01
8.122386906735565049e+01 2.341278832901293738e-01 -1.535066450492127110e+01
8.120290027274594991e+01 2.171720929250724186e-01 -1.569879632920789447e+01
8.149063982941328277e+01 2.000160816707892142e-01 -1.603243060276280829e+01
8.168349604598739688e+01 2.074764293191991293e-01 -1.550343595944648101e+01
8.130956634990789667e+01 1.578006138132372893e-01 -1.611860756739566369e+01
8.140277518944810708e+01 1.643315549102609685e-01 -1.632605268980402258e+01
8.159743429077533960e+01 1.899353031157283989e-01 -1.614407240131034271e+01
8.137607686244942329e+01 2.276539804477071272e-01 -1.569679814035912813e+01
8.137006565613461362e+01 1.386953838796044503e-01 -1.579720238647582420e+01
8.136468043978909748e+01 1.748791556181688578e-01 -1.634899278707725045e+01
8.150135702662690562e+01 1.581257968104334832e-01 -1.627727287676311008e+01
8.160593527618119936e+01 2.149741777303929569e-01 -1.583056847570053094e+01
8.149216594422949811e+01 2.161638612104715973e-01 -1.579501155643377786e+01
8.156428795480519511e+01 2.126683261290951421e-01 -1.586306151127738318e+01
8.161500660248488259e+01 1.600930624127017421e-01 -1.613509634541781779e+01
8.159097043962944440e+01 1.446121449074659615e-01 -1.589102295732555348e+01
8.145180450840513231e+01 1.795403405595944746e-01 -1.634068724678527573e+01
8.142300622470352778e+01 1.554087922083773055e-01 -1.624786536207512810e+01
8.136213245807202554e+01 2.053671463993915758e-01 -1.609381336489542136e+01
8.137838882633357684e+01 1.692371572288415560e-01 -1.634539760530755359e+01
8.134355713712727720e+01 1.929464005423979500e-01 -1.605648217768936448e+01
8.140620615745399391e+01 2.126192108323784469e-01 -1.598234172905720740e+01
8.150243846371223810e+01 1.969569031900239298e-01 -1.606854248203507751e+01
8.129695487141096066e+01 2.046508892284703285e-01 -1.590815833052797501e+01
8.132896489307069032e+01 1.848808256767756619e-01 -1.612783366278454622e+01
8.160074951365814400e+01 2.026600850807424858e-01 -1.601322301979872620e+01
8.148143155462317111e+01 1.776807568910484247e-01 -1.634683603594937296e+01
8.156623253483505209e+01 1.982470996668711516e-01 -1.606202939376501249e+01
8.172317900932509360e+01 1.962394115474478673e-01 -1.564196602685708015e+01
8.173958883081544968e+01 2.118793251440985737e-01 -1.545116433916681054e+01
8.141934639936140172e+01 1.976133399220061093e-01 -1.619905078629278350e+01
8.157310754157253996e+01 1.677328442152844490e-01 -1.618550209285370656e+01
8.152098728008009232e+01 1.811314845090793713e-01 -1.618524641495401539e+01
8.148705933580924921e+01 1.661912688034178909e-01 -1.633590813145191234e+01
8.136607303817319803e+01 1.965035952091808980e-01 -1.620929126992189140e+01
8.149426116288817923e+01 1.862205608307466731e-01 -1.615824289514772616e+01
8.144559872107311094e+01 1.809848414759811230e-01 -1.633502031703617519e+01
8.144173925295324068e+01 1.619510372186045155e-01 -1.631078774900229078e+01
8.129372402979801393e+01 1.766282897072685987e-01 -1.617060580720949758e+01
8.144749830303835836e+01 1.732531420606822636e-01 -1.635137444293776454e+01
8.151493281289616277e+01 1.806387683463828164e-01 -1.618627895820336349e+01
8.145740153610465484e+01 1.962888064410215905e-01 -1.621595738802635367e+01
8.130450158207381151e+01 1.833563874666272742e-01 -1.613892664672955490e+01
8.136184981349876466e+01 1.923295147465244048e-01 -1.625283192427846402e+01
8.151729046138305534e+01 1.997148994801144772e-01 -1.603926637770307551e+01
8.149093917828251676e+01 1.780709620553469485e-01 -1.634607671354614311e+01
8.145161264514865707e+01 1.945023912307637937e-01 -1.623496461123174228e+01
8.144073118073598039e+01 1.976771721910819957e-01 -1.619931705689513990e+01
8.138275470744260076e+01 1.787144789805082123e-01 -1.634156060758996531e+01
8.140950902537285572e+01 1.749611412462597770e-01 -1.634986803489175955e+01
8.139627606372029334e+01 1.603742181955163937e-01 -1.629848127332784813e+01
8.149241785751010525e+01 1.656542631519433983e-01 -1.633341912368957338e+01
8.146575145115160410e+01 1.660323916674989464e-01 -1.633506126727797536e+01
8.140087955811833353e+01 1.880350181886291383e-01 -1.629154470009577693e+01
8.142028449061841400e+01 1.887825730286746273e-01 -1.628642592250470145e+01
8.131737588575003883e+01 1.491357212371458851e-01 -1.601263799968781854e+01
8.139992582191628401e+01 1.689979790274982741e-01 -1.634507611864042076e+01
8.147560137341054087e+01 1.902809728695384894e-01 -1.627610974541088495e+01
8.131509179592522685e+01 1.735204107876971436e-01 -1.617592489572776771e+01
8.139138113231260263e+01 1.752131950600533949e-01 -1.634921826355206775e+01
8.147607383823147131e+01 1.820399978129444707e-01 -1.633119271937198036e+01
8.150781873263764510e+01 1.800013269016270678e-01 -1.618750722291618516e+01
8.137472287917451297e+01 1.763333598884531117e-01 -1.634719062259560829e+01
8.151120601475255967e+01 1.788902247774641630e-01 -1.619072115021847580e+01
8.151786551211357335e+01 1.650031177117757819e-01 -1.616680299116975661e+01
8.143590850144099136e+01 1.721977536128992126e-01 -1.635078716468121129e+01
8.150091154438766239e+01 1.847174256826122352e-01 -1.616745898245303792e+01
8.138887492579981142e+01 1.832742773085600241e-01 -1.632231922850264638e+01
8.142092687242906379e+01 1.767195279067361458e-01 -1.634754519669271033e+01
8.148699337112664409e+01 1.745214939728428893e-01 -1.635172629338747541e+01
8.147888815179354083e+01 1.829651725318508504e-01 -1.632673009145445064e+01
8.145666486846998566e+01 1.857499859216235061e-01 -1.630975302628980828e+01
8.141044210024045924e+01 1.828942441871357627e-01 -1.632501947859084623e+01
8.134856355513649362e+01 2.070719112823172781e-01 -1.606767937947899227e+01
8.139693084539706547e+01 1.737362411390209749e-01 -1.635038714653690306e+01
8.151972930851285071e+01 1.826276771778219121e-01 -1.617936531637726105e+01
8.139622722974999647e+01 1.667620782877067831e-01 -1.633767511741988088e+01
8.138820258237323912e+01 1.641416965027844566e-01 -1.632490396766076302e+01
8.149945809168049493e+01 1.690827946431037176e-01 -1.634639675604378795e+01
8.148310501629508451e+01 1.805766433787525937e-01 -1.633769560136492061e+01
8.139055076520978105e+01 1.605434842434127485e-01 -1.629988863238758157e+01
8.137542979202666515e+01 1.694540885620602899e-01 -1.634586420666207829e+01
8.140299640807916148e+01 1.823555617640651716e-01 -1.632751804153182107e+01
8.147798788440874773e+01 1.726180832628435580e-01 -1.635170067720747156e+01
7.079322413542779202e+01 1.917535693726235280e-01 -5.789828593199002782e+00
6.607617803757146646e+01 4.931947024924820261e-02 -2.321411680125926719e-02
7.664202285734451436e+01 3.907672980992312195e-01 -1.144467497053991006e-01
6.814867649473278277e+01 3.941343366447893071e-01 -1.547681518504510356e-01
6.539849247285539491e+01 2.391663228039845324e-01 -3.039741796531647555e+00
9.728866671432987800e+01 4.146705956122683223e-01 -9.232470555993873562e-01
8.737253836275513663e+01 6.791041172619373123e-01 -1.398743455317292272e-01
7.366008484030706427e+01 4.033652100164790699e-01 -3.366963356110989736e+00
8.613547164370820042e+01 7.898612265620837958e-01 -3.510705783274672975e-02
7.923482093422946093e+01 3.610127616923438088e-01 -2.154587199511104778e+00
8.084037062430000731e+01 2.063596920904331167e-01 -1.358529785569045778e+01
8.237040658851719854e+01 7.535274387388617434e-01 -3.141764903073306581e+00
9.742464065122953798e+01 7.725522059024121369e-01 -8.399920232528670927e-02
8.878580834566461988e+01 1.505478257859347441e-02 -1.416062107287205940e-01
9.385165621411096026e+01 5.001371386576942690e-01 -8.179136354461096214e-01
8.931284772326074517e+01 2.290403814137391414e-01 -3.527392924915975225e-01
8.704645906489567153e+01 6.497291731390801850e-01 -1.177962800003948401e-01
7.153315020281867476e+01 4.381294468483803439e-01 -7.174761110353833793e+00
8.124992158487137317e+01 6.846013134647255249e-01 -6.034721996365715491e+00
9.583665439431175059e+01 6.406816541116117092e-01 -3.498857750580903203e-01
7.202681696931371391e+01 3.513965680891227850e-01 -6.920643779614763069e+00
7.280780259564518531e+01 2.485634886607547556e-01 -5.672589033315501794e+00
7.335527456721115414e+01 4.422000262993426856e-01 -4.110546861257645013e+00
7.727779374630738118e+01 6.183693297042207604e-01 -1.501052666894834853e-01
8.215322992935978164e+01 5.755443248728785849e-02 -7.368688690887829296e+00
8.813746837423255442e+01 7.316729480234034355e-01 -9.754330993119067483e-02
9.158740372854546763e+01 7.497359932827687423e-01 -4.099593140666277918e-02
8.399751975466557496e+01 6.975440051716410572e-01 -3.741148263251104500e-01
7.116104756646561214e+01 4.509782503522596908e-01 -7.162915635015586702e+00
8.819652024433548831e+01 3.988343340222829519e-02 -6.401046747714748963e-02
7.226802012550604104e+01 4.562410633678327665e-01 -6.059726033039775750e+00
7.051631655774926344e+01 2.105616912697211573e-01 -5.250076600709939534e+00
8.187648478327687940e+01 5.849720250480221484e-01 -6.821654876092643427e+00
9.229648613832488024e+01 6.658177584160118734e-01 -8.799204822167988604e-02
7.166766793797592072e+01 2.434404181912582232e-01 -7.447221827103078340e+00
8.160145843318065317e+01 1.804913169038997456e-01 -1.619532716604600964e+01
6.757058786622185664e+01 7.105006311844556111e-01 -9.535502823688992713e-01
6.588719841366427943e+01 6.127657278276428254e-01 -2.948123133008789143e+00
6.903126789638184846e+01 5.266388742401207912e-01 -1.850076674292230550e+00
8.317353007090946448e+01 1.973867354184720146e-01 -4.735959144916560781e+00
8.957968620106704805e+01 9.216855021245395907e-02 -9.665458254960407336e-01
9.017238648408309132e+01 4.726921763982238622e-01 -2.132685808570715380e-01
7.779043041586480456e+01 7.607087294215095774e-01 -2.641942980098636040e-01
6.990219256042301765e+01 3.216666326029979928e-01 -4.728752934753381432e+00
9.309845021219030059e+01 1.004088687650215861e-01 -6.057390865534578062e+00
7.548794649205791529e+01 3.139086694987783810e-01 -1.169803752252507323e-01
7.992697485849176076e+01 6.904277530796349982e-01 -1.920937206402095754e+00
8.524512500101313606e+01 7.764159689191927338e-01 -5.510036872573492728e-02
7.852848554349553467e+01 2.198197954678584587e-01 -1.650697615368215576e+00
9.606750326619186353e+01 5.836639356555692881e-01 -4.632242912893563269e-01
8.899701062640811244e+01 7.070260551715243369e-02 -3.662125028381812419e-01
7.474680813680629399e+01 2.871781583564153029e-01 -8.703481140038827890e-01
6.711754912923660754e+01 7.408113374109263072e-01 -1.015954069336513665e+00
9.644113783342426416e+01 4.701134385103586388e-01 -8.511901216881279097e-01
6.681801785629043877e+01 6.627306375821091500e-01 -1.077714741947025212e+00
9.489019849655575456e+01 1.165574086774124746e-01 -6.953311081946365491e+00
8.590347126339739248e+01 5.631362295746810132e-01 -3.917784138138019623e-02
9.665050529221517195e+01 5.491129715272310419e-01 -4.877726836416540479e-01
9.352937883832206012e+01 7.403325340171125479e-02 -6.056143426993139123e+00
6.770520169052004178e+01 5.126582506421927254e-01 -6.854018834193098542e-01
8.992814515390617203e+01 8.789479571475784792e-02 -1.570785856253083645e+00
9.552462098084291142e+01 5.312858682237359131e-01 -7.006288406216415465e-01
7.413963639724876487e+01 5.098074286168973179e-01 -2.143190850732830555e+00
7.419716877633590002e+01 1.531942481033598258e-01 -1.393237149937487596e+00
6.639670862646939042e+01 1.214889636411072699e-01 -2.404845993936844117e-01
7.775260382912566115e+01 4.181388411355339563e-01 -4.402307938988142544e-01
9.264618151503520949e+01 6.284895695383118097e-01 -1.536976337709863860e-01
9.177347951179419283e+01 4.926802695484109873e-01 -3.966683023255601626e-01
8.665930312728499985e+01 1.733240250816610794e-03 -4.463234462297484273e-02
8.338518154367125135e+01 7.936149138380241830e-01 -9.303560750778061550e-01
8.017228407358153675e+01 1.732182075697707990e-01 -8.009025105840038350e+00
7.021218376650456605e+01 2.994014536192270426e-01 -5.115982340507568615e+00
9.405594075949169053e+01 3.547504914035565227e-01 -2.160883302118220772e+00
8.760167944236106052e+01 3.349129277228676815e-01 -2.384221178219154691e-01
7.641774563385865804e+01 2.766431177768083338e-01 -1.090616147397399649e-01
8.557008955769120462e+01 6.005763981547511676e-01 -5.152918342000308710e-02
7.885481997371049090e+01 5.738379475861442591e-01 -9.686089390092392781e-01
7.488323323510313401e+01 2.695124523674191086e-01 -6.353575778187500189e-01
7.299879543805846538e+01 3.077347655876705446e-01 -5.239742658469770831e+00
9.073398245844623489e+01 5.520825469733789959e-01 -1.767695236962721350e-01
8.441625607322058045e+01 4.841523019818853024e-01 -3.598012519467594927e-01
7.591802667821391992e+01 5.432052843357553229e-01 -1.021572590519167767e-01
8.388329523904839391e+01 1.710188050173839028e-02 -2.515593406544062716e-01
8.055422588241772530e+01 3.813919680495947429e-01 -7.857308418911546077e+00
7.696829620010433359e+01 4.288854281782321642e-01 -1.503980982970236635e-01
6.950530421444058504e+01 4.483811380727901336e-02 -2.335410192637079330e-01
6.838216341859855163e+01 2.750014247988118513e-02 -1.590021525527651747e-01
9.514905646670349881e+01 1.359966704063254594e-01 -6.689274793774205641e+00
8.297708174400014514e+01 1.071754819276680704e-01 -5.513104738095925050e+00
9.454034355246493249e+01 6.376841670868020895e-01 -4.022496433603148791e-01
7.946980385646611467e+01 3.725319842300087725e-01 -2.643682649229747383e+00
9.096981402819857010e+01 2.899346556405058006e-01 -1.483829696093358130e+00
9.143598250918249448e+01 1.451758524309652854e-01 -3.954410716564003447e+00
7.812316201911986013e+01 1.640330393315126145e-01 -1.174057321042443647e+00
8.487917268346218691e+01 7.169702049298490865e-01 -1.105985220448160444e-01
9.300022964823922678e+01 3.425174282664096292e-01 -1.761901247620697220e+00
7.566598375263920673e+01 2.621669696198453137e-01 -4.952525801361150337e-02
8.630957320293202883e+01 7.260495327203041471e-01 -4.756524175268222326e-02
6.877117134554760014e+01 1.396375316694057900e-01 -5.989972740412063956e-01
6.567211615627159915e+01 5.962569412304012939e-01 -3.729987953383504973e+00
8.132393985549633442e+01 1.997850293073162586e-01 -1.597589455666541625e+01
8.126923452769008804e+01 2.245495143398558158e-01 -1.555507890808562976e+01
8.130561307646527780e+01 1.771288059541001880e-01 -1.616851754215074877e+01
8.140518578990733545e+01 1.844765602003236027e-01 -1.631600634193630128e+01
8.160435924321561174e+01 1.764715459515834306e-01 -1.620339777176802798e+01
8.143707785869608529e+01 2.201386734066094197e-01 -1.584991299796927322e+01
8.171861696878950454e+01 1.714278171226924219e-01 -1.573357986934243158e+01
8.151363887602825287e+01 2.504958976859325559e-01 -1.507342651769402941e+01
8.156790370518598365e+01 2.110995353509649286e-01 -1.588851218606926530e+01
8.112295753006310406e+01 2.180890345131437924e-01 -1.516760340315210698e+01
8.114306765715429037e+01 1.508324297958112403e-01 -1.558807463635966428e+01
8.138557780291540666e+01 1.618192947587683284e-01 -1.630978152053239327e+01
8.086746180778179394e+01 1.454446842123267858e-01 -1.384871707692247256e+01
8.169876408423419889e+01 1.933763561580393031e-01 -1.566304886847007616e+01
8.137466534766213044e+01 1.258829528159527145e-01 -1.539441182242200945e+01
8.177528339557807158e+01 2.299128665493591628e-01 -1.441800805349744863e+01
8.118683508905439794e+01 1.432088730469947557e-01 -1.546461277335736106e+01
8.101827149563028740e+01 1.865047193137360781e-01 -1.483590294688470301e+01
8.153797074010658719e+01 2.815582275390625111e-01 -1.427746128874567688e+01
8.165721607820799477e+01 2.238293249619160707e-01 -1.523429850825212384e+01
8.151705693200618441e+01 3.037212188915205946e-01 -1.366835245681616229e+01
8.116732352630744174e+01 2.104491446246433695e-01 -1.530145845684996075e+01
8.158639096886005859e+01 1.438419310795110428e-01 -1.587352307001080653e+01
8.148186219087718030e+01 1.300623655319213812e-01 -1.566029281776553539e+01
8.188591036463364503e+01 2.140323334783574838e-01 -1.471250853137714465e+01
8.119048783944393222e+01 2.084224199180390036e-01 -1.533335835181986617e+01
8.127427827847276376e+01 1.999447806140380868e-01 -1.597484309129949764e+01
8.117584068760629634e+01 1.659369116268150368e-01 -1.568803276581190786e+01
8.157417725293464628e+01 1.529404843578960060e-01 -1.604455429372871222e+01
8.155297660138670324e+01 2.461478277680750060e-01 -1.518305284370725339e+01
8.132438260501180594e+01 1.802512957618816469e-01 -1.615527301929691362e+01
8.182276852329876249e+01 1.690627230745310183e-01 -1.497008414498672124e+01
8.158546913553645652e+01 2.100549347981413573e-01 -1.590699343959963308e+01
8.165796894827356311e+01 1.671884659639886195e-01 -1.570687808382994000e+01
8.170939960325219431e+01 1.926523812729384333e-01 -1.567088326758573480e+01
8.121187048844699063e+01 1.209771432873398278e-01 -1.481260002303835144e+01
8.199464129164172732e+01 1.778476917069561625e-01 -1.401922799448723111e+01
8.113808739682940541e+01 1.910145330333897495e-01 -1.557448297036030382e+01
8.144722025045678038e+01 2.300094567410486679e-01 -1.565270038768713157e+01
8.138168525335363768e+01 1.356635402631236331e-01 -1.584752359398482824e+01
8.142467986982828165e+01 1.340482596271824478e-01 -1.579645150727917269e+01
8.124511027583859857e+01 2.474219497088560871e-01 -1.504082145177125973e+01
8.172203071241052896e+01 1.499211858283782672e-01 -1.551654926830852688e+01
8.098891070781215262e+01 1.678088767151160454e-01 -1.493764543964476665e+01
8.133698887610239581e+01 2.132132291793823464e-01 -1.576914918757445250e+01
8.192943276765410587e+01 2.347904167885007665e-01 -1.341100851481425593e+01
8.082972938440538258e+01 5.194200277328491627e-02 -7.220740536832507495e+00
8.122482865699889487e+01 2.796361239634539420e-01 -1.420665308319984454e+01
8.106219931577810200e+01 1.486643862864599486e-01 -1.482206801477781433e+01
8.155005833736045417e+01 2.485050439834594893e-01 -1.512676365722325045e+01
8.148444316222111183e+01 1.707492745239085341e-01 -1.634981602077835916e+01
8.142112827845588185e+01 1.751347958980094821e-01 -1.634993356344086024e+01
8.134591265670960070e+01 2.131547934759335794e-01 -1.596948954234186147e+01
8.118907366571255579e+01 1.473708874129739110e-01 -1.553394255378863242e+01
8.137055880784637907e+01 2.251766916741630986e-01 -1.574698893279161105e+01
8.145884540862701328e+01 1.941121181905420545e-01 -1.623931154080314343e+01
8.167476952880835483e+01 1.763972420478135128e-01 -1.573356528775617846e+01
8.117117803368333284e+01 1.879947452606312852e-01 -1.560100077542962360e+01
8.121989847642761617e+01 1.805725384754899576e-01 -1.615813212696145484e+01
8.159581657192168791e+01 1.501560070542679037e-01 -1.600058243030230543e+01
8.155051817990863583e+01 2.148022332746740148e-01 -1.582606870423986223e+01
8.140144371270145029e+01 1.948518120262499043e-01 -1.622906498419503762e+01
8.139482509015957135e+01 1.569957341462900891e-01 -1.626621378454504452e+01
8.160487819750872518e+01 1.660517492231882164e-01 -1.617962695266392714e+01
8.136652028859786867e+01 1.728884899462592717e-01 -1.634985679423077087e+01
8.155455539823651634e+01 1.832657473779018553e-01 -1.618016176885327795e+01
8.153115393438513081e+01 2.235290755584365963e-01 -1.566635603501439356e+01
8.160874352645289775e+01 2.204611269418080277e-01 -1.573452729859289789e+01
8.123171587155806606e+01 2.228246230803145878e-01 -1.558979186732858047e+01
8.133129370802262770e+01 1.426687778706164367e-01 -1.589281150252587160e+01
8.160260838476790468e+01 1.901336245787274004e-01 -1.614311740139720897e+01
8.173199795049920624e+01 1.593588886706362173e-01 -1.565387829076720827e+01
8.133842623617802303e+01 1.972597620848632050e-01 -1.600759991367792523e+01
8.150039949927956684e+01 1.553932551789912742e-01 -1.624682034734359348e+01
8.163373110630693930e+01 2.178701818913026111e-01 -1.533444268802205457e+01
8.148130267813485261e+01 1.902688709631600583e-01 -1.627643132745263443e+01
8.130143117942874653e+01 1.912549853324890248e-01 -1.607496653183012825e+01
8.149730753803132188e+01 2.092953892898814228e-01 -1.590709657255423970e+01
8.156396382837901626e+01 1.403179014729500629e-01 -1.578662783274028314e+01
8.147306675935935516e+01 1.480807936792900292e-01 -1.613715333484032399e+01
8.143343522142178870e+01 1.854080233318697868e-01 -1.631118422228379572e+01
8.113442019481854572e+01 1.690842809609046093e-01 -1.569640219795576819e+01
8.141700739356802785e+01 2.060909596705238767e-01 -1.608627753914586123e+01
8.150027942215307064e+01 1.527991936153520747e-01 -1.621262707661204416e+01
8.152597107928320952e+01 1.945774120138015206e-01 -1.609565615422541285e+01
8.131669835473041985e+01 2.398773715438275722e-01 -1.522081323545477716e+01
8.135540310271424858e+01 1.745743471118102463e-01 -1.617230353123423825e+01
8.128385694493645985e+01 2.018106900154437722e-01 -1.594927983971925656e+01
8.108723955225345037e+01 1.451910196752305426e-01 -1.477126748233131970e+01
8.131072113402919399e+01 1.645253057367341565e-01 -1.616267525625487167e+01
8.162733024546305671e+01 2.109434633135408577e-01 -1.544297553838469206e+01
8.119844077916532399e+01 2.141730448766347161e-01 -1.523417787194007467e+01
8.129226563781239179e+01 1.785427206666682365e-01 -1.616412389339441802e+01
8.137746425661190131e+01 1.877575922650702722e-01 -1.629277378324444925e+01
8.181174741233617453e+01 1.562423867318301629e-01 -1.485242814262028510e+01
8.154189182045199402e+01 1.993189569735445976e-01 -1.604688723840174447e+01
8.151748551783202856e+01 1.438447635228199128e-01 -1.587102856311861920e+01
8.161277524645949200e+01 1.815637679659742598e-01 -1.619290686884604824e+01
8.163546729081468811e+01 1.730425162973311393e-01 -1.620555282605733538e+01
8.122984945708149951e+01 2.275835791797427010e-01 -1.549233727789937731e+01
8.162707676585790750e+01 1.884097877878077032e-01 -1.615836865528524058e+01
8.143611216189933089e+01 1.506518517932331491e-01 -1.618152552741692674e+01
8.148049353278878471e+01 2.021318646989446188e-01 -1.614539227138762811e+01
8.140521053963287557e+01 1.644248657882087516e-01 -1.632658589712689334e+01
8.146896241209401524e+01 1.630204198436265295e-01 -1.631824330112334920e+01
8.146068303350762108e+01 1.936411148961264539e-01 -1.624417207987036704e+01
8.144323397542737553e+01 1.654223384723087498e-01 -1.633202547506876101e+01
8.156838149550711137e+01 1.546350390621908932e-01 -1.606856339137163658e+01
8.140213903755005731e+01 2.071764106867767519e-01 -1.606919633177750129e+01
8.126127738626207986e+01 1.627407415860796791e-01 -1.615729484943835814e+01
8.151626388344480745e+01 1.738523835931403139e-01 -1.619567833657066558e+01
8.159009757715745081e+01 1.714660636796694893e-01 -1.619903602224261974e+01
8.149055470065383133e+01 1.783549028513731760e-01 -1.634530674663966110e+01
8.129122161592212592e+01 1.764203023206285248e-01 -1.617132194422767810e+01
8.127976293051291634e+01 2.058217541400660933e-01 -1.589080025135242202e+01
8.124470113520447967e+01 1.835051177310306203e-01 -1.614030355806187700e+01
8.171346462265047705e+01 1.721456764205793744e-01 -1.573469950212535728e+01
8.148727047293142789e+01 1.823318064715084286e-01 -1.633012557879973059e+01
8.165711374491463914e+01 1.911977214591208396e-01 -1.567271242861569291e+01
8.155005791282279404e+01 2.076124114061144166e-01 -1.593895247239387736e+01
8.143792469800590084e+01 1.754273931194477443e-01 -1.634995263388820419e+01
8.147214307601819883e+01 2.114722347010313808e-01 -1.600540489519685039e+01
8.138929956511201169e+01 1.848287076998753053e-01 -1.631333056042427287e+01
8.130920946445057496e+01 1.557138529669266358e-01 -1.609849863978863027e+01
8.170054141281701732e+01 1.484022128275548913e-01 -1.548561641833944158e+01
8.156766682938098256e+01 1.788105851304448712e-01 -1.619640468477109252e+01
8.141525259314792606e+01 1.770246429497058793e-01 -1.634678981904704997e+01
8.142969010827559373e+01 1.884849579930882868e-01 -1.628913623174339875e+01
8.159274168083953782e+01 1.697774351865954101e-01 -1.619483367691404752e+01
8.155771646704047839e+01 1.667790311472406861e-01 -1.617978611384434018e+01
8.146967081872274719e+01 1.947611324000036170e-01 -1.623304043820116149e+01
8.140471934730351222e+01 1.607401824314652616e-01 -1.630148040427345180e+01
8.152678350179505173e+01 1.733082599436396587e-01 -1.619623671748074756e+01
8.140862449262718314e+01 1.535913755616851450e-01 -1.622493235493044850e+01
8.145204391493841456e+01 1.850443115629485935e-01 -1.631409387061001226e+01
8.153950757690202522e+01 1.715187646858863380e-01 -1.619478380961117381e+01
8.130358872426141659e+01 1.820834250046225733e-01 -1.614659051829411851e+01
8.142292609483715182e+01 1.588527297304078711e-01 -1.628484779538999305e+01
8.145041895499763029e+01 1.894789706523783979e-01 -1.628191003447870955e+01
8.128053464995906552e+01 1.717533170600734627e-01 -1.617898807563183539e+01
8.134400108778125116e+01 1.800665013263259284e-01 -1.615527456190782729e+01
8.138390075393714085e+01 1.962543831868321098e-01 -1.621294653721037093e+01
8.144774848834133252e+01 1.807976848690397986e-01 -1.633585510241731953e+01
8.140190531556945075e+01 1.950261604536453475e-01 -1.622722808006779971e+01
8.129363757295683968e+01 1.860380476436040431e-01 -1.612073211532413808e+01
8.146522608528916010e+01 1.705923796103694379e-01 -1.634930938844188475e+01
8.147516105887186200e+01 1.745353873158971558e-01 -1.635150078467829360e+01
8.158674825575306500e+01 1.680633144527875489e-01 -1.618802412827166748e+01
8.135142996838349916e+01 1.590217493985990049e-01 -1.612584300838966556e+01
8.147748573233022285e+01 1.780131459435217167e-01 -1.634591500398254738e+01
8.144422571524863486e+01 1.734523461313529080e-01 -1.635131822526914291e+01
8.149276415054215761e+01 1.789002537010941918e-01 -1.634378147856317653e+01
8.153505860734644273e+01 1.785212191198000398e-01 -1.619385566556238842e+01
8.147516774989001931e+01 1.826513107296120209e-01 -1.632821096491745649e+01
8.139779324340290145e+01 1.661573397840485633e-01 -1.633514619492369846e+01
8.142630708365858538e+01 1.767981581397747859e-01 -1.634751396967071457e+01
8.154912508171481988e+01 1.675378747216962338e-01 -1.618270576692715679e+01
8.142911174074643554e+01 1.655763412703770698e-01 -1.633269253060348092e+01
8.148268952698565215e+01 1.727240333856853438e-01 -1.635182316966650617e+01
8.146818369699961693e+01 1.705324964453488468e-01 -1.634924483371289838e+01
8.140051328035239919e+01 1.774655395242834555e-01 -1.634543471445281071e+01
8.143536744975877184e+01 1.707663949314366658e-01 -1.634918973838338374e+01
8.146422946988906233e+01 1.738426418465353618e-01 -1.635161350559990368e+01
8.149792738622005572e+01 1.637344427816429526e-01 -1.632284432656362583e+01
8.145164368597686178e+01 1.766522219543405492e-01 -1.634836675939877537e+01
8.155715003399652119e+01 1.780424481209437193e-01 -1.619690925323549280e+01
8.155523757107660288e+01 1.711884493301562005e-01 -1.619544826857548259e+01
8.154513936964659138e+01 1.634674306335338889e-01 -1.615863989995705197e+01
8.140999369370356931e+01 1.757269080808599448e-01 -1.634896890396361258e+01
8.147373387000928346e+01 1.770648222256729631e-01 -1.634804106594485518e+01
8.153009423297643821e+01 1.729924391645966952e-01 -1.619622078425154399e+01
8.144268184246385545e+01 1.642056918863204484e-01 -1.632551047953595358e+01
8.139364361466564901e+01 1.773887771261231650e-01 -1.634544799985178898e+01
8.142164552830833202e+01 1.668597717199240826e-01 -1.633828516059968194e+01
8.147140323438553366e+01 1.810039467214741293e-01 -1.633565246182576303e+01
9.203599856878030039e+01 8.206785985560116625e-02 -5.083528489613624579e+00
8.563951348447464795e+01 2.859687710915321257e-01 -8.229370471192117009e-02
7.899799418246912808e+01 2.357892804901137174e-01 -2.321465867236586433e+00
7.436687052156943878e+01 7.440027559293350690e-01 -1.622958713406413844e+00
6.848783636168205646e+01 4.370619872000186534e-01 -1.429158368730542028e-01
8.919196782874163887e+01 3.444625658764359777e-01 -1.418743379216986789e-01
6.736199738853453312e+01 5.471697582319904329e-01 -8.812300812808750994e-01
8.124199860651039273e+01 7.767185164169027045e-01 -5.079086534072072112e+00
8.545960318459945881e+01 4.136990669587443659e-01 -1.034303515774011722e-01
7.464400621073306752e+01 7.702212498409480856e-01 -1.039079598552356654e+00
7.718939516015598201e+01 3.598153406895545636e-01 -2.442214749318731004e-01
9.623124106709488501e+01 4.537263631616745840e-01 -9.926506024234356129e-01
9.468422028878666197e+01 1.211676836344458830e-01 -6.959488870270858385e+00
9.378109955030168976e+01 2.531579202670464213e-01 -3.723879710734697035e+00
9.509319871616578723e+01 5.893361804047819730e-01 -5.462248138978390566e-01
7.307458241757420581e+01 6.334080542197086938e-01 -4.209227337828054694e+00
9.255617593786919883e+01 6.082318667098272069e-01 -1.870413151369606508e-01
7.591489789715849668e+01 1.896929225660443086e-01 -3.784464385841190825e-02
9.724003771617915959e+01 5.626256730661983729e-01 -3.791809438132147658e-01
9.472763417424361876e+01 2.740217361327251244e-01 -3.668957915807783632e+00
7.225582365798281614e+01 3.439965415748116317e-01 -6.566982455223083548e+00
6.571268873596490323e+01 6.178167825999176799e-01 -3.492324333421132465e+00
9.581398276671876602e+01 6.427307811129142623e-01 -3.457405184505136786e-01
6.593391295726600276e+01 1.410490437156270427e-01 -1.032796854909141082e+00
8.772005793327502943e+01 6.567243870612693435e-01 -1.378931396198896930e-01
7.633150572273746093e+01 4.582109630256373523e-01 -9.340029473274741312e-02
6.963415251181517363e+01 6.076735200268015280e-01 -3.993382992797380293e+00
7.758047707635948598e+01 7.597470022151657787e-01 -1.831966600418031277e-01
8.716592708006143653e+01 4.892327773102691513e-01 -1.537038726354584273e-01
8.337190065908697534e+01 3.703464761901887892e-01 -2.347093955523430697e+00
8.327971848029837076e+01 5.119920343187933653e-01 -1.924216980412671640e+00
7.982807807192169491e+01 3.083389767518787128e-01 -4.673942720751046664e+00
8.075956740091841368e+01 5.299241644652957772e-01 -6.317630899085042273e+00
8.988442105994565168e+01 5.392332341196474088e-01 -1.009668091097052356e-01
7.082291079160955860e+01 2.605953029044992264e-01 -6.498214598495148486e+00
7.212612072045800460e+01 6.797401849744106883e-01 -5.162701152431176332e+00
9.350427145633403825e+01 5.989283241174724326e-01 -3.518615665382360813e-01
7.664772051279912546e+01 2.462388244520627989e-01 -1.676319840243001569e-01
7.395127982839407821e+01 5.761688042946951915e-01 -2.516213705540443435e+00
7.050405600897184399e+01 1.042972543913993494e-01 -2.800185836278958451e+00
8.195129886777552031e+01 6.551507871394317561e-01 -5.456778583519557912e+00
9.289264923646913985e+01 6.813167189331288398e-01 -9.992871196672323264e-02
7.580754644431199551e+01 1.711567531460408687e-01 -2.065845968232634874e-02
8.143494444569272162e+01 5.736239203994183966e-02 -9.244112884783220352e+00
7.693654864541701954e+01 1.761821052866524573e-01 -2.915267384968789899e-01
8.950023999366855776e+01 3.825376580600197141e-01 -1.445496544827499508e-01
8.367960110234008653e+01 3.075168449416995284e-02 -4.828753141463152376e-01
8.808777344920349606e+01 9.516612997159182297e-02 -3.270842227778552047e-01
9.095196461882662220e+01 2.060816520002710650e-01 -2.545446778588101644e+00
8.435300669253550154e+01 1.130242160145105840e-01 -8.580191872385944940e-01
8.420805580847741112e+01 1.036100317027387474e-01 -9.807827869342135019e-01
8.829497298287586204e+01 3.843329144318850532e-01 -1.477936944117944074e-01
9.662580888576742666e+01 3.211817668849459295e-01 -2.011665668288911579e+00
9.327542586760898757e+01 7.974053628776345271e-01 -3.900203277551326370e-02
8.681534885371841881e+01 4.215399186316565738e-01 -1.189008279875341939e-01
9.756852463367971495e+01 5.029413258251865804e-01 -5.183272664723939105e-01
6.923906367976026388e+01 1.503411226920642330e-01 -2.273804237934972328e+00
6.513945714508055573e+01 6.479396502258255586e-02 -9.046063527499409451e-02
7.152686701534722147e+01 5.251840611926681390e-01 -6.731827096364077612e+00
7.802815322959619948e+01 6.298686500559075307e-01 -4.340785749843898422e-01
7.371724169653275283e+01 1.315471533427760575e-01 -2.120346991979018991e+00
8.023540891652557150e+01 2.333670617367719982e-02 -2.060148907002496976e+00
6.887385748675649211e+01 7.620473511536677291e-01 -9.433042328702625490e-01
8.218384398308633365e+01 7.130477682832983000e-01 -4.414836005073637715e+00
9.411538041000572719e+01 5.186194307368363621e-01 -7.643373321673526677e-01
9.673554628924662779e+01 4.841817147787839670e-01 -6.965381043671982075e-01
6.831368151430844193e+01 7.373189923868250784e-02 -3.423992745165441165e-02
9.542110844164011496e+01 2.803363794478398990e-03 -3.292603555378159630e-01
9.239709223828228346e+01 4.089040265812488723e-02 -4.043498194190315864e+00
6.969263539131748075e+01 3.020240341977815657e-01 -4.351224433869357533e+00
8.599617155109045541e+01 7.296765240923104301e-01 -3.030155977911304366e-02
7.871144942320232474e+01 3.603675534934245861e-01 -1.378543070337219456e+00
8.523356120902779764e+01 2.125727340753950090e-01 -2.203788782492550891e-01
9.044788914368920985e+01 4.304703240213858528e-01 -4.043080791466407420e-01
7.511422329012327737e+01 4.647443859873460759e-01 -4.750013524612117233e-01
7.532958775913371596e+01 4.742276220666332143e-01 -2.547977199928196379e-01
7.099082626661297013e+01 3.150446017372656726e-01 -7.237435615211488482e+00
8.297601650336426360e+01 1.173712960913719967e-02 -3.660893571620497666e-01
8.054168427985945300e+01 1.670615439183443240e-01 -1.160630831356443160e+01
7.188574692693566703e+01 2.267442731579673298e-01 -7.090198598356034054e+00
7.000611471676457143e+01 7.002486692805459656e-01 -4.117222830217352580e+00
6.679444032436428813e+01 7.245708935691003161e-01 -1.110032766254648751e+00
7.836326529183611456e+01 6.937423610442999822e-01 -5.152444279008082662e-01
9.062698016566685055e+01 4.046892763533130877e-01 -5.497478126515860097e-01
8.866009073326407020e+01 1.991535198346808810e-01 -2.094402715536034520e-01
8.484774155429309417e+01 2.953454619343149901e-01 -4.149428669415044513e-01
6.791164457308505575e+01 7.117589032092976886e-01 -5.321456865077661691e-01
8.904259861260808862e+01 5.424658550990227313e-02 -3.042772074894298795e-01
7.324637523571729503e+01 5.703487077449613807e-01 -3.964727991363120374e+00
8.262327615681157056e+01 1.535784881607813457e-01 -8.822793055401074724e+00
7.278283632703168848e+01 2.196700488851199562e-01 -5.520054130406124138e+00
6.735734294973843816e+01 7.890641667434199480e-01 -1.048613788892127419e+00
6.629358656363253033e+01 7.437062528896620783e-01 -1.891763485190526506e+00
7.933203345317636490e+01 4.408512089872267392e-01 -1.974601119680012840e+00
9.142507678375432079e+01 3.958221937295697823e-01 -8.197821527622566329e-01
7.969539396965373612e+01 3.947915559404810426e-02 -2.252211756391930386e+00
9.150414047926491889e+01 6.690672144170899394e-01 -7.900921992070367161e-02
6.666371994746606333e+01 3.355564103165002976e-01 -7.458522510950650330e-01
8.629102360671885208e+01 5.596056632035997236e-01 -5.205603604321271810e-02
8.730042279866387389e+01 2.701042312905904130e-01 -2.555559074479342163e-01
8.146207541325348700e+01 2.189330577850341908e-01 -1.587411402436449492e+01
8.141976085910266647e+01 2.207733392715454102e-01 -1.583671903527858049e+01
8.150474248453944881e+01 1.836207509040832520e-01 -1.617336384564095297e+01
8.178398925528014729e+01 2.364981651306152510e-01 -1.429316594977293065e+01
8.165832343884588340e+01 1.593453526496887429e-01 -1.564385183563172355e+01
8.136606436835538148e+01 1.996137261390686091e-01 -1.617216478648525069e+01
8.119713690003672468e+01 2.878573179244995339e-01 -1.398236687167699444e+01
8.127792599727013112e+01 2.624452829360962025e-01 -1.466364413001546296e+01
8.176237370049611286e+01 1.330874085426330677e-01 -1.508807103249636583e+01
8.107829354535050470e+01 1.696702122688293624e-01 -1.491974175959412285e+01
8.100530574551233087e+01 2.384028673171997292e-01 -1.396027082185654500e+01
8.180097208808568610e+01 2.698522567749023771e-01 -1.355160783614832809e+01
8.115080502934669937e+01 2.961291313171386941e-01 -1.327055386947385252e+01
8.158176530655036629e+01 3.267065525054931863e-01 -1.304346112712058137e+01
8.123930992409782448e+01 1.025579810142517173e-01 -1.383802424166079525e+01
8.127988894263819475e+01 1.236645579338073730e-01 -1.531993521266457492e+01
8.116020295097396797e+01 3.087496519088745450e-01 -1.293163255786438093e+01
8.074681279414888024e+01 2.094119787216186523e-01 -1.238089922196430770e+01
8.151973150688783676e+01 3.371376037597656472e-01 -1.274719624324870004e+01
8.097460700345870066e+01 1.491128206253051758e-01 -1.484517415618278058e+01
8.170804379681686669e+01 2.333037614822387751e-01 -1.506073092765050525e+01
8.110542093762667548e+01 1.486133592283505334e-01 -1.556471552003987568e+01
8.174195083573856380e+01 3.652853488922119252e-01 -1.168378209448075111e+01
8.193529719490759078e+01 1.331386327743530329e-01 -1.434239392875018737e+01
8.102742037270294873e+01 2.822355985641479825e-01 -1.289619736839387443e+01
8.158165886582797555e+01 1.778534046169872040e-01 -1.619957314042740038e+01
8.110265106576862593e+01 2.247280806340846149e-01 -1.503834390185572367e+01
8.164425178261214455e+01 2.805059680024967195e-01 -1.392134464948781769e+01
8.169674050027420265e+01 1.607219036862413963e-01 -1.566323245712674961e+01
8.131039462043801791e+01 1.727219611818799905e-01 -1.617693213142739594e+01
8.172109890558337497e+01 1.944347262382507546e-01 -1.565806145436761376e+01
8.130231143158979989e+01 1.123789548873901367e-01 -1.478002679751898718e+01
8.143821113695491931e+01 1.142064107828991565e-01 -1.495401557877476506e+01
8.135417155595857253e+01 2.530362959015275970e-01 -1.511070746579964030e+01
8.114326095384058135e+01 2.470266103744507002e-01 -1.453812776566580212e+01
8.132509851076069651e+01 1.394966753241012047e-01 -1.582174336510072976e+01
8.184259087284928569e+01 1.222434520721435575e-01 -1.390532658906818675e+01
8.173386792420254210e+01 2.371620655059814564e-01 -1.498582310587428523e+01
8.119655638569400935e+01 2.039002180099487305e-01 -1.540378469695888342e+01
8.091666380303497874e+01 2.303373166231887093e-01 -1.313501819196373965e+01
8.208336172502598060e+01 1.474593400955200306e-01 -1.374614131813911655e+01
8.161153211432765886e+01 1.169642368965700951e-01 -1.488794969900215825e+01
8.130747854738838498e+01 1.893580079078674427e-01 -1.609267494393334275e+01
8.086156814959878147e+01 1.971616029739380049e-01 -1.371522093661737607e+01
8.105356730182286640e+01 1.320573829138526334e-01 -1.451675531613003223e+01
8.148990423675616057e+01 2.976361504691442672e-01 -1.383169497447781104e+01
8.118599208156368263e+01 2.899587528603562170e-01 -1.343450627279641729e+01
8.178006364518293481e+01 2.750940684184947083e-01 -1.341795143938871426e+01
8.197023929379523111e+01 1.898521059781247688e-01 -1.398473215721908325e+01
8.148806852167251691e+01 3.144566059112549050e-01 -1.336697154519924169e+01
