6.552187993048133308e+01 7.281443740890356509e-01 -1.533604467594618548e+00
6.255940182519746884e+01 4.900626299444173495e-01 -9.829330554003785636e-01
6.403125358671249501e+01 1.844288000818541662e-01 -4.093630623720740935e+00
7.030405244312272828e+01 4.526741503687933821e-01 -1.537819777855343295e+00
6.657324584645471077e+01 2.160731612109393629e-01 -2.560683490959806408e-01
8.336964169223080034e+01 1.654206665379195917e-01 -1.779797773740470213e+00
6.345876365439709588e+01 4.649291509879451834e-01 -4.138697174684157432e+00
7.755461599633612479e+01 4.019733015009023247e-01 -6.439790758085324196e-01
8.918635285741308394e+01 1.005057243280693680e-01 -4.739369630173471570e+00
6.483670382952345790e+01 5.851411666752157764e-02 -1.850829808883499017e-01
7.536235278873455457e+01 7.580325005294297203e-01 -2.280837802425644600e+00
8.355062342512647433e+01 6.994087086583453683e-01 -1.315114108201260734e-01
6.118680743456467752e+01 5.411586872362933454e-02 -2.027362901079365898e-02
7.861658563287201673e+01 2.261077663614456668e-01 -8.617029455839738672e-01
7.785031218928129704e+01 1.520513316198973119e-01 -8.398981622609913433e-01
6.340225923862233515e+01 7.681458059347858747e-01 -3.878001303677542477e+00
8.066426409220387939e+01 6.188860857007032479e-01 -1.836741931311101639e-01
6.972435461289440184e+01 2.864168944324887445e-01 -4.902325433630029039e+00
7.960020790691990555e+01 6.800960695900327979e-02 -2.629298917189733409e+00
7.555544031632030055e+01 5.255322304861825833e-01 -3.133472471932405856e+00
6.817049453925514513e+01 3.851411937426436616e-01 -5.685706478178955692e+00
6.093934838801876452e+01 8.536502573566479013e-02 -4.866153588706486066e-01
6.291244467362940185e+01 3.939043463076978280e-01 -2.338265866319587438e+00
7.634138442647768841e+01 3.005071936580016034e-01 -9.401619805942619257e-01
8.122788055646016403e+01 9.251469689714357514e-02 -8.474965333834026282e+00
8.843089610314564197e+01 4.181194009088662344e-01 -7.850844576567372890e-02
8.319199580491797974e+01 5.369509582464638831e-01 -8.932460366066548307e-02
8.633305167778944167e+01 2.904059444694803704e-01 -6.008755100497588097e-01
8.998950505069147709e+01 2.057749119855752928e-01 -1.074949379300170094e+00
8.554905878481929449e+01 1.290252046354993243e-01 -1.637152979070304326e+00
6.974951981480667484e+01 4.349403212319933459e-02 -1.761001955174299249e+00
8.939323411233519323e+01 2.347486301581547252e-01 -1.186515050594385778e+00
7.894330018037541663e+01 3.394350468892395889e-01 -6.461177057437035298e-01
6.706228951687636197e+01 2.527148903286249304e-01 -2.230596691186456093e-01
7.079054815508199283e+01 2.421439657383747113e-01 -1.558352261275773420e+00
8.822646538659840587e+01 6.125455283326081135e-01 -1.402137167879720717e-02
7.298201150019001204e+01 7.650945813176884824e-02 -1.444287466462503611e+00
8.679959962592610623e+01 3.806995263612431013e-01 -1.409705640234693302e-01
6.895063432464084485e+01 5.735749067947049085e-01 -6.400596724026784479e+00
8.405803113222516743e+01 6.956693210548930972e-01 -2.392946803549193813e-01
7.304262201186655545e+01 3.464015376290887627e-01 -1.611870291055258697e+00
7.969543922944995984e+01 5.476874553026724879e-01 -3.708751026081926194e-01
8.264057809954923073e+01 2.672336782518824894e-01 -2.406156912353750510e+00
7.159877472094986217e+01 5.296691933154609178e-01 -5.023764312120690967e-01
6.056066035798833269e+01 5.014073743062894550e-01 -2.608369896253333931e+00
6.434029032542657944e+01 1.910624083692382888e-02 -6.547123906734341192e-01
6.831688793307591823e+01 7.426706463732426489e-01 -4.925090963822207790e+00
6.859831880270792226e+01 1.128079655380832130e-01 -4.310590145781788785e+00
7.384543314311444817e+01 4.381294797083116754e-01 -3.700739958397342377e+00
7.997940167257887367e+01 5.593452035800732247e-01 -3.524679523712172524e-01
6.033986703649566863e+01 5.067597923721316455e-01 -2.495272454096733927e+00
8.693218656154931523e+01 7.768914561895344795e-01 -1.784076657294384263e-02
8.765888546009621507e+01 1.493259355479162331e-01 -2.018131016903931929e+00
8.265496494156015217e+01 4.786234631555023045e-01 -6.933316385529119108e-01
7.337131019109929753e+01 4.147699131374069648e-01 -1.892158233913725951e+00
8.043587889470121866e+01 7.511430037713503483e-01 -8.973001403665549491e-02
8.233837412772734865e+01 6.265812429120809490e-01 -4.223215768031979844e-01
7.480079341371974522e+01 3.986299280783117682e-02 -3.723420391219146808e+00
6.524090159130760469e+01 4.570288503003901437e-01 -2.062066367682269696e+00
8.723690546320959527e+01 6.497557645851940178e-01 -1.001224966302406575e-03
8.173667369711036201e+01 3.148576449396701116e-01 -2.286879824816225426e+00
7.683070125152923424e+01 3.298045244756375727e-01 -1.865449082350676968e-01
7.189403165107682980e+01 3.675031016292726882e-01 -5.868576448687354841e-01
7.838277458129375930e+01 6.803753554246267932e-01 -2.058651497063485880e-01
6.243269940708071886e+01 6.396005112589083774e-01 -3.520954785989422464e-01
7.060485585509132989e+01 2.560460442496357292e-01 -1.707269784678745905e+00
6.137384641269737529e+01 1.803432045284194263e-01 -1.025663294462146879e+00
7.703353662629022836e+01 1.204742330140466944e-01 -4.765507268878597102e-01
8.095779485303241074e+01 6.562093921713875178e-01 -2.033729865469121600e-01
8.423689599906506942e+01 5.782646310686468949e-01 -2.221330032630526585e-01
6.494475882696643509e+01 3.159078474811978510e-02 -5.555517343469798530e-02
8.980164530540767487e+01 6.681403166207893207e-01 -5.077859808420783772e-01
7.919432597389585737e+01 7.645296529423416532e-01 -1.356788161215744803e-01
8.524452157053680423e+01 1.417517358214687995e-01 -1.193755508263948384e+00
7.615172879746786805e+01 5.123537633352103216e-01 -6.154664001220069292e-01
7.743144006887251862e+01 3.565434219848020447e-01 -6.193847457411276736e-01
8.499819009665600333e+01 5.606599882772221877e-01 -4.862078425079271460e-01
6.213086229964540053e+01 7.993229508915313808e-01 -1.436505769462886328e-01
6.168073529999870175e+01 3.268522715053694960e-01 -1.033538594310524639e+00
8.603492884173942912e+01 1.925932341366538014e-01 -1.452270918393917309e+00
7.119387430259799032e+01 1.686198620711626128e-01 -1.162721873384590543e+00
7.245378278071152067e+01 6.432902380119331909e-01 -5.996353151904950662e-01
8.594617984714642489e+01 4.435237622050772766e-01 -4.886210451708936642e-01
7.404876567821072797e+01 4.261160440945804817e-01 -4.844048205584384981e+00
8.196304245356679985e+01 9.977935435613141321e-03 -1.011547193646615383e+00
6.689321758308395260e+01 6.775795093533493185e-01 -3.215740660298787024e-01
7.436020022138067986e+01 5.965489187793472370e-01 -3.760203454624890806e+00
6.387566554397348995e+01 6.048925317902374976e-01 -5.554442575316910435e+00
6.637015647364300719e+01 7.854194247600451151e-01 -5.332384827721505793e-01
6.926705471871014197e+01 7.116048899594156207e-01 -4.531114589987236485e+00
8.452109793759410650e+01 3.118303789508776180e-01 -2.266613485262189143e-01
7.232026514855913035e+01 5.881615103480507534e-01 -6.061716687631918399e-01
7.151907709923081313e+01 3.712962409802152974e-01 -6.064048335615791485e-01
7.576989368574172090e+01 2.778708367100523602e-01 -4.441845783027231320e+00
8.782421265333630345e+01 1.983969804502346609e-03 -1.779415518626972226e-01
6.745524585020599773e+01 4.856931442892440387e-01 -1.341641501405956394e+00
6.770874570442030915e+01 7.132676659962283727e-01 -3.131627789453655719e+00
6.601173755715184654e+01 2.158071722550459759e-01 -1.107415815071168375e+00
7.500146286204170565e+01 1.095514994912853840e-01 -9.631302589437948924e+00
8.895856554748358747e+01 7.256996920735845347e-01 -1.582749257378992247e-01
8.135936052460215251e+01 3.331410292033309961e-01 -2.011468743974347717e+00
7.252152717392991121e+01 1.866852581451201309e-01 -8.811677155807844386e-01
6.885492767536788961e+01 9.208420212679087336e-02 -4.102153269982650841e+00
8.782960504464072926e+01 7.369991193849348976e-01 -1.983630907847887606e-02
7.791193029665851100e+01 3.415106069405018374e-01 -5.898445535132263995e-01
7.461241115381886857e+01 2.883275025477413656e-01 -7.338401596304229280e+00
6.534037076078040229e+01 6.994373591192980522e-01 -1.708373936407198146e+00
6.013650591549196633e+01 6.121600459883325129e-01 -3.397648099375776276e+00
8.280232219976187480e+01 2.504497310270414334e-01 -2.303705081593219628e+00
7.687709668474312252e+01 3.789195107129630924e-01 -1.694044485255388199e-01
6.601434047421054174e+01 6.900037125143896333e-01 -9.456301107600100231e-01
8.929396742433004874e+01 1.177577587262589875e-01 -4.148314702512324814e+00
8.816135871139213975e+01 7.251919156295008051e-01 -3.865997574019229555e-02
6.970897188930010202e+01 6.806233733793561891e-01 -2.631235717205854030e+00
8.359850344855497895e+01 7.333432330631595164e-01 -1.797690965824003118e-01
7.901989185170194219e+01 1.582290944392845677e-01 -1.563288265349465078e+00
7.988018524380872520e+01 2.784524783350941779e-01 -1.662782315926395693e+00
7.428203008831273735e+01 7.116681520445324871e-01 -3.037776230141104872e+00
6.131021678987675472e+01 5.603085718735052456e-01 -2.364988030899067617e+00
7.695768033935780750e+01 3.665281214391292175e-01 -2.906507017948345983e-01
7.138553605050665851e+01 6.316675095790398320e-01 -4.659198595489582595e-01
7.535025281720119494e+01 2.346348834229174951e-01 -9.081426128614451088e+00
6.930862883563642640e+01 6.042122614624748644e-01 -4.803481733989317881e+00
8.038973193577425036e+01 2.398134695921964529e-02 -1.753457030878497580e+00
8.063363639773236002e+01 3.579835628506273237e-01 -1.290772028394993720e+00
6.080616814175460405e+01 6.224568011468328138e-02 -1.507166466213158973e-01
8.211902264385348360e+01 4.284923464910913582e-01 -1.098432040494765172e+00
6.057913396359563052e+01 2.150169005881822637e-01 -1.958508416744410452e+00
6.514367274746122405e+01 1.981511109372601498e-01 -1.863511315907907750e+00
8.017323192141688537e+01 4.898142160094998698e-01 -5.158716289820609591e-01
7.233311081748900051e+01 7.637026407225371294e-01 -5.362169192147965280e-01
8.256138602643522972e+01 3.038482080263161245e-01 -2.004505307912197942e+00
6.302129375674680745e+01 1.268003689494738295e-01 -1.082968055949818265e+00
8.508403029947083951e+01 1.819509648778127320e-01 -8.839728903518870862e-01
8.346085523180704513e+01 2.679261877519178991e-01 -4.244503436944664920e-01
6.417167466448508151e+01 2.418592702631591485e-01 -4.835548530780744869e+00
6.218472287039804769e+01 6.645102320927803730e-01 -6.898891554159224115e-02
7.573608586393963549e+01 5.475278980786216776e-01 -1.768108453237196454e+00
7.358876417384189494e+01 1.353299232780811878e-01 -5.380269139202995099e+00
7.063631949852849345e+01 3.221755425572107590e-01 -1.491497989390140333e+00
6.171235271074585427e+01 3.176183663418210568e-01 -1.011174086898243063e+00
8.690392456019770862e+01 7.848030254380209403e-01 -1.877465428772000927e-02
6.755774770429421494e+01 4.364058100721151523e-01 -1.694136134628384971e+00
8.319733488429969270e+01 1.498058054962609631e-01 -2.837138145861671124e+00
7.555054138609098402e+01 5.290245945112329595e-01 -3.097390457902924776e+00
7.658187432608528411e+01 7.559231797141541254e-02 -1.339402759022220391e+00
8.390994996122171301e+01 6.502137490902367700e-01 -1.963539323400635972e-01
7.115589731000224560e+01 3.869671061516820609e-01 -8.408865989990521594e-01
8.630291621333181240e+01 4.721705358810841524e-01 -1.892579668371847934e-01
7.329622559408463189e+01 1.029661598076311857e-01 -3.260071995573394776e+00
7.845690328702667671e+01 2.569396982651329098e-01 -6.903179573220475929e-01
8.559347815734290066e+01 4.095561136333633612e-01 -7.449153324971493628e-01
8.201392253147936628e+01 5.272961892233419823e-01 -6.765688482060860931e-01
6.708420349463398225e+01 6.358252104695339968e-01 -2.572959193266646238e-01
8.671701587463117278e+01 6.422707567867091960e-01 -2.125871461482287117e-02
8.773169768366039989e+01 7.143152730179154197e-01 -1.142251089202169639e-02
7.183602761771454936e+01 2.037201550170567865e-01 -5.744163471661323239e-01
7.775578936052986023e+01 8.342121646320271866e-02 -7.590335613425603922e-01
7.022452603768630297e+01 3.000796862484435279e-02 -5.671141223318718616e-01
9.010887670735117183e+01 4.491072203075065494e-01 -2.460969659584976155e-01
8.744912454097797649e+01 7.748673905566932918e-01 -8.749653202440591665e-03
8.881546851230092443e+01 3.503412963688004034e-01 -3.010115601362820525e-01
6.238191240350032984e+01 9.984151328285940236e-03 -7.656796745870737553e-01
8.582859058062244628e+01 2.865546036290504417e-01 -9.986448366086086992e-01
6.768211341154184879e+01 5.930326005393981026e-01 -2.654578015465252960e+00
8.598202153807845605e+01 4.851632031501393882e-01 -4.248735623908145853e-01
6.375309378662882409e+01 1.056213342553502105e-01 -1.678029918517585317e+00
7.907658823313676066e+01 3.112747347898559003e-01 -7.745088948374809767e-01
8.836923279259993080e+01 4.593344518989848635e-01 -3.524123439788059975e-02
8.969420862427662655e+01 6.181116299845372808e-01 -4.262701817875947374e-01
7.731526494174926256e+01 5.036991040848213252e-01 -6.041029901293971660e-01
6.481092377467621191e+01 4.706936777868030441e-01 -3.064802041377562514e+00
7.503639242537501275e+01 3.388732899514050600e-02 -3.461117691332950219e+00
7.934652404671388126e+01 3.487131305818895032e-03 -3.191063628689842432e-03
8.469128333177609136e+01 5.748473780853174953e-01 -3.443652841255206432e-01
6.268865483790323623e+01 1.747559234075460322e-01 -8.694549572066446741e-01
7.302217877749983188e+01 6.622746990959020863e-01 -9.047259300492729306e-01
6.574816685501478730e+01 5.460551938284971540e-02 -4.284335659220920856e-01
6.453930439993722246e+01 2.181357760717230754e-01 -3.463222106543424772e+00
6.128109384356862677e+01 4.400943364038094052e-01 -2.268544781954437983e+00
6.866472576293502073e+01 7.466209148512426008e-01 -5.601920689881927373e+00
7.057225781819420263e+01 3.748367600148653778e-01 -1.411744245621765703e+00
6.841470848662255833e+01 5.116405545923180531e-01 -5.623200059653737704e+00
8.172937187984047114e+01 4.031706659168245860e-02 -5.155556936398876466e+00
6.980835640801599595e+01 1.418101107076943646e-01 -4.781385899131185724e+00
6.362067954224970379e+01 1.613508943300166198e-01 -2.888154253630941692e+00
8.423387453811503178e+01 5.777313981655241015e-01 -2.219909031005694033e-01
7.621289757998791004e+01 6.747708204707733026e-01 -1.708478347227325167e-01
6.793470981654724028e+01 5.866725900890348289e-01 -4.812860767403917883e+00
8.923565969778864826e+01 4.171061876192289630e-01 -1.655735806949391875e-01
6.691507934725693474e+01 7.566018059074419710e-01 -2.859395841263260851e-01
6.336316987669265188e+01 7.998610740017758625e-01 -3.882564821251219378e+00
6.657225363229534310e+01 7.133364605909993383e-02 -4.539375956765723252e-02
8.105315975551371821e+01 5.437906440423406762e-01 -3.973921780185949437e-01
7.816126594667328220e+01 2.302400675712149847e-01 -7.444711183526095954e-01
7.178588173284002494e+01 5.537694931414581800e-01 -5.505382492204549116e-01
7.416292508671669736e+01 7.784750006435969816e-01 -2.607803798628942626e+00
7.390351043460206881e+01 5.134144136638725264e-01 -3.447981934453832942e+00
6.627417463391911667e+01 3.979186591991061839e-01 -5.898911382429368189e-01
8.487870464298853790e+01 4.064345578675008230e-01 -5.549239705823012514e-01
8.776763472469423277e+01 4.603564964466912990e-01 -2.946414049287354731e-02
6.199270374748915913e+01 6.037293614691243704e-01 -5.276797480839998666e-01
8.473673458717394169e+01 3.150570659413629016e-01 -3.969885650101235286e-01
8.512010863754213119e+01 1.201321829076894415e-01 -1.056966406886880927e+00
7.761789155155670983e+01 2.010042483456147000e-01 -6.779110037618802931e-01
6.435221530763939768e+01 7.684040491167957176e-01 -4.240187067853868896e+00
6.749248975148876184e+01 3.307726420749541041e-01 -1.644819798328363003e+00
6.325776619394432743e+01 4.548910396398338496e-01 -3.347166518307311822e+00
7.233000872546077176e+01 2.969149298252748426e-01 -7.096430011262329085e-01
6.506764265545608339e+01 7.257714983876928372e-01 -2.120117659213622385e+00
7.126194404902915380e+01 3.838160937788747673e-01 -7.869859342316640749e-01
7.119866292385415818e+01 8.592891725110629597e-02 -9.378750288026007631e-01
7.210369762728876708e+01 7.177682712697760481e-01 -5.824316827930994256e-01
7.576353004204619879e+01 3.075143964175368616e-01 -4.585425511821315858e+00
8.199019455110583010e+01 2.854147455459905003e-01 -2.564028857339061496e+00
6.095922842252673490e+01 1.416289977285360713e-01 -1.384080718372330265e+00
6.839126067857887392e+01 5.026460956829317261e-01 -5.646683549113926226e+00
8.823654359734536001e+01 6.461412974827099864e-01 -2.249747003004657145e-02
6.045815280209181708e+01 5.183884111262776484e-01 -2.475915963079390991e+00
7.742240847741361165e+01 6.534828131734866652e-01 -6.599829847813695194e-01
8.861566192880192716e+01 1.717861306160633691e-02 -1.614296309965730147e+00
8.125140142993261350e+01 7.243027116845156266e-02 -8.451677900268157018e+00
6.104658373107037761e+01 1.144732228170954741e-01 -8.520291055540263336e-01
6.284505739865495144e+01 3.504441651976375471e-01 -2.110156026450065614e+00
8.226914422550376571e+01 1.568584923346185156e-01 -4.905573636215617483e+00
6.274291578768590938e+01 2.412235582446964344e-01 -1.371067584370338155e+00
7.009321232916620659e+01 3.401557656248317407e-01 -2.452586742185079327e+00
6.763532988663811807e+01 2.144937907623992168e-01 -2.329382028068437638e+00
7.437990910469207506e+01 5.415236877039641961e-01 -4.178721008196762732e+00
8.958891664790026255e+01 7.481669680813261003e-01 -4.710278156366867197e-01
8.257758724390748739e+01 4.759286279566428413e-02 -4.557060287170783930e+00
6.898743602137430742e+01 4.409896586152927123e-01 -7.106625891695198760e+00
7.930321580777066970e+01 6.847055723419281925e-01 -1.815370604046405989e-01
8.769293811909452074e+01 3.225334375967336270e-02 -2.157922754721130598e+00
8.021518095531342851e+01 1.052652184763666066e-01 -4.893730947620596794e+00
7.649183154156467879e+01 5.521940884376322911e-01 -5.345002309758902642e-02
7.466851569444934000e+01 3.521736158105209236e-01 -6.276091648724375638e+00
8.988086532699227860e+01 5.965447443608907774e-01 -4.252233122122261455e-01
7.975643733543313374e+01 7.657366685021685937e-01 -1.211257322221637039e-01
7.496546332208075114e+01 6.914676397750041392e-01 -3.059838733390372489e+00
8.096674286760901396e+01 5.418963329614528285e-02 -6.940488030398863195e+00
7.885535917663921168e+01 2.227657526834304902e-01 -1.035464849470770110e+00
8.079737057432770087e+01 4.820493912758656574e-01 -5.093148225751037428e-01
8.537880347435896056e+01 2.650253636974241878e-01 -1.062132146224166629e+00
8.395975726993138721e+01 7.294370129626227550e-01 -2.435669350973504177e-01
6.413050781770958508e+01 2.301921907922631905e-01 -4.729893689727052042e+00
8.868927964251304275e+01 2.856652960555948820e-02 -2.917358579325640022e+00
7.083007219366652407e+01 6.573217820481297435e-02 -9.421502867908132517e-01
6.014258983282567783e+01 3.206110757407276135e-01 -2.776387090108210831e+00
6.810788193042253624e+01 4.694491233634708327e-01 -5.495139345126902164e+00
6.596979195514201422e+01 6.648811161972644213e-01 -1.054725907276519159e+00
8.628603589713547706e+01 5.853794538283274562e-01 -1.293163961361055436e-01
8.711228046852448870e+01 5.729598541112469468e-01 -1.804856513143204009e-03
7.418160592160856481e+01 6.759791868214041211e-01 -3.191117687047573259e+00
6.918717471011541420e+01 7.782012472619412868e-01 -4.779357674564378655e+00
6.555002310823525136e+01 6.202494913377935015e-01 -1.648099984104627325e+00
8.599500778258679645e+01 6.341543603571359045e-01 -2.998417214658748442e-01
8.158064456952337196e+01 1.863758141986511241e-01 -5.380926999776382225e+00
7.834110364391837322e+01 9.112287670455981869e-02 -1.175835346278927496e+00
6.484802449117935907e+01 4.351256834566554765e-01 -2.944398557973810338e+00
8.570892530284403676e+01 4.147319357737820344e-01 -6.610748727301084537e-01
7.518429772365757913e+01 9.868229960281081278e-03 -7.090262023233528943e-01
7.392896495609791430e+01 1.451116708877039641e-01 -8.339240976081406131e+00
6.635759536713179330e+01 2.957336154330242328e-01 -4.562316071181412580e-01
7.703462933439594451e+01 6.108346140321096324e-02 -5.410391362703298457e-01
7.266789608687415125e+01 7.062380642530535768e-01 -6.554539474274705402e-01
6.876660661697454202e+01 4.211259718555429576e-01 -7.102185659831059539e+00
7.851000257842436270e+01 7.887177485318953574e-01 -1.657083195170985512e-01
6.358321701948192839e+01 7.557189024193202709e-01 -4.635348776452983266e+00
6.533578605481544344e+01 3.989448615704900281e-01 -2.024083443929328041e+00
7.176770110938707603e+01 2.555149362309291905e-01 -5.734678108915040040e-01
7.570586977175918264e+01 6.141287526277291464e-01 -1.693083686689363043e+00
7.692366709538180203e+01 5.352801594118767881e-01 -2.609261443017016902e-01
7.812030125933073066e+01 1.697195685779042118e-01 -9.115008024144956034e-01
6.684214302884299741e+01 3.600311532165224593e-01 -2.494122213527375231e-01
8.924428712898537697e+01 4.305480691593603915e-01 -1.528441531296402256e-01
6.948518975409282916e+01 2.379311442269506915e-01 -6.712048875221503508e+00
8.351618927740511822e+01 5.479891682355889637e-01 -3.039630876842574353e-02
8.312235185455168107e+01 2.612416919796682890e-01 -1.357881842978399645e+00
6.177684361868734442e+01 4.736669900370155672e-01 -1.102554029990992168e+00
6.236087170977457816e+01 6.985095505623912793e-01 -2.009010717530494983e-01
8.940787623547055318e+01 4.902100106816005276e-01 -1.934891412470773620e-01
7.315404385094119277e+01 4.075830298283289466e-01 -1.538399070992604312e+00
7.350846687597953633e+01 2.783723809601512111e-01 -3.611887813260100444e+00
7.604621045192180873e+01 1.768255111716710015e-01 -3.530336974327678234e+00
8.038819041884353567e+01 5.276619705277408867e-01 -3.730886148229292654e-01
6.984395365941063005e+01 7.998821888540542657e-01 -1.775826307882075739e+00
7.963604944753316772e+01 1.003142799185963718e-01 -2.977172099286156115e+00
6.720403264014206002e+01 6.287263294935373503e-01 -3.621782079682908662e-01
8.432714734979970217e+01 7.390312512570669234e-01 -2.630016432799461290e-01
8.275917902550575889e+01 3.888637149435174023e-01 -9.659560084992943052e-01
6.662888880136985392e+01 1.990663816584901935e-01 -2.130825239732235254e-01
7.035223214371242761e+01 5.040616990323816271e-01 -1.327007072514129415e+00
6.393180841998088937e+01 1.349353902721645015e-01 -2.790189626056581051e+00
8.674545765042610412e+01 6.620252995546176411e-01 -2.346206915953835334e-02
7.290717656868011431e+01 3.682606750484386238e-01 -1.231124286283763247e+00
8.503103442274780832e+01 5.815887999577677991e-01 -4.701061148752044283e-01
8.745118163138211287e+01 3.970339315673144555e-03 -2.130472811553865697e-01
8.372697530561534052e+01 1.645935445828576038e-01 -7.130527282153800162e-01
6.146231941083762962e+01 5.626527479494471962e-01 -2.124568073611951657e+00
6.435759520496631580e+01 7.545068328081492304e-01 -4.262740611774608723e+00
6.784210780939200447e+01 6.552144466458768857e-02 -1.435994625412261083e+00
8.304955982216819166e+01 5.087257078882646555e-01 -1.826087308250817220e-01
6.630874894751212878e+01 2.912295838109141832e-01 -5.142725104307845907e-01
7.167322341093523619e+01 2.711973250401302216e-01 -5.952125748777146175e-01
8.275603028421846830e+01 2.410160094703739930e-01 -2.683087203307768398e+00
8.329809805249385590e+01 3.627056516350326554e-01 -2.253551368639979957e-01
6.024808431375381446e+01 6.939307044363305366e-01 -2.927185168397111514e+00
7.969685139659229378e+01 4.793567330921014724e-01 -5.257555343636125533e-01
6.524120876802668079e+01 6.009301239097030595e-02 -1.725550647715595742e-01
7.141941169419678204e+01 1.486049572602139990e-01 -9.383582240465422331e-01
8.947696657153196043e+01 7.290275705066120437e-01 -4.049176942392565537e-01
6.948661986367967813e+01 3.799704051927399462e-01 -5.516118801520955905e+00
6.595045250960485816e+01 5.745159709583648189e-01 -1.116107775648671918e+00
8.846647137792641047e+01 7.690925511485563471e-01 -7.966278092322913451e-02
6.733154228332986690e+01 3.101432306451328280e-01 -7.475399828021248583e-01
6.288900853868495489e+01 7.724735849635372409e-02 -1.987316875257279236e-01
8.416599418550526934e+01 5.287527163870647806e-01 -1.862348021083379546e-01
6.846795410300704532e+01 9.216174096600568411e-02 -3.066333018776275399e+00
8.187168314048942364e+01 1.906425924941744787e-01 -4.650372613507230746e+00
8.212682063685029732e+01 1.632153398904859776e-01 -4.916920852566171618e+00
6.580716152794937557e+01 6.324250303024165909e-01 -1.342482310744046226e+00
7.998004818986214559e+01 5.163092523730843375e-01 -4.545102934378487669e-01
8.671828051308641250e+01 5.872668687372882834e-01 -1.863407232183789466e-02
8.721193460206696102e+01 5.453474164128363499e-02 -3.032644006797608149e+00
7.311266162855585549e+01 4.640478091842048687e-03 -7.768239235555658706e-02
9.000133238021508930e+01 2.753090857123496882e-01 -3.636907334833881511e-01
6.797011528946246983e+01 6.197706505843177949e-01 -4.758995967893344670e+00
6.179721360306119493e+01 5.609918589007071299e-01 -1.161328057384737988e+00
6.096778940006679903e+01 3.934876629873920173e-01 -3.069642722701908966e+00
7.936913326041266714e+01 5.392090077005118331e-01 -3.327874417615065972e-01
6.506122245535564730e+01 2.225124679021533991e-01 -2.151425979251930354e+00
7.392282998161476826e+01 4.818382891856285433e-01 -3.687268355506598816e+00
8.458230441515033249e+01 4.376394327821927499e-01 -2.972443491847772679e-01
6.975096631272884906e+01 2.833177725329049101e-01 -4.524058758851888129e+00
7.079618831239986321e+01 2.014087147651955623e-01 -1.546516114601501846e+00
7.464248319591757763e+01 1.049317240207824353e-01 -8.748881289869885336e+00
6.329796625646423536e+01 2.502841190844608543e-01 -2.951674166889847406e+00
8.139385656354158982e+01 4.488019392562134779e-01 -9.852518011413395893e-01
6.135788309164702525e+01 6.582199041171239440e-01 -2.309500311923331939e+00
7.617819478950619327e+01 1.999055460612956525e-01 -2.671055477355300134e+00
6.721508492582617578e+01 7.233363944365759357e-01 -3.721141133010258950e-01
7.640701233157999184e+01 2.261379309599061971e-01 -9.141111086794464491e-01
6.910114024102415442e+01 6.533034163422427598e-01 -5.613284398491972027e+00
8.355731514738096166e+01 3.136018903372778110e-01 -1.317091593901612012e-01
6.468894765663787894e+01 4.984160555084065081e-01 -3.331708271609082672e+00
7.262193431169484370e+01 4.603501776877223506e-01 -8.134601885660807108e-01
8.497320013532964822e+01 1.810762932793671398e-01 -7.343598875526555769e-01
7.015063416682576758e+01 7.402426017144948522e-01 -1.171493686924041766e+00
6.058468133704194969e+01 2.105122899424959615e-01 -1.919933251621818604e+00
6.352681330004427451e+01 5.259050364487797280e-01 -4.381175606988008120e+00
7.100516595186780933e+01 3.902654850610889348e-01 -1.027050247224807977e+00
7.578588435083072739e+01 7.167560696860773017e-01 -9.581398900594730872e-01
7.833903377163522919e+01 8.362371409234931052e-02 -1.148876266561220216e+00
8.395725231398968447e+01 7.058459535772694249e-01 -2.351286991472808507e-01
6.869413400194110864e+01 1.329140364910550154e-01 -5.526537065720030562e+00
8.237526549248542551e+01 3.550125155271411925e-01 -1.603585649422956561e+00
8.959505916366339306e+01 3.514980811455707399e-01 -2.453103096400222338e-01
7.754342678866295557e+01 6.104968388282573377e-01 -6.592895762842085894e-01
8.886181008603173836e+01 3.277185230284608286e-01 -4.199312365821552540e-01
6.392199290039108917e+01 7.807333812716967802e-01 -5.509464728750939067e+00
6.915276484422908254e+01 6.424702334838490181e-01 -5.432450531607079469e+00
7.338680776437760755e+01 1.425562020190927759e-01 -3.803209934931228275e+00
8.695571794252100517e+01 7.883582697962927544e-01 -1.924503035156490544e-02
8.077978269835894309e+01 6.017912551732456095e-01 -2.208601125776732677e-01
8.145312765550522727e+01 2.399112033769740249e-01 -3.860894480381716676e+00
7.694132644152696798e+01 1.727041598177681270e-01 -3.930636384821859508e-01
8.544822199891626724e+01 1.181303323305108316e-01 -1.559023035909923305e+00
8.812901926714091871e+01 4.278940174340947755e-01 -5.446763956904118742e-02
7.289173270465693122e+01 6.967070048366120760e-01 -8.072076375719291486e-01
8.784594429982568897e+01 4.740002516368681251e-02 -3.118460026142487962e+00
8.759273107526522040e+01 5.485914449695948880e-01 -4.204951435828697091e-03
8.604095766059963069e+01 6.277667979370591400e-01 -2.566580963946182292e-01
6.272961934929885786e+01 2.583190329935526885e-01 -1.447352904902750259e+00
7.235538414369297300e+01 7.460591141207887356e-01 -5.428856729861797348e-01
8.049308174622265710e+01 6.832546800777847817e-01 -1.244229026960050333e-01
7.512027895838554059e+01 7.984892563773897667e-01 -2.446817504653048481e+00
7.401006949307816285e+01 1.975711583409651279e-02 -1.007171234184143005e+00
7.555361893511361870e+01 6.795573225033622045e-01 -1.944710573820850108e+00
8.904238160859830487e+01 9.981487002144508180e-02 -4.704868536871216200e+00
6.407679709669670842e+01 3.424802667389480193e-02 -4.183022551394267180e-02
6.669629053718645650e+01 4.911097105595909063e-01 -4.068371126136745008e-01
7.800579035021252139e+01 4.045692858021319727e-01 -5.055434736346999802e-01
7.206629631605824216e+01 4.223217683046724957e-01 -6.412643431387416992e-01
7.664017185327733728e+01 4.410513479744211374e-01 -8.220409915378530663e-02
6.244256988562357691e+01 3.327947422778270159e-01 -3.195189217729430542e-01
7.886613120151395151e+01 5.530220192122373701e-01 -2.549318583984869213e-01
7.040329311421896819e+01 5.924104637414829844e-01 -1.148261143100042236e+00
8.515188690138035099e+01 7.636904167019786804e-01 -3.626920693448134059e-01
7.931929720932619432e+01 1.252160542583640457e-01 -2.204140885547167805e+00
6.700685484404468184e+01 1.525892408102113296e-01 -2.583935486518130209e-01
7.740527852919746010e+01 3.715827027882743772e-01 -6.246938993936227424e-01
6.213940631959445682e+01 2.967946670415048116e-01 -8.602841969080558815e-02
6.123984266450468539e+01 3.438498789835393588e-01 -2.207477710464845089e+00
8.628804460281018862e+01 6.682794801319318356e-01 -1.631189370175172015e-01
7.427568869026788434e+01 4.159034782935187025e-01 -5.507560949724288335e+00
8.588287429467085587e+01 2.456063769892692997e-02 -4.487032753844032440e-01
7.862676959597909843e+01 4.684068581792663055e-01 -3.053624049720768951e-01
7.517117761908454554e+01 1.344966121245772320e-02 -1.039517438701711871e+00
8.095853521849562640e+01 5.824720542854099348e-01 -2.890588175059574105e-01
7.472073599635930918e+01 1.534741746911611193e-01 -9.303009269902547729e+00
7.327480573129612651e+01 3.297760594461779382e-01 -2.124174868797643612e+00
7.503649582028776877e+01 1.333498538657059418e-01 -1.031892844893388350e+01
7.417975699875503892e+01 1.719403784756702303e-01 -9.391125782175118175e+00
7.388485321180458243e+01 2.258033361940232353e-01 -6.794482418852552108e+00
7.418435525345482517e+01 1.130191919483013729e-01 -9.382743703294025295e+00
7.360024832060589972e+01 2.028945391992693636e-01 -4.851030682115412773e+00
7.295389003178254939e+01 2.180935805176051900e-01 -1.805682581560917210e+00
8.046392800264509049e+01 1.337450313005425773e-01 -5.329235656754883976e+00
7.511652486048836863e+01 1.896525530140937832e-01 -1.025214472876565530e+01
7.398992166452090657e+01 1.382183259330589664e-01 -8.831023015622397665e+00
6.905429977859049018e+01 5.404413025599025255e-01 -6.276900846394391387e+00
8.994928875918199651e+01 2.531384590342330432e-01 -5.114723920797165091e-01
7.458227239860394775e+01 1.283368014801623547e-01 -9.247271476347858510e+00
7.393336824634759807e+01 2.821990010613980027e-01 -6.408805978481361798e+00
8.784401447310369804e+01 3.690356762780320210e-01 -1.418790473492204107e-01
8.874187666327476620e+01 3.064127672454802775e-01 -5.346993483762778610e-01
8.308580553414348913e+01 9.138192327010247196e-02 -4.107509838039127281e+00
8.950747375388350235e+01 1.861149732163911719e-01 -1.894155689607393889e+00
7.684899000683812176e+01 3.610585120243740009e-01 -1.739081768489869340e-01
7.433452265058144803e+01 1.539422624862667177e-01 -9.577572567459153419e+00
7.755692932386898519e+01 3.547623573231029059e-02 -4.223445263221252133e-01
8.128010185055862280e+01 6.512620003059953200e-02 -8.226441431156816364e+00
7.523118569176675408e+01 1.771593417360995126e-01 -1.047614822486114683e+01
7.445932754448600122e+01 8.825942594894707616e-02 -8.265030995885355836e+00
7.471924753734100477e+01 1.797008337511381004e-01 -9.120974462275235339e+00
7.491377749784551554e+01 2.123546436996701370e-01 -9.268325232295387295e+00
7.447010187096950062e+01 1.945938202658170635e-01 -8.989905969781366579e+00
8.110301937341432676e+01 3.925864663064483340e-01 -1.182315823299318946e+00
7.523589682436767134e+01 1.492228571222831701e-01 -1.060969026781273605e+01
7.942662433189963167e+01 2.440372528065531399e-01 -1.411265952958738357e+00
8.294214868421559572e+01 7.769208134712718428e-02 -4.500838117554667228e+00
7.434594832509885975e+01 3.784769125751084595e-01 -6.057071806536302283e+00
7.486323744549802939e+01 2.173246760165165048e-01 -8.942941745157675371e+00
7.512086701791304222e+01 1.187030119438396841e-01 -1.029095241578000319e+01
6.707055750588365584e+01 1.212132735534422051e-01 -3.246747410455387284e-01
8.123995296986215919e+01 2.288250881151710492e-01 -4.081894794305114260e+00
6.835521219742624055e+01 2.015971771494868559e-01 -5.461524089159196294e+00
8.130260371750004822e+01 5.134851232731139220e-02 -7.393827134782514854e+00
8.558852007933649020e+01 2.176245900549498777e-02 -1.593807661472801118e-01
6.821912844319452063e+01 3.105060908144358089e-01 -5.748358908868431705e+00
7.542439297704953560e+01 2.036483071566937419e-01 -9.331245214163844892e+00
7.456833230263430323e+01 1.603650467353841536e-01 -9.274090574168832646e+00
7.477620329783212583e+01 2.309310054177418081e-01 -8.518603602890685522e+00
6.889866850293282141e+01 1.993616731109760509e-01 -7.571634852165237461e+00
6.641632778561574924e+01 5.173650312567289467e-01 -5.032285485831498040e-01
7.409793636032020459e+01 2.043643605842449529e-01 -8.486267153298340915e+00
6.990900432995988467e+01 2.931557852236747752e-02 -7.484138706735383728e-01
8.338845343723099290e+01 1.072391253457706528e-01 -2.217407556626461940e+00
7.277458348099939656e+01 7.047098719839832437e-02 -9.032880329792781771e-01
7.515892287189291210e+01 1.523788082984741110e-01 -1.065187999956297027e+01
7.467966330249795703e+01 1.676380848334163565e-01 -9.232930612282896021e+00
7.471596212434272388e+01 1.495183774774002106e-01 -9.310692967596134295e+00
6.896297909872554044e+01 1.678286224921229364e-01 -7.204752462496085919e+00
6.785266722369595982e+01 6.210293164341499500e-02 -1.357112999083947225e+00
7.546361249421190109e+01 7.529669168982890126e-02 -7.993329380186351862e+00
6.858458787858302230e+01 1.389294997712052331e-02 -5.938767023806155176e-01
7.025830549330052577e+01 1.722498106130304074e-01 -2.412262844852299803e+00
7.487937320221820414e+01 1.655577046469774716e-01 -9.825948601936673299e+00
8.144346618278311212e+01 8.989562881952449513e-02 -8.387792693176944425e+00
7.436697558524733154e+01 1.367956805343346072e-01 -9.597905113679553679e+00
7.469271816247672291e+01 1.356070318381499273e-01 -9.281354360177347829e+00
6.827004779012195002e+01 2.491863539310950060e-01 -5.638981389315898873e+00
7.540445140975774052e+01 1.481800577080765180e-01 -1.007758151983225403e+01
7.516140763078021791e+01 4.218615449370684556e-01 -5.856017901668010062e+00
7.627956767151350448e+01 1.876660555082194926e-01 -1.885224509570332385e+00
6.842888104463557397e+01 6.313808966299969128e-02 -1.415472036130494660e+00
7.505731650673881461e+01 2.242406052505135916e-01 -9.530612180326581750e+00
7.587030741802045952e+01 2.006774289121573407e-01 -5.187677798077208635e+00
6.612504507727467740e+01 1.976257215430785724e-02 -3.907174092625311235e-01
6.987210327030754797e+01 3.551109625965696015e-01 -3.555297699901664554e+00
6.830379452293864517e+01 4.760835764800222525e-01 -5.565328333074795353e+00
6.553997012197359595e+01 3.534193279516199548e-01 -1.960192191960816954e+00
7.475170273727337644e+01 2.350092777791932264e-01 -8.449758517581871686e+00
7.594655655173968967e+01 1.052015192723455839e-01 -4.839439469839916796e+00
7.543228414900275425e+01 1.098643792075189307e-01 -9.765296192527417318e+00
7.448752145119860302e+01 1.111228667847295876e-01 -9.083460325128065449e+00
6.251143907307805847e+01 7.339475154876708984e-01 -9.136068798942126312e-01
7.563711930431203712e+01 2.532419848001056795e-01 -6.347932023057901496e+00
7.456435342686144452e+01 1.207881574610017994e-01 -9.158974602187372582e+00
7.501047334362588970e+01 1.786609551280788077e-01 -9.985765549424819199e+00
7.475304642276205414e+01 1.326925307515204044e-01 -9.371224637188291240e+00
7.512981053555851929e+01 1.032354844456982862e-01 -9.856015983030857797e+00
7.900012794758404766e+01 1.449198621165733586e-02 -1.444392129651577046e-02
7.509764935611177350e+01 1.417975326168612049e-01 -1.056156160007907197e+01
7.439988392555177654e+01 1.675574565088856216e-01 -9.402173507919856732e+00
7.498568194595586078e+01 2.059710306609973118e-01 -9.624899613009382904e+00
7.469729757987190055e+01 2.161747987586640218e-01 -8.628111362223801706e+00
7.476202562228812099e+01 1.355576828850809379e-01 -9.391380245423967210e+00
7.465916565531831850e+01 1.251974870375599236e-01 -9.190585225375400569e+00
7.435566419529776283e+01 1.521070827007172666e-01 -9.583186650200728351e+00
8.700143919195961928e+01 2.385927915573120284e-01 -7.332771921830408823e-01
7.504580077258583515e+01 1.650298179650353525e-01 -1.034208096961877388e+01
7.471784748340746773e+01 1.901816009062823887e-01 -8.999993953760228038e+00
7.520106871694382278e+01 2.515160228357089522e-01 -9.115001915183261971e+00
7.580953483114831215e+01 2.613270774157649967e-01 -4.761478476883928224e+00
7.503041759173022740e+01 1.723226189368186612e-01 -1.028576840385724545e+01
7.634673799210042944e+01 3.414924550706709833e-02 -1.780380098115756926e+00
7.487390796919468983e+01 1.676145440114955865e-01 -9.556275022678846653e+00
7.490168992992316532e+01 2.292568659096839156e-01 -8.985188689815334584e+00
8.240652388065024070e+01 2.812836170196533411e-02 -3.085493277510846344e+00
7.552641931757734994e+01 1.387169718742370661e-01 -9.026554785306117878e+00
7.509760512843605795e+01 1.492008080955285754e-01 -1.057548685608618477e+01
7.532778073850984413e+01 1.602379992361679384e-01 -1.035719635909026515e+01
7.526196347861720426e+01 1.452072298026664543e-01 -1.061531558051401269e+01
7.508495055974248089e+01 1.796573702957720842e-01 -1.021507565286988850e+01
7.479376126764744015e+01 1.681674701343000011e-01 -9.351017769184167605e+00
7.553516127687643689e+01 3.607540485307611511e-01 -5.429335304846459209e+00
7.444333698160285451e+01 2.035783019412756301e-01 -8.936435580637793308e+00
7.494263906198148106e+01 1.185346093287605734e-01 -9.857569614452897255e+00
7.498954822163069878e+01 2.551473011218068909e-01 -8.744609896434988983e+00
7.487511185709368533e+01 3.260159056767046315e-01 -7.021164954428535054e+00
7.494842315266704702e+01 1.815650982697168958e-01 -9.687343906248399250e+00
7.470373413485512515e+01 1.507847695420642398e-01 -9.310218596638842214e+00
7.505317774984732182e+01 1.926978536015017951e-01 -1.005014820296493561e+01
7.447203175861460522e+01 1.338861627489245365e-01 -9.391401000316262682e+00
7.450258663572188311e+01 1.045847167400707489e-01 -8.908865448005361287e+00
7.495280039045736942e+01 2.186799287796020730e-01 -9.166220958895078041e+00
7.411637039605091104e+01 1.310099342504268682e-01 -9.441095750475742676e+00
7.465190485938788356e+01 1.868018603489225438e-01 -8.993504120136361024e+00
7.461655723813063901e+01 3.447409861972745571e-01 -6.398598291993610410e+00
7.505027777973401726e+01 3.518870174732398048e-01 -6.921340509591768608e+00
7.352008967787634219e+01 2.800291393732600559e-04 -9.353213577556844793e-01
7.554271495415848392e+01 1.397687520493691160e-01 -9.027703153539983205e+00
7.497735610551625030e+01 3.679237199802951053e-01 -6.494630903168686409e+00
7.491058641495662584e+01 1.580215810259389120e-01 -9.861591590509473093e+00
7.539151638657581600e+01 1.419511494221764869e-01 -1.008942707669285710e+01
7.495060133906878264e+01 1.283156287522767836e-01 -1.001785772861479451e+01
7.510395805309001105e+01 1.532033348843823417e-01 -1.057153868050447976e+01
7.492514474318880957e+01 1.693050046480385484e-01 -9.799208665655710249e+00
7.522850554868436745e+01 1.846573059646313963e-01 -1.038058465729898039e+01
8.300739554604709269e+01 1.730934502525590096e-04 -9.550928288070629213e-01
7.448385277153482775e+01 1.206569110145650908e-01 -9.261101548046861254e+00
7.498987247513899490e+01 1.451240054130479018e-01 -1.013926272673932871e+01
7.477662134333182564e+01 1.085536497330512468e-01 -8.955220552543011081e+00
7.529661269557075798e+01 1.797786068105627078e-01 -1.036962641494537429e+01
7.421229191410718329e+01 1.729852174594543046e-01 -9.373954725215959627e+00
7.470991031537703009e+01 1.858116049242990730e-01 -9.053517376550471951e+00
7.520186604946081843e+01 2.267855409476198236e-01 -9.636168649512576678e+00
8.064057346205817112e+01 4.578052747383955061e-03 -7.442995981361260061e-01
7.423035838885273563e+01 1.464340252769374129e-01 -9.578890352138571984e+00
7.537663095973498173e+01 1.716893330670580253e-01 -9.862148081701995750e+00
7.438877087833255075e+01 2.092157492184979761e-01 -8.906294574683041532e+00
7.454823515731025907e+01 1.512278577068408569e-01 -9.316785285691839391e+00
7.481001164457960328e+01 2.560103876341036644e-01 -8.083251172338435708e+00
7.524679603370792336e+01 1.926235873274330657e-01 -1.016846695130490374e+01
7.508360266074771516e+01 2.713719363954564257e-01 -8.606364609994630044e+00
7.473430697870028894e+01 2.458011822073385422e-01 -8.132289806736412885e+00
7.468301194017040245e+01 1.756783295055910077e-01 -9.163779806400185635e+00
7.467401222628656399e+01 1.692791658620410034e-01 -9.220685235684735304e+00
7.525167007854338408e+01 1.332709999091035435e-01 -1.056716198546149243e+01
7.497830940363454033e+01 1.759235779508935560e-01 -1.001250021670354862e+01
7.501669956640228065e+01 1.212724770812922542e-01 -1.015348761344072770e+01
7.485873879335463243e+01 1.727519605549302784e-01 -9.517666826205910979e+00
7.528756092293451729e+01 1.314354854144331453e-01 -1.055453082230284423e+01
8.124864422202000469e+01 9.484239403152401604e-02 -8.496741335416171381e+00
7.506685073680638709e+01 1.855489099457036384e-01 -1.014543132787145474e+01
7.514616640611498610e+01 1.144496213949477703e-01 -1.019390842650131646e+01
7.541686879121752440e+01 1.663756651841614420e-01 -9.937013399360083099e+00
7.543141416968050805e+01 1.411869170017644171e-01 -1.009721161231610687e+01
7.516486601244970700e+01 2.072503209656157974e-01 -9.979651014612075599e+00
7.479894582921747315e+01 1.625702074231294980e-01 -9.386566621196331894e+00
7.496098709870787502e+01 1.507305063651374066e-01 -1.014617012772429661e+01
7.509177162554250629e+01 1.596425037054668150e-01 -1.054868470345095766e+01
7.523573251624063118e+01 1.891875731337283595e-01 -1.031699953297703409e+01
7.550804465618753625e+01 1.790683709114127553e-01 -9.249331307027365057e+00
7.472179479583741113e+01 1.268794904572476401e-01 -9.202768506670061299e+00
7.912776342103421712e+01 5.956305480597510194e-01 -2.432167929523303684e-01
7.447871213230072840e+01 1.421955829485824774e-01 -9.415828543416113305e+00
7.457780684617252120e+01 1.561169230083093717e-01 -9.295621074193345379e+00
7.470724502029231928e+01 1.803384949108313151e-01 -9.114995585758730812e+00
7.463489390937829171e+01 2.013110713913956185e-01 -8.800584391797304562e+00
7.461758082141219006e+01 1.060510024131464252e-01 -8.786187403009261487e+00
7.492883732558976817e+01 2.044907891981390113e-01 -9.389838486598556244e+00
7.442319588439497124e+01 1.322706712845983790e-01 -9.490619729963558626e+00
7.490128700645115600e+01 1.352451945191340266e-01 -9.822460066356862640e+00
7.527134439538698985e+01 1.384786154009815251e-01 -1.060038472068280768e+01
7.529905700711566396e+01 1.634418607651476063e-01 -1.054672957164047808e+01
7.540371626522019710e+01 1.412725926302835222e-01 -1.009203442244700710e+01
7.521793270975177848e+01 1.526479818433773561e-01 -1.065594331226878033e+01
7.473547197699906519e+01 1.419786096359637040e-01 -9.424245573206876614e+00
7.509639010974674989e+01 1.710942898142349677e-01 -1.046834378120202125e+01
7.518912013497580915e+01 1.247791231303316400e-01 -1.049827543998879342e+01
7.514395013920974975e+01 2.025629887264328577e-01 -1.005654234190984830e+01
7.522230357417427626e+01 1.682016417378111584e-01 -1.056715261190620048e+01
7.493278919352374601e+01 1.659453056197921494e-01 -9.821919241985826332e+00
7.487981874694339979e+01 1.927892005108896578e-01 -9.301096289612686974e+00
7.511775025945523510e+01 1.436759464726532487e-01 -1.056839920820189604e+01
7.518891151321217592e+01 1.485951896347851020e-01 -1.065937595436388108e+01
7.518186169021495857e+01 1.764125688334680919e-01 -1.047904363142062678e+01
7.531267772986001319e+01 1.961138683961375362e-01 -9.864418087000988322e+00
7.525519958969641721e+01 1.347667937871948884e-01 -1.057830556353033558e+01
7.517099917647972518e+01 1.736191541009521888e-01 -1.050877106991643295e+01
7.539530613188651387e+01 1.603050222522557355e-01 -9.994798703318712896e+00
7.515819214341455279e+01 1.049485049996106700e-01 -1.002582349965218178e+01
7.509360529027452458e+01 1.319138045188285313e-01 -1.049249885885799571e+01
7.511496942771810836e+01 1.826941653684580613e-01 -1.034434108282482967e+01
7.501424802315247575e+01 1.253625018286098347e-01 -1.022214018067311514e+01
7.535781582374524135e+01 1.329270227395699944e-01 -1.039621131786105934e+01
7.499534826419174749e+01 1.642707805339527205e-01 -1.010251659053862738e+01
7.522886136754577535e+01 1.679982787541434985e-01 -1.056961378428984233e+01
7.524784459154099636e+01 1.887683420648825217e-01 -1.023063214992287229e+01
7.505926012550126813e+01 1.468410123462479677e-01 -1.039049793578362824e+01
7.527742368603158241e+01 1.504170527680351588e-01 -1.061218622861328065e+01
7.510191939549815743e+01 1.736853227478517281e-01 -1.044415360802862480e+01
7.521234381761236421e+01 1.498315932609123602e-01 -1.066024082047713506e+01
7.529967153772228983e+01 1.824533345341021739e-01 -1.033345910768933251e+01
7.508808334560220032e+01 1.629399609290050899e-01 -1.035548192804170320e+01
7.511642173345643414e+01 1.547369855112832315e-01 -1.056846554216427592e+01
7.516033837837224496e+01 1.307453213528276259e-01 -1.057330609685073419e+01
7.517821630881701367e+01 1.225044576609907870e-01 -1.046185526266298282e+01
7.533116355242503914e+01 1.557076617222710180e-01 -1.038941318946700321e+01
7.496080116279392769e+01 1.405625795811039080e-01 -1.012363128841565718e+01
7.513944501809977794e+01 9.835441154465181246e-02 -9.664398063860771160e+00
7.528884395818117525e+01 1.619864833897161072e-01 -1.055649684213671691e+01
7.522628587082007812e+01 1.317596503513308870e-01 -1.055266926344345357e+01
7.479922075850822694e+01 2.048108252404060026e-01 -8.931994552194300496e+00
7.520538248124356073e+01 1.610027879263114525e-01 -1.061916739491687167e+01
7.503886152043405389e+01 1.932627603128338478e-01 -1.004139910086019327e+01
7.496805702520181569e+01 1.576261466889444240e-01 -1.013331229428349900e+01
7.486280888394796307e+01 1.423773173800800818e-01 -9.612784619882699388e+00
7.509009488172003444e+01 1.370513242995604064e-01 -1.053607791001487648e+01
7.495552371445202766e+01 1.762835371394240180e-01 -1.000889373003743188e+01
7.501572455844768683e+01 1.869108609114640551e-01 -9.893195407436419231e+00
7.469466773227514977e+01 1.782046977485041428e-01 -9.138016608533554574e+00
7.513185879490794150e+01 1.550067276366023372e-01 -1.056839807746071358e+01
7.502478103129240594e+01 1.497931820800363634e-01 -1.039288550709073711e+01
7.537295378795174372e+01 1.171074167569055996e-01 -9.903431418962629351e+00
7.504172520574741156e+01 1.710550985270220259e-01 -1.029712287175695451e+01
7.514373342423365898e+01 1.578131890325643050e-01 -1.055939317957615309e+01
7.514709990880490409e+01 1.251239091328110731e-01 -1.040554203936242850e+01
7.518505924823620035e+01 1.599408341736802130e-01 -1.062351334647169310e+01
7.509041695898177693e+01 1.642102384756376487e-01 -1.052226613025212032e+01
7.522850121182719363e+01 1.373572976335610818e-01 -1.059114285374482733e+01
7.511201841020478298e+01 1.404096029678485180e-01 -1.055579172628788776e+01
7.516623925446209853e+01 1.781072675286652918e-01 -1.045727074042772209e+01
7.512836939910152978e+01 1.467936062282149678e-01 -1.057506322777943275e+01
7.533808228714673305e+01 1.281748278265640584e-01 -1.035451161658843588e+01
7.511543715706098112e+01 1.614031828051609163e-01 -1.054079310515365719e+01
7.509971623054269685e+01 1.528841338288619012e-01 -1.057198129458724800e+01
7.515265578640492095e+01 1.722896419278441005e-01 -1.046118900704308707e+01
7.498073332539613034e+01 1.436679853708485999e-01 -1.013544640066377411e+01
7.516057205647031481e+01 1.064335779129570031e-01 -1.007452916751057792e+01
7.527601359674625314e+01 1.475046649706665824e-01 -1.061647376085770134e+01
7.517249268695574926e+01 1.464522759941582764e-01 -1.065789237155247804e+01
7.523579023098358221e+01 1.327720302366482696e-01 -1.056192061994192954e+01
7.536091807694975842e+01 1.867831802154232834e-01 -1.003475409659816897e+01
7.516908646235000901e+01 1.657041827021531744e-01 -1.058257012309137757e+01
7.516345993579977858e+01 1.317222164497039161e-01 -1.058329820650012110e+01
7.525713552801722983e+01 1.621111989859041480e-01 -1.055115360359938670e+01
7.530639483014283542e+01 1.347948352796065341e-01 -1.040086728595911403e+01
7.516958466314753196e+01 1.396749037296712015e-01 -1.064017949090632520e+01
7.508036796790928236e+01 1.628024322186880368e-01 -1.035609143589998205e+01
7.520506137914630074e+01 1.287200409030505310e-01 -1.055194191720295471e+01
7.525052494811015436e+01 1.248297973562084162e-01 -1.047615542738076577e+01
7.524320264053984886e+01 1.746501912674780221e-01 -1.042593371456671214e+01
7.523717915291682345e+01 1.557184393888617624e-01 -1.058821155636819178e+01
7.523082433106783640e+01 1.256369953672704376e-01 -1.048592300302504832e+01
7.531883295178660376e+01 1.638489156284229364e-01 -1.032438215530440040e+01
7.519409980236962099e+01 1.479532690480804269e-01 -1.065989006922476534e+01
7.513489739713814686e+01 1.424705239191657313e-01 -1.056485934372754265e+01
7.517196458128702830e+01 1.720572830001053655e-01 -1.052514728485860829e+01
7.524698574337280377e+01 1.656356970719641275e-01 -1.052078555294318285e+01
7.515165789765863735e+01 1.613278171668549310e-01 -1.054315385149038420e+01
7.524994879612535215e+01 1.390570064941560602e-01 -1.060077984096239057e+01
7.523359670697671220e+01 1.383236298874153114e-01 -1.059615759732875517e+01
7.516168083037483427e+01 1.622557711380930301e-01 -1.060703106876193402e+01
7.533930426364914013e+01 1.617736567534698855e-01 -1.034668384102918282e+01
7.529840111731989793e+01 1.564045195773215435e-01 -1.059270781489409963e+01
7.524111490281568138e+01 1.421152020535396965e-01 -1.060920943381207593e+01
7.529461515331243504e+01 1.588422537130833589e-01 -1.057856966167550361e+01
7.521398333872593867e+01 1.293379639998760433e-01 -1.055951042671154205e+01
7.519469669786957411e+01 1.386277056073588754e-01 -1.063636877303424555e+01
7.519653887699506356e+01 1.576452825546465486e-01 -1.063645812663015278e+01
7.514567869863262217e+01 1.670089483259755703e-01 -1.050566708890072753e+01
7.518567948849252502e+01 1.452985041581104919e-01 -1.065760590805619756e+01
7.519066061176492610e+01 1.367746149360980767e-01 -1.062532117463022985e+01
7.525258909208965008e+01 1.427438884781637440e-01 -1.061161819459971589e+01
7.517244082256303273e+01 1.400118812940792656e-01 -1.064184289271129025e+01
7.518117567642168808e+01 1.425534794304919028e-01 -1.065154389045087413e+01
7.519193072992310078e+01 1.465519200384135523e-01 -1.065929443074210603e+01
7.519454724968916537e+01 1.573970566742492472e-01 -1.063743269289541971e+01
7.516044726361478467e+01 1.594317152322774767e-01 -1.062408811254365304e+01
7.522671310775839970e+01 1.516576332278560257e-01 -1.065871971865181855e+01
7.521991603141228211e+01 1.496111616577508741e-01 -1.066100238147047996e+01
7.517058524535204356e+01 1.450211185532678249e-01 -1.065622246208747725e+01
7.526207316997994212e+01 1.601868234881973496e-01 -1.056554606090488768e+01
7.521173119948436181e+01 1.598708123139053472e-01 -1.062636473875637577e+01
7.516710927192681879e+01 1.460877819992512927e-01 -1.065723615754298415e+01
7.519053108518042450e+01 1.620667576340555915e-01 -1.061105556032516084e+01
7.523058950317269478e+01 1.457980788870135991e-01 -1.061202070619181370e+01
7.519846166311621971e+01 1.495105488658883819e-01 -1.065950745948763512e+01
7.517708971268442042e+01 1.528628420384818554e-01 -1.065215976122713037e+01
7.517537896396679287e+01 1.618790274956311281e-01 -1.061082351663505641e+01
7.526114044035524842e+01 1.617770052455310137e-01 -1.055419887783151012e+01
7.522797441676078734e+01 1.614603933698369465e-01 -1.061847300544902239e+01
7.518467391802764155e+01 1.494149802450437936e-01 -1.065856773786486400e+01
7.514172069266589915e+01 1.606343475970460899e-01 -1.054631089083388318e+01
7.527207344306937387e+01 1.399524593716965082e-01 -1.060624489558730765e+01
7.516892051754125248e+01 1.600860088982075935e-01 -1.062118535706417077e+01
6.546355475290056347e+01 1.598393273895019340e-01 -1.581673648907484298e+00
6.068018197933676561e+01 2.672073655611007514e-01 -2.550414715723464454e+00
8.056643865020325279e+01 2.412026317270609954e-01 -2.959552032501246988e+00
6.711157681758650995e+01 4.735057912617831460e-02 -7.085559125143835180e-02
6.147300566122540744e+01 2.805407696447780874e-01 -1.519679646587882571e+00
7.399699475810639626e+01 3.869642315183203785e-01 -4.963811538869300044e+00
7.493411810689845254e+01 2.150170203428274085e-01 -9.225871467918020485e+00
7.168581754277954587e+01 4.950511848056605158e-01 -5.324191329632645964e-01
7.247216813383354861e+01 5.556298334385353366e-01 -6.673338785726357081e-01
6.768196896551928887e+01 1.221708614128836079e-01 -2.188789294177379219e+00
6.469682837997441993e+01 2.558881045705219681e-01 -3.160086381410256884e+00
7.992444446340341813e+01 7.923881717589047469e-01 -9.373177548001408732e-02
8.603328817640040427e+01 6.173796968883524805e-01 -2.604910704403669008e-01
6.419485538757217569e+01 3.190601466967254440e-01 -5.127998402385506083e+00
8.832583999862802671e+01 6.380842112953688527e-01 -2.547266166691938144e-02
8.142961487492068784e+01 2.390889129831370308e-01 -3.889139278480653328e+00
7.076346445767586602e+01 3.679677386280688078e-01 -1.263586896305765261e+00
8.788626138356875117e+01 4.672159027529372288e-01 -2.269894104575691240e-02
6.878781947674814035e+01 2.260661018019366475e-02 -1.767025385463458914e-02
7.152510915643175338e+01 3.372896161374529522e-01 -6.035045700854024808e-01
6.184595418126394861e+01 1.663737541131760367e-01 -2.035109650959457950e-01
6.349331804850866945e+01 5.038551312548745775e-01 -4.365807708721549218e+00
7.443805366532180301e+01 7.625026578143122569e-01 -2.737923823738707796e+00
7.234690485631656998e+01 4.001781369738068306e-01 -6.866028468668448070e-01
8.747017903983211795e+01 4.628180870731099517e-01 -3.355990691881798743e-02
8.210919701526663061e+01 6.985643907093546101e-01 -3.471786384844185447e-01
6.621989869720856348e+01 5.445610747356851578e-01 -6.411539876679616112e-01
8.010254579764642813e+01 7.891631652953463583e-01 -8.313324456850920696e-02
7.752871459754479133e+01 7.788903941761471383e-01 -6.699693357447854547e-01
6.896783537211608461e+01 3.421491697900701928e-02 -2.785327978290853546e-01
8.171208399673514577e+01 6.845024625210532898e-01 -4.019410130913950163e-01
8.567941840265027054e+01 4.756455488232818052e-01 -5.920839716907839723e-01
6.844746513580180647e+01 5.050735489356121821e-01 -5.782277178343492530e+00
6.242751571847158942e+01 2.194998194634400213e-01 -2.266589501656515460e-01
7.608551153049702975e+01 6.535926533331086752e-01 -4.083357243045158680e-01
8.449221794159039689e+01 4.487899190311178121e-01 -2.544318549069875535e-01
8.534250219023971340e+01 6.701452136325724007e-01 -4.340067907505470446e-01
7.190253489795222208e+01 5.923320603455852762e-01 -5.942135885227031178e-01
8.343554481307168658e+01 4.093386927185406754e-01 -4.779567188983459280e-02
7.694103704118911935e+01 5.716001990179523373e-01 -2.704944094456902537e-01
7.469672855932776656e+01 1.418857265463986383e-01 -9.307219151467062801e+00
7.802591202900990197e+01 7.429514455320500588e-01 -3.730435732791648196e-01
6.688708621892251927e+01 5.270205650201910119e-01 -2.656890904221779759e-01
6.443243216962262920e+01 4.314961955213927336e-01 -4.297822734706088887e+00
8.665290322812035129e+01 8.676891573615413966e-02 -2.928373278124130508e+00
8.481067784845788537e+01 6.753799220087457478e-01 -3.462228640501249233e-01
7.274047386646005009e+01 3.724982525802789102e-01 -1.033550917870990959e+00
8.908320101226061638e+01 5.416326730173952608e-01 -1.246464137237011660e-01
8.051982454945550671e+01 2.799843758560684459e-01 -2.211643088378234090e+00
6.261328153200780378e+01 7.002132069163258254e-02 -7.535749103346006672e-02
7.055037806428666158e+01 2.278871109047693744e-01 -1.754415627157663859e+00
7.522976474701665950e+01 4.373136390967444775e-01 -5.517638079555908348e+00
6.732444650284057275e+01 1.085886091699831274e-01 -6.445444763805575628e-01
6.083671116176761018e+01 1.784668620718949106e-01 -1.959766420078315363e+00
8.290595785746745605e+01 3.557387637984131823e-01 -1.065666474221597992e+00
8.200178435661892706e+01 4.417052792088291824e-01 -1.037187295419057298e+00
6.946059888348179356e+01 2.635299904114923319e-01 -6.540562547907406099e+00
8.304839957028750064e+01 5.664225379625287271e-01 -1.249537403886553238e-01
8.867417030550437573e+01 3.303204641563320942e-01 -3.748427010374341672e-01
6.021328564871612343e+01 5.839097223163207673e-01 -2.922232138983793082e+00
6.206188347710271813e+01 5.314579837888663283e-01 -2.637010356703409775e-01
8.944762990764552057e+01 1.986370970601148978e-01 -1.733297289890936677e+00
7.560114742784604402e+01 7.224803877851042611e-01 -1.721763800070197581e+00
8.564553021325711768e+01 1.701227962386409887e-01 -1.548335115293037578e+00
7.114956177893280653e+01 1.503507757120319255e-01 -1.221932760050483235e+00
6.331195309276435523e+01 7.729187364540957006e-01 -3.694450311175577983e+00
8.638348911150052345e+01 7.180366589992628334e-01 -1.297370068471907223e-01
6.999701158450754690e+01 1.153989187489745938e-01 -3.413625785695317827e+00
8.094351330842462744e+01 1.918917179807408668e-01 -4.859213062053175491e+00
8.978350566509261910e+01 3.251528362357858359e-01 -2.495358666125620517e-01
6.496086271743466511e+01 3.991184967339441725e-01 -2.675684622486059983e+00
8.404357333477361180e+01 6.450199245663337244e-01 -2.221460278976783720e-01
8.700036999553222472e+01 5.087221335733266986e-03 -2.646853347464926953e-01
6.572820733102635415e+01 1.288202537284265092e-01 -1.370015115703620223e+00
8.367520904808321802e+01 3.514056635057835054e-01 -3.744873588647827656e-02
8.253258648260712960e+01 3.837678511662936387e-01 -1.283204544057583441e+00
6.941419597477431580e+01 4.205347269114340647e-01 -5.491922637329063939e+00
7.824380675729395307e+01 2.904755535622624563e-01 -5.865200791326611318e-01
7.342831452474823095e+01 6.098301330656470676e-02 -2.978493701081175171e+00
7.026871200296966435e+01 1.005267798313651401e-01 -2.066116393690696107e+00
6.127824203200196962e+01 5.844684438609948351e-01 -2.374850456400110055e+00
6.590882684942263836e+01 6.247766437392022754e-01 -1.176905339387290805e+00
6.795505229191275021e+01 5.533252951884640863e-02 -1.044924041209016385e+00
8.864094927976441340e+01 3.116211994762889126e-01 -4.788981395750690484e-01
7.897966879757515812e+01 7.286154720192943302e-01 -1.525653084784378832e-01
7.760821084202662234e+01 7.940437829457042129e-02 -6.328788032951702114e-01
7.663197831442509766e+01 7.469653561330495961e-01 -5.511136316431711896e-02
7.915591546264928979e+01 7.578176865320704891e-01 -1.394504888498296902e-01
6.375094107212000694e+01 2.072938592285890336e-01 -3.755867462825181136e+00
8.995501164225142077e+01 6.056461730846640634e-01 -4.551873350116321104e-01
8.444681455818616200e+01 7.103310053506953770e-01 -2.697565910199125061e-01
7.668704531246440581e+01 1.048502213116107862e-02 -4.827081129763532985e-01
7.862193670873199380e+01 3.035755834194685532e-01 -6.018699130565071664e-01
7.947344438480057249e+01 2.566664173140928082e-02 -4.508156208512071883e-01
6.287393218031323983e+01 6.638249414109677060e-01 -2.493280923804012783e+00
8.730216231036504837e+01 6.900488549804583149e-01 -2.105760826364593864e-03
7.328318024559364119e+01 6.106337994622519361e-01 -1.162012725784243417e+00
6.652701185367342873e+01 4.878541045596285208e-01 -4.637941088124104549e-01
7.601642365719189343e+01 9.196387171173314723e-02 -4.201098770418441042e+00
7.384020571319396709e+01 5.154280794723674619e-01 -3.117054524553206196e+00
7.470765322705240408e+01 3.393570995374100008e-01 -6.527551020173572915e+00
7.512600116516209425e+01 1.633736836158379835e-01 -1.052974231225246093e+01
7.472875641718695761e+01 2.069991981199875986e-01 -8.767658052279418968e+00
7.466498017238677676e+01 1.373427645148050658e-01 -9.293830485730259383e+00
7.571188315347599485e+01 1.841544688135872410e-01 -7.025371863885349732e+00
8.269571692696172249e+01 7.347424934858899637e-02 -5.272793736651091301e+00
7.485904704036799728e+01 1.272171836437522852e-01 -9.496198574991836949e+00
6.900305102776415822e+01 6.973441175062411457e-01 -5.763890679283936613e+00
7.513237555704968429e+01 1.447647931679489075e-01 -1.057158978234070901e+01
7.400325663538005472e+01 1.595285621214986849e-01 -8.706100997586160517e+00
6.818287295081495358e+01 2.632454211684590595e-01 -5.659012458799006495e+00
7.541869085591071098e+01 1.296285354192482087e-01 -1.005631349404834474e+01
7.529586376410981075e+01 1.178467766595761718e-01 -1.020658598369802839e+01
7.475497092470664029e+01 1.802820741798110138e-01 -9.245107334498115392e+00
6.771245558672114839e+01 2.289548618904538313e-01 -3.344399641625046105e+00
7.467223085650765313e+01 1.329007246971402878e-01 -9.265621156788457213e+00
7.500786488908320848e+01 1.636006406685321934e-01 -1.010620440777537610e+01
7.454336941400649152e+01 2.229779587975812827e-01 -8.481364492189914728e+00
7.439556950961970472e+01 1.859702748236111425e-01 -9.195374396559509833e+00
8.174501625601483568e+01 4.504022170282377495e-03 -5.847982377477787264e-01
7.691895690343955039e+01 4.585068570840340474e-01 -2.398278320861688129e-01
7.496938743555028850e+01 1.282242834061033399e-01 -1.001543052675379819e+01
7.492705074239259488e+01 8.496502890928531171e-02 -8.334394343835951346e+00
7.448033406523244082e+01 1.838455797401021274e-01 -9.131881885975616342e+00
7.367700720353266775e+01 2.545475854302681751e-01 -4.770352151318212108e+00
7.507085094871659692e+01 1.424511718399117666e-01 -1.037845551779525444e+01
7.528131105732833817e+01 1.091320599333099467e-01 -1.015089861056216414e+01
7.524810433021983158e+01 1.419096940777320182e-01 -1.060947253358023090e+01
7.510300296537569409e+01 1.614239134547352794e-01 -1.054000125003415356e+01
7.495910198871867181e+01 1.538591601472292236e-01 -1.014300613263152329e+01
7.502368927285468203e+01 2.737142529181069150e-01 -8.386727986538396351e+00
7.456363096693384307e+01 1.831139461464359464e-01 -9.064977163669594162e+00
7.506463704459461894e+01 1.772930626637144735e-01 -1.023933312862937584e+01
7.481964366717633652e+01 1.763652550967552690e-01 -9.487061878689184269e+00
7.527684530731464463e+01 1.335336395752711736e-01 -1.057124536929857861e+01
7.504224027352566395e+01 1.353148885753653607e-01 -1.033609862235075205e+01
7.474178106006168321e+01 1.469839882666736375e-01 -9.432350739887384705e+00
7.529526382710460553e+01 1.645362461025645096e-01 -1.053723691081541602e+01
7.491317243106458079e+01 1.156385490359528173e-01 -9.534357559582625541e+00
7.430193424992482676e+01 1.955669948172841788e-01 -9.132672550128011935e+00
7.517848049833449409e+01 1.400744029041450789e-01 -1.064244980797741924e+01
7.539517567746287341e+01 1.674045707216860190e-01 -9.920034219448391255e+00
7.459668356292472424e+01 1.487461467536756732e-01 -9.283661770773326438e+00
7.519767126484394737e+01 1.955818399033905919e-01 -1.021297156631940339e+01
7.500649717211283019e+01 1.272244731841970233e-01 -9.999643992806753090e+00
7.493702826814458717e+01 1.209737222379095728e-01 -9.639187759471738559e+00
7.490015269762584182e+01 1.312375701335742328e-01 -9.786334063854136289e+00
7.478952633989088383e+01 1.684205170480214120e-01 -9.349430744850295127e+00
7.445734959334230041e+01 1.523727335755322154e-01 -9.403603620200211566e+00
7.467866284014155553e+01 1.457841607274010520e-01 -9.315134838399153239e+00
7.507681459587040251e+01 1.748196870109264278e-01 -1.026435993742013864e+01
7.500115545269702011e+01 1.756118038095199896e-01 -1.001558856864020441e+01
7.514536608771494741e+01 1.279998492434753499e-01 -1.044654620729890127e+01
7.533270785855302165e+01 1.472926128887336039e-01 -1.042364360979907012e+01
7.509400053373515505e+01 1.502373559907847489e-01 -1.057502181392512597e+01
7.522905881011165263e+01 1.516023465366555800e-01 -1.060328522316363120e+01
7.519877730098411917e+01 1.625096461096514622e-01 -1.060892311489192252e+01
7.507097243329126002e+01 1.960536168413563596e-01 -1.000314593235969873e+01
7.493822273237138631e+01 1.653177483598693431e-01 -9.825620471631577146e+00
7.532034465806901835e+01 1.738606873398806096e-01 -1.021361433314226197e+01
7.516556684768546859e+01 1.600093259255121192e-01 -1.062131379045000834e+01
7.503541643108842152e+01 1.419690736883533477e-01 -1.037698873062557325e+01
7.510121838408836936e+01 1.699677278655404578e-01 -1.047868129139070170e+01
7.511873437827888722e+01 2.046806299825553455e-01 -1.001859775682072318e+01
7.503180640864056272e+01 1.810953024294493230e-01 -1.019677850523439133e+01
7.506558424464508050e+01 1.204511104556477419e-01 -1.013520885256535919e+01
7.493004051961089829e+01 1.687734969689195508e-01 -9.802943899237932968e+00
7.513232027708042438e+01 1.406925704863918047e-01 -1.055747350490909575e+01
7.474746853175422245e+01 1.795672878482910684e-01 -9.252878663755165434e+00
7.501342917789297360e+01 1.669671252235117864e-01 -1.008554120325737458e+01
7.534076265631691172e+01 1.266511920252680889e-01 -1.033876605127298909e+01
7.535684782628950984e+01 1.204075831803948504e-01 -1.025567987615359655e+01
7.488503773101774641e+01 1.850455999627229342e-01 -9.649415875707948231e+00
7.497360819435080259e+01 1.513972454509793786e-01 -1.014553091275368324e+01
7.548042602694317793e+01 1.231324398570695505e-01 -9.556627651474100205e+00
7.514273600803085174e+01 1.632922281930274111e-01 -1.053120265244321097e+01
7.500919599441414221e+01 1.953154231075088509e-01 -9.783194625397431565e+00
7.528262520537363400e+01 1.490688137704689609e-01 -1.061538878651726492e+01
7.514757548716954716e+01 1.884427983335573709e-01 -1.027177716922809658e+01
7.486524152649278108e+01 1.964511212339620505e-01 -9.253268842542368589e+00
7.518506562277748628e+01 1.569755047196086939e-01 -1.063849634966812552e+01
7.525294384473129128e+01 1.402687949216160634e-01 -1.060544243086727079e+01
7.522013949800563637e+01 1.526045761754666330e-01 -1.065621939882284330e+01
7.505628234558194833e+01 1.513755770673907985e-01 -1.039239247797321930e+01
7.488236731060602835e+01 1.503588413400595847e-01 -9.877426488624932333e+00
7.516160481895731493e+01 1.404079834575553409e-01 -1.064291514155214458e+01
7.528148258315860630e+01 1.630697324046845864e-01 -1.054720134675695675e+01
7.530546560636287268e+01 1.752672843893736676e-01 -1.019238834009745709e+01
7.514726138420355994e+01 1.431203297240546402e-01 -1.056735313135950705e+01
7.505584203041702551e+01 1.674811768773881715e-01 -1.032562053763688681e+01
7.513529995878000989e+01 1.504239130974768524e-01 -1.057639000160121867e+01
7.515425340372277674e+01 1.674059196541060057e-01 -1.050315783084629828e+01
7.505258373311913545e+01 1.901453183268564939e-01 -1.008517037637278513e+01
7.521440365899023561e+01 1.709725070985570472e-01 -1.054061543934301248e+01
7.518133862270852319e+01 1.519336365089828944e-01 -1.065464318065548177e+01
7.492190747748450974e+01 1.626477924702089406e-01 -9.841144851046793818e+00
7.519291749334576025e+01 1.438189192251204396e-01 -1.065546664659538934e+01
7.410288949641656586e+01 7.930042244705781673e-01 -2.429288985612383378e+00
7.508928105004190456e+01 1.586484364656485235e-01 -1.055318542073927901e+01
7.526914136951643286e+01 1.576830261919311138e-01 -1.058203414704639478e+01
7.506945656500688813e+01 1.488219358551846339e-01 -1.039256370256894790e+01
7.514162009675709442e+01 1.382960267554276534e-01 -1.054471811640324397e+01
7.515866731900356967e+01 1.656709343325180606e-01 -1.051628654118054484e+01
7.526529635042508914e+01 1.398542831504133999e-01 -1.060524469958205707e+01
7.519685435093916226e+01 1.514309201643396219e-01 -1.065683149634467242e+01
7.505619551680956647e+01 1.480013599337115515e-01 -1.039196880268914391e+01
7.507611837695665713e+01 1.590443749648479121e-01 -1.037403679696680570e+01
7.508912249780860293e+01 1.565151491793113636e-01 -1.056169603167580640e+01
7.521096534742480344e+01 1.460141072177764954e-01 -1.066012459503306253e+01
7.531351925890989207e+01 1.642319658143266414e-01 -1.031978267638623059e+01
7.504296034223494871e+01 1.387788005232930000e-01 -1.036067263829471941e+01
7.503225249888444637e+01 1.710863067366091839e-01 -1.029655490823439301e+01
7.514262557985809110e+01 1.649263852340112635e-01 -1.052052268314080230e+01
7.527918796052424000e+01 1.452863499577412565e-01 -1.061721407064648304e+01
7.501578352010841400e+01 1.568478382854423259e-01 -1.013487797770126342e+01
7.534562618554538460e+01 1.488326335187164229e-01 -1.042208055953540935e+01
7.525133233569547997e+01 1.522144028836839580e-01 -1.060412714934119904e+01
7.533923415342918872e+01 1.374028391431475205e-01 -1.041692409374654815e+01
7.518202148064381163e+01 1.446323631625070494e-01 -1.065635274429532409e+01
7.517898695022694255e+01 1.574044690487436393e-01 -1.063602712378218129e+01
7.513826563271591397e+01 1.546976978882885767e-01 -1.056951222979417615e+01
7.504992145491621613e+01 1.627869353255246565e-01 -1.035556753489509418e+01
7.508735523652364918e+01 1.328465895296191135e-01 -1.050171416096346988e+01
7.504379206282618497e+01 1.750445546907495875e-01 -1.026099555793742546e+01
7.519650739279350660e+01 1.653392438070799830e-01 -1.058822305731946045e+01
7.528539703340108247e+01 1.481341761044893401e-01 -1.061695191145084394e+01
7.520052867580038480e+01 1.535744144207953354e-01 -1.065214504602071166e+01
7.514511243277263475e+01 1.431882828966939136e-01 -1.056752692221037471e+01
7.526258917928862502e+01 1.521715110582898822e-01 -1.060563970228802333e+01
7.517381932914065601e+01 1.430264727435139882e-01 -1.065238904933438846e+01
7.525867774288596479e+01 1.390145487822057324e-01 -1.060144219682283584e+01
7.518182752078779174e+01 1.493177032601150089e-01 -1.065843491002480725e+01
7.514254143629713667e+01 1.517423432906502279e-01 -1.057543176546855968e+01
7.520764383313152734e+01 1.388488302564734878e-01 -1.063819452737929971e+01
7.519661893225246274e+01 1.407612597641561825e-01 -1.064631789556122499e+01
7.527891916700968977e+01 1.558779098511039185e-01 -1.059281253165290870e+01
7.526106793825432817e+01 1.502968094174230718e-01 -1.061051907545536288e+01
7.518302533091544149e+01 1.400247757878575194e-01 -1.064248436640631823e+01
7.527662867678657221e+01 1.394494606446965157e-01 -1.060485481000093522e+01
7.515886127799774385e+01 1.555166138696646994e-01 -1.064222205251946107e+01
7.525813031627423300e+01 1.509787961927068212e-01 -1.060852389065375156e+01
7.519449005842118083e+01 1.529575765961701528e-01 -1.065331703063113800e+01
7.515074911586758333e+01 1.443791796709121555e-01 -1.057109984049371043e+01
7.521957196551068137e+01 1.490192366846292416e-01 -1.066139447934037143e+01
7.520597166587737092e+01 1.436645463846231707e-01 -1.065593578355633220e+01
7.518255868950836884e+01 1.532372527994458888e-01 -1.065162071526728838e+01
7.526648206868995317e+01 1.505102957405482500e-01 -1.061067341576033662e+01
7.527474895940358124e+01 1.570713205680741575e-01 -1.058615513163139887e+01
7.516847714420845250e+01 1.487646272545809223e-01 -1.065781135322338180e+01
7.510575634986724936e+01 1.588691292657910537e-01 -1.055302689978938169e+01
8.530684800457925121e+01 7.654702407913722972e-02 -1.175018461670129799e+00
8.447860686145219233e+01 3.797087352607668720e-01 -2.188128563333001098e-01
7.715041740726627495e+01 2.586443135283886252e-01 -3.945409970575420311e-01
8.668036125190593566e+01 6.832148895525116949e-02 -2.913037301024406833e+00
7.723917083332514721e+01 5.440919371074963706e-01 -5.647872687701392946e-01
8.489177058635335982e+01 3.452225684248497184e-01 -5.855765146245700548e-01
6.589719505331808591e+01 6.503328401362945543e-01 -1.158042457863048602e+00
6.040865928867012258e+01 4.152368277289456566e-01 -2.384209138911631776e+00
7.231518246391775051e+01 1.747877957284318939e-01 -7.134567678718427564e-01
6.808519940786671043e+01 2.809455922096872893e-01 -5.574857937128124163e+00
8.573887788927616782e+01 1.124440121235405904e-01 -1.857537266442437662e+00
8.834184987921071297e+01 5.786246228994752772e-02 -3.929343758228222683e+00
6.981355336480920926e+01 3.565894718615080783e-01 -3.905431786754840484e+00
7.993559717477647553e+01 2.952300891383516368e-01 -1.608601154278187284e+00
7.303381116450199784e+01 4.364988557254787516e-01 -1.284955748985414647e+00
7.354577051371484231e+01 5.273183197764251817e-01 -1.946801462188961551e+00
7.756715433003053306e+01 4.835426718990645245e-01 -6.540934031163897489e-01
6.471681563903082690e+01 3.292088041468426707e-01 -3.360781239759504935e+00
6.961084129884213212e+01 1.419729944314365201e-02 -9.592837922404727491e-02
7.808188320474549471e+01 6.981236493291287371e-01 -3.305143947006304317e-01
7.590293783686844620e+01 3.367681724455600101e-01 -2.933117164659365450e+00
6.783571651218443321e+01 1.606975639341936546e-01 -3.731730077885696328e+00
8.539681437193270597e+01 1.288988621818605573e-01 -1.444766114532645140e+00
8.775199398182363097e+01 1.860004310892013346e-01 -1.402393350625462443e+00
8.044147539405932434e+01 5.958253571609658517e-01 -2.189040621181575497e-01
6.154087860640641594e+01 7.692071026257283339e-01 -1.964391026311200328e+00
8.942408659049141306e+01 7.957120974590177198e-01 -4.555594739889119449e-01
8.706454660270820511e+01 4.418340059888294369e-01 -4.816716047200623324e-02
8.354818915625318709e+01 4.598611478458249913e-01 -8.634454472151692483e-03
6.171410994353631452e+01 7.449023928318084797e-01 -1.546480231279357742e+00
8.843007642094846688e+01 2.097907903745837577e-01 -1.439460018214219872e+00
8.652423244567978600e+01 6.653595850030571413e-01 -6.275127233905795909e-02
8.156038203984789448e+01 5.405030329112853194e-01 -6.325718617700136770e-01
6.717547578449384105e+01 7.152642195700632533e-01 -3.020176188613180601e-01
8.023890691633052086e+01 3.747936437133770338e-01 -1.109767307704634831e+00
6.885094310604888790e+01 2.352880713908782340e-01 -7.703038538498078402e+00
7.829426523243304814e+01 1.590226212182997700e-01 -1.023154408242776814e+00
6.745982728632783676e+01 3.096217755258583448e-01 -1.269038635021006334e+00
7.090190981560525074e+01 7.277716498749492446e-01 -6.112570399847024882e-01
6.442059462046590568e+01 4.523075847902644497e-01 -4.275951787449523422e+00
7.898216727162210304e+01 5.317269960279052965e-01 -2.973681040828469180e-01
8.370211137069813390e+01 3.122793038791614184e-01 -6.809746289608095693e-02
6.513279425333213624e+01 4.074353603013641245e-01 -2.288718095196661917e+00
7.248178089592752826e+01 7.378913251907718296e-01 -5.571315682624292664e-01
6.660035353532701663e+01 7.868934623600879474e-01 -5.013882043223613083e-01
8.215378781253497209e+01 3.962430722465421495e-01 -1.295277977694116567e+00
7.565711855143430853e+01 4.312617155282039150e-01 -3.275377388724666439e+00
7.687230001020313352e+01 5.865851950709574103e-01 -1.970707436766649112e-01
6.395800924085087757e+01 2.192366522054736699e-01 -4.424691481045313957e+00
6.217683068177761641e+01 6.737337090328865408e-01 -6.806351038977341561e-02
7.857594090435254941e+01 3.478797395218347771e-02 -4.364932048253682972e-01
7.915073331075356577e+01 2.776537543609840508e-01 -9.554138706469567088e-01
6.912610449021801173e+01 6.319079002975205306e-01 -5.487712694107430345e+00
6.236236432652133033e+01 1.238780712516042021e-01 -1.355105722374064792e-01
8.625095704158975707e+01 1.990271777725661217e-01 -1.344903021537126708e+00
7.108352345783600867e+01 6.622045331782722144e-01 -5.576758163053546768e-01
6.104442204651054737e+01 5.772911706691712386e-01 -2.987793724540479090e+00
8.140711991082929444e+01 4.680118279647613733e-01 -8.819952285488624755e-01
6.565216076253322797e+01 1.058594218250744623e-01 -1.110428728379172947e+00
6.877627325325524055e+01 5.579181959323635809e-01 -6.509698750264861111e+00
8.959485340399447750e+01 4.914311106265290691e-02 -4.978685577225104630e+00
8.186951904022407689e+01 3.002449822188674733e-01 -2.395817030561355754e+00
8.316794528698741829e+01 6.235773523397871720e-01 -7.043761284008689949e-02
8.395156390575704108e+01 4.927583356901253930e-01 -1.281054693436224912e-01
6.673653404138100598e+01 5.743949587932782874e-01 -3.936267869622833704e-01
6.309031130158612655e+01 2.481301806512243024e-01 -2.287914313277097378e+00
7.528130185728230117e+01 7.071836142310661266e-01 -2.760893118646970290e+00
7.035968707672751066e+01 2.052782694622980741e-01 -2.051355662875987917e+00
7.365685539385894742e+01 7.574935681075618543e-01 -1.398381900577399417e+00
8.438647285379407492e+01 6.093793107703561196e-01 -2.627451249611351680e-01
9.009040858766823590e+01 7.673212079093558735e-01 -6.189444006159418032e-01
7.174484731929655368e+01 7.299555903120478195e-01 -5.214703677424366024e-01
7.014850821565627825e+01 3.247391213617027983e-01 -2.309147173259528341e+00
6.345410647009691729e+01 5.656143283216411577e-01 -4.214975750013431721e+00
7.951362021125711976e+01 2.413906760104069515e-01 -1.525000804321573478e+00
8.893344279431123311e+01 2.256599464803800675e-03 -7.059677255714038591e-01
7.472052218664344991e+01 6.426985075269496805e-01 -3.224502330533031369e+00
7.626136236737771412e+01 5.088097484890222733e-01 -3.217650586364572685e-01
6.011279569087605523e+01 7.813388459658439089e-01 -3.674845262466269968e+00
8.915602783982018309e+01 1.019549711476382542e-01 -4.697418579742091538e+00
8.251837399382202420e+01 1.843327233631760625e-02 -2.096224824014544463e+00
6.616708996806040943e+01 1.371011825623437985e-01 -5.915219748903163266e-01
8.292754154665837518e+01 9.578410212304552807e-02 -4.855023507970024355e+00
8.065282895698059917e+01 6.897731589322949608e-01 -1.260061152707943333e-01
6.428267951451333317e+01 6.389969868540875675e-01 -4.698886904887195293e+00
8.113499578754502295e+01 1.490984222241188706e-01 -6.682539500255196607e+00
7.654726959910823325e+01 5.182825416992655754e-01 -5.058637514139818075e-02
7.429491961027741809e+01 8.617368901769888179e-02 -8.461579085281707435e+00
7.491516902232734765e+01 3.669696875382923995e-01 -6.506634987339102061e+00
6.823263824653548681e+01 4.237380100350477546e-02 -3.039464069440276917e-01
6.311509754179775911e+01 6.058644788025859818e-01 -2.990101859660151629e+00
7.414919234968647288e+01 4.994147460940535632e-01 -4.338208877220630200e+00
7.201903131626512788e+01 1.774204554894814045e-01 -5.967451355959113579e-01
7.128821228909184526e+01 2.522056713233218617e-02 -4.938506539143913687e-01
6.531782398791509081e+01 4.737653321530217454e-01 -1.984341465859743359e+00
8.720859734439993360e+01 6.817902135674182018e-01 -1.501801205421408707e-03
6.263321364454041884e+01 2.652784716491543571e-01 -1.049334431702442005e+00
6.095014962540636816e+01 3.914718441745441702e-01 -3.066823346380739501e+00
7.293741459696292395e+01 4.165317721761342407e-01 -1.242072789855307002e+00
8.791861189337789995e+01 2.256239991323137350e-01 -9.265410748419334874e-01
6.910200288589115303e+01 2.735016029489283906e-01 -7.840029801723864544e+00
6.396649101708356255e+01 3.059223901958590952e-01 -5.212526798182437027e+00
8.491783125031703605e+01 8.101227153574518114e-02 -6.555472407595616113e-01
8.289024665779103884e+01 4.626140011372200656e-01 -4.869679640596188963e-01
7.179828164049433781e+01 5.662628397278466341e-01 -5.501677745988319268e-01
7.608122271307632900e+01 2.897365444760861553e-01 -2.044563257389993449e+00
8.359655216996154081e+01 7.870590265537157348e-01 -2.115112515063572729e-01
7.292151955699230825e+01 1.242620569250518364e-01 -1.655560526467104054e+00
7.565611896005962933e+01 3.448200257927671042e-01 -4.546688787461899750e+00
6.126171134356443559e+01 6.297887216344806305e-01 -2.486572128483897970e+00
6.642789651052292754e+01 1.677675385225758098e-01 -3.162766885860120447e-01
7.350563402793036971e+01 1.808592263426729296e-01 -4.546931830691923970e+00
8.621952482752847402e+01 4.104063540439992913e-02 -1.492668290901617345e+00
8.464170366817552349e+01 2.539113256613213104e-02 -9.558764831435530296e-02
6.274679467852722325e+01 2.855087836764276243e-01 -1.552718977521486687e+00
7.260759119388337979e+01 5.827786036650935975e-01 -7.311582161900854748e-01
7.864490592971509386e+01 3.800861924565279715e-02 -5.458016082207176600e-01
8.584159607908786427e+01 4.385531163502842111e-01 -5.597759502437187340e-01
8.654052620796390727e+01 7.608654394313552061e-01 -7.946340956072264761e-02
6.558339958335250230e+01 4.292139101884084873e-01 -1.861300288067360365e+00
6.823609490722293458e+01 6.596311289491529894e-01 -5.096795817768351000e+00
7.321608406759864351e+01 1.192120969979390682e-01 -2.985586860517442265e+00
8.239816647793372795e+01 3.833531955341598074e-01 -1.329243548161872068e+00
8.685883616824656883e+01 5.951737903206678615e-01 -2.715055438122652379e-03
6.154166874786819363e+01 2.150304502324851819e-01 -9.852235093888637163e-01
7.018602018487975158e+01 2.009798531909693375e-01 -2.605856380347150836e+00
7.111183877949719090e+01 5.168858122295280078e-01 -6.828552259881738307e-01
8.347072503662485587e+01 7.979887551507597321e-01 -1.706754682562184045e-01
6.218362413183503179e+01 6.595518496397316521e-02 -2.377182890811090424e-02
8.171832297335018325e+01 2.378091015635755423e-01 -3.724115337245200497e+00
8.438240221219773218e+01 3.269546968280495625e-01 -1.319617678115609094e-01
8.766029589412623579e+01 4.064381377758532476e-01 -8.009245867007490360e-02
7.666515852970815104e+01 1.471132547144858582e-01 -7.784213258700983795e-01
7.514025916216560574e+01 5.216248485639727456e-02 -6.251589557031278943e+00
6.612219694625153465e+01 2.557163081345466549e-01 -8.162221857431218863e-01
7.579801583141181709e+01 6.038734436529156202e-01 -1.438923717958705328e+00
7.990257427593469686e+01 2.160118478300500078e-01 -2.450936142894545977e+00
7.075350432151401492e+01 3.579365624632973031e-01 -1.347539178918420566e+00
8.095843219819539627e+01 1.002169263742261479e-01 -7.762951907426941744e+00
8.397551204019619320e+01 6.180925551321611588e-02 -8.380278452835310254e-01
6.165672180472479624e+01 2.571251018617803363e-01 -9.512655700617184129e-01
7.221712945790039839e+01 6.796489496805663277e-01 -5.829959517496059451e-01
7.405047920352784274e+01 7.699101527666458722e-01 -2.351841271201967398e+00
7.386465178203930293e+01 7.184856444954748067e-01 -2.122735428048187600e+00
8.907178380687003028e+01 5.346875385565018624e-01 -9.228371437620638829e-02
6.076448344094750098e+01 6.695219670069854079e-01 -3.176890759529462205e+00
8.883966466050459587e+01 4.509843147389395179e-01 -7.689015994299394641e-02
8.050672802799175543e+01 7.967560981916869955e-02 -6.154462117553489264e+00
7.777448060645988903e+01 4.985681651687806637e-01 -5.753519559807617201e-01
7.643549780632213242e+01 6.457698589529892175e-01 -3.704038600268737963e-02
6.811737508893615711e+01 9.105713414387306415e-02 -2.792506706979718700e+00
7.475639871234493228e+01 5.055574738818686686e-01 -4.368914203114178996e+00
8.678350665520180485e+01 5.419844363912934559e-01 -1.192302813353711063e-02
8.201580526409559013e+01 1.725139521100051976e-01 -4.810538573902635839e+00
6.515751326831765766e+01 4.233150148233251753e-01 -2.275804307588502606e+00
7.800472792562825930e+01 7.102312513960300500e-01 -3.774624584069597444e-01
8.822587092935995656e+01 1.541818695585042698e-01 -2.297073445713325945e+00
7.917934866072936018e+01 1.082679194037888815e-01 -2.044417148180536437e+00
6.040259390755054625e+01 3.722443336915878254e-01 -2.317782051627108153e+00
6.913069065913276745e+01 2.432548496864896659e-01 -7.770698189167249303e+00
8.126054092715524746e+01 1.398494998713669391e-01 -7.195394280726559622e+00
6.535810404822740338e+01 4.158577102506537115e-01 -2.008007621959118083e+00
6.444782355092522153e+01 4.704027311481718820e-01 -4.256119748502500855e+00
7.721270906761137098e+01 7.543235239449576079e-01 -5.377320930057809534e-01
6.418173232278843443e+01 3.031131033832752952e-01 -5.204456535989348431e+00
6.589925145274054330e+01 5.690947599212087260e-01 -1.222795942455442209e+00
7.199777144980440369e+01 7.826011511155551714e-01 -5.809119994298967971e-01
6.469607495333106328e+01 2.704411861285750951e-01 -3.219241300293453012e+00
6.767773757259972456e+01 5.546866981862142998e-01 -2.651424840277207373e+00
6.224470893142726879e+01 6.872195006803298867e-01 -2.006047199607908019e-02
6.969495354189270131e+01 1.941145207009478332e-02 -2.311643141788094769e-01
7.137321890038282390e+01 1.883003979360110269e-01 -9.148598389066252556e-01
8.847788102478644134e+01 5.448891510948173922e-01 -1.125849416370869674e-02
8.006131461039191777e+01 1.311083483898977942e-01 -4.063880457053086204e+00
6.296370947909972671e+01 3.907536330470688934e-01 -2.437553360551849124e+00
8.535210716958310684e+01 6.325706481694169936e-01 -4.654219380671661965e-01
8.551031251995661364e+01 7.429487612247345218e-01 -3.735571863158410610e-01
8.311830475871843760e+01 2.273465315889400262e-01 -1.832155325735267626e+00
7.740903045533042359e+01 7.355186370454409872e-03 -4.282795516017251503e-01
6.676769590936093834e+01 3.606307733208247157e-01 -2.813820298957797617e-01
6.728472468572601883e+01 3.939352576350123591e-01 -5.767391580679577245e-01
8.799330746339425957e+01 5.239326300934143976e-01 -3.723149620677079861e-03
8.731469590010782156e+01 7.039254470442503075e-01 -2.673828334798407803e-03
8.070586858407320108e+01 6.899246249690668131e-01 -1.342591285512754473e-01
8.948340771660372184e+01 8.514552584239843888e-03 -1.536644373756416382e+00
6.354163541063255138e+01 4.413039047869156128e-01 -4.476956875244084699e+00
6.067302761214193652e+01 7.209258037991683743e-01 -2.972649561567071164e+00
8.998438039994591975e+01 4.812538986316791112e-01 -2.907481317429442269e-01
7.949716730473191717e+01 6.151966104932898860e-01 -2.527367997084312146e-01
6.743774103833447953e+01 6.182821006249714646e-01 -1.057400526034635746e+00
7.446173918052699037e+01 4.792939047781539230e-01 -4.732077403320650077e+00
6.329118619151339686e+01 1.957598426906469458e-01 -2.555877813466270521e+00
7.487711110359595068e+01 4.929422822752188016e-01 -4.664856829158286367e+00
6.875749819666640406e+01 7.468957504096679356e-01 -5.700310266847547602e+00
7.052276982896005109e+01 7.356530938740131198e-01 -8.574034715175404830e-01
8.970896405871988577e+01 6.519187333829896680e-01 -4.637504877923037117e-01
6.990722079400308075e+01 5.916839283646067038e-01 -2.210194549667066077e+00
7.894353946474768691e+01 3.147584394223921223e-01 -7.204740157517961485e-01
8.209463503295194187e+01 3.320079654910623179e-01 -1.902955558263565994e+00
7.814776608294266680e+01 3.435799370445515866e-01 -5.186408705616999404e-01
