5.903338095613839442e+01 4.082015186327145329e-01 -2.080805072441146653e+00
7.292918315260578765e+01 2.191862901574868627e-01 -9.011077470683229729e-01
5.989648245098531021e+01 1.271941233599171474e-02 -9.408195262623133548e-01
8.186662044111852765e+01 2.847185976851837608e-01 -3.888820124516449983e-01
8.206547638405034206e+01 3.595409734416650793e-01 -1.908242840620348879e-01
8.245513452094306217e+01 7.642895719558632228e-01 -1.011888455104496126e-02
7.652374686170473694e+01 7.581071371792786895e-01 -6.684760933335899269e-01
6.605257266979516828e+01 7.193678582573481695e-01 -3.833307766907241287e+00
7.022021285831014836e+01 3.515412114620464212e-01 -1.720611297587034239e+00
7.603397330180715130e+01 3.429912313859899142e-01 -1.786729458505569745e+00
8.269276940818812704e+01 1.589808068472543245e-01 -2.324932973489355348e+00
7.094430611518538399e+01 6.153079261214484674e-01 -2.956455910882599625e+00
6.969575311829578368e+01 7.245557139078294406e-02 -1.710112999319172600e+00
7.497320074145575575e+01 3.806253688366917909e-01 -4.715578171524213991e-01
7.704637446585348926e+01 4.955507824689682761e-01 -7.906341600838849848e-01
6.718810867591643898e+01 9.380555087384645496e-02 -1.847714562848133513e+00
6.263713546864008919e+01 8.210065803441708721e-02 -1.730796630742896358e+00
7.803410173019123874e+01 7.030891746484534410e-01 -1.900911160184095838e-01
6.003751064578245433e+01 4.235322011932626807e-01 -8.617685292618694204e-01
7.175015381709410178e+01 7.866126237757932183e-01 -2.992270705902566164e+00
6.586031299574059972e+01 3.141345809903845487e-01 -3.348878364718662404e+00
7.253511149778012168e+01 1.109601863716507958e-01 -2.818221659557897496e+00
6.853363117712839880e+01 6.894700431239817462e-01 -3.135382336175953077e-01
6.456997929133002856e+01 1.659189232167532779e-01 -3.258596403372396866e-01
6.529525637620258749e+01 1.851160980341241824e-01 -1.339317261958286265e+00
6.738912842133520087e+01 5.979269278961873990e-02 -5.382571455762342749e-01
6.694520497953796223e+01 4.051458600858371395e-01 -4.374066592857631441e+00
6.093536970138006126e+01 3.649046132024924005e-01 -3.994368637615879902e-01
5.770304344673303376e+01 2.664602405704763477e-02 -1.489959387057418309e-02
6.909490607831115483e+01 2.786803769384189611e-01 -9.159473279167201776e-02
5.808450764169030123e+01 3.212638811214563184e-01 -2.738509934660551259e+00
5.738522316213134644e+01 4.849911638850850082e-01 -1.172520037983872804e-01
6.545324087382026335e+01 7.446067251960171163e-01 -2.170398358037174180e+00
8.163743705063924949e+01 1.975242549546859239e-01 -9.639539766136034915e-01
7.552755839210463762e+01 5.087445012504323572e-01 -8.410304081315983504e-01
5.945307088746496049e+01 6.686994824493962541e-01 -1.207468699254373945e+00
7.459909231151070230e+01 1.698799074173807907e-03 -4.239403059257863815e-02
5.928157220195569721e+01 6.767164344831517742e-01 -1.668587944321380689e+00
6.400214513153018459e+01 6.014888706107358596e-01 -1.242373303991118200e-01
6.629288454204392167e+01 7.838514525442777936e-01 -4.750208588671395837e+00
6.283801181520162515e+01 5.616328623639651463e-01 -3.888349923428134680e+00
7.711846241179559058e+01 5.306175542263400491e-01 -6.586092689415884438e-01
7.317767524919099742e+01 6.605965927211031596e-01 -1.281414975156711655e-01
6.190770756390818974e+01 6.254006200920086966e-01 -4.921768917528227760e+00
8.289890891462441402e+01 1.481521565304221022e-01 -2.010978837146721876e+00
8.431206047819428306e+01 1.713611557564618804e-01 -1.004913225885830874e+00
7.949746574595010884e+01 3.850732149286618111e-01 -2.337327017205466373e-01
8.086673832090103531e+01 2.936793789779898467e-01 -5.173532518378345380e-01
6.656460610180120341e+01 3.049092425173923204e-01 -6.647149248282782530e+00
6.388004471073816859e+01 1.032997906004665123e-01 -1.506517063044454097e-01
6.062861052170983811e+01 5.422954250414170341e-01 -1.309273467092359478e-01
6.954299011153361221e+01 6.851531489576311029e-02 -1.321747730582699898e+00
6.161718659399005560e+01 2.542893483659534604e-01 -2.708519347731019877e+00
8.511954732886944441e+01 2.270882099462506187e-01 -2.710783098300561522e-01
6.802197564345723890e+01 7.245312611054320895e-01 -8.686282767807806948e-01
6.203632910357918462e+01 1.276509300273489522e-01 -2.056688115827800978e+00
7.409421851531762115e+01 4.463211470131410730e-01 -7.840337089592559761e-02
8.329015919856681194e+01 6.481957560339132174e-01 -3.036449444712495740e-02
8.417464051517760026e+01 7.296803716225417347e-01 -3.295753915795154865e-02
5.826713098399622481e+01 2.051730254445378598e-01 -2.233148120017734772e+00
7.112157149341845752e+01 1.391615406721868620e-01 -7.174379488047197384e+00
7.981818309306166270e+01 5.920546553888869079e-01 -1.187447398958392658e-01
7.935477408196871352e+01 5.462072895020008145e-01 -2.154672503333245892e-01
6.847363983785911046e+01 3.800213452915812001e-02 -9.032156150932278693e-02
7.898818354220854587e+01 4.211212094579388360e-02 -3.040116816463276916e-01
7.581409275609868814e+01 3.980055146799527099e-01 -1.480011005043140981e+00
7.363155175226745541e+01 5.684421602562250708e-01 -2.593015172204538987e-03
8.024480431404948888e+01 1.812272942976060341e-01 -1.049754426331092283e+00
7.841672899433658017e+01 5.852590771636964062e-01 -7.329586591493772452e-02
7.056498117314242791e+01 6.802461683631136902e-01 -1.074282915498430580e+00
7.050340332163681012e+01 4.671769687317900988e-01 -1.509771788654462155e+00
5.850282373622776788e+01 1.905523980997248651e-02 -6.210880037657506847e-01
6.039086738100388629e+01 1.159449833963755866e-01 -1.474512770237453585e-01
7.530843469102953236e+01 4.597715030800092473e-01 -6.328009753870832421e-01
8.053392637671386467e+01 4.386499202695628430e-01 -2.938574918542380399e-01
7.376924049314965259e+01 2.427701655202049169e-01 -1.654006116887729028e-01
8.077012463164609812e+01 5.173533762295170479e-01 -1.745303458397459428e-01
7.775872796030969880e+01 2.116064321095493528e-01 -2.819790270231334883e+00
6.231652159652598755e+01 6.363321360942310045e-01 -4.500856471712094908e+00
8.553280570173012620e+01 7.392185652647986771e-01 -1.643360144907224721e-02
6.323641210107236077e+01 7.707123706040610589e-01 -2.684859205697488260e+00
8.595848088618170380e+01 4.503531964964327949e-01 -2.594157748846127182e-02
6.501740968069942994e+01 2.685103727428683196e-01 -5.022821093049144592e-01
8.390294506172735112e+01 2.997953353832485401e-01 -1.900024418149738603e-01
7.221912146318616976e+01 1.309098015043539398e-01 -3.961395285677999922e+00
6.357191634503359268e+01 4.853439967444300729e-02 -2.218143003601524832e-02
8.471439329828707798e+01 2.567560378205264726e-01 -4.806365433626467731e-01
6.892755404424889321e+01 3.756421925056641076e-01 -3.913708811769046197e-02
7.664706193891989017e+01 7.961203210523613016e-01 -5.958091314348351597e-01
6.126904458554519550e+01 5.265626544109601737e-01 -1.688929499890451380e+00
8.538367724559654448e+01 7.086788006665967199e-01 -1.931997128694706509e-02
6.428093387134848058e+01 5.010678609530765382e-01 -4.650776773785054719e-01
6.775650086874513534e+01 5.561462076922190079e-01 -1.473431919911412979e+00
7.231995177168529665e+01 5.818276099120428535e-01 -1.536629633352738278e+00
7.436234907832681529e+01 2.393939737854294258e-01 -1.801249265191487703e-01
8.355221228858073346e+01 6.188640099043292153e-01 -3.267774660030204475e-02
8.131020822813506754e+01 4.738061572672251920e-01 -1.345465060483955477e-01
7.753554418154224948e+01 4.313932216747974890e-01 -1.106024335905336331e+00
7.157501392558626208e+01 3.304703147523620488e-01 -7.987047626679181000e+00
7.864647489186646112e+01 6.442923655360969226e-01 -8.768039471241367844e-02
7.097619792646165138e+01 1.682843674899992537e-01 -5.368129158993703243e+00
8.356420212736614417e+01 4.639293699238752899e-01 -6.579328602865464060e-02
7.876393380502150876e+01 7.379942870435034497e-01 -1.693204650582533222e-01
8.564591670410186453e+01 1.672427537705402090e-01 -1.904804979583561153e-01
7.543177854235320012e+01 3.988143589018029733e-02 -2.854578551819022980e+00
7.707926110349217197e+01 5.936244741537055614e-01 -4.697372331378315558e-01
8.499665206280546670e+01 7.727957259388942290e-01 -1.102034848662252625e-02
8.327789220477738752e+01 3.995517259500216967e-01 -1.391058241861041767e-01
7.126342577239809373e+01 1.925725232063619230e-01 -8.721899896260733698e+00
8.200104995164264210e+01 3.144022370645763731e-01 -2.931931443427225337e-01
6.935203444316513810e+01 4.493828613635530989e-01 -1.156880580434288402e-01
7.666305209726610315e+01 7.128119815384907909e-01 -7.011696868668033655e-01
8.524657054472127982e+01 2.157587050447874466e-01 -2.562049400225936413e-01
8.433088467413730882e+01 6.824111862086180980e-03 -1.850573968670669520e-02
6.968094438442419403e+01 6.274926690594315737e-01 -3.460839861711600407e-01
7.475733619249420769e+01 2.457117295629911435e-01 -5.627120506763566565e-01
6.170750146818716075e+01 1.014652849442054666e-01 -1.354750830313643517e+00
6.528827703360840928e+01 7.671365098640005042e-01 -1.540359910209851968e+00
7.754283522550328200e+01 5.054254633003352204e-01 -7.483444481338742404e-01
6.823581884784336182e+01 3.638742378067039152e-01 -9.529321507967357663e-01
6.554249291358202356e+01 1.470357745541218675e-01 -2.252112703316434761e+00
7.218182894260377225e+01 7.888863877287802806e-01 -1.351828864486499526e+00
6.010855502779385517e+01 6.759106260437746094e-01 -1.204545704282628860e+00
7.885391681358322558e+01 1.772872377811823830e-01 -6.421465695818943109e-01
7.647988770461149954e+01 8.578624045779457974e-02 -3.833563624805003567e+00
6.114976562179017350e+01 4.972585634748964978e-01 -1.166670029852096446e+00
5.937600850872431835e+01 2.596406741255842809e-01 -1.115861773794366352e+00
8.588246950691083725e+01 4.710518040439483634e-01 -1.537903114230646309e-02
7.933917805545220858e+01 6.175559266464312191e-01 -2.150771932078818505e-01
6.886276031931497243e+01 6.983605958106431366e-01 -1.617400854868404625e-02
7.803669826696032885e+01 7.953491897079637551e-01 -1.341708678631324536e-01
7.430042082498847833e+01 6.062684043362254194e-01 -3.096175583653488356e-02
6.788024264867733848e+01 4.661144462782517567e-02 -3.943455863478051437e-01
6.703258678007753701e+01 4.165932446089514740e-01 -3.847758507907095282e+00
6.496343623761430308e+01 7.825029910818065426e-01 -2.391228724092878122e-01
5.814040748429807337e+01 6.838420772503421841e-01 -3.507768206369819453e+00
6.569072826299846213e+01 2.726076739877507094e-01 -3.021542759516515630e+00
8.189101781628974663e+01 3.480792843295906214e-01 -1.875742840815206591e-01
6.207553088159623655e+01 1.880227347829821760e-01 -3.227630096160128748e+00
6.797212819535062067e+01 1.168754833946911431e-01 -8.907247894597866145e-01
6.610117378771583674e+01 5.442888475153433436e-01 -4.510757918143960765e+00
6.241576909600829026e+01 4.002099385228294337e-01 -3.742620489561824471e+00
6.279808463819365727e+01 5.191693547685229948e-01 -3.891066597585532083e+00
7.957613428188497551e+01 4.333019148940225884e-01 -2.175671704436757392e-01
7.288329271456805714e+01 1.578120860194344999e-01 -1.122347148369131409e+00
6.442552758283422065e+01 4.102658527052194248e-01 -6.344146233898353415e-01
6.857792323576515514e+01 7.618476687709235806e-02 -2.664668272584486131e-01
6.408014737295341945e+01 6.928386851516127320e-01 -2.345102545413741690e-01
5.852088113404151670e+01 3.714112913664102678e-01 -2.569071922025586652e+00
7.605890793757239976e+01 3.145963724155003555e-02 -2.078952916673419082e+00
8.482783075079424862e+01 3.774555428227110987e-01 -1.562925191440218131e-01
6.726959029760899966e+01 6.478741176607716312e-01 -2.854807917512860893e+00
7.077135815241497596e+01 6.780040939107961906e-02 -2.710364103915066991e+00
8.423529862925525435e+01 3.598172496674624798e-01 -1.879462060107096877e-01
5.926370117890431999e+01 5.291276806387510412e-01 -1.661465089873873424e+00
6.036942120255653066e+01 2.324716599418900354e-01 -7.543867924784372070e-01
6.075628280617197419e+01 6.362090679129935866e-01 -7.552620895907991017e-02
5.735837839853124365e+01 6.596259781131104116e-01 -1.345180688327331786e-01
8.380355080625636788e+01 5.796171943101570134e-01 -3.495000671277518484e-02
6.676417616586668657e+01 4.453192720659611692e-01 -5.148929745639902578e+00
6.323580443666455153e+01 4.751284689318867049e-01 -2.632596409430922435e+00
6.154623222236109825e+01 1.400838829051114232e-01 -1.550195572456463333e+00
7.338378816955793127e+01 7.079937199166188577e-01 -3.485700354929624489e-02
8.020084275267791440e+01 5.416639253954351751e-01 -1.237165243802160336e-01
7.232326988364144427e+01 2.201737561615934105e-02 -1.658251393020172104e+00
7.038677831178890187e+01 2.708253626667480041e-01 -2.233068892914717996e+00
8.134516690159325947e+01 3.353388537177587891e-01 -3.375334902162937523e-01
7.515887178664705459e+01 4.316963559968447495e-01 -5.306519365390151011e-01
6.450481849374344279e+01 7.292336479625026735e-01 -7.900392321375692140e-01
7.712196173945048372e+01 5.862274561224385394e-01 -4.891385598283592984e-01
6.088031834083015781e+01 5.571955719564555265e-01 -3.203920670150296468e-01
6.634878281151540591e+01 1.054394283329000842e-01 -5.369358458769898590e+00
7.845433376658850477e+01 7.211282153691170871e-01 -3.379453653975110494e-02
7.179316066308744837e+01 6.135343063071734271e-01 -3.888930253176004381e+00
8.296206791682055837e+01 7.589427253339799950e-01 -4.402722992048989370e-02
7.138746114944916599e+01 5.228188499342705242e-01 -5.451268664564391742e+00
7.018489489971699413e+01 2.493947966866349175e-01 -2.126807313658201970e+00
5.889742520113517088e+01 2.242982196035716580e-01 -1.886556011240155373e+00
7.505669643662930923e+01 5.053701587557463126e-02 -1.866492521397230764e+00
8.083272362529572774e+01 3.074319621095458754e-01 -4.716133305278655263e-01
5.839731285324958066e+01 5.647420199577066757e-01 -3.214859385322745400e+00
7.383493734238237494e+01 3.366467783259306512e-01 -1.271929019611371392e-01
6.370008448518896671e+01 2.022620235299590064e-01 -2.139548563971614970e-01
7.587188841942432305e+01 2.862696972314617283e-01 -2.316389615432101312e+00
7.768602029720091195e+01 2.897277371164381221e-01 -2.066122425460308776e+00
7.421644579750824278e+01 8.983399434374397807e-02 -6.188413361550688663e-01
8.045700208068993220e+01 6.112555117750131939e-02 -2.034087065700051600e+00
6.335653285862002093e+01 1.215115990306306071e-01 -9.938017883187565404e-01
7.264453651606760332e+01 4.827212992225625721e-01 -1.067141404562119478e+00
5.962945839409293569e+01 6.525606247902425716e-01 -6.515798893688234950e-01
6.750039601603252493e+01 6.704590845703393143e-01 -2.282423430593405911e+00
6.269879448221357876e+01 4.898879489408666799e-01 -3.742408290523740355e+00
8.097541985452849644e+01 1.356088702358031473e-01 -1.408165876461787924e+00
7.974742259286077228e+01 3.254240002342352334e-01 -2.364244165327164804e-01
8.270867469387232518e+01 2.192784079381381590e-01 -1.463176858968226801e+00
8.142020838162436291e+01 3.856811275331080147e-01 -2.294098237729735312e-01
5.779024444512301528e+01 7.467433392670644876e-01 -9.823610870089518610e-01
6.954415876884345948e+01 5.698277930912600819e-01 -1.703984225161855603e-01
7.325944268612647647e+01 2.983888709169021936e-01 -1.391087063257932799e-01
8.252148587975366922e+01 1.157487627855327723e-02 -1.625568462613902865e+00
7.906423966309920104e+01 6.309248396717166418e-01 -2.499306895238852522e-01
6.413152544972463431e+01 2.322479718656561901e-02 -4.691477033922257789e-01
5.876946316052172392e+01 6.404904112403245198e-02 -2.191986859938084009e-01
8.471419461239361226e+01 3.266283741610348512e-01 -2.723799375899747521e-01
8.054272761590594598e+01 4.731878782614368402e-03 -3.992921572224150846e-03
6.778295159349943333e+01 7.069531224529471691e-01 -1.292486484604387531e+00
7.045831000376749387e+01 5.901944562710924602e-01 -1.066972221276098587e+00
7.188361139774276865e+01 2.714712778286140216e-01 -6.655566703011942309e+00
6.583679319815179554e+01 5.548846880723015129e-01 -2.864478116998868007e+00
7.199176835236420402e+01 6.589337782865631876e-01 -2.454001579158051616e+00
7.692986299303976239e+01 3.017716147501560697e-01 -2.170331076079561328e+00
8.110640907151079659e+01 3.347886767193509194e-01 -3.433580534103080617e-01
6.624793155869198813e+01 6.797126398100479250e-01 -4.982705925627447741e+00
6.898696451053115197e+01 7.544603309332980068e-01 -8.939732883703671584e-03
7.822967453252078940e+01 7.745440750231309401e-01 -8.887304538916208918e-02
6.098348138768611193e+01 4.023467366155573099e-01 -5.230191856130330663e-01
7.442504507511799261e+01 1.302383015346603168e-02 -1.339708279056941453e-01
7.564915080514585100e+01 2.312652619277668631e-01 -2.909566697452942385e+00
5.812557611986675710e+01 6.530401695360791292e-01 -3.477115532042599266e+00
8.253488726844237533e+01 6.860640097844239449e-01 -2.928195313688426032e-02
7.920885916238081847e+01 1.796454535644724515e-01 -3.066380962961673395e-01
8.536076072835227535e+01 4.113781503375436022e-01 -7.373426368866062286e-02
8.294728352589272902e+01 1.020489725431574651e-01 -2.528625133396639413e+00
6.522235994867490660e+01 7.757309999265331324e-02 -7.001292383606190217e-01
6.812419944422428841e+01 6.008794069651028913e-01 -9.178997580436403236e-01
8.389238918260079458e+01 6.196433394538563011e-01 -3.055205460575786611e-02
6.298358559301328086e+01 4.593412864740397672e-01 -3.567701590548637114e+00
6.738618478348165297e+01 6.903346526863046728e-01 -2.627101148309722856e+00
7.390165295248525013e+01 4.953930758952930780e-01 -6.871785892471195256e-02
7.580628801606624734e+01 5.005846377244056455e-01 -1.022659727505719429e+00
6.068876094928768339e+01 4.546778179236363737e-01 -3.737144351825116839e-02
8.501012317724675427e+01 3.440175718372505687e-01 -1.223773364235517386e-01
6.140398952714653547e+01 1.536916424875473253e-01 -1.356601825987018728e+00
8.130236156232956546e+01 3.971684410405058596e-01 -2.218900710766041062e-01
8.401750823153844294e+01 1.652982274787285766e-01 -7.053991204267966442e-01
6.723339204630343602e+01 6.179462317170776597e-02 -9.234216544395738024e-01
6.344668561688506969e+01 6.330028029928829181e-01 -1.834698609999640295e+00
6.596706307605388986e+01 1.401548558399545730e-01 -3.649451191969044217e+00
5.742594763862621932e+01 5.495025332985842281e-01 -1.220236873692913532e-01
7.531644166867721424e+01 1.214052477670293784e-01 -3.277085434381321161e+00
8.220400377059803532e+01 9.322507614875670534e-02 -3.460227845148105885e+00
5.996317496420082449e+01 5.132523646491020664e-01 -6.788168664721125900e-01
6.427233095430825927e+01 3.686561975658014800e-01 -3.544604678061565872e-01
7.307084333148229405e+01 2.338172767310617017e-01 -4.294077779680338658e-01
6.867312981117021309e+01 3.768212611755310526e-01 -1.786983395607702196e-01
7.777362769631733386e+01 3.052680003162941968e-01 -1.601293768910299509e+00
7.422676290448985981e+01 4.325699474586794935e-01 -5.793916428711736594e-02
5.787765810601507610e+01 7.349065526817792904e-01 -1.556457987408670585e+00
6.210946479515559560e+01 1.890713050981639720e-01 -3.275963038347704970e+00
7.238778072009532139e+01 3.169114825562456272e-01 -2.456045403444415687e+00
5.938289022226344116e+01 6.477854477257836141e-01 -1.452557936348840784e+00
6.226010656925400610e+01 1.480000648326777191e-01 -2.740456584656943750e+00
6.671993571183601546e+01 5.799357745505796524e-01 -4.836517641476721252e+00
6.373942832635901823e+01 6.694581762332579844e-01 -4.445438371687915335e-01
8.327070289534496794e+01 2.901995126540100611e-01 -3.421331571166649210e-01
6.459885872811135243e+01 2.452857459914012106e-01 -4.370608478753680304e-01
7.262120719597076857e+01 5.208521263661294864e-02 -1.982172584097911860e+00
7.627246614266428537e+01 3.588189830488594523e-01 -1.755722880528772567e+00
7.310300812130162740e+01 5.276444863539031527e-01 -2.292876985711500837e-01
8.009116698242979737e+01 4.468719434116094624e-01 -1.500212071147271897e-01
8.157786974702906946e+01 1.736549750994040575e-01 -1.194366839823370219e+00
6.960589779044397574e+01 5.629766651416632239e-01 -2.268490564030261891e-01
7.877914214276326277e+01 5.330388771228921074e-01 -2.000524471874499111e-01
5.922464314322500911e+01 1.192474233094396735e-01 -1.142909685162049716e+00
8.363992967793002720e+01 2.049812375732299463e-01 -4.826235396222227081e-01
8.560376580348595610e+01 7.883925406957283943e-01 -1.003520311813837530e-02
7.837891581498330140e+01 3.421348195968419714e-02 -3.651983596464580817e-01
7.133443828900217909e+01 8.717051797409050562e-02 -7.316443707227629822e+00
8.429751774432820355e+01 7.488867191733163953e-01 -4.701745313840983986e-02
6.995642142867980340e+01 2.902067324060310372e-02 -1.198637072478635712e+00
6.832227660735489394e+01 5.706880639394579235e-01 -6.758987034938950256e-01
7.459689687703667005e+01 5.379754606936139050e-01 -1.669457228417159933e-01
7.760190197776279319e+01 6.107090952603971834e-01 -4.505129726651714850e-01
7.974467190343325740e+01 3.416204989276865334e-01 -2.246582983456910376e-01
7.728847785690047090e+01 3.876514819219868957e-01 -1.514693752710873254e+00
7.096301861261099475e+01 2.839748105574396719e-01 -4.861010470821702789e+00
6.931331631301414120e+01 4.302617713964349555e-01 -9.867852286406098017e-02
8.066843717814077763e+01 7.413242412031821882e-01 -1.103857415428143585e-01
6.694449627157042926e+01 2.741898234953085156e-01 -4.494324415299227660e+00
6.987993108797408581e+01 7.144331190505814888e-01 -6.054208793128056376e-01
7.959625103559822890e+01 1.079660912949040041e-01 -4.318052901015679845e-01
6.251445022837335586e+01 2.486351254132147526e-01 -3.265915409730740127e+00
8.271277235564035379e+01 4.824024012406877837e-01 -1.776912190121155422e-01
7.676902808147445967e+01 5.978861907390928820e-01 -7.313232613748827937e-01
8.191076126784699341e+01 4.690746648421883491e-01 -3.847845631126924765e-02
5.974497569999962820e+01 2.192871972767915512e-01 -1.987539017977972833e-01
5.838593034040116692e+01 2.579388349439528660e-01 -2.505371400638906287e+00
6.317351344576063354e+01 4.203063055059966802e-01 -2.751429229939542420e+00
7.493879989317682089e+01 7.809843708568574572e-01 -1.747550769344463628e-01
6.496926590628703480e+01 7.259806106768477152e-01 -3.201246629462156656e-01
7.145598845801619348e+01 2.132076513181619948e-01 -9.770176968443266219e+00
6.179670032929821843e+01 1.981192381108454470e-01 -3.057833388735632596e+00
7.073074133733476287e+01 7.954897774355909057e-01 -1.467823731967597523e+00
7.618419996847049447e+01 3.676760025806110610e-01 -1.657273399941518344e+00
7.358739440869499049e+01 1.328133166285181133e-01 -1.527557870980598420e-01
6.122069317100920927e+01 4.740025270641653327e-02 -1.793390767226292204e-01
6.562950590960286945e+01 7.024928012710836001e-01 -2.516441068380288915e+00
8.595081834216667005e+01 5.054048280732174048e-01 -3.016422242271321955e-02
6.034019428709872557e+01 7.672562190522650427e-01 -1.596142785598655411e+00
5.862543069750007874e+01 4.769852602209057046e-01 -2.742299345732396088e+00
8.297757809704103238e+01 2.620580581814244137e-01 -7.137076269439570630e-01
6.662469928307746159e+01 3.188737395379818151e-01 -6.395211781691519271e+00
5.799133083354107043e+01 6.949488698503500927e-01 -2.552154088820910438e+00
6.627959004825451927e+01 3.276006204545918732e-01 -6.870465144639469557e+00
7.876183353954189670e+01 5.723078219696608321e-02 -4.177337410546111962e-01
7.897149511053302717e+01 4.972889355914945075e-01 -2.651899557032894594e-01
5.934126612676318047e+01 6.221950036487147173e-01 -1.563316883740068830e+00
5.788053448057836903e+01 3.960654696975587918e-01 -1.751820544597638030e+00
6.739043482995688805e+01 4.499991153645737096e-01 -2.829956240727646843e+00
7.702116946141090637e+01 4.127783098739221668e-01 -1.229589142455256523e+00
5.821561213759824227e+01 3.390495642611977140e-02 -3.095956882249409348e-01
6.304648006203306210e+01 5.453571506410561653e-01 -3.332138008118060490e+00
6.440594430965606421e+01 7.544789057951251099e-01 -8.120710823930148425e-01
5.912374658427030027e+01 1.017636866403923979e-01 -8.997563000691612967e-01
7.348345573665903885e+01 3.349870879074837715e-01 -2.794201154263181719e-02
7.450476430231908864e+01 4.383013506829961381e-01 -1.307603043981187541e-01
7.205281557191001696e+01 2.527740332292195968e-01 -5.147909202794074268e+00
6.911132842344176197e+01 5.301758305382010816e-02 -4.131253566317369952e-01
7.767227438768524905e+01 3.685428465265345732e-01 -1.286889015348329890e+00
8.376020821841910902e+01 5.686148416270530026e-01 -3.816162515872226907e-02
6.782810118070305805e+01 2.910448725617112986e-01 -1.416688900667511630e+00
7.611162340673018889e+01 5.953858305234234205e-01 -7.405271506495162415e-01
6.540847550847705349e+01 7.975055602973170066e-01 -2.011272752216640036e+00
6.321571635380612975e+01 2.025876438812417302e-01 -2.053885478064594761e+00
6.903253574790728919e+01 6.999508027760940054e-01 -9.872834102676078180e-03
7.799790173557460093e+01 2.420446687055259061e-01 -1.597001824580147611e+00
6.030118135967421011e+01 4.798994836948749371e-02 -3.223068318761828088e-01
6.365736269089867250e+01 2.979989453477114303e-01 -4.576283925703453770e-01
5.974863238186612335e+01 3.793351786156473615e-01 -3.521606259956759355e-01
6.569919024818341313e+01 2.700957999852456881e-01 -3.016899932455381350e+00
6.014167216924896309e+01 4.948785062581559924e-01 -1.226114480514832294e+00
7.657972656987101345e+01 6.615193962948149320e-01 -8.089975344326988393e-01
8.267510768443406732e+01 1.234664423281631729e-01 -3.043369188612221166e+00
8.325375410611061966e+01 5.599553705519774160e-01 -4.864622034620879470e-02
7.114486847931057412e+01 4.075426310611167668e-01 -5.427569246406517500e+00
7.381108566997616549e+01 3.911352351673212380e-01 -8.006430746392588504e-02
6.113606232889025449e+01 3.323468391167565348e-03 -4.520633978923194740e-01
8.410817523397139439e+01 6.251059434478225540e-01 -3.342743049645136022e-02
8.447359393979110109e+01 5.792670446047821775e-01 -8.791204871053846792e-02
7.328238670785390241e+01 7.236721630951582496e-01 -6.860381495398452933e-02
6.844612322924723458e+01 6.531286900934172301e-01 -4.778286454504743763e-01
8.163973476982646105e+01 7.518176726459043779e-01 -2.351045677023625227e-02
7.638739345689522509e+01 3.524253213728094081e-01 -1.899796371858705202e+00
8.484211513036912322e+01 6.473914820107593560e-01 -4.118875167845133939e-02
8.582724945319941412e+01 1.788351896440331101e-01 -1.200232587057867562e-01
7.162691314642532348e+01 5.426962208022370060e-01 -5.208182887198970157e+00
7.919394207127579932e+01 4.317422379453957904e-01 -2.447273458079264885e-01
8.525832565926340578e+01 7.383118696132399128e-01 -1.065925030892797033e-02
6.478389745598951777e+01 9.281620584900329707e-02 -3.484076718848125864e-01
7.533963794738190245e+01 2.779403214320973481e-01 -1.591921553568302894e+00
7.739036370509116125e+01 6.875978297088383151e-01 -3.505131679040742188e-01
6.995025197231593950e+01 7.832260234989393277e-01 -7.598853566561636352e-01
7.063312207484754879e+01 1.625537246588026064e-01 -3.524962590739105561e+00
7.286235200335320883e+01 8.104997684422965420e-02 -1.234188214845713505e+00
6.961186166888833782e+01 1.178541978189781292e-01 -1.451205222917437698e+00
6.247072097546144676e+01 5.150324528216128073e-01 -3.657379083368657913e+00
8.115349754280882166e+01 2.251244623413051205e-01 -7.467963006668366654e-01
7.838125565459844779e+01 1.953773932615425202e-01 -7.293770736114623121e-01
8.033559477957331296e+01 1.750150534543696290e-01 -1.190543149747996132e+00
7.246692221006475165e+01 1.447869244940839517e-01 -3.154851863669813739e+00
6.729833436657180812e+01 1.097218652679044643e-02 -1.402583467974369835e-01
8.069032486234623036e+01 1.334800168993436065e-01 -1.673895028249164696e+00
8.213647449056475125e+01 7.155958524574081991e-01 -1.515874720708599308e-03
5.865420372314806485e+01 6.772012154667745865e-01 -3.006031128366890570e+00
7.031495532082045941e+01 4.631696156912846196e-01 -1.360409428440029433e+00
6.211284249732264584e+01 3.079451641584998178e-01 -4.315464296263535005e+00
6.155717797291900695e+01 4.742421184288475589e-01 -2.610312870808671359e+00
5.739443074236847053e+01 2.194155160209141087e-01 -9.605774194450943104e-02
6.704032575843606878e+01 6.642948307987386336e-01 -3.493872014334177933e+00
7.408306485088505156e+01 5.325712288501097680e-01 -6.176313501263339806e-02
8.248110625061626422e+01 2.152382188553191578e-01 -1.557085770738001917e+00
7.977151012618200809e+01 3.444696345856936293e-01 -2.228090795877728514e-01
7.568793608539118623e+01 3.369911320982484360e-01 -1.867859390517348395e+00
6.799518454200769213e+01 4.814993017806609155e-01 -1.164875056491636807e+00
7.274045278970815787e+01 7.651334143019755674e-01 -4.079249585486021679e-01
7.784185023316624097e+01 6.370161418754948235e-01 -2.996054373827649053e-01
7.104126025359430230e+01 5.662123067890391104e-01 -3.635021452931328945e+00
7.187092977949157557e+01 7.294037532658692591e-01 -2.842883628562887566e+00
6.980748762714230793e+01 2.809290435494654625e-01 -1.209682463770261229e+00
7.507784973041545129e+01 6.584662153452380817e-02 -2.146270181200408800e+00
6.072163889985472451e+01 7.394079321944151129e-02 -9.174830365456346226e-02
7.950188652829642422e+01 5.047182873938058645e-01 -2.139360838611102378e-01
6.614127782630839647e+01 1.422091120894783400e-01 -5.476896681092680019e+00
8.346019751026136646e+01 7.885830497212801271e-01 -1.946406537029988365e-02
7.460464384443218933e+01 2.638319522136454987e-02 -5.420914040326092476e-01
7.551025267599088409e+01 7.051376185253808160e-01 -4.428226244894046260e-01
8.022963377320995448e+01 1.076493608208630159e-01 -1.593601300529638998e+00
5.893307215793775811e+01 6.050273811395542323e-01 -2.747865347985564810e+00
8.512888156437816178e+01 2.326065951875783133e-01 -2.595489437234032581e-01
6.457858145352508927e+01 5.207538132409109677e-01 -6.865340029374358277e-01
8.174122468053164425e+01 6.087806024150561601e-01 -2.717559774853458426e-02
6.269815394689582888e+01 2.235305987159069696e-02 -1.224972442568218606e-01
6.340423517758780747e+01 4.438413139960102338e-01 -1.878656294542172533e+00
8.556186629065612692e+01 1.854802742474668253e-01 -2.058396092888082063e-01
6.868359247908537668e+01 7.748006220495453622e-01 -1.064518469719597377e-01
6.509276571165806047e+01 4.713554577146507052e-01 -8.151592303551461471e-01
6.400770385560227282e+01 4.216056832927604359e-01 -8.003550328303851713e-02
6.094412988860634073e+01 1.535270666155389430e-01 -3.271822708542063141e-01
8.091905302205688599e+01 5.900188676765364404e-01 -1.017499419418930462e-01
6.171508094759744267e+01 3.638865507574845504e-01 -3.649189412429101331e+00
6.363456473632592036e+01 3.080669012903231030e-01 -6.044502002878153757e-01
7.121521676167334647e+01 2.269422828607506881e-01 -8.102270574789303126e+00
7.005346232815819008e+01 1.931573056130983790e-01 -2.215576392556588559e+00
7.183658698765060535e+01 2.107929322386725424e-01 -7.704320711776851738e+00
7.084335070381300170e+01 1.672146820847151549e-01 -4.563045261870532165e+00
7.093655966802516843e+01 1.535418403445125701e-01 -5.269327821560480629e+00
7.074871805552402293e+01 2.277551782097227973e-01 -3.597083368874904874e+00
7.088465037306822580e+01 2.047422508989509005e-01 -4.615761366640777297e+00
6.858343778400059421e+01 2.019387518628457667e-01 -2.980227669114497990e-01
6.508101864092444089e+01 5.960901179105313613e-02 -4.157771710017673650e-01
7.030746517877307156e+01 1.071490995676936120e-01 -2.869223581782261778e+00
5.792236075357509151e+01 4.822475625964239843e-01 -1.854256430932080146e+00
7.965579365648795829e+01 1.585373979675579886e-02 -1.853257410866067101e-01
6.921429430240041825e+01 1.822397008749584713e-01 -2.821727372401381939e-01
6.174270772673576602e+01 5.961940839344673781e-01 -3.885657137368442537e+00
7.379987496551211734e+01 2.237596921777559589e-01 -2.323153287768350006e-01
7.189536861289320768e+01 1.757254005160951704e-01 -7.513923931764438180e+00
6.155621916440372132e+01 3.390638559134346308e-01 -2.614616283476018488e+00
6.961214965782201602e+01 1.265329747428741713e-01 -1.424754647106965422e+00
6.410770438252527015e+01 3.525434010160263115e-02 -3.976903971385875036e-01
6.735588474035935747e+01 1.778872793976630784e-01 -2.422018427336600777e+00
7.092541680371886059e+01 1.154871224689674458e-01 -4.726893606306133755e+00
7.693123071667942270e+01 1.296288674834182864e-01 -4.217263666077698758e+00
5.796952465229503559e+01 1.430963677861944727e-01 -1.258752355491383090e+00
6.012297407207191924e+01 2.720957745801618755e-01 -7.473408464485076230e-01
7.169237504367659142e+01 1.847784314274000250e-01 -9.716780508115856918e+00
7.044596970812324344e+01 3.509495498038158745e-01 -1.843933561888728034e+00
7.155145573626087696e+01 1.973169413134736316e-01 -1.016417593725015855e+01
6.685029580218773049e+01 3.582583351009379635e-01 -5.094222058546274745e+00
7.150252626368190079e+01 2.282575011164501566e-01 -9.747327953584587590e+00
7.592286457967182400e+01 1.540823872171308284e-01 -3.914031423314143332e+00
7.270591232541744375e+01 3.409861120095451503e-01 -1.340326235396521959e+00
7.556328060248219458e+01 1.139106131050414278e-01 -4.328436266959050371e+00
7.207495793865405176e+01 1.062031432439259487e-01 -5.021444511922775078e+00
6.658640669741819806e+01 3.037677279820267806e-01 -6.486930318765172565e+00
7.176494538359804665e+01 2.006579283077831732e-01 -9.059138152969355318e+00
6.319826339120963610e+01 3.827480703788458949e-01 -2.615708928434129277e+00
7.223118092725333383e+01 2.096133407525446746e-01 -3.819266007543424823e+00
6.741508479599359305e+01 2.130057753166663126e-01 -2.397195319451665529e+00
6.661421915476799427e+01 1.779499143327058774e-01 -6.568340342252271924e+00
6.988455012028779834e+01 3.468310541841481687e-01 -1.205905355864676842e+00
6.643951080247845198e+01 1.952226552984853980e-01 -7.197197277981741692e+00
6.974546707666200973e+01 1.591096709383379160e-01 -1.601865852376334276e+00
7.182462969752714343e+01 2.812203138097663091e-01 -7.058406111295373542e+00
7.120501218719566339e+01 2.271005572085046664e-01 -7.572005764109697168e+00
6.732047287731123220e+01 3.215424999322384902e-01 -2.953285756489078206e+00
6.577649690057442911e+01 1.876896779211614796e-01 -2.856296513748747934e+00
6.744303295338386306e+01 3.622881135381463835e-01 -2.642824332331984216e+00
6.773428441468695382e+01 3.704792291934404513e-01 -1.661357078704163381e+00
6.655685075957508445e+01 1.337800394759562916e-01 -5.956865334323048877e+00
6.793464306615705084e+01 1.716179536025617958e-01 -1.157357314681835225e+00
7.156957927434211797e+01 1.106711067710683533e-01 -9.491843477701717546e+00
7.140655161307797982e+01 1.967664403666853357e-01 -9.907546742173602539e+00
6.753402368323835958e+01 3.275164377863345466e-01 -2.319212104885128412e+00
7.150185368550647524e+01 7.498877312706427045e-02 -7.485224332563782390e+00
7.158582351111171249e+01 1.885869879864977561e-01 -1.018852083177370460e+01
7.157796492284845158e+01 2.340024359962417089e-01 -9.677941927045306869e+00
7.156597062698995160e+01 2.063815775652322881e-01 -9.979165475044800004e+00
6.888908921032032140e+01 2.310328533266317041e-01 -9.125675135298241814e-02
7.165304560514826449e+01 2.498397529206541623e-01 -9.023644043944331727e+00
7.171054718756175816e+01 3.135048135509168610e-01 -7.819717540260622712e+00
7.012255974272571279e+01 3.645220720467200470e-01 -1.623629461437377186e+00
6.737819807372692082e+01 2.520420689242537926e-01 -2.807597618280226470e+00
7.163082186495320514e+01 1.722534208120539700e-01 -1.013802997738293854e+01
7.447683888544980846e+01 1.113286300367953285e-01 -5.680175351634468850e-01
7.148917315856508026e+01 3.184168879381578110e-01 -8.271967415656828138e+00
6.761783027301433435e+01 2.760111948012542449e-01 -1.960572591569508916e+00
6.769320750998554104e+01 2.149486883884671740e-01 -1.471472903887337758e+00
7.127897452856534244e+01 2.165200379488078086e-01 -8.646951661390167132e+00
7.098049842454993552e+01 1.797649415151357788e-01 -5.423358747751822584e+00
7.177033198854660156e+01 1.941336775025952477e-01 -8.588439381090928748e+00
6.747629674197642657e+01 1.971157115810730776e-01 -2.164368660099881492e+00
7.222862947036506398e+01 4.058351138588119911e-01 -2.418737804802019387e+00
7.183988315278305947e+01 2.134321295192117551e-01 -7.662132577889073204e+00
6.797348052014848463e+01 2.265210571542664031e-01 -1.244616319486081757e+00
7.194838964571501094e+01 1.136346661777434541e-01 -6.232411583639665409e+00
7.161534412273303474e+01 1.407118065282132180e-01 -1.011099429752833068e+01
7.174310732807037994e+01 1.952799291307129592e-01 -9.133234810833558370e+00
7.146861672436691038e+01 1.822866025941882739e-01 -1.019438306741177414e+01
7.145539781629778986e+01 1.859213007535055473e-01 -1.017691731224161522e+01
7.148371148951456178e+01 2.056383457880884835e-01 -1.001935388052433673e+01
7.162898651400470840e+01 1.839789696075983527e-01 -1.004362483945884499e+01
7.149429372661541038e+01 2.090484670644768839e-01 -9.983668907744778664e+00
7.161874380028640985e+01 1.982392954142898067e-01 -9.876887039754416620e+00
7.121179600488201800e+01 1.197091984753151650e-01 -7.842100802742564269e+00
7.188718469594273586e+01 1.880108329841640447e-01 -7.364255020353485115e+00
7.180925472110268970e+01 2.018505699605671611e-01 -8.483084069613221700e+00
7.163270653038031810e+01 1.218058032621239656e-01 -9.599926140738684666e+00
7.153909596807129390e+01 1.466248701288698220e-01 -1.027656264815436593e+01
7.142385746977704741e+01 2.541244142745334167e-01 -9.052770371850295206e+00
7.158789891847273168e+01 1.806535791722786999e-01 -1.025592678608984087e+01
7.169299814692269024e+01 2.433153857518985663e-01 -8.776872700127245963e+00
7.142908506479733433e+01 1.346294911042628106e-01 -9.926495637316961052e+00
7.105651223607610234e+01 1.053649419627191997e-01 -5.766584994942843601e+00
7.167970536934132042e+01 2.464275870284211301e-01 -9.092296563132814313e+00
6.884664751685029671e+01 4.651486989944637052e-01 -4.362108418032923512e-02
7.183294671234850171e+01 1.707396094323936908e-01 -8.243845569321669231e+00
7.224834171066633814e+01 1.253170491013532728e-01 -3.964874486425098432e+00
7.152860685380893813e+01 1.155191329505310116e-01 -9.701775293695456881e+00
7.075656400544848168e+01 1.176568189165957401e-01 -3.903019715665008604e+00
7.159515782704643527e+01 1.515573836307215205e-01 -1.017425992140459634e+01
7.145655413553387802e+01 1.928508750434896335e-01 -1.013230305506441375e+01
7.169127251079775931e+01 1.634811805484992775e-01 -9.887130723600614957e+00
7.138586165219523139e+01 2.282959992432652963e-01 -9.352930832365181857e+00
7.145769501719291839e+01 1.765146630098914371e-01 -1.021464406698829741e+01
7.162848758607795219e+01 1.554483228756064761e-01 -1.018415732747037694e+01
7.156309868287658560e+01 1.451345082155759414e-01 -1.026466731313218261e+01
7.162120799510763902e+01 1.938341960885380244e-01 -9.933356110474623080e+00
7.128853211600952022e+01 2.152346596684670266e-01 -8.651891879921626227e+00
7.147831505254053752e+01 1.670582596152410670e-01 -1.022032330228825003e+01
7.137685945659474385e+01 1.391689380813708465e-01 -9.715903786016612642e+00
7.150431560066920156e+01 2.047504390193542467e-01 -1.002826912433182471e+01
7.138984108589815492e+01 1.808269564484863423e-01 -9.637356503562772403e+00
7.154583029300502517e+01 1.960209456456779575e-01 -1.017684537937166667e+01
7.164542055125465936e+01 2.135350374051848965e-01 -9.658767803534043850e+00
7.157419133867227856e+01 2.030496511202081189e-01 -1.002389837618920332e+01
7.163296905470495801e+01 1.893919050349597288e-01 -9.987189684223473307e+00
7.133045398575295337e+01 1.618074855761021391e-01 -9.126688480881337995e+00
7.138853961645618540e+01 2.031696473611373510e-01 -9.561241522163513196e+00
7.156612544132494236e+01 2.777078016408967565e-01 -8.929420675167135002e+00
7.116753159613176649e+01 3.079418764061858660e-01 -6.575226642223314322e+00
7.172817402394335318e+01 1.830256836952569022e-01 -9.289760474111375288e+00
7.155724817331575593e+01 2.202514463445885140e-01 -9.882456437971697483e+00
7.147011414199451451e+01 2.478054773643953712e-01 -9.352421136630628240e+00
7.138229583882099405e+01 1.459283515698585887e-01 -9.816518150831933909e+00
7.165011255929928780e+01 1.771188359574525084e-01 -1.010651358914916642e+01
7.158933702492002737e+01 2.482945213530783901e-01 -9.305753927105486767e+00
7.143351829426495669e+01 1.837517230096273324e-01 -9.968244485212089501e+00
7.156576063104321861e+01 2.042602866836209230e-01 -1.000731802651139013e+01
7.152281254775452624e+01 1.627583322968343127e-01 -1.033964406545096892e+01
7.152910496770076065e+01 1.913780107921162488e-01 -1.021922365489291629e+01
7.159794415222545183e+01 1.720752576930672240e-01 -1.030702440587614355e+01
7.148181098931166844e+01 1.357867033392041733e-01 -1.011991258352623824e+01
7.142387295371892719e+01 1.989219987256050926e-01 -9.891963019429963921e+00
7.131972950540186673e+01 1.581103674760139244e-01 -9.097318815855340191e+00
7.164517417670991506e+01 1.904434698970267348e-01 -9.976936128291695738e+00
7.157369524852879294e+01 1.716216143663281957e-01 -1.030763859846392094e+01
7.151104581314415043e+01 1.689006275059904139e-01 -1.033886892936684632e+01
7.147365953369825320e+01 2.297528745545939499e-01 -9.725978782297332259e+00
7.160726221211326958e+01 2.571201851999515564e-01 -9.148209783328427491e+00
7.145538324328887825e+01 1.541231600469119278e-01 -1.017014190361485326e+01
7.154269569406942253e+01 2.077013892960541674e-01 -1.004758776436539947e+01
7.154215078105187331e+01 1.347256126865627734e-01 -1.014215504912282562e+01
7.166530003735512366e+01 1.936462444937516736e-01 -9.602856504257035297e+00
7.140715805821702133e+01 1.661942413558850640e-01 -9.971886022620388701e+00
7.152001625113626915e+01 1.612427159614643890e-01 -1.033738007355419875e+01
7.149814903518179676e+01 1.938452297812078007e-01 -1.012419802797572466e+01
7.152582731026816987e+01 2.348585049598712615e-01 -9.655736444820556486e+00
7.154563961541344952e+01 7.443627570988753384e-02 -7.430099994600420032e+00
7.149725710893446262e+01 1.444305109770686324e-01 -1.023577997093931913e+01
7.152471112446690427e+01 2.139773882729683607e-01 -9.966468301465626567e+00
7.148404165813715849e+01 2.192360136829702155e-01 -9.864834619496141599e+00
7.168058066924820082e+01 1.742939976376224887e-01 -9.817189979412821899e+00
7.148839574220122017e+01 1.719944130646594571e-01 -1.022057206098542714e+01
7.154359611639480931e+01 1.472888166947084743e-01 -1.028144942766317094e+01
7.158215011112628190e+01 1.696689431348881727e-01 -1.031565599953352397e+01
7.155096127381334270e+01 2.228452697420788553e-01 -9.844796612745637887e+00
7.156656663817733488e+01 2.222247622873541051e-01 -9.854900986156703624e+00
7.161870815145614699e+01 1.931936469064575723e-01 -9.940814335960842740e+00
7.148997822620420095e+01 2.022854557762791827e-01 -1.005224408398202840e+01
7.150863680410036238e+01 1.084975079089116196e-01 -9.363406468486322964e+00
7.158420404455534936e+01 1.220732868487774958e-01 -9.815065361977598712e+00
7.168043175211644780e+01 1.685484869124188601e-01 -9.858809351535937182e+00
7.155518437957771027e+01 2.399243239331054767e-01 -9.581271992421674710e+00
7.159633694159242623e+01 2.278299154747051303e-01 -9.659722209818761840e+00
7.149999072554388135e+01 1.861897729386886857e-01 -1.017417252897375590e+01
7.148503867006570545e+01 2.176883577532424674e-01 -9.883967883792415421e+00
7.137935780888227555e+01 2.216322815878142283e-01 -9.418436048795365778e+00
7.144424894533165116e+01 2.703363151363257777e-01 -9.023613514873819241e+00
7.153401227167469756e+01 1.294125553482141922e-01 -1.005067272663973021e+01
7.161201452796625233e+01 1.353802699591651615e-01 -1.005223769855236426e+01
7.160047344799480129e+01 1.599509627511497833e-01 -1.018120043523000007e+01
7.143050298265683296e+01 1.560871295452824770e-01 -9.914267731637004033e+00
7.152192551081283511e+01 8.054036592145222273e-02 -7.912672573103273876e+00
7.159394671853566194e+01 8.604843686028917915e-02 -8.306254994004090619e+00
7.160938698544251224e+01 1.961589506877615963e-01 -1.011098545858169118e+01
7.150536783315760658e+01 1.923155450801226074e-01 -1.013529180116884376e+01
7.157777181958549306e+01 2.411802978266965602e-01 -9.562806055737318900e+00
7.134875690039467599e+01 2.076637305600820271e-01 -9.144215582669719566e+00
7.155422656483796118e+01 1.548990405447973062e-01 -1.032000548607554080e+01
7.148943834753075066e+01 2.226152448071999912e-01 -9.822001448019253900e+00
7.150413729149197195e+01 2.151603044502882200e-01 -9.914641128583030039e+00
7.147310794658284294e+01 1.558824801058712739e-01 -1.018030079011303179e+01
7.152755395488036072e+01 1.827493671364432137e-01 -1.028406621986032476e+01
7.157741810545549299e+01 1.265328431318595570e-01 -9.909924892463079615e+00
7.147154629618870558e+01 2.354073935278354901e-01 -9.517665521176047250e+00
7.155674943459287363e+01 1.720916163049599767e-01 -1.030464193708173859e+01
7.153247686988419218e+01 1.786144389098964502e-01 -1.030737743753260460e+01
7.148730729498538494e+01 1.716943109862835992e-01 -1.022084934514871257e+01
7.155144632914129943e+01 2.386961726362318847e-01 -9.600851453180503370e+00
7.164380058672836071e+01 1.075234529330770378e-01 -9.208507527712036733e+00
7.152075879361305510e+01 1.105935751395392269e-01 -9.535809371118634914e+00
7.154339666491324579e+01 1.896857338123485448e-01 -1.023400833409275457e+01
7.145635933171206489e+01 1.754573898651778652e-01 -1.021713281093254722e+01
7.162123148548707263e+01 1.996845690162881715e-01 -9.857995574760535007e+00
7.149813628620712791e+01 1.966058617359613958e-01 -1.010245156456143256e+01
7.151344008550685771e+01 1.594328461612608550e-01 -1.033340036905308779e+01
7.143162379391799277e+01 1.613778952703516234e-01 -9.948590190621560581e+00
7.144089838747105148e+01 1.408024068473000268e-01 -1.002844194406491596e+01
7.138035240032773743e+01 1.440021864814834407e-01 -9.790683032681146258e+00
7.147900848997906564e+01 1.597930521090646927e-01 -1.020048918954271500e+01
7.158337955258325280e+01 1.552281247082697713e-01 -1.032163874802790460e+01
7.159018181308027806e+01 1.940097404935796632e-01 -1.013320844658506914e+01
7.149056541007814758e+01 1.760351207841285293e-01 -1.021428707107596878e+01
7.159936096084524593e+01 1.966080715253137601e-01 -1.010490533343650199e+01
7.157744626069990090e+01 1.707692142000341029e-01 -1.031132794517310458e+01
7.158038057842804847e+01 1.500056021976486076e-01 -1.029913287819305445e+01
7.151073088887866902e+01 1.268050940228231116e-01 -9.939466664983125810e+00
7.148209788172337653e+01 1.476495883440462620e-01 -1.011040547617872676e+01
7.154728791382913755e+01 1.630214605905975223e-01 -1.032850745423687044e+01
7.146494091842555463e+01 1.501092451830350616e-01 -1.013658959611552390e+01
7.144461670245335938e+01 1.989970238396462643e-01 -9.890201666063644481e+00
7.145611243934548895e+01 1.490808402775276320e-01 -1.012769176446512809e+01
7.154140094704445119e+01 2.020957401180315527e-01 -1.011297792710172772e+01
7.146808420541766793e+01 1.975469733622092217e-01 -1.009494561460211237e+01
7.157606165385413988e+01 1.902553310026673661e-01 -1.017132930353040088e+01
7.156037084461330267e+01 2.021335996926353629e-01 -1.011347929187054184e+01
7.152880248391619489e+01 1.444794751019921886e-01 -1.023446833446480575e+01
7.157414260980181098e+01 1.596931827905589407e-01 -1.032957259224507673e+01
7.144185722164046126e+01 1.416555824512877038e-01 -1.004065038118247521e+01
7.149798848584227073e+01 1.910171062946267595e-01 -1.014450560380849353e+01
7.151204684397760047e+01 1.785884248322534562e-01 -1.030724575997684411e+01
7.154058451531602714e+01 1.698766310659027556e-01 -1.033717698272681496e+01
7.146179043674622733e+01 1.729846998239983336e-01 -1.022097626693418171e+01
7.147956985184194423e+01 1.541379046928664232e-01 -1.016808791358778485e+01
7.153589122186446048e+01 1.756149905460292482e-01 -1.032072252669370016e+01
7.153420645318908555e+01 1.671347324408296586e-01 -1.034058369596712978e+01
7.150159711207230373e+01 1.613375051642422786e-01 -1.033792096400138050e+01
7.156118898187338573e+01 1.665466627046234827e-01 -1.032365472778187865e+01
7.156666039793026357e+01 1.689662534883905609e-01 -1.031723259521186442e+01
7.148618118773651986e+01 1.615911584414664315e-01 -1.020703654530099413e+01
7.156044382590501129e+01 1.794438406535267816e-01 -1.026263685189453234e+01
7.150830432392953639e+01 1.610042408593189700e-01 -1.033716467151818286e+01
7.150460548679269834e+01 1.579302752026586765e-01 -1.032904591669033323e+01
7.154878512725377959e+01 1.799099109927045914e-01 -1.030093007533582217e+01
7.149830474688864967e+01 1.522502340132949883e-01 -1.030191187919244378e+01
7.150372877339739830e+01 1.794508749141650039e-01 -1.030270782231332305e+01
7.152048462691348618e+01 1.475394747107708071e-01 -1.026512572938331580e+01
7.153968486357969425e+01 1.779408046036150548e-01 -1.031071711812003500e+01
7.150964446712771405e+01 1.554637824514331079e-01 -1.031899683856238958e+01
7.156359941022422788e+01 1.443289242570089392e-01 -1.025764040614353689e+01
7.156237131173354271e+01 1.807844887174572257e-01 -1.025314916822624589e+01
7.151185810386593289e+01 1.713310860836049221e-01 -1.033419940057510900e+01
7.153368509790414009e+01 1.639146757857895820e-01 -1.034056347684063937e+01
7.150272357737652840e+01 1.481876168586301334e-01 -1.027168420114455216e+01
7.148139635433527417e+01 1.479188240769205021e-01 -1.011332619966202984e+01
7.151230493377538266e+01 1.597691518744274175e-01 -1.033430656610741671e+01
7.148315630528230713e+01 1.599872398448290989e-01 -1.020100537689669373e+01
7.154256302225410025e+01 1.470641955007424007e-01 -1.027982566701816225e+01
7.151438807384478480e+01 1.466910850178030079e-01 -1.025764605929649420e+01
6.808847035278969884e+01 3.907011632113889799e-01 -1.126622207023616040e+00
6.088094627597951103e+01 7.080284488227688300e-01 -2.668472506260069488e-01
6.328191655379256986e+01 4.567877754215778352e-01 -2.515945522769310827e+00
5.813265837394788349e+01 7.065805889465895558e-03 -2.902657873219495421e+00
6.038683563206824090e+01 5.506024563584305254e-01 -1.378714708724572136e+00
6.160539832017661155e+01 6.011176040003129994e-01 -2.687703193927057033e+00
6.621851208549698242e+01 2.936797422329057716e-01 -6.801226742776267820e+00
6.261292395149440893e+01 2.835950166796557745e-02 -1.455336297450610106e-01
7.792143266889269171e+01 6.436086646332422889e-02 -2.824149104754237971e+00
8.129784534725226308e+01 7.758563009546280975e-01 -2.821317219756077146e-02
5.994193623780698488e+01 7.774926784898906762e-01 -6.942101393665924824e-01
6.919743419445735810e+01 5.021121268378984093e-01 -3.552312739374545447e-02
5.881447044773194222e+01 1.380346664688909819e-01 -1.214160584700953560e+00
5.946619846592098213e+01 5.903744576712337960e-02 -1.179573716514794590e-01
7.702747920865502351e+01 7.023358019917642636e-01 -3.196910121224464940e-01
8.512095107199014876e+01 3.186443595601664014e-01 -1.377498776848511131e-01
8.550964892260029160e+01 7.299919988919983949e-02 -1.880016181172743384e-01
5.745910934292406580e+01 6.581858846734416346e-01 -1.366851490194038454e-01
7.170836486481707084e+01 3.063152209229054179e-01 -7.954598574949053535e+00
6.999794272857580779e+01 2.985561713515514914e-01 -1.669294097501879515e+00
6.482789532793518106e+01 2.466255633934348046e-01 -2.702999548285349718e-01
8.271512016426672176e+01 6.128293964847060238e-01 -7.744345554754862582e-02
8.590123623346406134e+01 7.473622080917269317e-01 -1.620235793541564134e-02
8.460753420739894182e+01 6.448103791003529928e-01 -7.560385742231444384e-02
6.875394404797845027e+01 4.355819459142379890e-01 -1.067199388422424428e-01
7.831763664974910455e+01 2.128613780663438648e-01 -9.089049283378082267e-01
7.486917706290051910e+01 2.803406918993244790e-01 -6.139168512140611433e-01
7.386921958555768697e+01 5.613079175423854039e-01 -4.687600020065889328e-02
6.552953860782497486e+01 3.359993999237779749e-01 -2.834744024590974298e+00
8.154997959666894758e+01 8.491620210163969631e-03 -3.516268500970024524e-01
5.976216715009189073e+01 2.758800973806811441e-01 -2.654405578573505453e-01
6.296563198941737483e+01 1.822096183826772409e-01 -2.847021211328550017e+00
7.891205157630817268e+01 6.345266528857549382e-01 -2.233042968875277312e-01
7.227174999404118694e+01 5.544302756909226249e-01 -1.637594695445897086e+00
8.195091413031450145e+01 2.032815418438814747e-01 -9.903659587939600550e-01
6.351433731775073710e+01 4.909464522968632894e-01 -1.421791125217574780e+00
7.941867888416879850e+01 4.157739049993703917e-01 -2.279351641906416370e-01
6.471424097191848546e+01 3.827385884093404966e-01 -3.880618605491854556e-01
8.378891424483427386e+01 5.851713247058301093e-01 -3.455175815493494174e-02
8.288010958040908349e+01 4.174935656092003677e-01 -2.558130039484879381e-01
7.603549157972761918e+01 7.271968885950268469e-01 -5.227860955188347036e-01
8.047453106567436976e+01 7.594857439490150242e-01 -1.064913889932728314e-01
7.551172171131233313e+01 3.374301959309420340e-01 -1.656178683340336022e+00
7.143379354158616934e+01 7.935458726866837509e-01 -3.633036779928089377e+00
7.257445144643270396e+01 4.243158764139585704e-01 -1.418200225255754621e+00
7.137035607230761514e+01 6.711773641895508735e-01 -4.249263549243439186e+00
7.815640308732855601e+01 2.376748647057682629e-01 -1.095428818636100310e+00
6.411018660840375105e+01 2.212509253753877081e-01 -3.137663329833465659e-02
8.103089896475732701e+01 6.892870836502384968e-01 -5.916342140015996148e-02
6.945911925537750164e+01 1.574915193609427166e-01 -7.766702411848490639e-01
6.842008363716327324e+01 5.182598106913606228e-01 -5.595449287791577353e-01
7.986271131110495958e+01 7.643633245615262251e-01 -8.980450413197881010e-02
7.529490440005298524e+01 5.817754811920182734e-01 -3.755416151355612797e-01
6.695742583388324931e+01 1.703759211503019511e-01 -4.156287525807901062e+00
8.514029876770474914e+01 1.934851470596442580e-01 -3.147473659765916976e-01
6.736074410468985718e+01 4.053350668681496849e-01 -2.880734950393723626e+00
8.211798797684747342e+01 3.755664556948177246e-01 -1.861184176925498035e-01
7.059615927481524977e+01 4.413878756311122586e-01 -1.875713899417609021e+00
7.309103269444909756e+01 4.740996342559281596e-01 -2.731219306587618911e-01
7.915259499438738544e+01 6.214179780884022675e-01 -2.433387264973274899e-01
7.672629105657541970e+01 7.370630929016077637e-01 -6.199318201873833534e-01
8.321829972363332217e+01 7.333997547059705191e-01 -2.508028976867441098e-02
7.714374105377790158e+01 1.897175752696706741e-01 -4.085004246870422406e+00
7.435050363454953981e+01 1.469201380898137177e-01 -3.840343602089152375e-01
7.026500202150681673e+01 3.477682997926668795e-01 -1.752490678968205762e+00
6.215773395138845103e+01 1.166582189375020423e-01 -1.988178394536292748e+00
7.314956036286230301e+01 5.115275385392901164e-01 -1.935613788422816117e-01
8.068859466288938620e+01 6.854793329649373490e-01 -1.174713366804570891e-01
5.781002474138561809e+01 6.262153551772424720e-01 -1.108332934438008177e+00
6.762492136670722687e+01 3.221193477553503381e-01 -1.969301599422757620e+00
6.883668796837554282e+01 2.265913975706793926e-01 -1.081308967994942943e-01
8.410728124923555526e+01 4.861637683808904820e-01 -5.107365287757235917e-02
8.243786957062837928e+01 2.532302683786827879e-01 -1.079534293600070471e+00
8.024570047769225312e+01 4.916792013647986598e-02 -1.440840189937621307e+00
6.575944514800175966e+01 5.944434321062840310e-01 -2.707237220748129225e+00
5.864782439167435513e+01 8.031792167406694161e-02 -5.408330206429432518e-01
7.413968083744026671e+01 2.582691208952457296e-01 -2.011255394981766864e-01
6.124126202080946513e+01 5.680925953769252468e-01 -1.540889532170762077e+00
6.366346812884204098e+01 1.640228245474156799e-01 -2.267073902315267786e-01
6.229154331759827556e+01 1.228663945344455888e-01 -2.307525444206870446e+00
6.785881738298785137e+01 8.852427512082805539e-02 -6.690755645315212830e-01
6.969421253010744977e+01 6.512367417999702646e-01 -3.357606355407194987e-01
8.436580706844632971e+01 5.268456407319329626e-01 -9.258178611252693146e-02
7.458823710811427077e+01 7.910807150636429697e-01 -1.250811656500105118e-01
7.872760323488552103e+01 5.388104171921211938e-01 -1.645607792693948856e-01
7.577583178831416433e+01 1.297469404799282133e-01 -4.330915196593928762e+00
7.340780824217765144e+01 4.681140215494884460e-01 -4.515063919193116476e-02
7.627845203868028534e+01 2.225300283126540810e-02 -1.319212483940144232e+00
7.756586839181667870e+01 3.778159817271108806e-02 -3.396641150974761825e+00
6.652404752568135393e+01 3.603841833867025279e-01 -6.422464690527325715e+00
6.168579133485521737e+01 4.539752070154559060e-01 -3.346446351199604319e+00
6.447420110442058672e+01 3.944658237329818351e-01 -6.645671686439877934e-01
6.610440134196116446e+01 5.323902862624436683e-01 -4.533482752155616247e+00
7.204326837817797013e+01 1.078249713851568564e-01 -5.032557057658209487e+00
8.342076349879118879e+01 1.008757254478734877e-01 -1.168633727694990077e+00
6.524159074283903692e+01 2.647506318869640163e-01 -1.459778216325032796e+00
6.071217958190349151e+01 7.180235443002165319e-01 -5.396777649673548810e-02
5.920582489674396953e+01 4.031409532070078655e-02 -1.995030915326016230e-01
7.088272979424402820e+01 6.726329477342134489e-01 -2.328171969679669662e+00
5.820025395593383877e+01 3.599741989152102084e-01 -3.243649331562787452e+00
7.437161630603367257e+01 6.506114902623798546e-01 -4.351591679935500750e-02
6.189867836449388960e+01 7.980657525116359174e-01 -5.001929316230983247e+00
6.933040959455829011e+01 2.025118279006797306e-01 -3.826655521010264294e-01
6.139845037415970808e+01 7.339300916013611342e-01 -1.974411699298203260e+00
7.552025501977928457e+01 4.317596276214519246e-01 -1.087995591862160216e+00
7.147390300958856812e+01 6.327111214888605506e-01 -4.608402311141213126e+00
7.804702776145948917e+01 4.519715524840439702e-01 -5.536113782406808514e-01
5.843046855700493580e+01 7.202540141359496939e-01 -3.246121792043390464e+00
7.460958654346148933e+01 1.138553167555849677e-01 -8.268802061858683272e-01
8.586567901996737362e+01 3.284196009766391366e-01 -3.634540019106830000e-02
6.304911227521974126e+01 4.014471368764916948e-01 -3.234610290958953360e+00
7.121197274486625872e+01 5.028823574599619040e-01 -5.044349115201932854e+00
8.030722521119884050e+01 4.102994949069835307e-01 -2.675020749649361651e-01
8.548002824084494478e+01 3.608739030430669903e-01 -9.512013457982421150e-02
7.349952427016563661e+01 6.469169363471455499e-03 -6.638232235554170080e-02
7.025486947980542141e+01 2.614596439227338531e-01 -2.120166032129601419e+00
5.988080045709579480e+01 7.187253047410848694e-01 -5.861469949408874003e-01
6.687700985584224611e+01 7.027039972404814927e-01 -4.106111442210347739e+00
8.143631148758618110e+01 2.110009097582483395e-01 -8.689639878828803177e-01
7.664349492519330909e+01 7.710630673129611479e-01 -6.239412679128337746e-01
6.514226677489453721e+01 3.435156287797795360e-01 -1.044640670478365507e+00
6.034076840802312347e+01 4.788098656261323693e-01 -1.359223811689076911e+00
6.466770159926200279e+01 8.433735375580684104e-03 -6.102275024750445503e-02
6.624823838264580900e+01 5.390461616833879255e-01 -5.649908034293124715e+00
6.246643402591696059e+01 7.630208667590414606e-01 -3.803837679335583477e+00
7.092571122490095092e+01 7.766856471408618567e-01 -2.363121718966254559e+00
6.392340591334856015e+01 3.077404200862476347e-01 -8.954371201066547992e-02
6.550847139471781588e+01 6.423737024289349895e-01 -2.364174174422120966e+00
8.068185778541268860e+01 2.727596479928754425e-01 -6.544248162111975242e-01
7.245127504498665871e+01 1.820474331159811221e-01 -2.946006363154888952e+00
8.438372212799222893e+01 5.660865129989592903e-01 -8.193330432497397675e-02
6.576352148813813869e+01 2.266637257760467095e-01 -3.051018139600917056e+00
6.321840072213333883e+01 1.291253489813506961e-01 -1.408897860061826490e+00
8.484843563002546318e+01 3.722962474047886161e-01 -1.630709635145142222e-01
6.764221738934053008e+01 6.043158399470029973e-01 -1.866798312185808717e+00
7.882925012327888226e+01 6.664492545514728583e-01 -1.968430953531798977e-01
6.056715339209304005e+01 5.484220916646973532e-01 -4.096866310214702378e-01
6.879128786496130488e+01 7.449458273341612591e-01 -4.212273016155070049e-02
6.945677972177389847e+01 5.111176618354568157e-01 -1.527674867892015731e-01
8.401606357176790141e+01 2.962804673791129551e-01 -2.090675455127271321e-01
6.445901294344584187e+01 4.822660097571795923e-01 -7.303346943434112504e-01
6.615952572405988974e+01 7.950620098732497087e-02 -3.608823711117992161e+00
8.089138493289976850e+01 1.468083208679488993e-01 -1.362971662438654530e+00
6.980399513622678853e+01 5.715115924442456530e-01 -5.763688049494694043e-01
7.771543989544947806e+01 5.866891608273575587e-01 -4.361402442770784815e-01
8.021763228589013295e+01 2.369245603093004804e-01 -6.615349421363531102e-01
7.622568086920524877e+01 3.940327631643996131e-01 -1.504026877994995237e+00
7.381460676293475842e+01 3.224306584237754958e-01 -1.363342365762053032e-01
8.345338675241322335e+01 6.127898161882260747e-02 -1.013288497135700572e+00
7.575801429296608092e+01 4.325289688139168920e-01 -1.292275808564409045e+00
7.536695636155165801e+01 1.082365250784877164e-01 -3.681370219570218705e+00
7.697009933128271086e+01 3.903174284449209552e-01 -1.389301980122337410e+00
6.369100852992946216e+01 4.681859959137359417e-01 -6.035092503376032758e-01
6.677772866532441753e+01 3.829298863649430729e-01 -5.458737324157521442e+00
5.869754132619339515e+01 1.698261025690859793e-01 -1.747841449613057652e+00
8.224956281420547555e+01 9.809928588327189447e-02 -3.551140962378659616e+00
7.219402077325973721e+01 5.353393012614096058e-01 -2.109164205350838373e+00
8.132661226057496151e+01 5.273602387691146420e-01 -9.678141450226315778e-02
7.491040880594535167e+01 1.865609450285465321e-01 -9.840449589878126346e-01
7.269240721023818708e+01 6.798499698601975227e-01 -5.944675212754981786e-01
6.487011893008954644e+01 4.448244063037218865e-01 -2.145654552467922416e-01
5.938431280343329632e+01 4.954711892265967754e-01 -1.333156514280640526e+00
5.804657374038072959e+01 4.581551094756900477e-01 -2.759958434738257971e+00
7.882422018619189430e+01 1.942568659127745512e-02 -1.750354063105117319e-01
7.922027688978832316e+01 3.171505577679980536e-01 -2.646676348813090662e-01
6.088964733381267536e+01 5.191128538649637525e-01 -3.099751637607736088e-01
8.326538711327137321e+01 2.956048311488517211e-01 -3.246000269650261005e-01
6.818512335276552960e+01 2.852100942950753781e-01 -1.018015268639765880e+00
7.308400537158424015e+01 6.081936225650840244e-01 -1.802088706932802042e-01
7.066116227147114159e+01 1.668718357972760191e-01 -3.517277875127126752e+00
6.786725580192512552e+01 8.788250119606949573e-02 -6.849713000333077506e-01
6.257177492957423226e+01 6.509309536707057198e-02 -1.191993161796955913e+00
8.227923087129144619e+01 6.282888900454879355e-01 -1.303997382180166476e-02
5.909596319376651508e+01 6.210640769677731043e-01 -2.067816419288468932e+00
7.956080977128657139e+01 7.860764876998644901e-01 -1.715918546130315858e-01
7.638308919081688941e+01 5.965343873925048612e-01 -8.823253360208433982e-01
5.788708604260541790e+01 2.510412539142947153e-01 -1.614305417286685973e+00
6.200865513429306475e+01 4.040718581634362983e-02 -5.069761085661429745e-02
6.717178011076869382e+01 2.173002398698061777e-01 -3.317981548360360300e+00
8.384301659225613435e+01 4.991262111755698921e-02 -6.286621804184043816e-01
7.764667198894689193e+01 3.486327931906911815e-01 -1.560138225870190798e+00
7.180285676160131914e+01 3.112758951434266286e-02 -2.816552834452706211e+00
7.849966869270625125e+01 1.525841695092566841e-01 -7.183894148591716267e-01
7.987310658323249868e+01 7.041662800085942697e-01 -9.794073419620857868e-02
5.900972249625867505e+01 1.277284058145087553e-01 -9.846874808535803769e-01
8.536788975051395312e+01 2.654150465471766807e-01 -1.830906979383334077e-01
7.015088378437124561e+01 1.399945316274254226e-01 -2.564510919743201445e+00
6.884633380366445010e+01 5.830836686288732862e-01 -2.555447809865749390e-02
6.826674009554655242e+01 7.545675549214128086e-01 -6.428260243651703343e-01
8.177688548738329644e+01 1.928010415415249701e-01 -1.022671946002227994e+00
7.332226088938350017e+01 3.523594349875331933e-01 -1.110231227377934948e-01
8.466847728610089518e+01 3.739389110162270879e-02 -5.425974290971168346e-01
5.996427557540251030e+01 6.915870085092981068e-01 -7.364930011739960758e-01
7.405157997289560967e+01 9.451230803091166532e-02 -7.180551221631240599e-01
8.256173692317138091e+01 4.193698346891590600e-01 -2.775151576658964059e-01
6.107374246923399852e+01 6.826936685216122846e-01 -7.118543147480191902e-01
5.744502639620007756e+01 7.420486487457089719e-01 -1.271457700653447487e-01
8.302915856910779269e+01 5.525529916305271794e-01 -8.161925766857276721e-02
6.339060859570614070e+01 6.592637425159514342e-01 -2.212363075728088546e+00
7.727860745045890667e+01 2.468653744498268132e-01 -3.282801565637150532e+00
7.186681862226875239e+01 4.438321619470727564e-01 -4.558898943726685360e+00
7.118966805075491777e+01 4.016534606939674568e-01 -5.824571366076511048e+00
7.280043015595562395e+01 2.836485349564336067e-01 -1.230623770906035919e+00
7.159631696396603218e+01 3.613461541481922668e-01 -7.461998377246764846e+00
7.415823812660141812e+01 7.183008511893951287e-01 -2.851079172228578387e-02
7.183467178503508421e+01 3.275612292158020522e-01 -6.235094174290054525e+00
7.524926892985548932e+01 1.982749665917926674e-01 -1.966931603490255087e+00
7.128483794242055183e+01 2.308017109147027512e-01 -8.558362766039842029e+00
6.965258939853742959e+01 7.211544131148676096e-01 -2.339595521744951001e-01
6.431920258322944051e+01 7.786657119291914286e-01 -7.179407311724005369e-01
7.699601671076061393e+01 7.150927944283966831e-01 -3.016200250878461331e-01
7.927235843823882533e+01 1.089055048972382284e-02 -1.387931079121269839e-01
7.041652238515830220e+01 3.775136051030481554e-01 -1.735076819232225898e+00
7.144015772367426109e+01 3.178228710056894002e-01 -8.163759416567229366e+00
7.072670585123462672e+01 5.298232242162564942e-01 -2.099449746558345264e+00
7.134220861769767907e+01 1.840444932211508511e-01 -9.208552441118561305e+00
7.230021119430182353e+01 3.221904915565164673e-01 -2.590741846727383724e+00
5.802458039836191972e+01 3.296316884067943542e-01 -2.427510468465922777e+00
7.152716185717667940e+01 2.898126096547944397e-01 -8.773634857390158359e+00
7.116038393545757401e+01 3.106396083204559719e-02 -1.356022273352730068e+00
6.694186982549108222e+01 4.303744726260604891e-01 -4.291140539176486968e+00
7.063533936750717146e+01 2.143953970039764664e-02 -3.784617006422228980e-01
7.640979175007885260e+01 2.765309474151282920e-01 -2.554711471225494357e+00
7.004581119801524380e+01 7.429924772567185476e-02 -2.376732611998796596e+00
6.824802736759188804e+01 3.678304978081408105e-01 -9.491306414501103905e-01
6.572353781576748588e+01 7.691524842523737027e-01 -2.452759975198721687e+00
7.142725244443128929e+01 2.647656720959789545e-01 -8.914417062592068675e+00
7.165685737378883857e+01 1.850703148731647485e-01 -1.003638032576693639e+01
7.175636386651356702e+01 2.169538609348400926e-01 -8.791951360535366078e+00
6.268356822779307436e+01 5.517802693211181220e-01 -3.658905337554262616e+00
7.052773784632663023e+01 4.389098937348022145e-01 -1.720804058621405286e+00
7.246586999128446394e+01 7.769711157481478114e-01 -7.294758543966075592e-01
6.653902209782407340e+01 7.455161907085567918e-01 -4.624139107113924396e+00
7.184671361570741510e+01 3.186139244503216061e-01 -6.391813518328331334e+00
7.166660617126163402e+01 3.093713730570827325e-01 -7.888701105706840799e+00
6.717206527114350934e+01 4.493052089455005366e-02 -5.058947800919301185e-01
7.175005648034058936e+01 3.386625545600647769e-01 -6.983661545493118794e+00
7.085631985671156485e+01 1.902530702475143665e-01 -4.615054821663210127e+00
7.160348110896308071e+01 3.294834070444840335e-01 -8.007991339667816177e+00
7.657897638460448775e+01 4.650422605462103953e-02 -2.580218787068979225e+00
7.140786054820232209e+01 2.952523929838077321e-01 -8.490588541571899128e+00
7.118533512810581954e+01 1.432095804032365027e-01 -7.817825990013356652e+00
6.538250453921710914e+01 7.180864481770501406e-01 -1.887916604465385673e+00
7.281856892533474479e+01 7.267184313243051363e-01 -3.907122956559979099e-01
7.203811472267307181e+01 4.134423358478891419e-01 -3.636214263018541892e+00
7.080968635642427955e+01 8.798813479275900684e-02 -3.511035534310742889e+00
7.152316581614253721e+01 2.791057788026402586e-01 -8.954238765878542949e+00
6.745762011802310099e+01 5.944974449603266375e-01 -2.521473717559411298e+00
6.631316779708208742e+01 7.418796259495359369e-01 -4.885005310019747249e+00
7.756640695261243934e+01 9.897607636905075834e-02 -5.280212431894137026e+00
7.150966957008479596e+01 2.941991268758666345e-01 -8.697801920927140884e+00
7.164104721700327616e+01 2.600685909252214434e-01 -9.099046301077256871e+00
7.154545057690478416e+01 2.102348302758077492e-01 -1.001626528669451588e+01
7.135618524723304290e+01 2.413829174615319539e-01 -8.880567994327385861e+00
7.127445959680656529e+01 3.410098749609941082e-01 -7.080804957179850589e+00
7.433137177918074201e+01 5.251943575485239490e-01 -4.404875008721020196e-02
7.151047531918207767e+01 1.574415629877274903e-01 -1.032716001115202431e+01
7.161101397454112316e+01 1.467548943258789040e-01 -1.015520554246566221e+01
7.155216929377569102e+01 2.421780335883808033e-01 -9.544160932424238908e+00
7.139117569726693091e+01 2.735406405760022475e-01 -8.796767908249728762e+00
7.162413182340678475e+01 2.766145562205281072e-01 -8.788695735306973233e+00
7.143499838912529754e+01 2.567996108547508372e-01 -9.224632794311331097e+00
7.172909393562071045e+01 2.892426363288639890e-01 -7.898735892119274737e+00
7.170341137598668979e+01 2.256930894237163254e-01 -9.103057119478423331e+00
7.146062223685058257e+01 3.286274742004486882e-01 -8.006948751939489739e+00
7.125582040069924972e+01 3.513635013964615528e-01 -6.617507124245883610e+00
6.657389686552947694e+01 4.698013646332663273e-02 -1.438566726083928549e+00
7.171758952922458263e+01 2.401054017746305780e-01 -8.842660476891776256e+00
6.625712921157216329e+01 5.678220101772927242e-01 -5.531720917524255654e+00
7.122556418332041517e+01 2.635987681038051700e-01 -7.367205259077563184e+00
7.134023120982061528e+01 3.771042065475846972e-01 -6.970726995630950107e+00
7.105659275800340424e+01 2.892422667290783234e-01 -5.753458790171144699e+00
7.158326595761909061e+01 2.923601531059210057e-01 -8.667883602162564927e+00
7.152381431586184135e+01 3.057316443357355751e-01 -8.502694779443412898e+00
7.145128981472660712e+01 1.897262087442969092e-01 -9.943937900545675390e+00
7.160666796835063508e+01 1.382506175354706601e-01 -1.008598006152878845e+01
7.145543603595368154e+01 2.275906854054800948e-02 -1.362227426819341947e+00
7.172044895928813446e+01 2.126366439570710060e-02 -1.705615300426188696e+00
7.157193772218190020e+01 1.238512126347726394e-01 -9.928702398802434104e+00
7.149768235834770280e+01 5.787586298526342654e-02 -5.866710712986948906e+00
7.152201731292278453e+01 7.989098703742107677e-02 -7.864468995900156578e+00
7.238600885613900005e+01 2.567791462838555083e-01 -2.734142480788315677e+00
7.155487783727595286e+01 3.917052753098432261e-02 -3.751186418940981149e+00
7.150570940055456504e+01 2.058563709259033370e-01 -1.001714838498804028e+01
7.131533135704376036e+01 2.737986007429108470e-01 -8.166354492008212063e+00
7.151401896886621046e+01 1.514690694963399809e-01 -1.029619465871763140e+01
7.150498646597428376e+01 1.885305351194556112e-01 -1.016044864451273710e+01
7.213083050315280786e+01 2.741146405495677452e-01 -3.893077612689624711e+00
7.169040358849369454e+01 9.943598893296345942e-02 -8.623635034602465055e+00
7.142844521205428521e+01 1.351817429372702273e-01 -9.936884918220750151e+00
7.176688489856000785e+01 4.794518275158687198e-02 -4.593630922464464916e+00
7.191877549095286781e+01 2.474027746111636117e-01 -6.446243309818969536e+00
7.144340022712377447e+01 9.437171577195659078e-02 -8.461249832549837535e+00
7.138633635297343005e+01 1.078338677738951007e-01 -8.810585612059790961e+00
7.148219056559700846e+01 1.702912508121934565e-01 -1.022170845773388947e+01
7.156463382682109398e+01 1.056426033575963708e-01 -9.337924596607910743e+00
7.140112202241095929e+01 1.467994855324097729e-02 -4.057600256032054542e-01
7.171713808566181569e+01 1.709443926811218262e-01 -9.409112659702557835e+00
7.164579984244909383e+01 6.244665320709456152e-02 -6.286679454113254906e+00
7.163325603917650142e+01 2.595205413902740288e-02 -2.230513103721828205e+00
7.166508541462803805e+01 1.831526377769840397e-01 -9.729877939130298969e+00
7.161331094737397507e+01 1.510019476659192339e-01 -1.017382607945974549e+01
7.145780162157313953e+01 2.204376431267237868e-01 -9.695491879152349668e+00
7.155259894446508895e+01 1.640393942633470437e-01 -1.032768700078556812e+01
7.165063865904633644e+01 1.494806534846992996e-01 -9.898870104599852837e+00
7.116310110645331122e+01 2.308937258429757111e-01 -7.019023498636909331e+00
7.156077717539129424e+01 2.078220958918912398e-01 -1.004712534228008458e+01
7.159038921446025938e+01 3.146830837423860716e-01 -8.268084463195677358e+00
7.146070065221152845e+01 1.668839431063444678e-01 -1.022122118311760630e+01
7.151262781323627848e+01 2.014489811978542599e-01 -1.011874120665822474e+01
7.154963331540587035e+01 1.447646407843498906e-01 -1.026151561024722803e+01
7.168785551123554001e+01 1.654848301651534737e-01 -9.877271056188245524e+00
7.156994045625236822e+01 1.768668070033159179e-01 -1.028014091277492348e+01
7.153814501886705557e+01 1.376917185067294269e-01 -1.018456938555437397e+01
7.140499409285183674e+01 2.045297830485314217e-01 -9.551181263702320123e+00
7.141147890380742069e+01 1.598600912608555413e-01 -9.942578549218788808e+00
7.160914913897616429e+01 2.191156957296192531e-01 -9.799862500273215815e+00
7.139248114582647986e+01 1.505102905923844103e-01 -9.868801235898795099e+00
7.167149088659532197e+01 1.964850830499384193e-01 -9.565512370839414302e+00
7.161531899317625971e+01 1.704435583397863330e-01 -1.014684116773037736e+01
7.153517773518868239e+01 1.881107455548229335e-01 -1.024640637359069117e+01
7.166844451212149636e+01 1.407139741028149427e-01 -9.860774262160475701e+00
7.150788206216290632e+01 1.736552934566929218e-01 -1.032760381235743807e+01
7.138575564293830666e+01 2.234601129074167136e-01 -9.400718099588363685e+00
7.145133881705227452e+01 1.979597662291742721e-01 -9.896887858964174001e+00
7.159538077007688628e+01 1.634665087034528064e-01 -1.033002339828331628e+01
7.154487724870463694e+01 1.889214429565325426e-01 -1.024026552792031985e+01
7.151517736312457885e+01 1.548337823501430011e-01 -1.031578875402145634e+01
7.149233432726717297e+01 1.682785704370971247e-01 -1.022057530438985751e+01
7.147838722469928996e+01 1.649877099301800265e-01 -1.021702580697274954e+01
7.157383160811242817e+01 1.584165964662223036e-01 -1.032822342859423692e+01
7.151841607601735973e+01 2.007728758255076795e-01 -1.012643090457216388e+01
7.161456301376306044e+01 1.493102396485089245e-01 -1.016773497197565668e+01
7.160635978019939785e+01 1.837188874748836853e-01 -1.023348984308288578e+01
7.138291515487655658e+01 1.730254153826121244e-01 -9.631398071827490526e+00
7.145375555614783991e+01 1.763375546982903774e-01 -1.021525492658804524e+01
7.140772968033073198e+01 1.911580043219751335e-01 -9.940095707910581169e+00
7.134222847978921322e+01 1.704716610225655293e-01 -9.630718211684593300e+00
7.148150289167814719e+01 1.578559536540833641e-01 -1.019095855413227980e+01
7.158220051415881358e+01 1.876456417508710894e-01 -1.019712835202223999e+01
7.152013453240273577e+01 1.772764272743424796e-01 -1.031357267698374258e+01
7.138115710023582494e+01 1.941798783172102583e-01 -9.607857664758444827e+00
7.155530981009636093e+01 1.822648850943207055e-01 -1.024135330867516203e+01
7.156661875532817874e+01 1.746702474792708459e-01 -1.029254342239692299e+01
7.141656984517815943e+01 1.619355316833459291e-01 -9.953319008947072888e+00
7.139077998700092564e+01 1.595559046610610654e-01 -9.943369364065956617e+00
7.151153376256647221e+01 1.480546200409107171e-01 -1.027010500868562914e+01
7.147235417693724457e+01 1.955973612784788207e-01 -1.011096341569371226e+01
6.764786676611873872e+01 7.963291168212891513e-01 -1.636599669153554260e+00
7.160075914106997175e+01 1.976414152572746330e-01 -1.009304011536951329e+01
