2.731221145379125801e+02 3.248462569016685730e-01 -2.252287282549623182e+00
2.266099692540472574e+02 7.492580630584236845e-01 -9.285633923773112031e+00
2.380805259651862116e+02 5.939230149702802164e-01 -1.368266250590357735e+01
2.920182894954710378e+02 2.886477876358302386e-02 -3.377169951255853952e-01
2.906026914657609268e+02 9.486603435686319363e-02 -5.718496675398710316e+00
2.662448059397932525e+02 3.420415770509117603e-01 -2.875969140461295037e+00
2.308993750288541946e+02 3.660788442048750757e-01 -1.592315136082125715e+00
2.669647017094257535e+02 6.666086745690463777e-01 -1.114877596944948257e+00
2.736535859571081915e+02 1.839211154557508429e-02 -6.506974980608468684e-01
2.554639873973907811e+02 3.161043222013856235e-01 -4.784853186988099472e-01
2.332910724827487456e+02 6.541016175498223229e-01 -5.886633973090732219e+00
2.835552165002823699e+02 2.723910437544152519e-01 -5.876033490292103423e+00
2.201352166636687286e+02 1.065488156606742287e-01 -2.317195313588510108e-01
2.842163397245834631e+02 6.046278792574525385e-01 -1.015193881727652458e+00
2.413415298109480887e+02 6.150045384975297985e-02 -3.192185701505343559e-02
2.590464716226732094e+02 6.722574299203764037e-01 -1.355702521939013927e+01
2.647783848383959366e+02 3.081243183654303053e-01 -8.148447210347146807e+00
3.118671946842695775e+02 5.373827346039216080e-01 -3.132915918513157205e-01
2.891923488339368760e+02 3.284607006225410963e-02 -1.486201258689783700e+00
2.579909021177321051e+02 7.017616855987959257e-01 -9.693354409299487884e+00
2.185921957368356061e+02 2.261472859764653287e-01 -8.236729222740155620e-01
2.355357382745893347e+02 7.440478844139046533e-02 -6.331821374577556449e-02
2.227008578012971611e+02 2.811625185939084504e-01 -1.277436079424674631e+00
2.568985617390976586e+02 2.112339659114894352e-01 -6.134653910527723575e+00
2.296100852588527630e+02 4.672002846489012318e-01 -2.001551608715486541e+00
2.996642989792334220e+02 3.342142440963345451e-01 -1.230366818044876576e+00
2.345613383806309002e+02 3.502510473746638930e-01 -3.355256331971690820e+00
2.946856943481427606e+02 5.277908841779018756e-01 -2.857080600102862800e+00
2.502896047544772102e+02 5.583463655978383455e-01 -8.728657878398828895e-01
2.620293939502080320e+02 5.321119959566997792e-01 -2.678561307398338087e+01
2.141062275673041881e+02 4.751413083652613611e-01 -2.737505067414101934e+00
2.278682492347138577e+02 5.792662461117279449e-01 -6.552106793659193684e+00
2.851257740880254801e+02 5.116191619883874164e-01 -1.540854592180859406e+00
2.304078102387659897e+02 2.979352662920415340e-01 -1.033054091449061795e+00
2.716857682844100736e+02 4.634096436740222646e-01 -1.930893718995941644e+00
2.465707426074454247e+02 4.467777753232920479e-01 -2.065608007908812827e+00
2.180107487068824810e+02 4.035588372087381415e-01 -2.275191652857317059e+00
2.983416519297372815e+02 2.074934358577402438e-01 -4.180747238580360126e+00
2.391530144269720779e+02 7.776911722860927467e-01 -1.373897609926589070e+01
3.061472285949542993e+02 2.355037964274388773e-01 -3.044080812371992462e+00
2.820595678765943148e+02 6.832944104994300716e-01 -1.002025666193799625e+00
2.789541678119765038e+02 1.742886958643624362e-01 -2.221959208701460575e+00
3.169705637332821766e+02 1.561826356934193916e-01 -2.297396592522863212e+00
2.470307935447262366e+02 7.234206958894944250e-01 -1.506576213157051702e+00
2.796354205981352834e+02 1.776139090364706186e-01 -2.743965333525064665e+00
2.964567965651219197e+02 2.946214365074490416e-01 -4.424198276141286357e+00
2.319420458792501734e+02 3.803646347638063863e-01 -2.772151078992492579e+00
2.942550493924406396e+02 1.188431859438637272e-01 -8.278974841616102864e+00
2.603235215855796127e+02 3.574211425565276268e-01 -2.909969340954276262e+01
3.159848704437386573e+02 4.805996868157649260e-01 -1.104421489271326939e-01
3.030233898797513348e+02 6.192144072358538587e-01 -3.010812021340989464e-01
2.872924406692823709e+02 5.242534825683782540e-02 -3.134967113786446102e+00
2.521792331911994438e+02 4.981639693952628622e-01 -1.801329098402112638e+00
2.755025532100245869e+02 6.330365498076822028e-01 -3.788277134429979265e-01
2.498292473721589317e+02 5.706665474677108385e-01 -8.461559802867903990e-01
2.742213228234263056e+02 2.520587289380646356e-01 -1.433896758814144246e+00
3.141714288286432293e+02 6.083233900396203264e-01 -1.674411701712180955e-01
2.424596725846565164e+02 6.293640779938809438e-01 -5.492517048419478520e+00
2.444090341780866424e+02 4.458215879825954547e-02 -1.247783253729227937e+00
2.423851789762585440e+02 6.898557644309879500e-01 -5.769164244410991849e+00
2.367974015959380267e+02 7.626045028559751415e-01 -8.535059015112267389e+00
2.887093251490912280e+02 2.183625733875957098e-01 -7.286109775920744269e+00
3.055574084468069032e+02 4.105915139842548078e-01 -7.863063558729073144e-01
2.546414973365284595e+02 7.561989048874767812e-03 -1.020823870654733734e-01
3.099508586313478418e+02 2.450577013030927620e-01 -1.037007583944537403e+00
2.478304300115400736e+02 4.896906643926959291e-01 -6.595453858783117962e-01
2.607926648126923510e+02 7.968960068638040184e-01 -1.698474974540727089e+01
3.027479382661862246e+02 4.247089183738073648e-01 -1.716709470052747710e-02
2.635439121591219305e+02 7.323705531020783255e-01 -1.297319104866324757e+01
2.681434805892679378e+02 1.946437040663372697e-01 -3.737809101025427183e-01
2.259955300413741952e+02 3.905900415654861568e-01 -5.355412029699378351e+00
2.168385783833723224e+02 6.937857632010967224e-02 -7.786023942012702814e-02
2.511434686321570098e+02 8.767399102504323805e-02 -3.327571823979431909e-02
3.083761252182783892e+02 1.166475013538065091e-02 -1.627291295076727096e+00
3.076788780157880865e+02 9.772812523319542033e-02 -4.896056762464612078e+00
2.868520569541734062e+02 3.699283235206309306e-01 -4.007528415058525084e+00
2.393013719433379833e+02 3.978616746360575385e-01 -1.171735600337628114e+01
2.925756097144640648e+02 4.385976618481552958e-01 -4.624044060294541403e+00
3.124075698632823901e+02 6.445417030904811995e-01 -2.325840105172303773e-01
2.445640505012078165e+02 7.060893166145173483e-01 -4.261957553857008030e+00
2.128328901530654207e+02 6.584913279158733923e-01 -2.197766296827968757e-02
2.783727871144809569e+02 7.890610220895326599e-01 -1.260573523086074288e-01
2.239495161879473244e+02 5.876576877949762912e-01 -2.722175729587162696e+00
2.639987418301812454e+02 1.304339213055001889e-01 -9.052706192967836074e+00
2.695269363475593423e+02 7.140163751803507708e-01 -4.201106612197960666e-01
2.219312267510332788e+02 2.716003494075407976e-01 -1.102677226561115553e+00
2.985424908426881530e+02 4.529678355888901997e-01 -1.290048447290627287e+00
2.153923890623118211e+02 1.476344977748165477e-01 -2.689516743857576775e-01
3.008552480479188489e+02 2.633853201150810341e-01 -3.975996934241378122e-01
2.537829955657198298e+02 7.548589506959739737e-01 -1.005683046574544548e+00
2.207482536914296816e+02 1.851474789346144179e-01 -1.978177112744608779e-01
3.154444278159713804e+02 7.383568489927602174e-01 -2.334746585824243048e-01
3.047945318384707889e+02 1.402974833740082972e-01 -4.810142333804112269e+00
3.107290722529406253e+02 7.710745002514881596e-01 -4.882662939645520117e-01
2.246230843076749863e+02 1.644302106825849819e-01 -2.872264292449690504e-01
2.770261558014863681e+02 5.156804842921955956e-01 -3.473463522464885211e-01
2.959808315297774470e+02 5.615308066941714360e-01 -1.448693700342364554e+00
2.702356278044274518e+02 5.471399943031329816e-01 -8.436333327830985995e-01
2.117492934536185771e+02 4.226964167240402914e-01 -1.099580481272433907e+00
2.806344220339810818e+02 1.260816309151810422e-01 -5.838324446757517272e+00
2.614976292678331902e+02 1.765476041191703649e-01 -3.137845590013447250e+01
3.008743935122362814e+02 7.339336739585287095e-01 -3.538962060165726231e-01
3.124957143579115382e+02 1.554062610200449279e-01 -1.978419400605539447e-01
2.149062189024698739e+02 1.497565970768670873e-01 -3.629753693046638419e-01
2.613495631584654006e+02 1.908454651002253200e-01 -3.238622909380573844e+01
2.653199307916042926e+02 3.866251701824313658e-01 -5.007501768357115246e+00
2.224455722241225715e+02 7.488751189360084437e-01 -3.444798404083279753e+00
2.281535686519175954e+02 3.668800176404958258e-01 -4.095202311417211583e+00
2.486500808261284874e+02 4.008417052308657635e-01 -5.130945775001013454e-01
2.437567721936718783e+02 3.076104611302328540e-02 -1.136959454830479999e+00
3.053063731805242469e+02 6.782952505461588011e-01 -2.099094492444651405e-01
2.779209385085247277e+02 1.006702581032772187e-01 -1.748253286260386785e+00
2.274246934207737070e+02 2.669821775977392342e-01 -2.572974404247351021e+00
2.305434706077374187e+02 1.945933320566018976e-01 -3.300604746319310001e-01
3.095949251762679069e+02 7.036128469286773157e-01 -5.399409592833189775e-01
2.385882807819581615e+02 4.744073785380017449e-01 -1.359945310470659763e+01
2.545251473879004607e+02 5.053152541716343649e-01 -2.717781274326696583e-01
3.032033329728246258e+02 7.217419630289566568e-01 -5.446916121144670386e-01
2.516124836218564269e+02 5.797871950345000469e-01 -1.320008786042487170e+00
2.216454015327663853e+02 4.291860756967841306e-01 -2.376101133804342513e+00
3.115549879192147387e+02 7.809141559469205685e-02 -1.058501379767178951e+00
2.294665974355084472e+02 5.292579289431492695e-01 -2.468626004317631129e+00
3.090631609569182956e+02 4.855296382946262534e-01 -5.618730910637038667e-01
2.381710649130967283e+02 2.505725147462778968e-01 -8.757809362341586024e+00
2.424200923540686006e+02 4.431154576255258437e-01 -5.271209334585320150e+00
2.475099171845045305e+02 7.788884397177695540e-01 -1.255921806982540856e+00
2.369670567705509256e+02 7.576163241448607977e-01 -9.293782453002167543e+00
2.402316129537462359e+02 7.156888861301956561e-01 -1.084114933669087932e+01
2.339526835246887231e+02 3.408060944104429613e-01 -4.060628398868843192e+00
2.716146429184569229e+02 3.298752363147252620e-01 -1.965250417609653022e+00
2.527863405935906371e+02 6.170855397514434237e-01 -1.892434015954102433e+00
2.353423738152860665e+02 7.986752954358086187e-01 -4.929310202941005414e+00
3.109439082088107398e+02 5.399888358668655242e-01 -5.011849975723707828e-01
3.174315396767599395e+02 5.640017684814589982e-01 -2.256129283290506660e-01
2.429106017568899460e+02 3.107526541499565087e-01 -4.426327485864693045e+00
3.143493091206538566e+02 2.868766987471601040e-03 -1.576023442920496120e-01
2.859986607048709857e+02 6.645630320450816031e-01 -9.834623381206422099e-01
2.499152088101774325e+02 8.691897236512494129e-02 -8.394497195090967756e-02
2.125710650926780545e+02 3.497276022952215957e-01 -4.288829727641589595e-02
2.995910961808928619e+02 4.652950847418415581e-01 -7.129797820237044892e-01
2.633281685580928411e+02 4.609693244899898956e-01 -1.997318557145509033e+01
2.853100549630047453e+02 5.580002790536710000e-01 -1.291196638139351593e+00
2.910268157294685238e+02 6.615754277051458243e-02 -3.384407122835907167e+00
2.870685665060830161e+02 6.005888764364886168e-01 -1.766049432607786462e+00
2.327210344405224305e+02 6.852175323804068352e-01 -5.441208725947535463e+00
2.131215120120587017e+02 6.328721315149259119e-02 -7.459731224106337377e-01
2.674609862766275228e+02 2.349805050910502013e-01 -1.057672039982271883e+00
2.813930920731183960e+02 2.948869990023456622e-01 -3.859377683463616648e+00
2.962371478580218422e+02 2.124440937597934786e-01 -5.950285868888172125e+00
2.459727729936566902e+02 1.148500716204508970e-01 -9.967089436704922312e-01
2.532174963739661280e+02 3.712694280710860939e-01 -1.947544309562951215e+00
2.200564769653500150e+02 5.246778233538935687e-01 -2.135343238774288110e+00
2.173763625705839502e+02 1.984952181074315508e-02 -1.691424245530430248e+00
2.953494526210552067e+02 6.374547745699494783e-01 -1.399403638913162773e+00
2.447704192053544716e+02 4.379285159690901041e-01 -4.328803589655348283e+00
3.159823259043657799e+02 2.617435672625648690e-01 -6.652453051955303787e-01
2.678708951030851608e+02 1.304123838125895163e-02 -4.210893070134197891e-01
2.308488808423005310e+02 3.954057650873045726e-01 -1.750194147336362471e+00
2.964710442213675492e+02 4.500969662292745865e-01 -2.041638180194682572e+00
2.590447375929608143e+02 4.119056555382963336e-01 -1.923967823589261883e+01
2.253059778925438081e+02 2.824488258614007430e-01 -2.517689079243644823e+00
3.047617584673587317e+02 3.123731269798650789e-01 -1.451011707421312469e+00
2.772975717334207388e+02 3.882254523022964782e-02 -6.745334360007462227e-01
2.932663642766186740e+02 7.911779116099306730e-01 -1.604348166892733740e+00
2.644600877389320885e+02 5.888873875326210428e-01 -9.174580402903083964e+00
2.164676960353518211e+02 5.972261775253672189e-01 -2.476442813094493101e+00
2.732047303573059480e+02 1.216135621929941846e-01 -1.915672835784605565e+00
2.900389256405076139e+02 7.604388949547432608e-01 -1.264779278697235387e+00
3.060643098687186807e+02 6.259390462994326443e-01 -1.692271647322708683e-01
2.657856291611288952e+02 5.462355210984815024e-01 -3.854334522387890871e+00
3.022346792533323310e+02 2.233912388172020480e-01 -1.844390087398654621e-01
2.405575793458684757e+02 6.621372420306574913e-01 -9.751593780768150310e+00
2.488010883344461490e+02 2.289282514160972115e-01 -3.703143907596695428e-01
2.747197690760954742e+02 7.056680375301889185e-01 -6.156179041943141694e-01
2.565279121803406497e+02 1.632522629868998210e-01 -3.143265420318139824e+00
2.694306985610857623e+02 9.214984597510561537e-02 -1.366197348031347181e-01
2.825066208745994345e+02 2.786595847059880615e-01 -5.863474423837788940e+00
2.837459568702354318e+02 5.169672785055395847e-01 -1.742474004102365193e+00
2.183904520638398310e+02 6.545929413325812796e-01 -3.666335201271619049e+00
3.150065501825209253e+02 7.704920616662132016e-01 -2.354219831555247611e-01
2.830448855853609302e+02 1.097699976006576983e-01 -9.361120785670308919e+00
2.799057383059609379e+02 2.450485217844725894e-01 -2.300123942726118642e+00
2.260079597823885535e+02 4.556951255347138630e-02 -2.462575426457775496e+00
2.582286055691287743e+02 3.806830413288451176e-01 -1.631881970303198059e+01
2.703318828832818781e+02 6.448502940721008159e-01 -9.195099762280956046e-01
2.724849256663001711e+02 6.934607697582965136e-01 -1.419096271712097845e+00
2.920040629646845218e+02 4.977449981327787265e-01 -3.461447613713519722e+00
2.206716578198637535e+02 3.025684582571724346e-01 -1.227206498650497801e+00
2.241447644265537349e+02 3.274254987248588766e-01 -1.628175233242391329e+00
2.982565166431129455e+02 6.143237517882182974e-01 -6.131430413028992055e-01
3.078136551702126553e+02 7.391674355393123008e-01 -3.023799141295972492e-01
2.787386788232240065e+02 5.705230003062408128e-01 -3.177244802393621170e-01
2.344328979034127656e+02 2.051115426619417870e-01 -1.782778869791603382e+00
3.000207574345056969e+02 1.362080481037004354e-01 -8.482244917304539999e-01
2.879784769935117765e+02 4.912480639450891862e-01 -2.698946925958868093e+00
2.925550710207591010e+02 1.743568740132951655e-01 -8.417091657924704151e+00
2.555992256413720440e+02 4.190514726063854223e-01 -8.096921964509544711e-01
2.598885126403755521e+02 5.243576665269961135e-02 -7.601726000940570493e+00
2.760106448511912731e+02 3.560908976961896233e-01 -6.048489408875560303e-01
2.145586466030641191e+02 1.308407729719527068e-01 -3.475625110850477650e-01
2.341526230836105356e+02 2.969055317074075773e-01 -3.376728607753208156e+00
2.433883606312421648e+02 6.065691890022368860e-01 -4.676535222198816122e+00
2.258873909271274556e+02 5.169738355485175019e-01 -6.865276980201198143e+00
2.853810457997726076e+02 3.720333137079444991e-02 -3.141261599506480540e+00
2.916482810948014048e+02 4.130001159904987673e-02 -1.028763315072991125e+00
2.907540444516788511e+02 3.340685835118897273e-01 -5.721855315701873224e+00
2.493146293801301283e+02 4.866822735216599916e-01 -7.926154471974820037e-01
2.129716000102655755e+02 4.162412315414046882e-01 -1.145129491297741109e-01
2.950178918934738590e+02 2.113959282772936155e-01 -8.303764046212041450e+00
2.254056132597973772e+02 2.385753358254250611e-01 -1.930401906773327791e+00
2.591449719496305306e+02 7.233515299858268577e-01 -1.299347448898110713e+01
2.735245125336050478e+02 1.678981194595122461e-01 -2.051087297352492289e+00
3.051774352943115787e+02 3.040850664250923097e-01 -1.702807764212742825e+00
2.677307816602618686e+02 3.606020954533947775e-01 -7.720993461156687721e-01
3.043108028560920957e+02 7.020454344259323687e-01 -3.792102325428726162e-01
2.551858619276076183e+02 8.511448331480561680e-02 -2.271163498866681785e-01
2.620935083237087611e+02 7.678322153829099106e-01 -1.994862183007243317e+01
3.117444481444883877e+02 5.463423890229720525e-01 -3.124775562550536900e-01
2.642086573280117818e+02 8.574061627968634566e-03 -5.607309480198699458e-02
2.266792683001472426e+02 5.110024753819905063e-01 -7.078486475885199525e+00
2.374803178668602186e+02 4.428417150704200278e-01 -1.012520663789118203e+01
2.627446103409038756e+02 7.524823930519987381e-02 -1.114926892264773173e+01
2.442250417157763707e+02 6.532353145866365285e-01 -4.425910127062758548e+00
2.657968016206792754e+02 3.038169014796332501e-02 -2.800960380149689413e-02
2.724526851875586999e+02 4.363189382824655960e-01 -2.120665580673550821e+00
2.933682176165229976e+02 1.547135363381640649e-01 -9.195488162024640033e+00
2.484791297658118197e+02 1.348153705745792352e-01 -2.302439474838620659e-01
2.608346449801686049e+02 4.711581568706929568e-01 -2.769329424771844472e+01
3.153774615978135785e+02 4.576467384006194239e-01 -6.084060043082845093e-02
2.415771739632360777e+02 1.868133358265089417e-01 -2.879314422680441243e+00
2.742420220757921925e+02 3.156790841437735473e-01 -1.317104579857058200e+00
2.201507072223906221e+02 3.515346498402850961e-01 -1.204425943677116306e+00
3.030366403084247509e+02 4.964658785106547401e-02 -2.827095958295326561e+00
2.705174692393162559e+02 6.097474691638633537e-01 -9.411570930833478288e-01
3.163428386337091638e+02 1.772108902933407226e-02 -6.905389892797570983e-01
2.898286016408501382e+02 6.870863107382775281e-01 -1.507518727485579246e+00
2.548789956623008379e+02 5.375868273543626952e-01 -2.151422403068863620e-01
2.314237811138382028e+02 2.228986592861903204e-01 -9.340178956938804955e-01
2.836957778118659235e+02 1.421808108430847595e-01 -8.646285117939742193e+00
2.122356169652987319e+02 7.774682923758033937e-01 -9.685952108938132854e-01
2.863375926251954979e+02 7.480298107375887851e-01 -9.083723675229965488e-01
2.771942540905582177e+02 5.586835276858981292e-01 -2.923349584403249213e-01
2.537881080065033075e+02 3.724900469998987385e-01 -1.243801988930584468e+00
2.786947020490397904e+02 7.925299812037732705e-01 -1.279381026065212479e-01
2.448965407171136803e+02 4.763652453714748991e-01 -4.195222547376505240e+00
2.168701208437548758e+02 5.787802683207224907e-01 -2.360315019278232285e+00
2.472703188663237484e+02 3.534909114553285714e-01 -7.885411405085107628e-01
2.357776173033692260e+02 1.934901617063211621e-01 -1.913605933020759764e+00
2.594747394027396581e+02 1.103425592565524527e-01 -1.651539737480295855e+01
2.320863204663748718e+02 6.583065215321797226e-01 -3.503124470365198473e+00
2.363300898884188825e+02 4.939552489957601544e-01 -6.370766846016876706e+00
2.459702902423559010e+02 5.966894539194748104e-01 -3.035676234733818202e+00
2.513422949588628512e+02 6.320146658515799487e-01 -1.168966458522522567e+00
2.498987376278168995e+02 1.834825733904155709e-01 -4.368483951232114970e-01
2.755543299146989398e+02 3.262092650703809493e-01 -6.930307001122002486e-01
2.884510149107849770e+02 2.632575959385144992e-01 -6.340764511768930412e+00
2.405542309193371011e+02 1.447285114386982208e-01 -2.184041335146453822e+00
2.141186129664226030e+02 3.908552523109099508e-01 -2.501480127010128562e+00
2.973407849991939997e+02 6.027890470154018132e-02 -2.389507000079588828e+00
2.651369348811521149e+02 6.462311549628510510e-02 -9.529574759640419002e-01
2.821493188805198997e+02 7.149925769357703409e-01 -8.870320180309866354e-01
2.839054171531248585e+02 2.417362033916053421e-01 -6.236213762820211670e+00
3.090586999695204895e+02 5.601617390510958971e-01 -5.219735906238591738e-01
2.183379205448796938e+02 4.095506003098009495e-01 -2.374577642520892429e+00
3.102421244876148876e+02 6.258880741891084121e-01 -5.580702566604601733e-01
2.334771577876115316e+02 6.642479026581016299e-01 -5.792916090580451538e+00
3.064677131535112267e+02 1.012068933240472257e-01 -6.013558546974137720e+00
3.175562024466224784e+02 1.267979872660053020e-01 -2.720136504771447861e+00
2.297621304060720036e+02 2.260771453714510160e-01 -2.116106881302338427e-01
2.988445738870061064e+02 3.994298561283410320e-01 -1.507532056305793677e+00
2.224986007886465984e+02 6.887949959035708503e-01 -3.203384663571958058e+00
2.878533743151290309e+02 7.071630809177368304e-01 -1.175581614847295953e+00
2.803311817085282769e+02 4.268192423105471867e-01 -1.258285969852326547e+00
2.210393817212436147e+02 3.820076025619567606e-01 -2.091443916957279825e+00
3.097267342965087664e+02 7.284240967356490071e-01 -5.508993246195814653e-01
2.403072818586734343e+02 4.075337907567255780e-04 -6.382102254640911632e+00
2.214088570280628971e+02 6.221524830510393178e-01 -3.702575297241685437e+00
3.072505244169245202e+02 6.418961480022250532e-01 -1.769735183570713133e-01
2.281320145189967548e+02 2.818571809012464513e-01 -2.759474383356179672e+00
2.961044687535585354e+02 5.897952069606706704e-01 -1.084041590608850747e+00
2.564074320246025991e+02 1.195991947422747476e-01 -1.710339922141884905e+00
2.522239337364336507e+02 7.591703955495643363e-01 -1.512153865015390730e+00
2.775790254809988369e+02 2.791000964733283407e-01 -8.790158204233319283e-01
2.812332030600312009e+02 4.057994577926668511e-01 -2.370770955506411148e+00
2.976473348161566150e+02 5.026104766788781486e-01 -1.206683677735988613e+00
3.007542277152040811e+02 2.906357458547287886e-01 -3.959557982624233308e-01
2.290701011345522033e+02 5.263700031290289294e-01 -3.016911495708709978e+00
2.579846679942964442e+02 1.699351459696774036e-01 -1.247263725062051698e+01
2.715937352398449320e+02 2.699936209410420118e-01 -1.910124591622620605e+00
3.141224779340276427e+02 2.031679655458926703e-01 -1.304580902748014304e-01
2.382778206345233230e+02 6.784386393927266390e-01 -1.414920104295005032e+01
2.931590264293984660e+02 3.375051997133664550e-01 -6.936081803125889955e+00
3.026548886094630006e+02 4.516840353771972016e-01 -3.103009996921250735e-02
2.692394682476131607e+02 5.303348640962609606e-01 -3.771969593544290955e-01
2.235859187716762335e+02 8.935046359882153899e-02 -2.978513590977333036e-01
2.158135652759843595e+02 7.753226615238485442e-01 -3.594533491563073557e+00
2.998483148875967572e+02 7.370932536303352878e-01 -3.064803373848510870e-01
3.127973884459339615e+02 7.914383893228501554e-01 -2.083121682056075785e-01
2.686897928889717377e+02 2.534313558618375706e-01 -2.237896461172967366e-01
2.170662376884112064e+02 5.702423601345151249e-01 -2.412971605834272282e+00
2.218779807528317747e+02 1.156432708303725132e-01 -2.659869129168974944e-02
3.037494660758072200e+02 3.402824932977814854e-01 -4.616774552078686811e-01
2.517484257937639995e+02 1.325858240969788049e-01 -3.037307244440959897e-01
3.063706600166314047e+02 6.358606317421654497e-01 -1.557683542876443505e-01
2.361720747327055960e+02 1.711928873655844119e-01 -2.071306446547045876e+00
2.275697590029312209e+02 2.821306195943353856e-01 -2.889149932767008710e+00
2.700883890405326042e+02 5.059952830082862230e-01 -8.721731416949984883e-01
3.128549011631502026e+02 7.336994978394214550e-01 -2.104382249334014743e-01
2.965629117733084286e+02 6.432795423982340388e-01 -7.220396237577385579e-01
2.833838316325899314e+02 4.740437407746054821e-01 -2.419453451186713622e+00
2.193660384117097806e+02 5.164434952368540666e-01 -2.180205290862344381e+00
2.445737255717004643e+02 7.047828352194464019e-01 -4.263429761840002108e+00
2.844729448606851179e+02 7.724507370492781355e-01 -3.431988504976462573e-01
2.999021817522485662e+02 8.984204219829174110e-02 -9.150009118967401545e-01
2.728077659540841751e+02 7.984676614270531658e-01 -1.171280209163032104e+00
2.124646894840757341e+02 3.365349092357818039e-02 -1.232524630921434161e+00
3.018750096521176829e+02 2.477420477259233145e-01 -4.225747797599222616e-02
3.012749535510081955e+02 9.763122185776663964e-03 -4.133848569233836701e-01
2.333297627763765547e+02 4.963780477787629875e-01 -5.713802441836064006e+00
2.541910689136701080e+02 7.246928787104425229e-01 -6.032601622536116759e-01
2.593821450038325338e+02 4.169045449023511818e-01 -2.114575023192634617e+01
2.787951851524141489e+02 2.526941525078424400e-01 -1.429139875386442604e+00
2.563927664544629579e+02 6.211354259127106481e-01 -2.792786746215370375e+00
2.292012793725784547e+02 5.503252632460075011e-01 -3.149138740430860395e+00
2.237476329444257885e+02 6.009061702335937172e-01 -2.720318737866101788e+00
2.388444085392375484e+02 2.333862697225290717e-01 -8.417533914022840236e+00
2.432141347583639401e+02 5.290297038204131580e-02 -6.859296339137219700e-01
3.091589674141184219e+02 8.354272198017180517e-02 -3.430861655695997658e+00
2.525803329067526874e+02 1.802622936795616748e-01 -1.249380482069723852e+00
3.174688072672147428e+02 7.678902442129394990e-01 -2.643449984698427735e-01
2.823069689458134235e+02 1.412081400063305014e-01 -8.930630959304691530e+00
2.665823996163443326e+02 5.847719035694519674e-01 -1.905934894101023680e+00
3.120622964214651347e+02 3.840088317168658394e-01 -1.984183604245761678e-01
2.984451180079684605e+02 6.411825060122093578e-02 -1.976751351844742155e+00
2.170305017783032326e+02 5.328461816189458133e-01 -2.266595188798308236e+00
2.306714036049164918e+02 3.197961769892501693e-01 -1.258937151176143354e+00
2.893176133365580540e+02 2.189849383309055431e-01 -7.893709574426548414e+00
2.641898467935808412e+02 2.981761679745128513e-01 -1.122725761794943189e+01
2.259134153604410642e+02 5.946782581564150072e-02 -1.402459513217938269e+00
2.770183466946110116e+02 9.624988500029578453e-02 -1.169052544739457522e+00
2.776570581777275493e+02 3.520996943241729848e-01 -6.573153659888695266e-01
2.656131865947559163e+02 1.473444731364796645e-01 -2.974395430675117691e+00
2.878117473404686848e+02 2.793929905156786186e-01 -5.750485513013751770e+00
2.325531251399033579e+02 1.878694368752392013e-02 -5.771819462668097422e-01
2.480510562777789119e+02 1.254280516667240220e-01 -1.076778184025178331e-01
2.685680557893725222e+02 3.810116247034773806e-01 -2.775247982636190325e-01
2.497533632378028301e+02 6.948495548118575060e-01 -8.115819771720504949e-01
2.158017568570516858e+02 4.093626346016090989e-01 -2.269971615837647061e+00
2.903181964957098558e+02 1.049627375300958426e-01 -6.551991939501497164e+00
2.593371008193219609e+02 5.742035734777689582e-01 -1.695015324643015830e+01
2.204527223655729244e+02 7.870505836222521090e-01 -3.882133985702526324e+00
2.942314217231457860e+02 5.946363820677222911e-01 -2.645668334717027115e+00
2.314896334933892206e+02 6.606958681227850239e-01 -2.465814391721413923e+00
2.847829929461133815e+02 6.483644299711468495e-01 -6.991982300080048507e-01
2.140768314688056932e+02 2.889273846443624616e-01 -2.044898265814593330e+00
2.574467387370992242e+02 7.484077292763190448e-01 -7.186663025654657311e+00
2.815321354424531819e+02 1.912361988099776922e-01 -6.511043285107088963e+00
2.945006357247332289e+02 6.708064176137082946e-01 -1.842979698317799953e+00
3.153178849718630090e+02 5.829768489090957351e-01 -1.378458787868222513e-01
2.285252947001034727e+02 3.263944868200300831e-01 -2.676214604661142804e+00
2.347831992698237116e+02 4.344645813376766808e-01 -3.743804230010508327e+00
2.920429108013809696e+02 1.990086674153820345e-01 -7.916919512808484605e+00
2.162885719122654109e+02 6.128786477983720893e-01 -2.728552426345014048e+00
2.358748840734702696e+02 1.590568558603549509e-01 -1.434990778007694701e+00
2.670854578288896732e+02 3.622774245312387897e-01 -1.294277162289663385e+00
2.632569651242608302e+02 3.920713494283234457e-01 -2.137487585285890290e+01
3.081664552648182962e+02 2.292191347835323134e-01 -1.891870126819677589e+00
3.054965249141122854e+02 5.207608883523499044e-01 -3.086743835477406273e-01
2.962119913943496385e+02 7.150392154315188264e-01 -5.806217583461509291e-01
2.617940406586046720e+02 4.400992645186656005e-01 -3.038235311379744630e+01
2.407039889783114006e+02 4.692803288216662594e-01 -8.575773397314728541e+00
2.612845384649904190e+02 4.296511119878553275e-01 -3.062502771593202056e+01
2.802968095922342400e+02 7.773031111522930026e-01 -3.018853865242809853e-01
2.927967442427916467e+02 3.042078273381212949e-01 -7.398865713910097952e+00
2.445185406566593826e+02 4.029603049837263140e-01 -4.418019500571562119e+00
2.864127022790629553e+02 5.424690302483687887e-01 -1.937388892635555804e+00
2.720189434161566169e+02 5.616785328659410492e-01 -1.753080206562666277e+00
2.690724225286654701e+02 4.513843844786626369e-01 -3.102834776798899519e-01
2.130279427565945696e+02 4.904481695459558255e-01 -8.765321683806277797e-02
2.461688222292304431e+02 5.562892069997239508e-01 -2.747270610802154955e+00
2.419923596789137719e+02 2.027354610766294030e-01 -3.087674028785623914e+00
3.141258709371427358e+02 4.127868098336436031e-03 -2.931980034699609161e-02
2.467276807748883130e+02 3.451261007834300898e-01 -1.557016337559650854e+00
2.990844109541455396e+02 4.764954735097863547e-02 -8.923679581029115848e-01
2.252652864634492289e+02 3.689899493280570653e-01 -3.862891503775519375e+00
3.038399606098522554e+02 4.875249938732033050e-01 -1.784977424775647248e-01
2.750665461271993877e+02 3.332075555860422589e-01 -8.226829852577628444e-01
3.110096390763246745e+02 4.573221806332903872e-01 -5.162222471001935986e-01
2.398754029679648170e+02 1.600502094986445412e-01 -3.694547430460417115e+00
2.561394759898054190e+02 6.828823919411515231e-01 -1.443985737782707668e+00
2.372858042204176172e+02 7.378470991369516785e-01 -1.086080633589396527e+01
2.503622977366753162e+02 2.815102121545067990e-02 -1.957781351282008586e-01
2.231203278998143276e+02 6.776048474250632170e-01 -3.023390154058930523e+00
2.754208206607992793e+02 6.976877727134596086e-01 -4.013899679007514876e-01
2.533337013437060818e+02 7.521677144266334381e-01 -1.399628872985635875e+00
3.159260509030413004e+02 2.673252913028671407e-01 -6.323730152359559042e-01
3.071830562664467834e+02 7.654016148389405916e-02 -5.407606702231213092e+00
2.740938743730401939e+02 2.608308605194891716e-01 -1.644936465710779894e+00
2.187870580838331023e+02 2.090103097582285130e-01 -5.828652638850990719e-01
2.885331003886528265e+02 6.264726558025943692e-01 -1.597219330876131549e+00
2.722802943672379570e+02 8.404655695666614357e-02 -1.216628240455497112e+00
2.637024273083475236e+02 4.800382136916279130e-01 -1.551450937445254397e+01
2.630413138175388212e+02 7.255667320252512376e-01 -1.583888403460521843e+01
2.599945576384090486e+02 2.250386147303347628e-01 -2.751837354938355773e+01
2.654564361054788719e+02 1.606293981066170273e-01 -3.212870424941028702e+00
2.606434647104188684e+02 3.629937426745467044e-01 -3.017912914811615366e+01
2.632548296000551886e+02 4.820962455445444994e-01 -1.945198297355820216e+01
2.454103886892578430e+02 3.457659225862237395e-01 -3.391911590232084883e+00
2.558645765472298876e+02 3.787074953107175679e-01 -1.208533265937486334e+00
2.606468333974165716e+02 4.195973696814323528e-01 -2.837069868087575486e+01
2.439821026230284247e+02 4.915149815380275844e-01 -4.613069822132156439e+00
2.541430376749156608e+02 5.274152804391049054e-01 -6.344825066148517267e-01
2.587182770812274839e+02 4.931224882342489235e-01 -1.669260434982813024e+01
2.610010117383593524e+02 6.083572323622107314e-01 -2.304200600895637407e+01
2.593813891052409986e+02 2.744996600028190570e-01 -2.360796677113404840e+01
2.590925959064830408e+02 5.101790516995942104e-01 -1.788253696774226853e+01
2.604823071970573665e+02 1.679117125204236671e-01 -2.870233982411701490e+01
2.337706506442196996e+02 4.530822151912128337e-02 -2.967457048509463680e-01
2.593206761306819317e+02 5.624535582674917711e-01 -1.726099632944166729e+01
2.615170950288420499e+02 3.508519454226270429e-01 -3.329583490805521251e+01
2.646656960655510602e+02 4.896548841351734405e-01 -8.704002490876634468e+00
2.376457409872728306e+02 7.668903130775772681e-01 -1.238933826218206669e+01
2.385165889717689822e+02 5.117408801888405634e-01 -1.381176508327555830e+01
2.982851481469926966e+02 6.817674848470467452e-01 -4.424090323659399249e-01
2.890351122933647048e+02 4.100735815912226467e-01 -3.999701670353953187e+00
2.602788275397348912e+02 1.975569212404979513e-01 -2.943236596219329115e+01
2.613980438713925309e+02 1.819475075326520419e-01 -3.178854090278922229e+01
2.620688304586166169e+02 3.632007353445158016e-01 -3.117918321305189266e+01
2.613412223660662335e+02 4.442026813064753887e-01 -3.012045008314622407e+01
2.603174510342541339e+02 4.650154412141638827e-01 -2.426993323027721772e+01
2.618594732326131975e+02 5.415731167966175708e-01 -2.642670691689781748e+01
2.612944335051809617e+02 2.306157666357153413e-01 -3.395275249317990074e+01
2.610144880430640910e+02 1.571593060808496034e-01 -2.919514715946922934e+01
2.605106656398282894e+02 3.065109865325466587e-01 -3.157098956650209587e+01
2.448676733324759880e+02 2.061938054474062310e-01 -3.227160312039425882e+00
2.609023937025101532e+02 4.639142128967050360e-01 -2.793456310025786493e+01
2.601108690471918976e+02 2.384286656822995898e-01 -2.920598177144592356e+01
2.616915782083106592e+02 2.563990006380672537e-01 -3.420898452864214789e+01
2.592295669185690485e+02 2.143378552901937795e-01 -2.301737120877316300e+01
2.578704781217840036e+02 2.823910864982363544e-01 -1.336149324588221710e+01
2.453253413980837649e+02 1.589544478233212710e-01 -2.295722320087527191e+00
2.431897954363996632e+02 2.577943980306647287e-01 -3.998942420305902079e+00
2.625794432601708763e+02 1.705084594949113352e-01 -2.605872145794597827e+01
2.636287661064873191e+02 2.405294234944178600e-01 -1.745763195882021535e+01
2.398493981058850864e+02 1.767780033729339229e-01 -4.445717828924539816e+00
2.385437327323095360e+02 4.809612046317051082e-01 -1.359292031597364137e+01
2.598313736632366044e+02 3.813543569514998843e-01 -2.437291042304806510e+01
2.563347067445698713e+02 4.407617764897659995e-01 -2.350657112768425705e+00
2.587433535959982578e+02 4.575679894685036331e-01 -1.739799271038783957e+01
2.636370167618135270e+02 1.582275294383647390e-01 -1.465709444257522875e+01
2.610206667302349501e+02 2.951081752777099942e-01 -3.367639872101293008e+01
2.614011024774139855e+02 2.039669275283813588e-01 -3.310837753959282992e+01
2.610875653664743936e+02 2.631278991699219083e-01 -3.385142785857107128e+01
2.616835888679750610e+02 3.339590787887573575e-01 -3.349152717069278395e+01
2.618424094940629629e+02 2.887857437133788951e-01 -3.353063928387486214e+01
2.617264703144768418e+02 3.444125225458203321e-01 -3.326101464840753152e+01
2.607407657470369031e+02 3.686320781707763672e-01 -3.115825240753283865e+01
2.618822708240588213e+02 3.748078107833862638e-01 -3.185422599897964346e+01
2.606348440614148103e+02 2.346776723861694336e-01 -3.171615685426813158e+01
2.621069243579703425e+02 2.285017013549804910e-01 -3.202879840850095405e+01
2.616471625668431784e+02 4.195086479187011830e-01 -3.103965478770478725e+01
2.613310283926281841e+02 4.602744102478027455e-01 -2.955824365200254533e+01
2.603537765419105199e+02 2.574476003646850586e-01 -3.069573668965862012e+01
2.600658868484262030e+02 3.811896562576294056e-01 -2.566144202344319680e+01
2.604246570898191635e+02 3.015853166580200195e-01 -3.033184134655270014e+01
2.605507296198623521e+02 3.572598300305526720e-01 -3.037024851163894823e+01
2.619526831867656824e+02 3.678475035454022435e-01 -3.207046829036616487e+01
2.603203134413971043e+02 3.338950216792311299e-01 -2.971640314425339469e+01
2.594493563830858989e+02 3.202911277231313414e-01 -2.456175222784196066e+01
2.622371461005880633e+02 3.079075813293457031e-01 -3.086815145489161338e+01
2.616586141567786967e+02 4.365801668972614791e-01 -3.047349108336249301e+01
2.616908236809113077e+02 4.259575361294795082e-01 -3.083560858593439136e+01
2.620931694755791455e+02 4.648026925920565877e-01 -2.812450867928743037e+01
2.603889616458923797e+02 4.386972904205322377e-01 -2.648858787853765762e+01
2.630677974325348600e+02 5.764720179224676055e-01 -1.910606673581815684e+01
2.612892609078807027e+02 3.708921081519178653e-01 -3.252931984478128413e+01
2.616976564291700811e+02 2.638388789282053448e-01 -3.425302454555162512e+01
2.613437148599124953e+02 3.748952720940786909e-01 -3.240908158362709202e+01
2.614933582865446624e+02 2.815755624430471005e-01 -3.448296634795701721e+01
2.603604036426102653e+02 3.334206437683219226e-01 -2.971358568988936710e+01
2.610296431013719030e+02 3.112467202311872683e-01 -3.343036938015440285e+01
2.615175449754922283e+02 3.082086701557166797e-01 -3.419911542716688757e+01
2.623517777733111416e+02 3.568858770787266543e-01 -3.002241715853711312e+01
2.605203865603396594e+02 2.308244900800120181e-01 -3.168527043342045957e+01
2.613587067065030851e+02 2.147362449235723503e-01 -3.356719481114712522e+01
2.619413488734373345e+02 2.128243516374445088e-01 -3.257074252474632203e+01
2.611156334683002456e+02 2.666474088862160752e-01 -3.385034024745515069e+01
2.606507128168794907e+02 3.302812360078442033e-01 -3.104237314100923584e+01
2.608547345965132536e+02 2.516088376397414006e-01 -3.297960772943329744e+01
2.620909643549026669e+02 3.065889128770812877e-01 -3.232418624268998286e+01
2.612372108285132413e+02 2.388399673181284266e-01 -3.412545950154800778e+01
2.622609751015795609e+02 2.562827278423146504e-01 -3.104318512597092905e+01
2.615828798929980508e+02 3.980301279573021378e-01 -3.191815580857348422e+01
2.618032097365787649e+02 4.247083927345016163e-01 -3.090030623551316324e+01
2.611963886288167487e+02 3.576677422894093406e-01 -3.290925903809367981e+01
2.617517844523090389e+02 3.256251441575747085e-01 -3.367997112499769941e+01
2.615581172394547025e+02 1.927833533338730865e-01 -3.220414653790339798e+01
2.616248144103022355e+02 3.553715160670469220e-01 -3.296379243766163825e+01
2.618868578572895558e+02 2.355012751953093619e-01 -3.324213092419281423e+01
2.622190788250299534e+02 1.949686550439448385e-01 -2.925468229718840618e+01
2.612297966554799018e+02 3.403301177699660784e-01 -3.336171260493770063e+01
2.610390662653847471e+02 2.479699417237484771e-01 -3.376750846057269939e+01
2.619638040926955682e+02 3.087246991538720731e-01 -3.335246997930328661e+01
2.611535018478511461e+02 3.261402282452870449e-01 -3.368767211802431660e+01
2.607919223998933376e+02 2.675847020227385964e-01 -3.303804848294698360e+01
2.615305347662415443e+02 2.226516394135315824e-01 -3.384805287152569520e+01
2.613645251559752296e+02 3.005432174898980957e-01 -3.429330351743048055e+01
2.622386305647957556e+02 2.494806155410115578e-01 -3.096183190098249582e+01
2.619044508871083963e+02 2.688815213858762876e-01 -3.361231553817943052e+01
2.609420863989288932e+02 3.642641427101863671e-01 -3.124511671635399779e+01
2.618667965318483084e+02 3.469875306443437335e-01 -3.257547074132727261e+01
2.615779160399476382e+02 2.748307681187763252e-01 -3.423782572730085860e+01
2.613356091177725489e+02 3.911767629982360051e-01 -3.190433995646313292e+01
2.609804578621549922e+02 2.863532535487061104e-01 -3.377605347357618371e+01
2.608925651442403932e+02 2.306298151640924776e-01 -3.267948155873499871e+01
2.623680200897549071e+02 3.533192934692190867e-01 -3.011378083407629447e+01
2.617910756462893005e+02 3.130937112340174688e-01 -3.391529535093977188e+01
2.614328809538234282e+02 1.968511553075754095e-01 -3.274155568449042164e+01
2.623818314867284016e+02 2.278038666884770747e-01 -3.062732505198949440e+01
2.579345454848464669e+02 2.907977878500289104e-01 -1.336882524574195585e+01
2.614603815901653547e+02 3.336913317803521517e-01 -3.370595787506938024e+01
2.604604096331789265e+02 2.811421628120074345e-01 -3.057133881278113563e+01
2.602874033589945384e+02 3.209106077968608139e-01 -2.856980459223588298e+01
2.620774483226571760e+02 3.866998655784235073e-01 -3.054576965346220518e+01
2.606281897694607324e+02 2.112238489963463306e-01 -3.111959916176457952e+01
2.609530120127323585e+02 2.938221068185999374e-01 -3.370094781738777101e+01
2.616063632719514089e+02 2.680074763212270117e-01 -3.424513127143016078e+01
2.613152148733838089e+02 2.992882564297166814e-01 -3.415280374805796981e+01
2.614365635031462602e+02 3.313904857459613051e-01 -3.375449268763028954e+01
2.609682123801819671e+02 3.120847636149102211e-01 -3.342315765524292459e+01
2.606325287355762157e+02 3.586223516819879720e-01 -3.030812799601233110e+01
2.615498081507295183e+02 2.524250195798975471e-01 -3.443837816499382853e+01
2.611899386840150328e+02 2.271107473233011376e-01 -3.387065171300386623e+01
2.619626942620649288e+02 3.306611330307082652e-01 -3.296894681828666052e+01
2.610585616348481039e+02 4.100879196433455665e-01 -3.070029774731284178e+01
2.610875698853935205e+02 3.161472081642121568e-01 -3.333249194743078192e+01
2.613574189704777382e+02 2.845104483375898718e-01 -3.445244114686903458e+01
2.610939657593204970e+02 2.337045475630376845e-01 -3.354171303160307360e+01
2.608861467807209920e+02 2.658953988037137672e-01 -3.301712104331679853e+01
2.616214661110275870e+02 2.932199232947243495e-01 -3.413914029727285993e+01
2.608423646730759629e+02 3.472717568752345940e-01 -3.174213849862873005e+01
2.612337618257143959e+02 2.597492149053082788e-01 -3.435247350219727025e+01
2.618190257671981271e+02 2.625041692703924401e-01 -3.356465583412216347e+01
2.607951864463896641e+02 2.559741273547481710e-01 -3.301993226400229275e+01
2.614637070847977611e+02 2.284942283550825681e-01 -3.401128900853752413e+01
2.608243480557018756e+02 3.546441551890759936e-01 -3.154512097836767381e+01
2.607676902904673852e+02 3.370721198933512852e-01 -3.201989651410804072e+01
2.621453025609649785e+02 2.881857851265753334e-01 -3.253044122716988085e+01
2.616934669295621916e+02 3.664377793973314090e-01 -3.268071279174533572e+01
2.611655084521220829e+02 3.657060966776076172e-01 -3.268233314121560085e+01
2.614143230548714882e+02 3.203737042081336028e-01 -3.397820885740934926e+01
2.616578987631655195e+02 2.766464179798943657e-01 -3.425060565513987854e+01
2.612403980863635979e+02 3.055614448983721143e-01 -3.406504225085792115e+01
2.619008619601293049e+02 3.165721963313832821e-01 -3.320950629556276823e+01
2.617694353519161723e+02 2.303903787870359432e-01 -3.308734520168911075e+01
2.614799370986864915e+02 3.326372403283588963e-01 -3.373142080457989778e+01
2.610464581183125574e+02 3.413750374408128230e-01 -3.277426282516852041e+01
2.614913909534745358e+02 2.493944578194343675e-01 -3.440196544782624954e+01
2.617820993846337387e+02 3.142165194981266785e-01 -3.389485881180045368e+01
2.614201456975466726e+02 2.916610378219836597e-01 -3.439943500943522281e+01
2.616729097404848972e+02 2.520057525131281784e-01 -3.416515310394144223e+01
2.615569111652952188e+02 3.452946301257674433e-01 -3.344092229665619698e+01
2.617505837989413067e+02 3.071765912645834651e-01 -3.399781206397003785e+01
2.616608050070142326e+02 2.263470715390266119e-01 -3.367538716877749039e+01
2.615907428983114755e+02 2.407412878133604883e-01 -3.399168653852607491e+01
2.612982057218330283e+02 3.263299695623144148e-01 -3.368139981749810374e+01
2.615755028246942402e+02 2.668812046116169068e-01 -3.423669297290221891e+01
2.613931863364867354e+02 2.929614271662226987e-01 -3.438395230362210242e+01
2.611925482005066215e+02 3.019281829200802791e-01 -3.411947388183236285e+01
2.618075757496711162e+02 2.673316155546237582e-01 -3.357780613910304623e+01
2.614339349756526190e+02 3.421592106026273838e-01 -3.350557350034662107e+01
2.615133713474102706e+02 3.184410101318828623e-01 -3.402439685353037646e+01
2.614713036320262631e+02 2.634883797617778023e-01 -3.450343127186818037e+01
2.614678512719380592e+02 3.153214384577652241e-01 -3.407638483565570908e+01
2.617342022319712669e+02 2.905561392323309788e-01 -3.418752231162864774e+01
2.613275519690709530e+02 2.352663249239932419e-01 -3.405316651541114936e+01
2.614558187141477674e+02 2.886716055626245558e-01 -3.442990642354088493e+01
2.613437126361344554e+02 2.759274621548272743e-01 -3.435374194200036158e+01
2.616918289363851500e+02 2.721184274815179882e-01 -3.426487182947558807e+01
2.611937276058613406e+02 2.482815226446831169e-01 -3.426375371669201542e+01
2.612325366493196270e+02 2.271117819746986122e-01 -3.386837151733222129e+01
2.613071557192391765e+02 2.788336706343884641e-01 -3.434231028775042915e+01
2.615194545428079778e+02 2.956296892342768490e-01 -3.436741061175352030e+01
2.614776882162041716e+02 2.504548065522051448e-01 -3.441281154308947521e+01
2.615221713674198440e+02 2.477538531711698244e-01 -3.438442656673194620e+01
2.615981061426527390e+02 2.278010650776784718e-01 -3.370448205455010537e+01
2.617638206550666382e+02 2.819564587891298935e-01 -3.425231234539509728e+01
2.611732339376536629e+02 2.569072941636977858e-01 -3.433948948590536077e+01
2.617242723116750085e+02 3.031726232485745243e-01 -3.404754913086954105e+01
2.615005159564070709e+02 2.362451056747564282e-01 -3.419402030185782593e+01
2.613044392468117394e+02 2.309675644497116709e-01 -3.396049830403052283e+01
2.613196781268142104e+02 3.011918951886692897e-01 -3.412698920804999858e+01
2.615245224392634782e+02 2.768238461481941637e-01 -3.450666196144614872e+01
2.616136577531351008e+02 2.536423312118804008e-01 -3.416965511285042112e+01
2.613111426505524832e+02 2.862160721168229283e-01 -3.429333598246939374e+01
2.615890914824416882e+02 2.390144490999574767e-01 -3.395984991810809817e+01
2.615551070594300427e+02 2.305020685506261602e-01 -3.376705753316040415e+01
2.614241869941495793e+02 2.479932062783279378e-01 -3.438020719427412075e+01
2.612490579439415228e+02 2.902696973554743098e-01 -3.425844581578744652e+01
2.616161636378269009e+02 2.724118570273884044e-01 -3.424895416232934053e+01
2.615262022295016209e+02 2.836391411887266290e-01 -3.447365147425330179e+01
2.614280323028136763e+02 2.646887124230238308e-01 -3.450340311267757443e+01
2.615113202792080074e+02 2.848595574284146226e-01 -3.446424834364436407e+01
2.614160911236445486e+02 2.670010157558941333e-01 -3.450709525803025457e+01
2.615358483590675291e+02 2.690285945549583668e-01 -3.451905773652744358e+01
2.615162615131849293e+02 2.790354225569225965e-01 -3.449746076587143051e+01
2.614162753785747100e+02 2.881640537577770389e-01 -3.443046562613032791e+01
2.615063800394206623e+02 2.749521515600027444e-01 -3.451052775708693332e+01
2.613960530527177752e+02 2.562831944434229570e-01 -3.445923188800894366e+01
2.614975312313579252e+02 2.925174878761211406e-01 -3.439826575461143676e+01
2.614060058851399049e+02 2.977123557040531332e-01 -3.433262606941217143e+01
2.613913979246823942e+02 2.875781642022418594e-01 -3.443289892446838962e+01
2.615370407176404228e+02 2.644515030117733367e-01 -3.451170883710528159e+01
2.615529288343007579e+02 2.919250661454966811e-01 -3.440914137513211557e+01
2.615942119734726248e+02 2.582793533569758826e-01 -3.420310258359598521e+01
2.615421332356885955e+02 2.956639925965280913e-01 -3.436910795785713901e+01
2.613971435695708578e+02 2.776068394067512934e-01 -3.449262682659158230e+01
2.613934679204144800e+02 2.929294677569915240e-01 -3.438430446224148085e+01
2.614642161597312793e+02 2.736437078097685993e-01 -3.450971282153876984e+01
2.616563030928504077e+02 2.883354588416834341e-01 -3.418901860875304521e+01
2.616186581859969920e+02 2.700098489410546754e-01 -3.424969391698651577e+01
2.613801676816933650e+02 2.581454330156154331e-01 -3.447051587911166592e+01
2.615924515888337396e+02 2.887982642057229654e-01 -3.417165783195892459e+01
2.614742446156060396e+02 2.885542006909246893e-01 -3.443259836888921654e+01
2.614778046971860590e+02 2.818773741008799294e-01 -3.447990525220089353e+01
2.961875440485628133e+02 3.568157235893114620e-01 -3.566353103081273179e+00
2.287667342167008542e+02 7.582604169495709145e-01 -4.726911235019505497e+00
2.985656287397163737e+02 1.296333285660405121e-01 -3.878061032387736251e+00
3.134279218105309610e+02 1.208491240610902323e-01 -2.714995394532824236e-01
2.264454091193643706e+02 4.468426812045825369e-01 -6.339046248007490725e+00
2.773620385413132112e+02 6.148538886195983322e-01 -2.352207351909565980e-01
3.030331594754397884e+02 6.680841969375452827e-01 -4.143788495407757511e-01
3.006378923619620309e+02 5.576844350530453243e-01 -3.674693800015343959e-01
2.322920945142807909e+02 1.652149247870900450e-01 -1.375313178956719007e+00
2.452859075049770183e+02 5.279305416273294416e-01 -3.816626384303664299e+00
2.966684905566860380e+02 6.014970389423779373e-02 -2.677212064016926796e+00
3.098542669797298572e+02 1.849253639153487436e-02 -1.535170924498985068e+00
3.010073565611241975e+02 4.518832809859212318e-01 -2.822290770012678696e-01
3.039637551740325989e+02 1.473226382909703369e-01 -3.397979432324327753e+00
2.197054333022329615e+02 1.763344581166688962e-01 -1.133730564169895677e-01
2.870293775804459528e+02 6.356512710203652272e-01 -1.518535532360732354e+00
3.062790273603812352e+02 6.896020046569486528e-01 -1.600329340404191558e-01
2.658845284627470846e+02 3.641568275985561376e-02 -5.499045344705483923e-02
2.368198768522085516e+02 4.984954779939475000e-01 -8.360119522690240501e+00
2.415332583271924136e+02 3.690951635412513254e-01 -5.906843041405417161e+00
2.359248469857636792e+02 2.407796147489087990e-01 -2.962119028206439797e+00
2.779335669689152724e+02 2.569003176406773892e-01 -1.008720038068712244e+00
2.906230376782910980e+02 2.254460034195207574e-01 -7.694270148417568400e+00
2.573517560351054385e+02 4.648050567300687774e-01 -7.963452932752608682e+00
3.070614647540087390e+02 4.024242781762189525e-01 -6.844199819269731755e-01
3.130876737055530725e+02 5.096587622045091193e-01 -1.555931252441060952e-01
2.703484564315147622e+02 2.177110937637835031e-01 -8.019310648175601575e-01
2.375331722403561514e+02 9.293394641795681144e-02 -5.663658241205102861e-01
2.594105461137397697e+02 3.373758961373184428e-01 -2.292147107417302365e+01
2.786384727348217893e+02 1.522719625976352020e-01 -1.925805685361237085e+00
2.721050460914863720e+02 4.615700272719692743e-01 -2.004209371861780387e+00
2.738930568674349502e+02 2.345526079860449364e-01 -1.905631073318374336e+00
2.622092417204968342e+02 6.756609092378380588e-01 -2.167865864859868807e+01
2.348267484399199816e+02 4.081839334765826610e-01 -3.603425542394112391e+00
2.893802063591950855e+02 2.009533664284660626e-01 -8.130466243970328577e+00
2.270291422407662196e+02 4.768415859535015677e-01 -6.317574182308656638e+00
2.383590310173077853e+02 5.492193651964941692e-01 -1.382084638742644422e+01
2.117279405994655406e+02 7.883520879989154295e-01 -2.677155327770913029e+00
2.222473317523565299e+02 1.009575963830403600e-01 -9.020850287787304800e-02
2.461982824285366007e+02 6.631909451667864497e-01 -2.733594314072609777e+00
2.843627185480197568e+02 7.406603235478498304e-01 -4.190620395202855342e-01
2.206176636905593114e+02 5.143123074869231370e-01 -2.780529317263761957e+00
2.154025096376254282e+02 3.065529320438282745e-01 -1.671038509089111113e+00
2.443934853409561185e+02 7.099920706234823242e-02 -1.340192634128928306e+00
2.686871769313751201e+02 3.019871463056161276e-01 -2.545486779639566377e-01
2.806141008769343443e+02 3.171312511248053356e-01 -2.407247608576693843e+00
2.584477016803547826e+02 4.340724466123586228e-02 -3.110585173229449385e+00
2.185794639844567939e+02 2.419996371402804644e-02 -2.396428008405214527e+00
2.308073189720856817e+02 7.469249633200459870e-01 -2.661184515791897187e+00
2.924617643144389376e+02 2.660839852663640093e-01 -7.813680608625282353e+00
2.857951287012881494e+02 3.648747271710319762e-01 -3.569394164882974341e+00
3.017485776379427307e+02 5.990287231770894394e-01 -3.121804507923860994e-01
2.509615989288385833e+02 3.244343425674918180e-01 -8.949948385528754269e-01
2.820858514136867825e+02 7.356497853891796890e-01 -8.209771413052989741e-01
2.690505615213861574e+02 2.123197341798165327e-01 -1.833172301036055662e-01
2.144730898345617902e+02 3.950907814591919087e-01 -2.787959115766336371e+00
2.572167027618093016e+02 4.275060115391144944e-01 -8.227603885900935055e+00
3.056666225484930237e+02 5.292464440364531564e-01 -2.922203422499108916e-01
2.920052053023648568e+02 4.211029290979254047e-01 -4.521050314846636553e+00
2.826705386376179945e+02 2.848670638251367682e-01 -5.810469996949075622e+00
2.478932111784085635e+02 5.753547025920289215e-01 -8.038853628843138921e-01
2.935877801721942433e+02 1.116474899410078020e-01 -7.807893952275852811e+00
2.555400005354345865e+02 6.806073784671166083e-01 -5.081754958407970202e-01
2.805160789249065942e+02 7.442740147282228547e-02 -5.170007769718891311e+00
2.676551076256779425e+02 7.793573543609962906e-01 -4.362480876875734492e-01
2.715288293758067084e+02 1.736172822750076117e-01 -1.492023126617048279e+00
2.858836036529895637e+02 5.462376016153464540e-03 -3.385446929054023446e-01
2.406923996195783104e+02 7.224157822998016343e-01 -9.320652721271672547e+00
2.528492551266547821e+02 3.324644667437767209e-01 -1.996663045856796215e+00
3.163482086794024326e+02 4.837954900528292912e-01 -1.453836197933942032e-01
2.303403190853208571e+02 6.250861640048777090e-01 -2.746141554489933245e+00
2.433754968739846731e+02 4.914144265860481697e-01 -4.749054925152805140e+00
2.642033906696559598e+02 2.798712747457769434e-01 -1.119412265513569871e+01
2.757485679686546973e+02 6.989511418873117776e-01 -3.119150007970649119e-01
2.237895821684329576e+02 1.129040900225180555e-01 -6.353204354262607934e-02
3.122483583559651947e+02 6.199789608158741139e-01 -2.709060673514704920e-01
2.336917653354313131e+02 7.688208848260930095e-01 -5.304410300009426038e+00
2.887808633604201418e+02 1.868114419327152054e-01 -7.874192105079230508e+00
2.280225029240723131e+02 5.798397167419800935e-01 -6.331552335878610549e+00
2.543645555061216896e+02 7.648925275869314921e-01 -4.402061360973879012e-01
2.946264317847650318e+02 3.816788997959399410e-01 -5.125323234351785828e+00
2.473841930857270768e+02 6.539382030762895814e-01 -1.281062916847360844e+00
2.979236708320752314e+02 4.345650280915688279e-01 -1.653631011333733580e+00
2.652460873612036494e+02 2.946341851158290615e-01 -5.920498996729743446e+00
2.745903297639871425e+02 2.532657880742625323e-01 -1.239099108837006025e+00
3.088510821230043462e+02 5.435137972758628117e-02 -3.687594253156083468e+00
2.136779038802852995e+02 6.416114716029600595e-01 -1.706621653345125500e+00
2.626176146240317166e+02 5.677858120247816220e-01 -2.246933623310617278e+01
2.493167310986310952e+02 1.403698903706892265e-01 -3.613940955855973192e-01
2.179692966455365593e+02 7.136103883549427263e-01 -3.539976632246136568e+00
2.394476693991941261e+02 6.060368190244534992e-01 -1.296035063439917856e+01
2.230680313851424899e+02 5.871039577933382381e-01 -2.762733858070697934e+00
3.101848199267096220e+02 8.347203119590652920e-02 -2.184054917192273848e+00
3.165505098576207388e+02 1.956119858870806194e-01 -1.680708123974629542e+00
2.507892403688899776e+02 7.095781677829688938e-01 -8.881369870291392354e-01
2.614645972257635549e+02 7.939109048760037979e-01 -1.936692750988777689e+01
3.151945091163714778e+02 3.874014183345022011e-01 -3.516224484037375198e-02
2.249533770316231198e+02 5.386574643654016281e-01 -4.096777678054324134e+00
2.533016995062301930e+02 1.333843200169273872e-02 -1.960206280888348532e-03
2.164050755504376014e+02 3.441280972633131152e-01 -1.604403515778414446e+00
2.615266264495249970e+02 3.268723883853533740e-01 -3.385984730844005242e+01
2.607341783332794307e+02 3.463343490772075040e-01 -3.179003054435496622e+01
2.605613371828558229e+02 3.026754207003672370e-01 -3.161958531830444485e+01
2.613207815976753068e+02 3.288559198196549516e-01 -3.362649432926480841e+01
2.614182086261504310e+02 3.567578080759167825e-01 -3.312964251584650555e+01
2.610776946178102662e+02 3.152913870594267753e-01 -3.335004999842423956e+01
2.620051701401467881e+02 3.768013989025040811e-01 -3.183860035142243561e+01
2.616646630146039456e+02 2.950829900992097410e-01 -3.412989820204828817e+01
2.619063944275368954e+02 3.358308738591359033e-01 -3.284183557466902670e+01
2.643861496818851151e+02 6.185964627128857085e-01 -8.856358312411085620e+00
2.613392195860822653e+02 4.244802068110228865e-01 -3.080120768614219173e+01
2.622932358563539310e+02 3.460245485181073777e-01 -3.023486007838764067e+01
2.622168085866400702e+02 4.088715708849546826e-01 -2.995158190107433072e+01
2.619150385326902892e+02 3.133275799029750508e-01 -3.326687472026172543e+01
2.617959200243233227e+02 3.905963455006992713e-01 -3.199367710492978389e+01
2.622500786523223724e+02 3.029123043812460003e-01 -3.093439479575935991e+01
2.612292183683763938e+02 3.891425717984345889e-01 -3.197036942127432013e+01
2.608069694211695264e+02 3.753267818144264689e-01 -3.094174487242824867e+01
2.602972759105796285e+02 4.304159379482572767e-01 -2.542896843396892592e+01
2.618486515754393622e+02 4.377246046107938771e-01 -2.989249979081293063e+01
2.623399441479276106e+02 4.136745157848784604e-01 -2.849209470746363948e+01
2.578807284708439624e+02 7.997662502613525071e-01 -8.666926347497920347e+00
2.607704064718466839e+02 4.350907946564949724e-01 -2.896949755572025254e+01
2.625918315641799836e+02 3.691690476219750550e-01 -2.808629714883690909e+01
2.580240682178527436e+02 2.391092471351353999e-01 -1.458647216356678200e+01
2.608128508601362228e+02 2.823597377142456621e-01 -3.296022903594718656e+01
2.612448675980824078e+02 2.522347082035483745e-01 -3.430169859759008233e+01
2.609983353969227551e+02 3.204875011822643782e-01 -3.325801975498445984e+01
2.614862506063744831e+02 3.906986699818895126e-01 -3.214100298422624746e+01
2.611016245548301526e+02 2.413147340297027432e-01 -3.367360550611033432e+01
2.617866859524970096e+02 2.568043225880966562e-01 -3.351827390209800228e+01
2.609701577580133858e+02 2.113292754123640149e-01 -3.291310180219551285e+01
2.608776325191150249e+02 1.517307564156314958e-01 -2.863858527953096811e+01
2.607423948169413279e+02 7.367208958901598492e-02 -1.421001548130002767e+01
2.610224482751143569e+02 3.552965939824541675e-01 -3.240856470753578122e+01
2.607744384993843596e+02 5.611718297117628679e-02 -9.804848163362470004e+00
2.613888562957363888e+02 1.752734484215690003e-01 -3.127513387106471754e+01
2.616646658759024717e+02 1.838909662890660657e-01 -3.163879793327681256e+01
2.144734424211986550e+02 2.066134891836527709e-01 -1.281153533170280134e+00
2.618488599670437225e+02 3.406713099601322847e-01 -3.271573454234943767e+01
2.613480158370363142e+02 1.985995912045444567e-01 -3.283384685613869181e+01
2.612178247501773285e+02 3.680348903400298965e-01 -3.261418180988938786e+01
2.605513543536985708e+02 2.234465701193572018e-01 -3.151148538736610405e+01
2.613090037481086938e+02 1.412997631123612541e-01 -2.768200061707341320e+01
2.619439103019109893e+02 2.265962225207822645e-01 -3.303807303412947505e+01
2.615368605397731017e+02 3.079964082802470471e-01 -3.420422398409927922e+01
2.617999483573984776e+02 3.839796483918172521e-01 -3.219557815269995160e+01
2.609312326525615617e+02 1.084817471994756199e-01 -2.216046749386381620e+01
2.672609250375426768e+02 7.673989331357236043e-01 -7.755461089905827388e-01
2.611923159874888825e+02 3.246573457542501484e-01 -3.371835436677375242e+01
2.613264001432949613e+02 3.325375939246781876e-01 -3.354422738155550121e+01
2.614917365531154019e+02 2.984765453222098519e-01 -3.433160540100241320e+01
2.617797040165087310e+02 3.636658606894708212e-01 -3.277596044646686835e+01
2.616763352643397980e+02 2.413957557532164511e-01 -3.401945445326339978e+01
2.618471489964618399e+02 2.754652563714017344e-01 -3.359303805772288598e+01
2.609427098375828109e+02 3.369270299590855222e-01 -3.289674775638216886e+01
2.615414578053448054e+02 2.100013012054323669e-01 -3.307948871316134642e+01
2.619511248441621092e+02 2.679252638623543237e-01 -3.362571093489282248e+01
2.609666401074252917e+02 2.779652950043665638e-01 -3.383928694356431777e+01
2.612604158467295292e+02 2.557995457058878097e-01 -3.432908816450534317e+01
2.612290047431713447e+02 4.024627427384923073e-01 -3.154079425559607586e+01
2.610583756398909259e+02 3.656317319291208512e-01 -3.210980236572837043e+01
2.611372692107056537e+02 2.433418830841515279e-01 -3.420225509261302932e+01
2.608571495949580594e+02 3.349903012696277549e-01 -3.205143999272753774e+01
2.617456428800545041e+02 3.048484523551354686e-01 -3.402959968542936053e+01
2.616088902843867459e+02 3.999429601968125247e-01 -3.166250481553111484e+01
2.620064362474295763e+02 3.558704989775497984e-01 -3.240378223750168729e+01
2.615234148235824705e+02 4.157312917481181813e-01 -3.133407666201444641e+01
2.603181747338681475e+02 2.634854876223364228e-01 -3.071300819175548114e+01
2.611689077346860017e+02 1.789202304964034318e-01 -3.151094737097708531e+01
2.606062192862135589e+02 4.264761702888344996e-01 -2.814748570226569768e+01
2.606917106135589393e+02 3.003753413651297222e-01 -3.161556574975890044e+01
2.621218154903897357e+02 2.310851248760085186e-01 -3.210049784895573310e+01
2.604177114759647793e+02 2.906531905342341071e-01 -3.048811515245068193e+01
2.619750144059092349e+02 3.490420816717172414e-01 -3.256261157616272328e+01
2.619746841031865756e+02 2.955764719314049604e-01 -3.351608838703771909e+01
2.615116003168088241e+02 2.527027081857832758e-01 -3.443821502157894088e+01
2.615161148233064523e+02 3.193958003557635372e-01 -3.400684258056871556e+01
2.612032598150527178e+02 3.741119407653702988e-01 -3.243446882256949237e+01
2.618781897310509521e+02 2.771851757280508477e-01 -3.359976162518741916e+01
2.609507299931620992e+02 2.778679915740338013e-01 -3.384198157029239695e+01
2.612290297849755234e+02 2.855418969773889093e-01 -3.430098905715996693e+01
2.614419942389433231e+02 2.889152596601911593e-01 -3.442654406173270587e+01
2.610654353841592297e+02 2.594777895525424150e-01 -3.384465109380219872e+01
2.617804574632573917e+02 2.725926811774293523e-01 -3.357386557967645047e+01
2.622302075072176990e+02 2.657448738077091699e-01 -3.108233891126274173e+01
2.610286903254328763e+02 3.234349077929445926e-01 -3.319311754953596960e+01
2.620581859248534329e+02 2.185710217051894944e-01 -3.170977367245522061e+01
2.613827783725751033e+02 4.321753689476267590e-01 -3.053647499915274821e+01
2.613054017008061578e+02 2.677773073450058772e-01 -3.436905796010739778e+01
2.613969087973815704e+02 3.340267736787418951e-01 -3.369192785907446108e+01
2.611090041196189873e+02 2.197096152970023641e-01 -3.318124909750586227e+01
2.612429054920647786e+02 2.536910604078426168e-01 -3.431412642533792479e+01
2.616839939168327760e+02 2.903594591735377817e-01 -3.417853107183937311e+01
2.618609648104605299e+02 2.448490324114724059e-01 -3.340511426269048201e+01
2.610686655130715508e+02 2.809524809723472072e-01 -3.380690635524867105e+01
2.606007056670541715e+02 2.649102263191807083e-01 -3.195083477783444792e+01
2.620449052351069668e+02 3.059164812614933449e-01 -3.231208209927497421e+01
2.618141407176775601e+02 3.328858016322868152e-01 -3.287287062598058895e+01
2.611390556996807959e+02 2.353514225702281470e-01 -3.406424228281402833e+01
2.605022079151335674e+02 2.667620440806945936e-01 -3.197973520201655262e+01
2.665573555038151312e+02 3.847561138324785968e-01 -2.389506992810226826e+00
2.612199870386634757e+02 2.711313909060217298e-01 -3.436995518668152982e+01
2.614389024458241693e+02 2.135237490975153973e-01 -3.352484238358830027e+01
2.616105385889588888e+02 3.451216751415277506e-01 -3.321828853232182155e+01
2.617691411952275757e+02 2.873698103169917140e-01 -3.422012666866931596e+01
2.615600477031837272e+02 2.816483715652548514e-01 -3.448839887672895799e+01
2.618385043509464367e+02 2.488715293467759493e-01 -3.345386599318719334e+01
2.611933412538732568e+02 2.324068158183871802e-01 -3.399926107427727118e+01
2.612777321921157068e+02 3.084420628876546333e-01 -3.401882881892292687e+01
2.611449060379920866e+02 2.756100308003892052e-01 -3.436079469713921952e+01
2.619166601574147535e+02 3.310241216668626807e-01 -3.294605854488720809e+01
2.612035936287326763e+02 3.162370309628869669e-01 -3.388438588444651600e+01
2.610336326029415659e+02 3.149587404061511275e-01 -3.336195603633957774e+01
2.616572515574640079e+02 2.689426931361648676e-01 -3.425687235527004049e+01
2.612905003468748077e+02 2.401805662300646460e-01 -3.414595253662290730e+01
2.317213921823820613e+02 7.552567891985135784e-01 -2.770433079736113857e+00
2.606994146738760492e+02 2.845855261006307590e-01 -3.181137037714483995e+01
2.618697073730075431e+02 2.539395579933885760e-01 -3.351986400691104251e+01
2.616943986813062679e+02 2.602054360981470582e-01 -3.423529529241574210e+01
2.614118828063391220e+02 2.978864962864533061e-01 -3.433111286010974084e+01
2.609138682473672475e+02 2.565803098728721143e-01 -3.385361763790665890e+01
2.613546724194779358e+02 2.895566294395547358e-01 -3.441264478408694316e+01
2.611732043144430122e+02 3.476108459697471176e-01 -3.317897762466772349e+01
2.609958372573692600e+02 3.212820093439276437e-01 -3.324207409300467475e+01
2.615434775731429795e+02 2.339443731149628281e-01 -3.414781397831635701e+01
2.616895509222246119e+02 2.996206607671706990e-01 -3.408470646757752576e+01
2.613430795681402969e+02 2.467331334333694726e-01 -3.435790841324697453e+01
2.612775639142518571e+02 3.301241738761857558e-01 -3.359931808150345489e+01
2.619452615148719588e+02 2.581887904724485816e-01 -3.357942244265640852e+01
2.613641774994063098e+02 3.476036112365334940e-01 -3.317640294845788418e+01
2.617570426039417839e+02 2.264092640675366419e-01 -3.369408474782287755e+01
2.608910200111255904e+02 3.382758144759978602e-01 -3.196339530234772042e+01
2.605920261742927551e+02 3.537986458291910719e-01 -3.045546513191002092e+01
2.617783735457266516e+02 2.887536126226629141e-01 -3.421159986193246283e+01
2.618034449844121809e+02 3.900195836197942190e-01 -3.201297395899347009e+01
2.619008317102226329e+02 2.435411920080635950e-01 -3.339708761350131994e+01
2.616674510046321416e+02 3.219891349483748333e-01 -3.373179397086500586e+01
2.614790553015939736e+02 2.962132362287080989e-01 -3.435708194109598423e+01
2.617319573572254967e+02 2.693437504138049832e-01 -3.427258016951935105e+01
2.610893872493205095e+02 3.079410636777328847e-01 -3.347963613991769449e+01
2.616039460630306053e+02 3.013371857931835263e-01 -3.404503029430043171e+01
2.618441420180828345e+02 2.233279607970387604e-01 -3.291252419306782429e+01
2.611760026426694594e+02 2.954133175189029847e-01 -3.420436926917073350e+01
2.616450269270798117e+02 2.566666441187797076e-01 -3.420177112971101963e+01
2.618651557039231648e+02 3.146311897193597718e-01 -3.322926764975595404e+01
2.611468432871667460e+02 3.250005720865372649e-01 -3.314479153591852878e+01
2.611264282780881558e+02 2.608728525228753981e-01 -3.384030072094959962e+01
2.608552155819211293e+02 3.292512407566645649e-01 -3.218722187325575845e+01
2.615828689260014244e+02 2.102319414190434999e-01 -3.309610914612737531e+01
2.615183793742240823e+02 2.653429071420838059e-01 -3.451251048241619657e+01
2.617176179041958903e+02 2.552896552391488161e-01 -3.420505819270434245e+01
2.613266288889859084e+02 2.784666353114181869e-01 -3.434350393313207661e+01
2.614673958225558863e+02 2.492117195478832647e-01 -3.439807105820661803e+01
2.615723192931603762e+02 2.973116647985131755e-01 -3.408586524898977643e+01
2.612591475432500374e+02 3.265732371424930891e-01 -3.367690250347190783e+01
2.613901533811898048e+02 3.449067518744381444e-01 -3.343365573503384525e+01
2.616236427878004633e+02 2.810371855515761408e-01 -3.422728444232398459e+01
2.614347496007356995e+02 3.141949276842315175e-01 -3.409280435910331164e+01
2.610327448006833606e+02 3.107529796493642138e-01 -3.343869937959548366e+01
2.617072756197424042e+02 3.083407768546237993e-01 -3.397137792770089249e+01
2.610802242532616333e+02 3.553275261871082780e-01 -3.240077841557085492e+01
2.615276661615813509e+02 3.036487748816491528e-01 -3.426725582585408603e+01
2.611281295748225375e+02 2.712217824133443256e-01 -3.384310032891072950e+01
2.615060468218300116e+02 3.240815466783243393e-01 -3.391480002502391500e+01
2.610231187936371384e+02 2.724205765870681972e-01 -3.385493455021438791e+01
2.611793907638054861e+02 2.877571741339904343e-01 -3.428359082200557850e+01
2.824451414050898848e+02 4.525332406844782551e-01 -2.686866361931456559e+00
2.616456483606305596e+02 2.445192853294251845e-01 -3.406422832338813578e+01
2.613681745904929130e+02 2.280757184742952526e-01 -3.399430039526164649e+01
2.609676243743862756e+02 3.311670784411547830e-01 -3.302995241995679265e+01
2.614440410171036433e+02 2.761886697640242860e-01 -3.450167175691395016e+01
2.612769245561533467e+02 3.121488322640119661e-01 -3.395655541978614167e+01
2.613179880966013684e+02 2.420605365210470039e-01 -3.417491046355470274e+01
2.612989353779508974e+02 2.890303236307708024e-01 -3.426902599872147448e+01
2.611781443272286083e+02 3.014958341713520618e-01 -3.412582071855741361e+01
2.612920876406416824e+02 2.905737416344562618e-01 -3.425433865981591453e+01
2.614305177982807891e+02 2.894485767142924160e-01 -3.442083848993031125e+01
2.612695166660961945e+02 2.769918118073561586e-01 -3.435192890459818926e+01
2.615684154854608892e+02 2.948444113098500075e-01 -3.438050112506352463e+01
2.612254029240244790e+02 2.540488997133962257e-01 -3.431764897526208102e+01
2.612814373916529007e+02 2.727201082856029468e-01 -3.436516517921387504e+01
2.618069260044701991e+02 2.549615683969603253e-01 -3.350929371003255852e+01
2.613801734457770181e+02 2.455777734939838808e-01 -3.434514734241565748e+01
2.616508129276671184e+02 2.991940115272596623e-01 -3.408139285179142064e+01
2.616557184116920212e+02 2.722634973445756112e-01 -3.425730841290309314e+01
2.614015018959394183e+02 2.590116207005356275e-01 -3.447746515830050384e+01
2.614796546495766734e+02 3.022860872840076318e-01 -3.428145421222416189e+01
2.612969069664113704e+02 2.802846079279162628e-01 -3.433488579818452990e+01
2.613290624714261412e+02 2.619830039636409369e-01 -3.435771274413467324e+01
2.615733438206042933e+02 2.872803651089223531e-01 -3.417906409500576359e+01
2.613696749327768885e+02 2.609692926688852999e-01 -3.448494853076888234e+01
2.612039775872970040e+02 2.751224407472587230e-01 -3.436088600892208689e+01
2.618167234526205220e+02 2.919014316151474775e-01 -3.349725385492119045e+01
2.613606167452660998e+02 2.506799503793078476e-01 -3.440618044874206305e+01
2.618227318452565555e+02 2.843605245281342064e-01 -3.355261699170787182e+01
2.613431643175788395e+02 2.719900767233876526e-01 -3.436453073049685969e+01
2.612204854856712473e+02 2.616032604063244227e-01 -3.436040802833535679e+01
2.616308417966172897e+02 2.766778172509720690e-01 -3.424483158672623517e+01
2.614103689800855364e+02 2.526597412184539704e-01 -3.443002889649899600e+01
2.615624651070301070e+02 2.674269866349395786e-01 -3.423501429120148742e+01
2.616738572738473181e+02 2.678347756330389240e-01 -3.425880991404231679e+01
2.615817972910060689e+02 2.759678043011212778e-01 -3.423624742330770232e+01
2.616312836114900620e+02 2.769603501037128934e-01 -3.424414754680974937e+01
2.614292295336605321e+02 2.733373437346527934e-01 -3.450719806141780310e+01
2.613841403262206313e+02 2.808344178478307529e-01 -3.447700064174046730e+01
2.614376153987153089e+02 2.813347024288905263e-01 -3.447926728195690060e+01
2.614392973298661786e+02 2.666678160402732867e-01 -3.450857001622850362e+01
2.615645467802254416e+02 2.606255951509214852e-01 -3.421122666800175693e+01
2.615123882817105709e+02 2.676373869878591050e-01 -3.451602028561468671e+01
2.616119214067845178e+02 2.673803481760801959e-01 -3.424524320089436458e+01
2.616512712758195676e+02 2.654649782780234557e-01 -3.424890141906408303e+01
2.613675277689546306e+02 2.756367735393599472e-01 -3.449640210800755113e+01
2.616064955034290165e+02 2.740049581546231128e-01 -3.424522910824663313e+01
2.616163647454023931e+02 2.474655426238086542e-01 -3.410034872001271111e+01
2.613615523243820462e+02 2.831993013750014887e-01 -3.446136936635964787e+01
2.614328369500606186e+02 2.542850167289578134e-01 -3.444639616511325642e+01
2.613652787437243319e+02 2.695359559304171815e-01 -3.450460174990070072e+01
2.614124464572975057e+02 2.693618334471328812e-01 -3.450872978401910274e+01
2.616331455212865080e+02 2.697464059635814593e-01 -3.425255906801119465e+01
2.614810526671080311e+02 2.547340296037865492e-01 -3.445392076069494891e+01
2.615066590065998184e+02 2.704683728295057543e-01 -3.451675188451104503e+01
2.616889665904439539e+02 2.745123537852615092e-01 -3.426169506859132241e+01
2.616809621520821452e+02 2.753189577227032614e-01 -3.425854377975644383e+01
2.616624045528936904e+02 2.692947289856277293e-01 -3.425827601013557455e+01
2.198536284687896512e+02 3.864979975891341679e-01 -1.311719835323839289e+00
2.812334816151704899e+02 7.523609323175928232e-01 -5.287809776277813123e-01
2.580577662261585488e+02 7.677561620548982724e-01 -8.941592971461366446e+00
3.157628080965279196e+02 3.096811145396288767e-01 -2.791696335474043167e-01
3.112946626716541800e+02 7.073568622098755920e-01 -4.163407121656319543e-01
2.271930329595578257e+02 3.449995941422407397e-01 -4.102379775998323375e+00
2.377254557494541132e+02 4.448500411976533120e-01 -1.157528015897396756e+01
2.404284403618297290e+02 1.956697580551594248e-02 -2.749153861447052094e+00
2.761093565556894873e+02 2.503186312622669996e-01 -8.093970041469906729e-01
3.090562008088853645e+02 1.046378545160883689e-01 -3.148383730206772313e+00
2.557702784037182937e+02 1.695642828962774240e-01 -8.808838804698193581e-01
2.703705825869609498e+02 2.764275810675383971e-01 -9.526298954160088428e-01
3.059641487779015279e+02 2.984916460604957744e-01 -1.970410478730115988e+00
2.858704016141604143e+02 6.923830408667052128e-01 -8.805744712734043800e-01
2.589886775043357829e+02 4.331954172156957106e-01 -1.882033742385505448e+01
2.297744753006155634e+02 4.178964959420134462e-01 -1.655779498401003025e+00
2.324511103400542424e+02 8.338368319744837720e-02 -2.607456198993318153e-01
2.229129106754489840e+02 6.776214726358373852e-01 -3.100714643872883869e+00
2.427796273390817419e+02 4.754955765742884671e-02 -3.801639232150366143e-01
2.684108226939341648e+02 5.721044949299803895e-01 -2.661600638059082868e-01
2.448010064259565013e+02 3.383609323196265506e-01 -4.188227535584074346e+00
2.174672100309264522e+02 7.269117524193119406e-01 -3.001629148186601981e+00
2.837179925215015714e+02 6.649845175948601583e-02 -7.166281751170739511e+00
2.386635329004988364e+02 4.670883232781100070e-01 -1.353939324313247106e+01
3.130056965344070932e+02 6.863433065064250549e-01 -1.933405111569657664e-01
2.613190716848907869e+02 7.145715735618213445e-03 -2.946392950209426598e-01
2.143301930201175765e+02 6.545305649601248499e-01 -3.302780261051220023e+00
2.695328914544815007e+02 5.776274299319282823e-01 -4.575170940165103062e-01
2.204366558279267565e+02 3.383100769202091601e-02 -2.919527109101850204e+00
2.352190871621503163e+02 6.078419664366023767e-01 -4.428595674653834635e+00
2.600856776162364667e+02 6.148668317892933555e-01 -1.841419243322067345e+01
2.158295883256279524e+02 3.832420582880703974e-01 -2.030667925712688060e+00
2.721765063486997178e+02 3.622289972459026286e-01 -2.289566039917361184e+00
3.075882013330548261e+02 5.051534300313910153e-01 -3.116176852941717201e-01
2.166665235289330269e+02 4.007722147743549290e-01 -1.838677050204787333e+00
3.169153705682972486e+02 6.708206806569085856e-01 -2.151635968891130735e-01
2.186695703976338052e+02 5.284701687524754332e-01 -3.014019514346341744e+00
2.242652089027374700e+02 4.729856289476870312e-01 -2.497651153582300942e+00
3.050534169509591038e+02 4.528938983356699532e-01 -4.911654782540438857e-01
2.968606708583956788e+02 7.858738827908995361e-01 -2.996119036358224630e-01
2.952908671119556061e+02 6.336316033023736694e-02 -3.809971175371045238e+00
2.419694133449650906e+02 3.132413916451456948e-01 -4.899747241588409352e+00
2.569059637586772737e+02 6.295150444161166092e-01 -4.559468064414224031e+00
2.935336658173268347e+02 6.346298925899680476e-01 -2.560670365870027165e+00
2.542862839031747910e+02 1.002748718595698474e-01 -3.856635654238619315e-01
2.780858002333931722e+02 5.381340786930003395e-01 -3.290519498218136274e-01
2.742359508967016950e+02 5.513004278637654298e-01 -1.018571820481837920e+00
3.110050911824267814e+02 1.652780019430182268e-01 -9.148340116177415826e-01
2.131039180110363702e+02 2.019029703125785058e-01 -5.030784003634404256e-01
2.443567998836419122e+02 5.256460017034181309e-01 -4.496943480049851338e+00
3.096826407277799262e+02 1.262225149678532221e-01 -2.274144894607106338e+00
2.498736338495475593e+02 7.790216487288312841e-01 -7.774841749912261291e-01
2.713112318290191638e+02 1.473464613066776119e-01 -1.102916422980583455e+00
3.015458291049926629e+02 4.834631279335004916e-01 -1.839111742703410934e-01
2.123981396633836312e+02 2.883758447600972066e-02 -1.223658993457971134e+00
2.996248999777430413e+02 3.219070598971509600e-01 -1.287489752450566405e+00
2.869450386316794948e+02 1.414938938555969916e-01 -6.767610873317214448e+00
2.817777286633536278e+02 2.662681393408727892e-01 -5.279771581165403127e+00
2.920251945864057461e+02 2.926048198942208245e-01 -6.793996522029665641e+00
3.141960160595120328e+02 4.083543948648272748e-01 -4.367906148359990137e-02
2.362543344724835777e+02 4.956603431213063016e-01 -5.839157106267929720e+00
2.983669731143152717e+02 2.413600787950780369e-01 -3.775902873493146572e+00
2.532090713024452953e+02 2.573849385345181595e-01 -1.717039525669860733e+00
2.889439069745614006e+02 1.926429783649626637e-01 -7.822651264934997073e+00
2.474279155506887093e+02 3.348951704727849421e-01 -5.554657462659738920e-01
3.026821372412971414e+02 1.536484212997577259e-01 -1.295249094966753445e+00
2.899844746428153712e+02 6.975660938815715362e-01 -1.517285954525299685e+00
2.481786379163630443e+02 4.279900665742204513e-01 -4.845290378447624779e-01
2.644938600362490320e+02 2.387214627214021556e-01 -9.204285643388546490e+00
2.333527464068108941e+02 5.931919607258842042e-01 -5.804028593969452032e+00
3.046518157908752755e+02 3.966976228369891166e-01 -7.059517880675896251e-01
2.286542611287900399e+02 3.570862394009972074e-01 -3.046392218761234894e+00
2.766614252036553125e+02 1.165131599239665611e-01 -1.030884629283169041e+00
2.263781145105624830e+02 7.968240993567362596e-01 -9.615835649843964106e+00
2.677574708557560825e+02 7.702318058295967163e-01 -4.447018828438628613e-01
2.214163663105135242e+02 6.629533936004198269e-01 -3.905773463067228057e+00
2.495257269282343771e+02 9.047088677960897496e-02 -2.048402311396622932e-01
2.287307662166165869e+02 5.866059904807001679e-01 -4.758617947235100232e+00
2.849604373996658069e+02 4.638254704724479871e-01 -1.945112351391520500e+00
3.031478546949861652e+02 7.134346249840484155e-01 -5.242958113258605612e-01
2.343794518010643912e+02 5.156035506041570932e-02 -3.663040309872824807e-01
2.511729056889740832e+02 2.803808406022817445e-01 -8.551951286065646585e-01
2.665230963590033753e+02 6.437149002260587061e-01 -1.762613480953332257e+00
2.923116950500892131e+02 6.230441469946816913e-01 -2.384216872448754465e+00
3.145738567387878106e+02 5.175295350692040719e-01 -1.078760335158660127e-01
2.618698385273550571e+02 3.683241022296032674e-01 -3.202978935988883791e+01
2.911132248894450072e+02 4.979637309609161733e-01 -3.157454002580025954e+00
2.463649486358515901e+02 5.544997744384024818e-01 -2.446814224524963333e+00
2.396745079762094690e+02 1.824726734328589173e-01 -5.011507945286326482e+00
2.833863894635967426e+02 7.302662854208077370e-01 -7.244061699130750487e-01
2.251898034509833622e+02 2.278209462645349181e-01 -1.401384469232700214e+00
2.987689122893023068e+02 1.889666864523473766e-01 -3.435563244909819236e+00
2.627645994524509661e+02 2.175606705601046686e-01 -2.653461832176459723e+01
2.741039350996177291e+02 2.125361215625475586e-01 -1.700931878395204100e+00
2.796935506803889098e+02 9.679067330808872882e-03 -1.019208581301525696e+00
2.525822429806465266e+02 7.448199308311304057e-01 -1.678107046717789208e+00
2.653983986113134961e+02 5.644783412526064303e-01 -4.347988628562927893e+00
2.963614683519558639e+02 7.436901721398185838e-01 -4.235386075661634608e-01
2.310974188963098186e+02 7.300787160073152204e-02 -4.514888957357838239e-01
2.791683294057326634e+02 1.343195533275160503e-01 -2.862108200028986804e+00
