8.277452453166978330e+01 1.926210972483331507e-01 -9.570467909939601725e-01
5.730948939777231743e+01 1.140535508129803255e-01 -7.371204402618147800e-01
8.418779783097338054e+01 7.883069835558758065e-01 -1.079797427584061054e-01
6.772634270297803027e+01 7.560067702212848184e-01 -1.236284887344474281e+00
6.039361744966250711e+01 1.879562599239807952e-01 -5.000377599533077921e-01
6.656762325086772591e+01 5.116703054339584444e-02 -3.483428508754891073e-01
8.032502372251175871e+01 7.814176769929105371e-01 -7.677707565639623876e-04
8.461848590650498636e+01 3.460726894567216494e-01 -1.130622568828870411e-01
7.003858642147812930e+01 1.622994920605950186e-01 -1.365608144903658117e+00
7.500132148706164514e+01 2.614405578701845534e-01 -2.868890557950764530e-01
8.091522832737557280e+01 5.938755504828298337e-02 -5.000637347434775393e-01
5.895272995343314903e+01 2.981221689409358500e-01 -1.196571553413204425e+00
7.892565363504340326e+01 3.859786334214419523e-01 -6.545218033376686007e-02
7.724416331803301716e+01 8.171789352726338551e-02 -1.880730873481431642e+00
6.110164562132190724e+01 7.368314432857728802e-01 -9.169495156340936592e-01
7.094685227767894276e+01 5.525164879123165562e-01 -2.253969919656363174e+00
6.088447414770378430e+01 5.363644158950946483e-01 -2.541873583895421174e+00
8.447233194179514726e+01 6.060228091029103981e-01 -7.962614695666790643e-02
7.417743340417679576e+01 3.121027141737780508e-01 -9.330750633491627366e-02
8.060649691438928244e+01 4.509284997286630570e-01 -1.218464883454237757e-01
8.124951045784663961e+01 5.490365040777717143e-01 -6.567418430104866867e-02
7.509290793199244263e+01 5.978116783890351504e-01 -1.369314642950302530e-01
7.261228425559559696e+01 1.539192948922823434e-01 -1.886009643813869374e+00
7.776012103615818205e+01 6.885635853054417055e-01 -3.083977738655959908e-02
7.566300094281562849e+01 1.439243200656293853e-01 -7.189295491378664416e-01
7.280797267863161437e+01 7.266519036911194274e-01 -2.182699585514689677e-01
5.932135835816131220e+01 9.694158093226297457e-02 -2.719106181280624840e-02
6.723442062492281934e+01 1.280783629977374494e-01 -1.073686683283848753e+00
7.454140403751227950e+01 1.047834928253082998e-01 -6.704730684423391984e-02
6.186157254836712127e+01 3.759888339259720436e-02 -8.742755212961433875e-01
7.950947150968191579e+01 2.641745203832843725e-01 -1.111740249556921190e-01
8.555653626252376398e+01 3.651241898766819927e-01 -2.572500970438864817e-02
7.328302283840807263e+01 7.305994172030719769e-01 -8.034700233004520714e-03
6.935332532008072803e+01 7.943231563765912329e-01 -1.264469067419261850e-01
6.744892620351691903e+01 2.520638980611046853e-01 -2.311232679221745023e+00
8.204808549108241778e+01 6.835766427450032934e-01 -1.704895115133234773e-01
5.862579960277268754e+01 6.090401665450531077e-01 -4.070329255865457463e-01
7.560920601906656202e+01 4.224206650604741542e-01 -3.288671937008821322e-01
6.795886245885446897e+01 2.807056997111019303e-01 -1.058956120254667566e+00
7.423554643507134188e+01 5.141069335337360435e-01 -8.645709959907632233e-03
6.568871148800410253e+01 3.937941671887822404e-01 -1.819736649460458544e+00
6.628043254067064538e+01 2.066096632432979918e-01 -1.884851096159611217e+00
8.227510034798490324e+01 6.673774392572084935e-01 -1.466728306508308932e-01
6.154898587963563727e+01 1.483515578932949053e-01 -1.028081364816554322e+00
6.065143899675688033e+01 3.695776057694288852e-01 -2.152718382320273349e+00
6.508824480426716264e+01 4.673848747678723825e-01 -7.422370834188214694e-02
8.312856760004784462e+01 4.844068843704563143e-01 -2.968430093905207734e-01
6.993172165308253341e+01 3.075809148979632979e-01 -1.048536357043332590e+00
8.355104835748196024e+01 1.703888977022458701e-02 -6.300565936025713798e-01
5.773233366877104089e+01 2.334418256907204448e-01 -6.367489077190207070e-01
5.757701987833066681e+01 6.324837642403211176e-03 -1.072645186640872383e+00
6.594136886032852374e+01 7.512137998343277889e-01 -8.086786249148767425e-01
6.402765802878060697e+01 3.214178384825960300e-01 -2.311610457015111086e-01
6.961009680822543544e+01 2.275075708665266205e-01 -1.120198725596022529e-02
7.698984224986831748e+01 6.485244403616305942e-01 -2.336362499618969690e-01
8.363465276553000649e+01 6.195409353270195929e-01 -1.423376584149856627e-01
7.871070655090508694e+01 6.422783655251118606e-01 -4.760907993032682806e-02
6.019167610174789473e+01 5.102563268743492975e-01 -2.748629712841142367e-02
7.362296016197024073e+01 4.637600984620854350e-01 -5.822551865050781816e-02
7.613212879326857774e+01 7.694141542983865545e-01 -1.523315939575237421e-01
6.200345378399272533e+01 2.094695184935007615e-01 -2.345050919352020258e-01
6.317685739895537012e+01 4.057581053270438443e-02 -4.226322827428591333e-01
5.972210994101752135e+01 5.752473811810271398e-01 -1.816060592376261384e+00
8.189775616705338734e+01 6.407910651266966739e-02 -3.861455903828724945e-01
7.662986296185208346e+01 2.738695800371384048e-01 -1.853360156003448278e+00
6.361997860151818429e+01 2.469133373166457757e-01 -1.737556970515597321e+00
7.826121447301422052e+01 5.891800330488750070e-01 -4.036322624161503558e-02
7.819578591111137200e+01 1.694273290439562984e-01 -1.250998766159524545e+00
5.847916239933542926e+01 2.945268706529144409e-02 -1.032231018809437240e+00
6.892542099615351958e+01 4.477652473216783280e-01 -1.590946093188052024e-01
8.020085519068639712e+01 2.205942971162942468e-01 -2.162811357441311866e-02
7.218695810608775787e+01 6.376255383039011182e-01 -4.509221269119131903e-01
6.445209557708494685e+01 3.824852618012961059e-01 -1.209290693051822352e+00
7.628116980933270952e+01 5.007565918673270167e-01 -4.454447983462536675e-01
8.289697682853844185e+01 1.809584892086989472e-01 -1.242475090970624585e+00
6.693629100040872970e+01 4.059408643526619120e-01 -1.023193783827149872e+00
7.182690099750975321e+01 5.644660439957448483e-01 -4.928798351450194293e-01
5.952138106880127566e+01 1.008506216939114401e-02 -1.037960987162636073e+00
6.245599669428212053e+01 4.769882490202677627e-01 -2.760380862613573516e+00
6.458986242838290082e+01 6.584489077517678979e-01 -1.658795519554581599e+00
6.490627651550360611e+01 3.395614308970676398e-01 -7.631992144313711757e-01
7.228418874579446651e+01 6.308333891293084195e-01 -4.519089982488964097e-01
6.549656071421618719e+01 6.755798902190098820e-01 -1.509894647035249227e+00
8.529524367236389537e+01 2.941479316416603651e-01 -4.770701684539313536e-02
7.033708750018476508e+01 6.999232207562536834e-01 -7.504304681029245749e-01
7.979501207583356859e+01 7.805719187095547240e-02 -2.821758404788931585e-01
6.295994687145198299e+01 5.315814104874480028e-01 -9.412561816538406179e-01
7.759790682759569336e+01 4.282635825293568121e-01 -1.669424824183028122e-01
6.836823986609668680e+01 4.392435520819362171e-01 -1.459059189676615610e-02
7.148316530914692635e+01 1.222165217389402925e-01 -4.960159931249975784e+00
8.483853418588746820e+01 7.198424397851830303e-01 -4.748619694982345041e-02
7.391826834721356931e+01 5.797484413649062196e-01 -3.581007144222518590e-02
6.385428865341370397e+01 4.092126343357390117e-01 -6.112621377165191605e-01
7.124998953489178177e+01 7.057952536003553323e-01 -2.284079940654906604e+00
6.267593579995001107e+01 7.646225146860806676e-01 -1.173573571447954267e+00
8.144329480429622947e+01 8.831481860457125743e-02 -6.175173767315486062e-01
7.074107151371784141e+01 3.526021629740114793e-01 -1.843033692687108704e+00
6.863483830971941302e+01 4.921843997677101124e-01 -7.793030280087305528e-02
5.817322909085122973e+01 5.263124409315688146e-01 -1.651487586493617821e+00
7.920411307488262764e+01 3.331752662361906481e-01 -1.219698165348097468e-01
6.416923552957067045e+01 5.227536548636362301e-01 -1.668645622026732056e-01
7.337005027634778287e+01 2.735737095730197410e-01 -4.181887398319165949e-02
6.846207021314795327e+01 1.439406774439616447e-02 -7.826143052293220437e-02
6.179056616922506606e+01 7.380880609964464156e-01 -9.433626357295978870e-01
6.596471807118030029e+01 2.665723450451673027e-01 -1.034204623889344532e+00
7.150217270580489526e+01 1.112834738528605538e-01 -4.793698080601188849e+00
8.429278180877327031e+01 6.280478341286540589e-01 -7.577322257181816345e-02
8.465016630738716685e+01 1.629962196534951169e-01 -7.720568196027849384e-01
7.797153751028832858e+01 3.844719373309669619e-01 -2.304494431276735700e-01
7.705258442910883332e+01 4.900242061276705030e-01 -4.327594974830997199e-01
6.015877948541606202e+01 5.162520461397416272e-01 -5.157009337176692715e-02
6.656050389433929126e+01 7.131770993342744225e-01 -2.984375236066930004e+00
6.479463525280684166e+01 7.011741806926198306e-01 -1.299907821321192536e+00
6.053396589059224908e+01 5.557743287342745697e-01 -1.253719938159137959e+00
7.709517829980430292e+01 6.515373386090188984e-03 -1.587098004812659280e-01
6.274171193380949063e+01 4.097451912448901723e-01 -6.737138219447947884e-01
8.303811996405278251e+01 4.189005239575528394e-01 -3.521229592292657862e-01
8.376565870285014626e+01 5.431955822033168735e-01 -7.699120565229512769e-02
7.003492016062104142e+01 7.781266387522051131e-01 -7.086858189628869598e-01
8.334013911198537983e+01 5.089384105924287249e-01 -2.476949078205152310e-01
7.960076540820448088e+01 2.665241264341542543e-02 -1.386905946112628463e-01
7.860602553508948631e+01 6.607562065621359615e-01 -3.969360272845495058e-02
8.266905792999534697e+01 7.403049881741066707e-02 -1.042058040337443314e+00
6.315072060216554206e+01 5.856025830545509570e-02 -2.380448018618789852e-01
7.581434859460134135e+01 8.586411116037878655e-02 -5.285335487430883328e-01
6.137738371499790446e+01 7.299478787696775939e-01 -1.135566467823393433e+00
6.352855831290367661e+01 3.017845389677821788e-01 -2.026727143686965160e+00
6.460921860715068021e+01 5.504318228608300334e-01 -1.681007705759896220e+00
7.434910938615030318e+01 3.759896492593715056e-01 -9.826861857732332312e-03
7.170059841727028527e+01 7.455213737101367144e-01 -3.521217329369918936e-01
7.056448199574546720e+01 2.034437330429302859e-01 -1.142900536821791935e+00
8.195705258194138310e+01 3.242549480965882802e-01 -2.738758084205840659e-01
7.088271828147634324e+01 1.437022489635762512e-01 -2.426556190594259199e+00
7.609114524085643438e+01 5.633209691035073741e-01 -3.071015394532283227e-01
7.760604686338152192e+01 4.600586784854477362e-01 -1.218019444644127952e-01
8.482143858579291873e+01 1.922940367807292883e-01 -5.395244430721390927e-01
8.506476376487485425e+01 7.579058046411628613e-01 -1.178907519060960057e-02
6.922037196405507586e+01 2.536559416157654900e-01 -2.901084536939021463e-01
6.085330918682443269e+01 5.742082610132496212e-01 -2.777952670639095789e+00
6.979135449902189237e+01 7.926950103402031766e-01 -2.548410635027983373e-01
6.585642166984928281e+01 1.034287148887379770e-01 -1.444681620234878450e+00
7.253795046388668766e+01 6.804625577640206480e-01 -3.650901083657224211e-01
6.782028309856340798e+01 5.950099901219380039e-01 -1.100738700740710785e+00
8.134850305608851784e+01 6.455228488418780497e-01 -4.618278271026837051e-02
5.935520745893000338e+01 6.949370215825974029e-01 -1.184275831648208710e+00
5.944261975131830411e+01 3.329293738873748687e-01 -1.141812828613541608e+00
7.375370177064755239e+01 6.511242097194203104e-01 -3.429349989717247332e-02
7.840016637712747638e+01 7.873046635997819065e-01 -5.702144201336794421e-02
7.909150037263228228e+01 5.282609955191518436e-01 -1.053236123947330349e-01
5.979525653617333347e+01 1.800594601409233331e-01 -9.346344112539148874e-01
6.746531783599931487e+01 4.373585667949975164e-02 -7.104630663285038672e-01
8.223883696292136847e+01 6.662715246763866173e-01 -1.586104038432313845e-01
6.245548356498731835e+01 4.491858901461640574e-01 -2.753194080182973291e+00
8.335357033971534690e+01 5.765736494338805640e-01 -2.217212526283374452e-01
6.438814710762009952e+01 2.090552905655854998e-01 -9.777728969085962563e-01
7.025557387719643998e+01 1.860967945053421113e-01 -1.472044591079808784e+00
5.745567303358031097e+01 4.247118138906666451e-01 -1.721388071711205114e+00
8.552554009467611706e+01 2.809295505177525354e-01 -5.205864800431994621e-02
5.797191249091428489e+01 1.211436124878634280e-01 -4.944711468448081404e-01
8.419851675086904663e+01 2.396465216278343968e-01 -1.611740851869788438e-01
8.186728814083579664e+01 7.056970926537087241e-02 -4.259787415149751122e-01
6.285937548062566549e+01 2.228729664772645391e-01 -3.042962697895778557e-01
7.553485614258364933e+01 2.371802425185697005e-02 -4.154217131048255560e-03
6.023085208411433200e+01 4.729866058851184274e-01 -8.020698322712327064e-03
7.879020450321436897e+01 3.077575183268103642e-01 -6.971211969572627641e-03
8.154533242431858753e+01 3.491941322577205020e-01 -1.353517058086833036e-01
6.220917582956133174e+01 3.596075692105489274e-01 -9.180168465373224063e-01
6.638639602386265892e+01 3.826501318143025188e-01 -3.743997168660844199e+00
6.725998840873705831e+01 6.092572252501722296e-01 -1.021748110732223935e+00
7.126980534343448426e+01 7.624145599976484000e-01 -2.081824687556187214e+00
8.009485680877904201e+01 3.330708224022826264e-02 -2.122766809949403477e-01
6.940113775971883570e+01 4.878535236344557768e-01 -9.180344011213104061e-02
5.782511904823316229e+01 4.700549907496241464e-01 -1.544067558880427571e+00
7.242071301646321047e+01 6.399634324564281718e-01 -4.301204586608238234e-01
7.533697349100678764e+01 4.321157975432888820e-01 -2.458891929409244281e-01
8.024969340232760828e+01 1.685566081388852333e-01 -1.074823977288810566e-02
5.859430185636103516e+01 2.477288822027982340e-01 -3.239986829778867400e-02
5.827320212534035448e+01 6.758024596380800553e-01 -8.367870777414954109e-01
6.681181986611463230e+01 2.959526863355673165e-01 -2.171891789140153683e+00
7.478212686067077186e+01 7.078731547889433040e-01 -2.553542523165865108e-02
7.333481257790539587e+01 3.180369596234971508e-01 -1.240666712486816758e-02
7.627127241776781830e+01 3.930018061090383985e-01 -7.320909528778970499e-01
5.895112433432263543e+01 4.034804953064653477e-01 -1.446280494850023413e+00
7.783011671456927161e+01 1.354868395653221202e-01 -2.054771933232238279e+00
7.217465213651153988e+01 1.581378682923467172e-01 -2.216267695967819140e+00
6.900838700686441030e+01 2.621147435787064550e-01 -3.212109652741874100e-01
6.123290664045010345e+01 3.437634655752594970e-01 -4.952954802964781300e-01
7.978383076862667167e+01 6.051861303441189444e-01 -1.037981594386133827e-01
6.803499870535610228e+01 4.445334236160227714e-01 -5.074373549835150543e-01
8.069779813450900008e+01 5.024129265611013834e-02 -2.956775975690223435e-01
7.495671440770082938e+01 6.212376155143758405e-01 -7.714206776205422000e-02
7.653591952511138174e+01 7.221597369453796045e-01 -2.251445075192044787e-01
6.383422961530391149e+01 7.745968825980725780e-01 -3.216077414241944044e-01
6.872495433878430049e+01 5.877957328708237617e-01 -6.452902565292575887e-02
7.291625900613256306e+01 2.307780783944962666e-01 -3.432086136426616974e-01
6.533980752164386274e+01 8.895537039518011668e-02 -1.580674761523146454e-01
6.547494276626258625e+01 3.612047824132237905e-01 -1.626286815915365391e+00
8.081911579922487476e+01 5.011967010901922093e-01 -1.564088858380856539e-01
5.718166432507405972e+01 1.165519626643038431e-01 -8.740486625847060376e-01
7.406761432452466920e+01 1.497313811437279429e-01 -5.935211762041596728e-01
7.949253732144877915e+01 5.307791308920485340e-01 -9.289976565461495472e-02
8.184263823187683329e+01 6.343850996117144092e-01 -1.347295880764788345e-01
8.509954983510283455e+01 4.610350928735707510e-01 -3.267347060447748502e-02
7.057152036998211031e+01 6.568191613835985265e-01 -9.295523970255478163e-01
6.774917158477788348e+01 6.100690817531559951e-01 -1.329830324506858563e+00
8.223254949084666521e+01 4.556280386502890578e-01 -1.846317346979077234e-01
5.722949779114766500e+01 3.566463347694775465e-01 -1.586133354270363727e+00
6.334237989864317342e+01 7.170891553844243038e-01 -1.883748943972120671e+00
6.652364399782308624e+01 7.872466802861496360e-01 -2.999138643170821350e+00
6.009996266461602943e+01 5.868699106655395070e-01 -1.035679011913657327e-01
6.817841006410993998e+01 3.667721851905105801e-01 -2.094639021712942917e-01
6.965265069861439429e+01 5.567894281270509005e-01 -7.785526178681687060e-02
7.822898520337632533e+01 3.941456746987310189e-01 -9.077185651753504059e-02
8.008267211664546892e+01 1.418541544198330395e-01 -7.130706275177738085e-02
7.150638160292618295e+01 1.202598133126981939e-01 -4.937920978174410003e+00
7.021676924666695641e+01 2.775085192468753070e-01 -1.508302298902691740e+00
7.730719875999972146e+01 1.889595624331453783e-01 -1.193986610604328424e+00
5.867160372899188303e+01 2.132367938692568132e-01 -1.391282300339920786e-01
7.462051056102545488e+01 6.753456224632699012e-01 -1.008186558911670395e-02
8.120365388383035565e+01 3.057339940489465224e-01 -2.175896503353551004e-01
6.368998070914949494e+01 2.560303020496039195e-01 -1.429842874351232140e+00
8.458990227533131190e+01 2.988071912742306102e-01 -1.668322190297394925e-01
7.196054751504735236e+01 7.402021053126763839e-01 -3.264544093937179481e-01
6.294633330061365939e+01 7.763541020727371400e-02 -7.242825255224540765e-03
6.850980549620889803e+01 7.573039746795368066e-01 -1.693824178561469801e-02
6.584650498429668630e+01 2.663851206222631052e-01 -1.548069132933205250e+00
8.101534516161657962e+01 7.515690395707385063e-01 -8.972809027898467904e-02
7.500105690538693182e+01 5.007972676010813418e-02 -1.693219443117769882e-02
6.885116490709080495e+01 3.704268532298080063e-01 -1.919870958747712242e-01
8.505653409384143515e+01 7.608481648370218897e-01 -1.820798265795799120e-02
6.540993417327852910e+01 2.428734677995890157e-01 -1.181749626101138206e+00
7.886336633968136312e+01 4.398486685593425705e-01 -5.384340798260481981e-02
6.493502353989129006e+01 4.080906064538452616e-01 -7.537602122795594717e-01
7.170646215745509267e+01 5.162911114456925077e-01 -7.158175824930517184e-01
7.594081012173076317e+01 4.160584944958198306e-01 -4.999307719335485678e-01
7.277325979631669384e+01 7.082289488942676847e-01 -2.216260704953225413e-01
6.229065280567408536e+01 5.718784140700127194e-01 -2.020130158244751950e+00
8.325396834994471362e+01 4.377016295033542975e-02 -1.849618596828270123e+00
8.068000804479356702e+01 7.758569183351307075e-01 -6.274458645847012794e-02
7.333492428094328375e+01 4.734180724219201331e-01 -2.600880570536201366e-04
6.194970369796827470e+01 3.132809491200010399e-01 -3.915759972112599629e-01
7.406408036583047760e+01 3.773333714422772572e-02 -1.073163066077505778e+00
8.422301651961711855e+01 2.049646135905967559e-01 -2.959041893528192024e-01
6.069878386520077385e+01 6.233811781735791868e-01 -2.853392297289734980e+00
5.958266007731662484e+01 4.977527954042821889e-01 -2.102196418844334058e+00
5.746754180358355057e+01 1.061118318364419055e-01 -5.203535071150726665e-01
7.875198891606179075e+01 6.246441734784818900e-02 -5.226340795014940976e-01
5.846750801986960511e+01 4.865165875091348457e-01 -4.416495209082871298e-02
6.522383853215291083e+01 6.310496302557992987e-01 -2.956799805798726588e-01
6.958031946442770277e+01 5.117072199161892820e-01 -5.966105510982523848e-03
6.160448551062619771e+01 9.709610663262875641e-04 -6.836391266786091547e-01
5.977776490579754665e+01 1.990988572114154032e-01 -1.008774466804494008e+00
6.737505821063993494e+01 3.809478121125844385e-01 -1.801965262225376341e+00
7.306515499173758599e+01 4.297350421344522942e-01 -4.872637874027187926e-02
7.700371324483272417e+01 2.191603873130345548e-01 -2.112609009866946330e+00
8.341922842209572764e+01 7.244782456121714453e-01 -2.212931714245330861e-01
7.240425238568941779e+01 1.764587065220967477e-01 -2.251995455109192523e+00
6.822736165284607068e+01 3.100690081983320176e-02 -5.275436773906224674e-01
7.586568834120319593e+01 2.314300080718976749e-01 -7.846976297980390314e-01
7.121987527983377220e+01 3.870518893458831933e-01 -4.346796580467539250e+00
6.721960059103093954e+01 4.939562285080169035e-01 -1.063629652681070015e+00
8.371689347632940326e+01 5.979024019460498218e-01 -1.154284811083819834e-01
6.606268165116142654e+01 4.693881935711181619e-01 -1.033033931862407329e+00
8.543995539145187479e+01 5.397553504461456431e-01 -3.738261281686117241e-03
8.265454547507629002e+01 6.033533398050465735e-01 -1.152172121887461986e-01
8.299334655560336671e+01 2.332183464716768018e-02 -9.241784890120121609e-01
6.259594608439555685e+01 1.013681775382084815e-01 -4.997902485540725581e-01
8.137622465570649410e+01 1.626322540145518358e-01 -5.343415299084320891e-01
8.199095831608755702e+01 6.555347235828444807e-01 -1.633950444256387080e-01
6.439716880620891004e+01 1.488944907894214353e-01 -1.129109175074633153e+00
5.919526678433910405e+01 5.665240380751601634e-01 -4.396161655078910102e-01
7.355846360847644405e+01 3.357863625702961485e-01 -1.041686167272204283e-01
7.558595987970394958e+01 4.475958981101832990e-01 -3.009760239704489249e-01
6.050705772311932407e+01 7.324275881480537542e-01 -9.327350227728387067e-01
7.094654202578716706e+01 8.211361140809488035e-02 -1.537602574236381470e+00
6.698221278471605444e+01 9.353884565586390032e-02 -4.357254881176590433e-01
8.411195002741860094e+01 5.230981655700744914e-01 -3.681649265233475493e-02
5.794072795617625360e+01 3.260992909078960222e-01 -1.727707269459805683e+00
6.475010640653522387e+01 2.924450849317688506e-01 -1.606339102066488334e+00
5.801971574861799752e+01 7.003676408902157480e-01 -2.330435933017322991e+00
5.906636040603564908e+01 7.931087309759701220e-01 -9.286947971210337549e-01
8.022243397288389133e+01 6.411783611437900099e-01 -9.175786379639417137e-03
7.024169622961616710e+01 6.788400318613778406e-02 -8.746618402902934797e-01
7.648808156262792579e+01 3.469681610217285050e-01 -1.199217729765678531e+00
7.800275906768855805e+01 6.836298951446260208e-01 -6.864391573602185437e-02
6.351941334851595400e+01 1.170642752830892142e-01 -1.861626728063819458e+00
7.966892348705785309e+01 1.563150023843087044e-01 -1.844953901783643047e-01
6.912834470708560275e+01 2.364843463687343883e-01 -3.316140390985677366e-01
6.118999344142798691e+01 1.465659748248698824e-02 -2.033296946610769207e-01
7.763667974912314662e+01 5.775769522014183588e-01 -4.118532801423304551e-02
6.083361397613323618e+01 5.479001790022657303e-01 -2.947521860634833679e+00
7.909797005018805294e+01 7.807730931992765688e-01 -1.213498775272664060e-01
7.778153310755305938e+01 6.916325100924569647e-01 -3.048318028353846909e-02
6.625382506721811637e+01 2.559913697781836528e-01 -1.737508036317714222e+00
7.367676540378107575e+01 2.811297847657392990e-01 -2.204047152203008897e-01
7.525498219627321816e+01 1.696270438249087853e-01 -5.447525955291049327e-01
6.394041594717702992e+01 3.404350711097929860e-01 -3.667732043311300871e-01
6.192236064169327392e+01 4.068143514130408978e-01 -5.151230645282179887e-01
7.422300866861985469e+01 1.329196711990399959e-01 -4.580899971790857728e-01
7.658510905400459023e+01 6.686140961959725626e-01 -2.812600103135677321e-01
7.807894952434045877e+01 2.026346730137806862e-01 -1.090705683207603194e+00
5.972013957170241127e+01 1.678950769145826916e-01 -1.053151605184069695e+00
8.238709360942118565e+01 7.590306999491982509e-01 -1.192805054950970278e-01
6.363057206791674503e+01 5.794316233523485460e-01 -1.195760048703140122e+00
6.899813916742550646e+01 1.541894008032726193e-01 -5.230908743429223406e-01
8.363055505956320701e+01 3.943365671373704195e-01 -7.274065490376813159e-02
8.548532774775222265e+01 3.632528797779011054e-01 -2.186983712569837840e-02
7.859990485600835086e+01 3.796754782048560872e-01 -9.844968301387408902e-03
7.914986928454246140e+01 2.948933149850520574e-01 -1.277778925153432998e-01
8.127924108103560741e+01 6.840775505540420687e-01 -5.609538810336888587e-02
7.752201169237011413e+01 7.309603257029189116e-01 -1.839744908246579783e-02
5.817667987496371751e+01 4.757480118451680173e-01 -1.658877579256067714e+00
6.105472205896892035e+01 6.683148650849437544e-01 -1.125914488382939949e+00
8.394691420376449287e+01 4.285651896010428397e-01 -6.645909604458937955e-03
6.132274204923603378e+01 5.893606683972781035e-02 -8.571900034456816225e-03
7.379969723997497510e+01 5.888404486126959103e-01 -4.348976129231454935e-02
7.767880217929675268e+01 6.631601673577285083e-02 -1.847311401563372035e+00
6.266011802452833734e+01 6.949262803031226454e-01 -1.516397378257174688e+00
7.975220967799012328e+01 3.479336605736948473e-01 -1.179556461849647075e-01
6.421261786574902430e+01 7.199126686826735622e-01 -1.852123645549290376e-01
6.716216745750136852e+01 5.018782732349105213e-01 -9.510027669562355346e-01
6.870580677870547959e+01 7.999526751273831060e-01 -3.192004404671049123e-02
8.095454153904654504e+01 7.754285518076273753e-01 -8.991799990268939391e-02
8.018111330812826054e+01 3.787216593348627369e-02 -1.146092005437614886e-01
6.647182273012842302e+01 2.321999660783093944e-01 -4.040982129426039293e+00
7.885863885951920338e+01 7.867458516751433262e-01 -8.348599065312863055e-02
7.623308534094559263e+01 3.355839410089139947e-03 -5.244502617571596831e-02
6.608864246949691790e+01 4.357660983974305235e-01 -1.024348010783101781e+00
7.422061190617239390e+01 9.649935252875224689e-02 -6.242130130147522937e-01
6.799634719642375558e+01 4.000899952163285977e-01 -7.023599065931932506e-01
6.933112582269059487e+01 4.488899258383372004e-01 -1.697153514030344534e-01
6.549779498516350884e+01 5.748653602164752741e-01 -1.551579522945296663e+00
8.376583400066738250e+01 7.385081340163992536e-01 -1.401225970442653568e-01
7.055102996749576505e+01 4.479159544262721337e-01 -1.080106514120356298e+00
6.995815848034327189e+01 4.567990228233159006e-02 -3.258078561169799880e-01
7.661699928465012022e+01 2.813591682572028074e-01 -1.784221134492232519e+00
6.059568407870889928e+01 6.775082310721849410e-01 -1.962411645222145617e+00
6.958495375850930031e+01 2.539798052507442616e-01 -1.117462644002835924e-02
5.847361140610319552e+01 4.660572018914206360e-01 -4.718738647054196433e-02
5.879613453921132304e+01 5.238938344315348106e-01 -1.523401979943729501e+00
7.148848536768812778e+01 5.389064931694244054e-01 -1.902159131182128426e+00
7.025134930366812114e+01 2.300270129103282324e-01 -1.485700304821081064e+00
8.516333625646089445e+01 4.925623219467248903e-01 -1.900092234153762452e-02
6.484557093048729826e+01 2.709492514746723590e-01 -1.157407592758177950e+00
5.788656513433370776e+01 1.279342248467126020e-01 -4.140663814256230202e-01
8.305416382399550912e+01 3.223172441360672158e-01 -5.658785878810174141e-01
6.149662159890918645e+01 2.164591726421122297e-01 -1.220554043190896998e+00
8.467874773438597913e+01 6.171976160890153551e-01 -7.004943104862158820e-02
7.593533199780364384e+01 7.629016668052818195e-01 -2.048991379155506998e-01
6.286504052331741121e+01 5.550986421246008051e-01 -5.442212742376801859e-01
5.716667872649586712e+01 6.076651916801202313e-01 -1.851839709383555688e+00
6.017819748928452839e+01 7.457574545681558975e-01 -6.941604066594543598e-02
7.203785255544902100e+01 4.171794302882168015e-01 -8.554413756118012246e-01
8.204995555194389567e+01 6.540161351836923931e-01 -1.705700338582172015e-01
6.583648821992113653e+01 3.377226092246066735e-01 -1.486111955375613913e+00
7.507021799066335177e+01 3.870435310639401272e-01 -2.144645215229865343e-01
6.323440341189019165e+01 7.092531873979568413e-01 -1.976226715526488986e+00
6.673665206964979291e+01 6.991453493671495600e-01 -1.853648315878106301e+00
7.704052501175041812e+01 7.268567248235818790e-01 -1.632361758081746772e-01
8.431218437192758586e+01 1.526804645797062536e-02 -7.159784009224900991e-01
6.370102991327704700e+01 5.059768441817347195e-01 -9.905526648071104612e-01
7.250155505810499790e+01 5.606631693469651401e-01 -4.972941659078591869e-01
6.769909526130638255e+01 2.453290169213099559e-01 -2.405772464182408754e+00
7.545092457814759257e+01 3.141445524353875807e-01 -4.091948574852916631e-01
7.186509991441259615e+01 2.974836841749931571e-01 -1.145504776063678509e+00
5.948337434353425834e+01 1.042792732671039418e-01 -2.486317687309961555e-01
6.740401894468536170e+01 5.282960575692440264e-01 -1.464963532565204396e+00
8.185260476396800300e+01 5.030840104820955005e-02 -2.992660869380992517e-01
7.572438599746617172e+01 1.361407514019809528e-01 -7.297984693994561400e-01
6.218707007468260883e+01 2.752940563922257611e-01 -5.047053243031749403e-01
6.024159749205048797e+01 6.628289525664028403e-01 -2.349196515021657536e-02
5.905037465932280583e+01 7.461343803442710421e-02 -1.362038210089873691e-01
7.130287919616766601e+01 3.740973460027711694e-01 -4.311750977124833462e+00
5.749276475616741067e+01 9.121771301750652983e-02 -4.865615829124497749e-01
7.229138885465424380e+01 1.891671111778861492e-01 -2.201737244724450981e+00
7.312809394212204950e+01 2.146293876539518974e-01 -7.629724161230215518e-02
6.459004583985004899e+01 5.137355264345646599e-01 -1.596230294516946646e+00
6.842831055255757633e+01 1.480648959421387578e-01 -8.246510469611982586e-02
7.084133393606120421e+01 1.124512850943190784e-01 -1.197306954853858851e+00
7.849202314765520327e+01 3.595511732578572373e-01 -3.092787054192191326e-02
8.060595729824522948e+01 7.817685147543607105e-01 -5.014449846963462548e-02
7.939051342443939063e+01 1.968778851839999844e-01 -1.409959454819047497e-01
8.035527870825924879e+01 2.624803259108945963e-01 -2.871221066874865904e-02
6.176472100577315416e+01 3.355257387224495069e-01 -1.183846192093144678e+00
7.481158642045120644e+01 6.323657725382252348e-01 -2.973122901366522658e-02
8.482545372727614108e+01 3.117297573613350692e-01 -1.779201353434096133e-01
7.405551687105395331e+01 1.354052936722321410e-01 -6.634576158547483837e-01
8.253948448200605981e+01 4.145353253122128212e-01 -1.961332152608278867e-01
6.682240010357072890e+01 8.369401401349946257e-02 -7.802141121555645764e-01
6.250359118543153158e+01 1.771705261830847089e-01 -1.530492593095711618e+00
5.910361933741154417e+01 1.715910349172883320e-01 -3.337622676908666985e-01
7.284761209861846964e+01 5.960921048712066739e-01 -2.074862355816587400e-01
7.473452080547045284e+01 6.273966566289672642e-01 -2.089964955382257392e-02
6.515065445362228047e+01 2.947228074472312345e-02 -1.366504837246751980e-01
8.136008725653343276e+01 4.860843525892233896e-01 -5.530009936153108818e-02
7.356033737813253026e+01 6.088967812143489811e-01 -2.170590852785688613e-02
6.966665435389215588e+01 1.653425913212909493e-02 -2.835918351865137840e-02
8.313060271328687634e+01 5.518054260304144920e-01 -2.619311139611503192e-01
6.432785191552387971e+01 6.408493540685422651e-01 -4.607278961589925115e-01
7.717868486473292933e+01 4.588163273738566916e-01 -3.766023492689345997e-01
7.018220095610308817e+01 1.387890369689195047e-01 -1.439528746285962946e+00
6.306685794909972032e+01 3.155347593004479423e-01 -1.065325992444072556e+00
7.179250699314023620e+01 1.354425252034126559e-01 -1.755838546526760524e+00
7.099914122503780334e+01 8.644569889829972764e-02 -2.135204496971133015e+00
7.187137083716228858e+01 2.007857665040461981e-02 -2.586700489028944117e-01
7.007979489955086194e+01 1.259557352383636475e-01 -1.221069165351617691e+00
7.020805304594051677e+01 7.045327879828042206e-02 -8.925233516539198275e-01
6.690106878972343907e+01 2.864106553615128892e-01 -1.263305267735755466e+00
6.763471571096826551e+01 3.743772896660624294e-01 -2.085346331711098511e+00
7.834546084636782837e+01 2.740511219030310475e-01 -2.426532966189322293e-01
6.750295651761189220e+01 3.520452161563824012e-01 -2.165173862924774539e+00
7.764098677878985200e+01 1.797314092316773249e-01 -1.314183913082290323e+00
6.506549278514665957e+01 4.289915815767780249e-01 -1.166973518389777670e-01
6.695379647041634996e+01 1.825620324105972636e-01 -9.711989059394391388e-01
6.110996703323268520e+01 3.852868518942582643e-01 -1.005831358221470628e+00
7.126464392767087475e+01 4.739724833686877886e-02 -1.991694842480772332e+00
7.130926281675584733e+01 3.456682881680331887e-01 -4.606115619864340260e+00
7.966975474654873324e+01 2.349459185714772025e-01 -1.397421914886186611e-01
7.280822631716974058e+01 9.127887885116536815e-02 -1.394696380255715962e+00
7.206396927802192920e+01 3.401586112058254674e-01 -1.110417694538651245e+00
6.928054940871584222e+01 7.382562321108337988e-02 -3.559587777664625086e-01
7.249380315837825606e+01 1.019426632042823647e-02 -4.499555818665370022e-01
7.200819052040735357e+01 5.613217646016316342e-02 -1.246412741421954351e+00
7.064321257651943142e+01 1.710506146675960792e-01 -1.102815658275753119e+00
8.162210962836761041e+01 2.111010293167364660e-01 -4.022777634854011741e-01
6.951384055409943130e+01 3.572720138510183108e-01 -1.965480851448431210e-02
7.101063960295475397e+01 1.221622764674396705e-01 -3.119796643854918283e+00
7.218609624276007253e+01 2.292395029393428096e-01 -1.779417744360464404e+00
6.717345373500869243e+01 1.933851432478560506e-01 -1.131394650319223150e+00
6.912338832769140140e+01 1.889504668275566734e-01 -3.840120905014195452e-01
6.650822380489388763e+01 1.778275434324483872e-01 -3.533679416648715321e+00
6.599440359961286617e+01 1.812988957660865985e-01 -9.301543129746765448e-01
6.977013999093072982e+01 3.379168155439927212e-01 -3.413550834090895991e-01
6.918492991780345847e+01 6.656418482797463732e-01 -1.985213051956555008e-01
7.154796696045163173e+01 1.252238149871977013e-01 -4.440036752130306574e+00
6.372069412831230295e+01 3.829865961806540042e-01 -1.033296446136467095e+00
7.670967500641667414e+01 6.677264206035439242e-01 -2.745211787053044583e-01
7.177110270507984069e+01 1.060193119846477156e-01 -1.855120759646444517e+00
7.244410623858556164e+01 2.153779848337566138e-01 -1.865081172012000632e+00
8.114980937662225813e+01 1.058967224369403550e-03 -5.625677904610831837e-02
8.206290372944117451e+01 1.527450878693962233e-01 -5.231865985745322023e-01
7.227092504133204898e+01 9.750642504329855298e-02 -2.586831770012486320e+00
7.213707974803438105e+01 1.610013740360954210e-02 -6.017673243676717743e-01
7.198419125181065681e+01 1.209301769319526126e-01 -1.705646178056267948e+00
6.641958343530916409e+01 1.321643875508007882e-01 -2.172133940224195037e+00
7.505112237361701943e+01 2.274816147558936796e-01 -3.695670828039007150e-01
7.872979960032431279e+01 7.102836485733272920e-02 -6.022098113879357228e-01
7.019323283553283943e+01 1.565021919987610866e-02 -1.550940902371963914e-01
6.956944140561839163e+01 1.138793490885031262e-01 -2.236793658287316786e-02
7.298426701297269403e+01 1.841320418076370369e-01 -3.173837078822381308e-01
7.138515653877135492e+01 1.173145827725354667e-01 -5.724288958801593274e+00
7.162952672927639242e+01 1.722640799456342520e-01 -3.323553674026322291e+00
7.539672555303275203e+01 1.124556282711005294e-02 -4.190371673974308681e-02
7.105058478158875346e+01 1.116150516144546051e-01 -3.460154457622933055e+00
7.159596804687073757e+01 1.161996866704002596e-01 -3.766332829494001277e+00
7.127747529243282543e+01 1.322767675514611441e-01 -6.185738665771151723e+00
7.012080619293246286e+01 3.653559867395697047e-01 -1.376792204801134067e+00
7.242608818339952848e+01 2.568278238072060349e-01 -1.572194448492615582e+00
7.223862639455383317e+01 2.766916236355627667e-01 -1.555109613153859760e+00
7.182514883120572335e+01 1.999044322123638695e-01 -1.540863636278874127e+00
7.596277398296820138e+01 2.222955033189991936e-01 -8.729269030782119687e-01
7.315864460907775424e+01 2.403496260252340200e-01 -3.743398361578349764e-02
7.113016166087155057e+01 4.801371987849168410e-01 -3.377123421274477177e+00
7.419719435577428612e+01 1.990054080522073165e-01 -2.518610245941692583e-01
6.810603949356858777e+01 2.218673506665355954e-01 -5.940786767339877317e-01
7.235049264780687395e+01 1.831446649278520855e-01 -2.242466353153749203e+00
6.553377938717726181e+01 2.193662519897809915e-01 -1.625400088042991076e+00
7.321276187272135871e+01 7.839920326099204806e-02 -2.888613430731082898e-01
7.154483333918993537e+01 2.912120341492170361e-01 -3.059737537430376797e+00
7.133055559964682857e+01 1.617981343684257445e-01 -6.352340619820458834e+00
7.268393027116114524e+01 2.203281896183456046e-01 -1.109142870498461830e+00
7.137759759154940298e+01 1.191941559342430540e-01 -5.983397217188972661e+00
7.030876090385682176e+01 4.002984236190730849e-01 -1.138855494775291577e+00
7.285233069491575009e+01 1.961930978865744635e-01 -6.902819168303802044e-01
7.144347407717106080e+01 1.140712148469796433e-01 -5.305715219962578999e+00
7.139025720339708414e+01 1.303318984682431680e-01 -5.923912139588104253e+00
6.875932571108870661e+01 2.940011272026137046e-02 -5.534293766469330356e-01
7.122747346085304798e+01 1.494091356260854597e-01 -6.132407920453193384e+00
7.154099758001636644e+01 1.340160792924500188e-01 -4.505978020722343658e+00
7.112108845757157383e+01 1.141400573085729064e-01 -4.680579619713137518e+00
7.122517833062087789e+01 1.299026837025887837e-01 -5.903465769629804072e+00
7.080934209816558678e+01 1.671324749324103742e-01 -1.867632562625983539e+00
7.150215717680941907e+01 1.463989424014973395e-01 -5.138617900530693561e+00
7.209276747452605605e+01 3.332345389398495561e-01 -1.175757020796539098e+00
7.261936010199748637e+01 4.539095633465438095e-01 -5.688705383525314296e-01
7.113569808630143143e+01 7.081431577655901421e-03 -1.725825712703063231e-01
7.127800243890990828e+01 1.060209335026511823e-01 -5.588795103736535985e+00
6.776745405587682569e+01 3.493108445471919676e-01 -1.842931868178115273e+00
7.226209681386863792e+01 3.715773666135315789e-01 -1.067004376043348746e+00
6.817447381846125154e+01 1.199400639639300464e-01 -5.786216101419985325e-01
7.168030086573018878e+01 1.258016562117580950e-01 -2.760329353326158586e+00
7.067545767647683874e+01 2.781383625928583458e-01 -1.680915923981817217e+00
6.787225476889649656e+01 5.557000457561231399e-03 -1.537608456189978323e-01
7.181959799253668564e+01 1.385539081663816618e-01 -1.763447332247683130e+00
7.095176100034439060e+01 1.321301128359743948e-01 -2.752556126765479672e+00
7.150638284113900056e+01 1.152302524969262970e-01 -4.863066000895558183e+00
6.725539457557422907e+01 2.158029204553156555e-02 -3.752877817684069361e-01
7.146960033900319331e+01 1.196405914746973553e-01 -5.405829856258929311e+00
6.834791921991349284e+01 1.568134704822496742e-02 -1.706754055001812043e-01
7.064597422451507214e+01 1.401522932288155367e-02 -2.373716442142247418e-01
7.121850976092984808e+01 1.293908604626062553e-01 -5.895706502485300149e+00
7.124739437273477449e+01 1.426362500926618426e-01 -6.309409946017676241e+00
7.130385878403875211e+01 1.372543230024189376e-01 -6.331724144188044079e+00
7.135955827497963355e+01 1.203226808300229406e-01 -6.005113291695281852e+00
7.135520873121681973e+01 1.486247633318495132e-01 -6.323896513495599336e+00
7.117602821061517204e+01 1.376784997826765722e-01 -5.637457197855693991e+00
7.137371758864865967e+01 1.431611851217614584e-01 -6.293488153474801727e+00
7.144392891289308523e+01 1.631313887438511911e-01 -5.665560857216838109e+00
7.140759575277527915e+01 1.332039899406346206e-01 -5.956966483518107758e+00
7.136905830067099998e+01 1.092739464007678185e-01 -5.752499417500287926e+00
7.158703751068526344e+01 1.875273749328345285e-01 -3.848471081875795452e+00
7.122502226429467953e+01 1.480762418658374269e-01 -6.122479049848552179e+00
7.142245330340321630e+01 1.249336775822633278e-01 -5.855345031075470885e+00
7.126808086633165829e+01 1.096957125378096171e-01 -5.702793819342447001e+00
7.147086428984776774e+01 1.229147379282317792e-01 -5.454926655659289025e+00
7.147178986410399659e+01 1.304563584617899896e-01 -5.045209041386144122e+00
7.142598853053353025e+01 1.169198680059382878e-01 -5.718935818133230597e+00
7.129197563098247770e+01 1.074638500402283897e-01 -5.632733331909919094e+00
7.144752889771172022e+01 1.068647740176284638e-01 -5.150181297435175054e+00
7.150379079987359887e+01 1.895985921665127860e-01 -4.435432256315564814e+00
7.115721885098336941e+01 1.139739403918548499e-01 -4.667882335445184161e+00
7.115255961769217663e+01 1.461629032193867417e-01 -5.738151395521833287e+00
7.113831238999222251e+01 6.638577507195303484e-02 -2.629421073150997934e+00
7.151119316161839379e+01 1.267617350891016847e-01 -5.016130802701548319e+00
7.110937983041860377e+01 1.233379281991118237e-01 -4.901590275300026001e+00
7.132271846072430321e+01 1.357823214826424929e-01 -6.315213204290118121e+00
7.137766271793083206e+01 1.164119309868175550e-01 -5.925627084379792464e+00
7.122487205936002397e+01 1.369775958058984944e-01 -6.007894632298869553e+00
7.137749319522940539e+01 1.476196538861255236e-01 -6.055133261143430090e+00
7.130043564317776372e+01 1.503232585317089143e-01 -6.432914081208859436e+00
7.143684812113336591e+01 1.544151166225212202e-01 -5.666548339401492385e+00
7.128265154814333471e+01 1.467076066777085741e-01 -6.341713257860100761e+00
7.136126574192785199e+01 1.668340400126251954e-01 -6.352226978488421771e+00
7.138252185902111080e+01 1.453107006660365463e-01 -6.045335392389437956e+00
7.126203593913072609e+01 1.546320344913478806e-01 -6.389034289371429587e+00
7.130857669469060056e+01 1.490017520262917339e-01 -6.426121857393381376e+00
7.142491866683202772e+01 1.424385441451199719e-01 -5.629861124593469768e+00
7.123391319262621835e+01 1.407219258544622209e-01 -6.051882678184844266e+00
7.125132460187880667e+01 1.704344784518869726e-01 -6.415998976843405366e+00
7.115469522430990423e+01 1.410187556800162612e-01 -5.682848418876243812e+00
7.123106877887352084e+01 1.501970213664350906e-01 -6.137747735396196447e+00
7.142043071352229333e+01 1.239786131841491557e-01 -5.840922908268630920e+00
7.142748805218292318e+01 1.575903912699700982e-01 -5.666623050204819378e+00
7.149471480866020556e+01 1.589691578005274497e-01 -5.148615683279559541e+00
7.119850299339144328e+01 1.893428795879328885e-01 -6.172841590512584631e+00
7.118245571535013028e+01 1.295231831372724574e-01 -5.510732895909637108e+00
7.117254634472331531e+01 1.225588297021581313e-01 -5.377109848171097717e+00
7.139901772239815614e+01 1.414688082992423268e-01 -6.025170711041499594e+00
7.132849914060045649e+01 1.691779766231180648e-01 -6.345428153111287273e+00
7.126372931492065277e+01 1.682105351947553729e-01 -6.416672269144362062e+00
7.130738231387159942e+01 1.833669055462658626e-01 -6.423918212998975363e+00
7.121351013611766234e+01 2.372169665151472318e-01 -5.825918830728407549e+00
7.124245681114285844e+01 1.545443632687306390e-01 -6.389273877152163550e+00
7.132750938089161252e+01 1.594984029832645644e-01 -6.350980513638812219e+00
7.124902921375525011e+01 1.337120050606822319e-01 -6.207836442118963127e+00
7.129917243631285828e+01 1.418154007027496721e-01 -6.375716392592543080e+00
7.122223361666175379e+01 1.487300273800307993e-01 -6.127814297306691138e+00
7.133417875722525991e+01 1.371382790677382890e-01 -6.241675975476365323e+00
7.119727005741904691e+01 1.229937922229818459e-01 -5.381845272425056059e+00
7.130009545601373588e+01 1.506587044077850601e-01 -6.434554604691695268e+00
7.138424320065509221e+01 1.397925030859060447e-01 -6.012138470132322610e+00
7.127298341542339699e+01 1.631605063130845135e-01 -6.413057924516018637e+00
7.138264254226918126e+01 1.509055821504387829e-01 -6.067102957333547764e+00
7.135811476429992695e+01 1.623309700268859013e-01 -6.354771701325364397e+00
7.117332908818252690e+01 1.764762161146775643e-01 -5.866447511040141727e+00
7.127363603587347995e+01 1.160864205347036660e-01 -5.873812720732242809e+00
7.110165027549864192e+01 2.006323979727209772e-01 -5.388890955605194932e+00
7.140556864899667744e+01 1.525945744291505868e-01 -6.074251041488391678e+00
7.118783402581887287e+01 1.700753017110401000e-01 -6.210839843780214586e+00
7.135934989132586281e+01 1.471548382809683975e-01 -6.316873650055685019e+00
7.122410254376229943e+01 1.902741085138695554e-01 -6.168028259789318568e+00
7.146984710889913117e+01 1.439432742142505439e-01 -5.125221277804897113e+00
7.134287701247122016e+01 1.605067365967901560e-01 -6.352969236928463381e+00
7.128276200017123188e+01 1.429987300168782949e-01 -6.310948029499636291e+00
7.114212662976382262e+01 1.620062038185831610e-01 -5.370600371650092519e+00
7.128844965052175553e+01 1.715605141237799003e-01 -6.460862498617719218e+00
7.115644369806500436e+01 1.656252786191825810e-01 -5.854202366627197840e+00
7.127298427916993262e+01 1.955019337707460392e-01 -6.353281285632463415e+00
7.123676747295836265e+01 1.789579634964079125e-01 -6.400898239468280515e+00
7.138251269573277114e+01 1.372989518126165598e-01 -5.992640301815477244e+00
7.125237879693774801e+01 2.011302765997691200e-01 -6.290613725876486484e+00
7.126534823780144734e+01 1.468048382067382585e-01 -6.343204401360353906e+00
7.130329359346032447e+01 1.608418216119085198e-01 -6.465098129215285816e+00
7.138976084498300168e+01 1.465027261566990979e-01 -6.051754537974164627e+00
7.127496055664025221e+01 1.268291436983361165e-01 -6.098765291302870928e+00
7.130476917044416041e+01 1.335536386724043290e-01 -6.288452560898233124e+00
7.119210876495573359e+01 1.667031771617462632e-01 -6.207649113254913864e+00
7.134340890815958858e+01 1.968519757121878766e-01 -6.212923893411092635e+00
7.123852605325076581e+01 1.563328832195679530e-01 -6.396545406826294133e+00
7.131409009789236109e+01 1.628583062367077172e-01 -6.467366968035709540e+00
7.140087515948566477e+01 1.538143624622671513e-01 -6.076263696879809828e+00
7.130681457780144683e+01 2.021851543336160573e-01 -6.308071508863574373e+00
7.129198562761493463e+01 1.847615355415331839e-01 -6.416502086597985155e+00
7.121995561040419886e+01 1.971519574483921178e-01 -6.135524828476502712e+00
7.126724033217811893e+01 1.908513077020220217e-01 -6.352973254285357640e+00
7.124896614732109867e+01 1.580504328135431680e-01 -6.402068658932265954e+00
7.129371198558135347e+01 1.685669971229686592e-01 -6.465373897454512964e+00
7.136891665758363956e+01 1.569132746432948255e-01 -6.351077155036489508e+00
7.121555292528789494e+01 1.558721785302885077e-01 -6.172871268227227759e+00
7.132419385254326016e+01 1.670589429270006310e-01 -6.467863785739595528e+00
7.121670949332803957e+01 1.403387295095222809e-01 -6.049441119890057728e+00
7.126353542399584740e+01 1.919130183100727638e-01 -6.347308412967596958e+00
7.126757692532963517e+01 1.669237533654145400e-01 -6.416447500468431819e+00
7.123338262780653452e+01 1.470073157793207186e-01 -6.113001322709149754e+00
7.135155790187074842e+01 1.443797900474085016e-01 -6.300266045784015390e+00
7.128617871496875580e+01 1.676056946747267462e-01 -6.465911228222258167e+00
7.115224395900875720e+01 2.228414206904102413e-01 -5.668733084207725703e+00
7.129867265423744982e+01 2.080575396757462225e-01 -6.260626204153076912e+00
7.125328257368212803e+01 1.770083140844236347e-01 -6.405940047036002838e+00
7.123583065780759682e+01 1.940792791208933998e-01 -6.334775548963009761e+00
7.130268536694850923e+01 2.234355933099113622e-01 -6.121023771668680169e+00
7.141576501266057164e+01 1.630809477437127342e-01 -6.082697453698441947e+00
7.132933128759290753e+01 1.741582886400753205e-01 -6.332957298030834181e+00
7.121143279156055428e+01 1.721219784929463870e-01 -6.209646317721597697e+00
7.124157151643281338e+01 1.574000543961794063e-01 -6.400184535076959058e+00
7.134018369959377992e+01 1.602292903339279651e-01 -6.352579451861211091e+00
7.122267005829596087e+01 1.614461624731809986e-01 -6.194156439127208813e+00
7.134686484822863406e+01 1.474227970269383348e-01 -6.317445554636156757e+00
7.136901745726272850e+01 1.651900681009996485e-01 -6.354612204973850709e+00
7.118922125971238302e+01 1.755478133350927283e-01 -6.208937905716207517e+00
7.117001302018150000e+01 1.533301889462312662e-01 -5.794363777975462426e+00
7.133085891021735847e+01 1.536783319445588214e-01 -6.340873303106720371e+00
7.132027646528149489e+01 1.884609781468252199e-01 -6.265842893752059162e+00
7.134256933552128999e+01 1.808584599400464288e-01 -6.308534825218389486e+00
7.120480631064090460e+01 2.029837013651415445e-01 -6.102292926384768279e+00
7.129782275976630501e+01 1.505349724595750061e-01 -6.433911949436007305e+00
7.137127174010542774e+01 1.519971939736829702e-01 -6.338665654453212284e+00
7.137048496480186088e+01 1.930472338784150199e-01 -5.949877270225563564e+00
7.136954836870866359e+01 1.482651503044455088e-01 -6.323150613857587921e+00
7.128185660975705673e+01 1.734026518656335281e-01 -6.456745875856149119e+00
7.133960669121756837e+01 1.452417425092031311e-01 -6.304858333151647898e+00
7.133514142511398859e+01 1.423756727128760446e-01 -6.285684572031176920e+00
7.126891538844657248e+01 1.614803672491255115e-01 -6.410266902865271454e+00
7.126973764692125712e+01 1.804000487576787326e-01 -6.396711302462431803e+00
7.126085622581726398e+01 1.886772132329538054e-01 -6.363756644156094211e+00
7.129954482756390632e+01 1.537361810224995295e-01 -6.447648351466612304e+00
7.142595140656779051e+01 1.557862562830658881e-01 -5.665824909206153670e+00
7.132629822074875392e+01 1.473735297168772274e-01 -6.416830152651977315e+00
7.139048400159040852e+01 1.548834406784506124e-01 -6.076832313995863544e+00
7.125436968597837506e+01 1.650012975807433890e-01 -6.415516113633553452e+00
7.128743963233154091e+01 1.549088391354803695e-01 -6.451423810990382535e+00
7.134841749183216564e+01 1.542481509492526770e-01 -6.343737251636886398e+00
7.129989644018330353e+01 1.773107905556514652e-01 -6.446902081993473033e+00
7.138633955066633519e+01 1.840396933560642656e-01 -6.008463504908929664e+00
7.124791066471875922e+01 1.721522536229114220e-01 -6.414461309005084821e+00
7.123486845604192297e+01 1.636134828429341992e-01 -6.414382686566237446e+00
7.122551957325660510e+01 1.440007630387581117e-01 -6.086788936989064425e+00
7.124061288048788754e+01 1.688205277870047927e-01 -6.416849200308355705e+00
7.129338505547360683e+01 1.673074483331531415e-01 -6.466434399217397377e+00
7.123217032003304894e+01 1.678035176494029335e-01 -6.206286231913307638e+00
7.135038109933793748e+01 1.671540338852120500e-01 -6.350799198575655780e+00
7.132711822714834682e+01 1.655596781928054539e-01 -6.350468623227332188e+00
7.127723339306004391e+01 1.592544711806728186e-01 -6.404841752117210518e+00
7.128475768470765672e+01 1.633160350695020968e-01 -6.466567608548996482e+00
7.135783607084935909e+01 1.766466841131356658e-01 -6.327469599656786237e+00
7.130145680424763555e+01 1.550161407717714213e-01 -6.452111931716372872e+00
7.129897745513417817e+01 1.817609595454483806e-01 -6.430384919037091862e+00
7.136545970684424844e+01 1.613008899418587327e-01 -6.355237825117571404e+00
7.127190079079612417e+01 1.763750730921230248e-01 -6.407342705173423525e+00
7.129930575317817443e+01 1.610861907205263510e-01 -6.465264472147155494e+00
7.133046519256656381e+01 1.798390366444490296e-01 -6.311766431288828194e+00
7.131204631816383710e+01 1.606187415415099295e-01 -6.465091438183577566e+00
7.128249352896324353e+01 1.707722532492548240e-01 -6.461943915014127349e+00
7.130326700257867856e+01 1.696613220772781316e-01 -6.464521007920539297e+00
7.133531221072898632e+01 1.588876355857252731e-01 -6.351063317392006802e+00
7.129995340559850092e+01 1.557786687086770983e-01 -6.454425624826321872e+00
7.129842803539511920e+01 1.575777435193661258e-01 -6.459127248172701563e+00
7.133823296088338850e+01 1.664783953562253838e-01 -6.350519724426182400e+00
7.134708015773136935e+01 1.803827591552619458e-01 -6.311166707642739127e+00
7.132498809050167665e+01 1.685597298417348122e-01 -6.346218737604392146e+00
7.131536499608689894e+01 1.552493946373350309e-01 -6.453193141087760765e+00
7.129047574897909101e+01 1.759246719574309170e-01 -6.450629235103977344e+00
7.132623300876598194e+01 1.531009919046688317e-01 -6.445798234402719373e+00
7.127425086028446799e+01 1.577182581578798204e-01 -6.400337665349250749e+00
7.132167642656186501e+01 1.745586905599085525e-01 -6.455940012723679011e+00
6.903193673874335445e+01 2.941356787391542493e-01 -2.834795210578872071e-01
8.227840375478841395e+01 7.028917369310719865e-01 -1.469732190734200361e-01
8.205543921456921908e+01 4.157879633438238409e-01 -2.131822992072500977e-01
6.521819116017746865e+01 4.573025654468863554e-01 -2.919204776207052765e-01
8.121410291723248065e+01 7.275951598846468471e-01 -6.639021546841129828e-02
8.316782032404400127e+01 4.476795504787041691e-01 -3.276306500184274495e-01
6.271376831109098049e+01 7.734088504865255231e-01 -8.926439047653512704e-01
5.978449986507897762e+01 6.559078530343093183e-01 -1.442024131211123716e+00
7.199088065147778082e+01 6.002648785432277423e-01 -4.813473564873742006e-01
6.539313088295803311e+01 4.669904321540203629e-01 -1.275319429568256391e+00
6.372287414530009642e+01 3.033699976761984884e-01 -1.181872465354523394e+00
7.136684276573504349e+01 3.968729062876764080e-01 -3.857938572951660205e+00
8.414903432795972549e+01 5.459908208994596057e-01 -4.461187734744490735e-02
7.473564155737339831e+01 7.834304710479792488e-01 -1.603267463494689390e-02
6.147485335894620562e+01 2.455738578700414898e-01 -1.308854472881958664e+00
6.766963689358026102e+01 3.105945188549964486e-01 -2.203629151046583523e+00
8.006510201410259242e+01 5.690166100395473991e-01 -5.791611939264463410e-02
6.405517771615285483e+01 6.853751470168258919e-01 -1.068627744676859392e-01
5.916501345197146833e+01 1.859307636948717424e-01 -1.911180310479607680e-01
5.903953676709210185e+01 7.190615975140859373e-01 -1.146846869391176638e+00
7.001648944990401446e+01 2.685893897902226768e-01 -1.390738790843113470e+00
5.810021906128778824e+01 1.192744611777393215e-01 -9.133103504527910754e-01
6.232846480577742909e+01 5.352973313053940307e-01 -2.303504260740595555e+00
8.540889100006448587e+01 4.820770145357758385e-01 -5.857205123480269289e-03
6.681400163777749412e+01 2.056676742118237478e-01 -2.056737473220906498e+00
7.645711770592039613e+01 1.931045999300921023e-01 -2.292172074672345961e+00
6.573569106535309459e+01 4.211042722226980839e-01 -1.723387337254530971e+00
6.480150016757417575e+01 7.905925455093295584e-01 -1.265636709121599202e+00
7.500055264173739999e+01 1.269037532423383796e-02 -1.048713359042452858e-01
6.432990709566672649e+01 7.397492647593709725e-01 -5.810157342193542629e-01
6.473979139862640864e+01 1.511639613611718003e-01 -1.333269355788322841e+00
6.016149048129109644e+01 2.296041183149700737e-01 -9.007209462490829016e-03
7.749382638541061397e+01 4.516376719203485379e-01 -1.195644804588344295e-01
7.312337099405309004e+01 5.520071907467997141e-01 -3.329476736092860933e-02
7.909813744864158025e+01 5.965433658428067297e-03 -2.707569530883759956e-01
6.625882396072022118e+01 4.027226726833659787e-01 -2.503415494698207233e+00
8.389423912881241563e+01 6.424617263727987471e-01 -8.956606740550829282e-02
6.920278725014097176e+01 3.334269476898762408e-01 -2.529554310515655935e-01
7.841822044713102002e+01 6.598181461341534604e-01 -3.840247901200816855e-02
7.937103772067189311e+01 4.720023717237860628e-01 -9.832952427564822795e-02
7.264689949081346754e+01 3.124335358284549558e-01 -7.753080994322079089e-01
7.337979494951078152e+01 2.386302017289258781e-01 -6.232749874781783744e-02
6.093323805254762249e+01 3.571488930444706722e-01 -2.226591092821361695e+00
6.111068155799293322e+01 6.647290487282391247e-01 -9.428365113415293486e-01
5.860985115599429207e+01 5.044946003615206065e-01 -3.495524958126817183e-01
7.375345526778058058e+01 3.787970541069701214e-01 -1.396954146126533902e-01
7.090388965586559777e+01 4.988883552219494089e-01 -2.279696410688517805e+00
6.031429247454759945e+01 5.789596130996969015e-01 -4.132094604885840072e-02
7.427064106582588465e+01 5.453741580466144045e-02 -7.093485788586327834e-01
6.748599954476425467e+01 3.110403037088685027e-02 -6.357737079075295172e-01
7.508953193578054197e+01 1.661716977187486233e-01 -4.095425092464343719e-01
8.423454832891690103e+01 2.582251082496655470e-01 -1.196811551195301054e-01
6.291600942913277805e+01 7.844572045017368656e-02 -1.657991494644313292e-03
8.468452312355155698e+01 1.686884116750584084e-01 -7.353573158616723004e-01
6.199466023940878756e+01 1.024765984899195237e-01 -5.854352975619533384e-01
6.325858298884869413e+01 7.528406272876295713e-01 -1.964254845738741651e+00
8.139271337221978797e+01 2.226433827863665005e-01 -3.437913075637930027e-01
6.618824176883062194e+01 2.121156153272863443e-01 -8.317150849289189907e-01
7.395542803590177527e+01 3.651973260988579661e-01 -1.312779037017100525e-01
8.253694460677674272e+01 3.878085466954729332e-01 -2.236334991410609263e-01
5.849391680890058609e+01 3.421001881932384525e-01 -2.107050126315381661e-02
7.684360291712201274e+01 6.338212596534384957e-01 -2.906221615205996089e-01
6.876843726445427762e+01 4.584503251333598567e-02 -7.546814961745960115e-01
8.024433757098086062e+01 3.469652089465103950e-01 -1.191827358601597713e-02
6.821960575460329324e+01 4.908193396723771196e-01 -9.606431305588687686e-02
7.122746068261922403e+01 5.162393107460313546e-01 -3.294288046621649535e+00
6.944086263713134599e+01 7.066872739793127467e-01 -5.317410151100432358e-02
6.186938672446563459e+01 1.064524925643760417e-01 -9.540207797837748638e-01
5.954367292927621946e+01 7.613973500713906439e-01 -2.097137609555669524e+00
7.538942195589672224e+01 3.682365946516009125e-01 -3.182003632198625032e-01
7.710285509445489538e+01 5.393312840142630016e-01 -3.000994328429380520e-01
8.303072603680448083e+01 6.932056041065844942e-01 -2.007125908703307482e-01
7.855161498556928734e+01 5.612290746508918904e-01 -2.466852507141828119e-02
7.287384152214794142e+01 6.096681581018681406e-01 -1.658957336224937962e-01
5.746831426628680362e+01 9.383548434492561263e-02 -5.526175217140258944e-01
8.077861721884401902e+01 6.792216826464508861e-01 -9.829765656521882722e-02
6.669997614616372061e+01 2.734233156827396982e-01 -2.983964772072844607e+00
7.884661688322158568e+01 1.659929563295892835e-02 -5.460305181963546195e-01
7.767420572362699716e+01 1.801056536821361298e-01 -1.407530610289989159e+00
7.174846973773584580e+01 1.549480468281052292e-01 -2.012704304230414021e+00
7.570085580546003712e+01 2.487419298808717094e-01 -6.459435921171362560e-01
6.364037484051085869e+01 6.555965750076335474e-02 -1.415687664248764133e+00
7.021748927668480178e+01 6.141009525408350211e-02 -7.786373929400230987e-01
7.809388367414049981e+01 4.392746850123889768e-01 -1.008646485657761771e-01
7.667261190224260758e+01 1.261072581859822850e-01 -3.283030123986365734e+00
5.715660272684496590e+01 7.324170448714544257e-01 -1.808383715483013354e+00
6.968211599470248530e+01 5.235553078965426987e-01 -1.580497067719099369e-01
8.478730385775401146e+01 1.316036260745168107e-01 -1.085518655158626222e+00
7.070617705931429953e+01 6.203982496332551833e-01 -1.321697304992638378e+00
7.611136776156500616e+01 7.493795389443200783e-01 -1.618276294776405388e-01
8.059584617205615586e+01 4.253630803569224961e-01 -1.017430812035488158e-01
6.061723687430880148e+01 1.367834057472090692e-01 -1.112162797297763905e+00
8.337312441925412543e+01 5.868554382567870986e-01 -2.224096011746106716e-01
8.532685691994450394e+01 3.961764374286794871e-02 -7.294704893213144192e-01
6.815960673136970627e+01 5.953137035168712954e-01 -1.316708929786994109e-01
6.727005722487325556e+01 3.279189690436838389e-01 -1.492671340354662535e+00
7.987876904785632348e+01 2.863124809796359638e-01 -1.238407017914189834e-01
7.228576138370456761e+01 7.958931283627531661e-01 -3.008100982426421544e-01
5.783288236258881199e+01 8.738328946825345278e-02 -7.382164938630071671e-02
8.174679045891211615e+01 6.292074265990884596e-01 -9.346285907799029014e-02
7.127892954347029786e+01 1.346929392087278798e-01 -6.219026283900545238e+00
7.131254356147421447e+01 1.468646040627665517e-01 -6.413468932939534461e+00
7.137909065199251302e+01 1.541007813701879003e-01 -6.074110678611175373e+00
7.137408167976749951e+01 1.504294427307247273e-01 -6.333032613101781116e+00
7.135731100543794980e+01 1.484855635927312123e-01 -6.323383878159303251e+00
7.151268744733317817e+01 1.513324733257048471e-01 -4.555229801370387577e+00
7.125734297660537209e+01 1.437117657038026186e-01 -6.318589772656793890e+00
7.128413739053524978e+01 1.470504928475747930e-01 -6.344187562851955065e+00
7.146686473409853591e+01 1.491440910623346994e-01 -5.138506365010790056e+00
7.145114540428204464e+01 1.549023588527561612e-01 -5.669315965171561444e+00
7.120677860395090875e+01 1.588764296638757179e-01 -6.186638242136613286e+00
7.142273181309772667e+01 1.550803449705899228e-01 -5.664829525362433671e+00
7.129118527447104725e+01 1.572244630386112618e-01 -6.458082957395370194e+00
6.508908791784945436e+01 5.769121199638703734e-01 -6.718298567601753424e-02
7.122560931622693658e+01 1.506229613346206642e-01 -6.141215486197609152e+00
7.142588633723160285e+01 1.449072082058256994e-01 -5.641207498291489486e+00
7.131152410561881538e+01 1.574709422441373796e-01 -6.459241584508109035e+00
7.134650541114390876e+01 1.610137744898113843e-01 -6.353514621066369550e+00
7.116839158978859814e+01 1.386424967042522993e-01 -5.651340401777283695e+00
7.142928523886691039e+01 1.388830559374477081e-01 -5.610202160642043800e+00
7.138887973399955911e+01 1.415269552673135700e-01 -6.024490164304366679e+00
7.148096859678325643e+01 1.407260954573686662e-01 -5.114118094571998618e+00
7.144035360796486600e+01 1.358187203380162855e-01 -5.590108715099606052e+00
7.123949737855342335e+01 1.519160238496526372e-01 -6.376696604145224434e+00
7.140940848663338159e+01 1.398974266600813976e-01 -6.015452044403040155e+00
7.135045894332579053e+01 1.528173674845431929e-01 -6.339816249895195988e+00
7.113400363105486690e+01 1.467499702595646827e-01 -5.256914657207460984e+00
7.123027219815460853e+01 1.473026114357226801e-01 -6.115747678044371582e+00
7.134485453084971596e+01 1.302006525193267483e-01 -6.163283628040797879e+00
7.119682913385831569e+01 1.435358878728615062e-01 -6.085203728182817962e+00
7.137160882650044869e+01 1.431458215624931141e-01 -6.293258337370624567e+00
7.129096454128037408e+01 1.529685363377528418e-01 -6.444529465714146532e+00
7.140928975133168422e+01 1.396896931269514253e-01 -6.013932956218112302e+00
7.121974950061886034e+01 1.513131262147354716e-01 -6.146397671734906254e+00
7.120110624697939272e+01 1.590668763360727767e-01 -6.187805455185689141e+00
7.131186644603344860e+01 1.338479455798990414e-01 -6.292074783226229151e+00
7.132453665784251484e+01 1.565766109777929627e-01 -6.457314723069234930e+00
7.133269385154790143e+01 1.497850650059044109e-01 -6.327488949547560360e+00
7.115052782924144026e+01 1.479161430031036006e-01 -5.754633190616205596e+00
7.139054876960213392e+01 1.285116688857663447e-01 -5.901787705210676194e+00
7.126549773601882976e+01 1.569666900465646608e-01 -6.398050768938499111e+00
7.129698654452225526e+01 1.456953497042563217e-01 -6.405575931217175167e+00
7.123220227925057202e+01 1.393630561300693016e-01 -6.036513095939732843e+00
7.125650296834923836e+01 1.337602042175465855e-01 -6.207999835503522412e+00
7.118292743127443600e+01 1.525361996145120358e-01 -5.787039700093243866e+00
7.117969366914073248e+01 1.602784835765107552e-01 -5.832109030206773959e+00
7.127766517533370916e+01 1.419855031034551740e-01 -6.301738658338761567e+00
7.136186856570301984e+01 1.603547277948308425e-01 -6.354490592093192447e+00
7.138427792555016538e+01 1.358109699204284870e-01 -5.979943177662939924e+00
7.147302148535135302e+01 1.524447692509672270e-01 -5.144191895516027735e+00
7.130673114621623654e+01 1.485422339370586209e-01 -6.423520302716393182e+00
7.125173079857655978e+01 1.454658790107957733e-01 -6.333520793525430292e+00
7.125981739994699637e+01 1.498785276477789530e-01 -6.364261156110868178e+00
7.129289510914129835e+01 1.576201685308447897e-01 -6.459068714996208271e+00
7.122573207308178667e+01 1.509437351499577917e-01 -6.143388383748376924e+00
7.113915120917204149e+01 1.465645852880615996e-01 -5.254042703190576091e+00
7.126308799767525670e+01 1.408907990213141559e-01 -6.291763374265509690e+00
7.137980451934321025e+01 1.543919567294660122e-01 -6.074706993996092486e+00
7.131516149720746967e+01 1.595100476174591830e-01 -6.463503985814039510e+00
7.130142847018035468e+01 1.426086703283066248e-01 -6.382381851285836127e+00
7.130229737581979066e+01 1.685306750215816163e-01 -6.465783312936823179e+00
6.956395804941760730e+01 2.250339104332269025e-01 -4.310185300852320718e-03
7.118359344798312804e+01 1.522617483574304764e-01 -5.784971416392257204e+00
7.912766833240958420e+01 8.511923026257584013e-02 -1.070996830224298230e-01
7.149217017118213846e+01 1.543023488348137517e-01 -5.149027555874980067e+00
7.124616435148793414e+01 1.436010908499497363e-01 -6.318164095245968781e+00
7.127385998027033054e+01 1.537974626242027687e-01 -6.384898461026915939e+00
7.129881772115810179e+01 1.598037794370531783e-01 -6.463481494988791098e+00
7.136627145149603280e+01 1.509786729006149519e-01 -6.334626858219778001e+00
7.134362159248134105e+01 1.571511240873001980e-01 -6.349450749565222374e+00
7.116409539274830820e+01 1.428032203717754800e-01 -5.701798613882945510e+00
7.125489033480891976e+01 1.541948712179965209e-01 -6.387338354532965390e+00
7.124959010865897824e+01 1.512703751536988994e-01 -6.372812864777963604e+00
7.138863847628302040e+01 1.444452129434857512e-01 -6.041598642039555322e+00
7.119768183606959155e+01 1.555865299732375751e-01 -6.172962920431841916e+00
7.123628467378405560e+01 1.573151579858171334e-01 -6.400045603738878874e+00
7.136978795118911023e+01 1.679503210444414085e-01 -6.351473284661905971e+00
7.126666404235416508e+01 1.523258298911538966e-01 -6.377895343801471384e+00
7.143052738148317360e+01 1.628137581174617377e-01 -5.663686930064330660e+00
7.122552380585491960e+01 1.543478038242344086e-01 -6.164152854035820361e+00
7.119504764355338011e+01 1.518527250856560595e-01 -6.152113297382994617e+00
7.129407449315895917e+01 1.692573992784407177e-01 -6.464619342396749957e+00
7.135488297368478072e+01 1.566424511620941040e-01 -6.349485763711953723e+00
7.139249501668147957e+01 1.505007483670690316e-01 -6.067075769418099007e+00
7.127316725476994463e+01 1.561481194128023775e-01 -6.394844687819566609e+00
7.113635721574179627e+01 1.605634858341251081e-01 -5.363983640929140151e+00
7.129123374563341997e+01 1.825853959764882350e-01 -6.426408527624467126e+00
6.100361253818995522e+01 4.160227969369171830e-01 -1.742662820973703397e+00
7.134183108434450560e+01 1.577757297323897356e-01 -6.350246287381210664e+00
7.114346200249593721e+01 1.658252125671294541e-01 -5.856287958138027605e+00
7.124518972014260498e+01 1.645894922761760581e-01 -6.415290324444417713e+00
7.129580976804130898e+01 1.620689311485934425e-01 -6.466142892646129070e+00
7.129015854806263519e+01 1.641002376611279401e-01 -6.467039817983877725e+00
7.121061882835059009e+01 1.609018189381732633e-01 -6.193397013173261634e+00
7.135992180679924957e+01 1.513790358519443158e-01 -6.335661773360036442e+00
7.125985636074372565e+01 1.746742811237235737e-01 -6.410729818833376115e+00
7.145092131611153263e+01 1.534044773374738935e-01 -5.667670497986183165e+00
7.120779079058878835e+01 1.569441293242311297e-01 -6.178532232297953009e+00
7.118376986192163258e+01 1.540767544264876887e-01 -5.797497424442448199e+00
7.122048800601436369e+01 1.581599642185247401e-01 -6.182712614084906910e+00
7.129717832310380743e+01 1.731517762538807848e-01 -6.458069663367842494e+00
7.129270181322043243e+01 1.616433235961553250e-01 -6.465644269071081141e+00
7.130569654666143720e+01 1.544440619738142728e-01 -6.450308713402026939e+00
7.132860779858819456e+01 1.598552374628153805e-01 -6.351349691331725111e+00
7.130252573864913757e+01 1.625145514371588995e-01 -6.466728345109325815e+00
7.124013318615971002e+01 1.641806446595348301e-01 -6.414954217235644407e+00
7.133351248218065166e+01 1.579422834581889201e-01 -6.349795758483342212e+00
7.134663974066573644e+01 1.595620759682120637e-01 -6.352638619592058333e+00
7.125689572817253747e+01 1.614996661193202621e-01 -6.410565195018290474e+00
7.135844521942541974e+01 1.594208914302208124e-01 -6.353501257753450204e+00
7.124215729092976801e+01 1.535410173421861701e-01 -6.384751474735586463e+00
7.128394076153314529e+01 1.637991228979097380e-01 -6.466724414565582002e+00
7.136384049332117741e+01 1.606142141503003051e-01 -6.354806021083286183e+00
7.134751752209616882e+01 1.618566328144257493e-01 -6.353820311499923434e+00
7.131480845014823444e+01 1.626954604269108817e-01 -6.467284120470147890e+00
7.132201762306347348e+01 1.567491016145435290e-01 -6.457710686083688145e+00
7.121944394481981533e+01 1.675714735382026477e-01 -6.206883341649218622e+00
7.123288111238878173e+01 1.596538328099791626e-01 -6.187462090657696479e+00
7.127573073749761079e+01 1.536664069968120827e-01 -6.384222033889594528e+00
7.133288787536372411e+01 1.631374786509184327e-01 -6.352452518484130728e+00
7.128627484104927703e+01 1.685044376893423124e-01 -6.465113350579421159e+00
7.132137500604802938e+01 1.666863668346879324e-01 -6.467942627512361931e+00
7.129455591625598743e+01 1.565803279302845352e-01 -6.456533794170809415e+00
7.127260266149538381e+01 1.609715267865773902e-01 -6.409132852806815883e+00
7.131105601590732590e+01 1.719149081888269315e-01 -6.461274423522126220e+00
6.419678938129742107e+01 5.930686944662351932e-03 -3.324279009900035220e-01
6.350512709863181016e+01 5.605170095750533488e-01 -1.646866288114543053e+00
6.886026012909530891e+01 4.539684150985656697e-01 -1.358829997976929993e-01
7.479218863112910753e+01 3.056506655516171844e-01 -8.838286651365474811e-02
7.689311247100496871e+01 1.097890002223544936e-01 -3.477362721016900249e+00
8.399909636610512109e+01 4.022263881855294709e-01 -9.456917890617517249e-04
7.440328182078175701e+01 2.568115935184381304e-01 -2.042931500243001103e-02
5.933981237768825423e+01 2.308846976178939581e-01 -2.434483536174580354e-01
7.518726547193875831e+01 3.174357390754178332e-01 -3.351442640176865995e-01
5.907904330189076347e+01 5.460121967026068113e-01 -7.688710255392823267e-01
7.326038770104908338e+01 4.963769998033024655e-01 -2.169446284061928715e-03
7.901731235235916984e+01 5.742459765201591848e-01 -9.925189621423254061e-02
6.973297488136515199e+01 2.123836638237719121e-01 -2.356536721667708834e-01
7.075496768638213041e+01 6.008853556499977877e-01 -1.493312186463929603e+00
7.259664433843477127e+01 7.258559676991263032e-01 -3.227301539208501935e-01
8.474220318293529886e+01 7.066449466678782487e-01 -5.834446307461216980e-02
7.550533648576961809e+01 6.796058054933004078e-01 -1.148243247694458041e-01
6.164769518307668505e+01 6.631655879932003561e-01 -1.541890960809973787e+00
6.599647848540631401e+01 5.066295402379784596e-01 -9.393376926464150900e-01
8.169895002062202138e+01 7.606647987413611700e-01 -6.565929477574498907e-02
7.097815925981764451e+01 2.698670728295443633e-01 -3.678311675706054995e+00
8.273829583762648099e+01 7.349535566174076884e-01 -1.157064397850779414e-01
6.815798405498705392e+01 1.154617851633029241e-01 -5.855962135504219068e-01
6.186427651692444840e+01 2.838173242139521713e-02 -7.723324047178919960e-01
6.516054928182664696e+01 5.221511405978257470e-01 -1.701059976271145080e-01
8.108579752032487420e+01 2.350661222644669646e-01 -4.408053813031557744e-01
7.135970736601595377e+01 7.892276211428411736e-01 -1.755663214892286383e+00
8.248133877713785012e+01 3.823167929898559358e-01 -2.228138225240231807e-01
7.833582551619527123e+01 7.405161990105360026e-01 -5.586872136584576654e-02
8.486411459794975087e+01 4.659856148704066836e-01 -7.370497214054595736e-02
8.279651122025063614e+01 3.432924525546900973e-01 -3.856591474550712384e-01
6.916940362819207166e+01 1.223740412424713653e-01 -4.298103540974346770e-01
5.783476309167278373e+01 1.632842625418645666e-01 -5.221204574588435010e-01
6.841274575530331958e+01 7.004550717384838698e-01 -8.261263463696096737e-03
8.060895435657755570e+01 1.377037946023718963e-02 -1.025478341143340605e-01
6.460816391733052910e+01 3.839255817828025191e-02 -1.500792089610748947e+00
7.733834799716208863e+01 4.848906652383941918e-01 -1.620811286204298096e-01
6.024827448309009981e+01 4.489416226264083404e-02 -4.176294178421348091e-01
6.498363784523820641e+01 5.418895222835926062e-02 -3.033433050685389043e-01
8.371609163933736397e+01 2.924643683225498503e-01 -7.747065140310267772e-02
6.876047626241897603e+01 6.518090056365839768e-02 -8.007661374347599947e-01
6.674912154681234711e+01 3.649351135232314913e-01 -2.493833288309393215e+00
7.571434813807010755e+01 6.528143567553538196e-01 -2.104068875779151193e-01
7.812001356066485869e+01 8.766853725357491578e-02 -2.650365406065536167e+00
6.631370613688187632e+01 7.733469223407845039e-01 -2.555175467068286910e+00
7.914794995093441798e+01 5.553170105029373582e-01 -1.110938519053861068e-01
8.311228907827256762e+01 1.796262857110415556e-01 -1.465549840748296306e+00
6.309941547821668451e+01 3.487803873590680781e-01 -1.307723218058238546e+00
8.534263783418063554e+01 4.163081657778326394e-01 -1.201442129976806189e-02
7.970905121007820071e+01 7.205824058649988595e-02 -2.696695714962424328e-01
7.641158669397043468e+01 5.731035316858403006e-02 -1.077460988694435517e+00
6.447781308263134292e+01 5.777798385870089870e-01 -1.116318173154830840e+00
5.869042029207123790e+01 7.176073532747098138e-01 -8.910254927559186910e-01
6.714413265078577808e+01 4.896079231590088066e-01 -8.809258600142656492e-01
7.179889712911815991e+01 4.729855125097892632e-01 -6.623335740142279882e-01
7.228059033476016282e+01 2.435763411176799509e-01 -1.784126177164193416e+00
7.852378192114758804e+01 7.942468312042459955e-01 -5.183590708064955699e-02
6.746743453473382601e+01 6.104839168208836542e-01 -1.488732970186699145e+00
6.064798982282999873e+01 2.202733361622359609e-01 -1.742269413260962407e+00
7.125795098721926024e+01 5.984433470241158348e-01 -2.770987677760112788e+00
7.363026672957013830e+01 1.403081282541473740e-01 -4.625282848070276787e-01
7.048375950783773192e+01 2.764586800888089169e-01 -1.136805830932775763e+00
6.127823483453525455e+01 7.810860918197322089e-01 -8.023172908841800233e-01
6.948402715087367199e+01 4.320457456719755118e-01 -2.025073069625523206e-02
7.670430415964320048e+01 1.996499037335680571e-01 -2.708556120318150739e+00
6.252948804665434324e+01 4.096455374515547421e-01 -2.350804256950510762e+00
8.094983726813181590e+01 1.457099867362337264e-01 -7.108085880353192110e-01
6.372701684788074772e+01 1.316805401952445276e-01 -1.583029919096134330e+00
6.592100242426928958e+01 3.004732219495450662e-01 -1.203492909107401809e+00
6.688377069620290172e+01 7.517492203547773144e-01 -8.855040380469587635e-01
6.542501091257724966e+01 5.307505066761660784e-01 -1.257208611034233314e+00
8.422290382150221433e+01 6.844604717667535088e-01 -8.774805253882583811e-02
8.049117377970529219e+01 6.668457192030939895e-01 -3.234824193243665547e-02
7.959847716937576934e+01 3.957421483825274700e-01 -9.486078398511275933e-02
7.017198520292014052e+01 3.573870836438282073e-01 -1.387296737665929092e+00
7.775206763324635517e+01 3.217078585187485573e-01 -5.091777314119130260e-01
7.203591974648341534e+01 4.632469129087612991e-01 -7.375221020851140397e-01
6.016016928814976694e+01 3.728978485483955274e-01 -1.501983117253684850e-02
7.595573084118834117e+01 5.174426190037951789e-01 -3.687497404486368424e-01
8.195933850863866610e+01 1.553037422498511066e-01 -5.200687256527612989e-01
8.558501886261079505e+01 2.545233058802849890e-01 -7.823409970992671603e-02
7.375379617522136755e+01 4.402325290828913440e-01 -9.706495186534418174e-02
6.225882578708039006e+01 4.250547107146513959e-01 -1.609459987725568419e+00
6.202700723859750553e+01 5.377981844140465872e-01 -4.263044529046903230e-01
7.395417236674396122e+01 1.911827380192455961e-01 -4.954851524093832338e-01
5.762041823406439534e+01 6.450781738639217444e-01 -9.656354943090476040e-01
7.457939843451089246e+01 7.553348026586567121e-01 -8.692662014520789390e-03
8.341408822016182967e+01 3.894409847556853932e-01 -2.602022542646873493e-01
5.813482621715801457e+01 6.926341730801950369e-01 -1.822266668009352886e+00
6.282972590814225100e+01 3.333599928242346744e-01 -4.387074784566529773e-01
8.144431071297195501e+01 1.027902976391092127e-01 -6.465528264021533911e-01
7.291468953828496069e+01 6.322108555958623199e-01 -1.290916824784148209e-01
7.996072216304115443e+01 2.806722925478807307e-01 -1.109752145310979043e-01
5.975070106263837744e+01 1.730033470842267940e-01 -1.005172310969546068e+00
7.739775266980707613e+01 5.879219450256411017e-01 -6.692594880042491978e-02
6.768351045176876823e+01 6.183012415758928348e-01 -1.488885535209446331e+00
5.949371820239017694e+01 2.032655455092608199e-01 -8.835932744225606372e-01
5.837252338104310923e+01 6.273127415144497121e-01 -3.341667873780342912e-01
5.714419648202713375e+01 9.256158469853770221e-02 -1.127555028081326238e+00
6.097535229667413148e+01 2.336213895250313297e-02 -6.979925313801197406e-01
