3.436730495093269155e+02 7.783913173780431238e-01 -2.373605987160166964e-01
3.232465113932936447e+02 7.923704784095674247e-01 -1.169545462609643760e+00
2.643817285091599274e+02 6.155875791028397881e-02 -6.165865876164620951e-02
3.082696663970755253e+02 7.632404890965701627e-01 -3.425090693713997436e-01
2.754206852747097400e+02 7.083648708750445167e-01 -2.599785513908846046e-01
3.416461595768148527e+02 1.480121054310033490e-01 -1.096802458342638481e-01
2.579316296601955969e+02 2.077318817937402057e-02 -1.695828856602959345e+00
2.470585532140144380e+02 4.432988822547887509e-01 -1.235079255778255503e+00
3.069497779078108692e+02 3.915698004135098054e-01 -7.521797691073568437e-01
3.095336258394358993e+02 3.027633641328538738e-01 -2.722532554134023286e+00
3.265682711907910516e+02 6.249689725538516427e-01 -5.222108385776278450e-01
2.632780209260503170e+02 4.224672926319186783e-01 -8.190196551535548763e-02
2.567602351886429801e+02 1.744705664283585644e-04 -4.129230570901188946e-01
2.669566529382859699e+02 5.078912017042761518e-01 -1.068527696026698726e+00
3.510541756281282915e+02 4.136768574946917965e-01 -1.898901414552997879e+00
3.041224133427146512e+02 6.425013249805355819e-01 -1.079292418297710832e+00
2.846549594460050230e+02 7.462193676540620491e-01 -3.268409929851724183e+00
2.842504284861450969e+02 1.856490687701353171e-01 -1.826029852968784395e+00
2.596354814414159478e+02 7.718667573327265830e-01 -3.181210540187721092e-01
2.825422890158608880e+02 2.213624786678119460e-01 -1.413796114476012056e+00
2.781177711346371098e+02 2.708855073299169525e-01 -4.419858032256188674e-01
3.053496700930678003e+02 4.990825206330851138e-01 -8.906763570745741543e-01
2.613943572519349914e+02 2.141661865940287512e-01 -8.148169422271379636e-01
3.122115177238435990e+02 1.360892619798973191e-01 -3.619986279591451694e+00
2.428480128918998844e+02 7.237399651779882204e-01 -2.513995235961643093e+00
2.440782735316466017e+02 4.043925036029185627e-01 -1.254715657332300616e+00
2.810046729371035781e+02 3.355477007437442927e-01 -9.966465233947660041e-01
3.195351727121166050e+02 6.656620812929401332e-01 -8.040350014579179527e-01
2.940291652913521716e+02 3.802671475291814485e-01 -1.232720875732564059e+00
2.993549893981493142e+02 1.800130935701808044e-01 -1.983175281821429659e+00
3.143596974293067774e+02 5.385776932348053381e-02 -5.738024905953202914e-01
2.398755548849057675e+02 4.851550280879899368e-01 -3.313138506176111497e-01
2.733731385442729334e+02 7.529057949004958061e-01 -6.316052624603191168e-01
3.425723186999570089e+02 9.982521099657302999e-02 -3.898789310448815271e-01
3.253512077527623205e+02 2.921191515711116238e-02 -1.842772789117037013e-01
3.350809848420126400e+02 1.153332846382569034e-02 -1.424058416380543091e-01
2.450180264764853177e+02 3.088188068974154765e-01 -6.784665559246885191e-01
2.927226412410871035e+02 6.793094401705108698e-01 -2.501854028755027048e+00
2.376413466098001663e+02 7.169959092663782396e-01 -4.130384017503112570e-01
3.280639026631107527e+02 1.347843461746492943e-01 -2.533444976737869059e+00
2.492625501770148162e+02 1.170477082689052595e-01 -7.541724902768164318e-01
2.799446466557476469e+02 5.726218448290975038e-01 -8.433755995583618326e-01
2.922937278566324721e+02 2.022387731263967925e-01 -4.455639254729674370e+00
3.107938082014081260e+02 1.102936434828784007e-01 -2.823970183662180222e+00
3.168012388774666306e+02 5.322091656640047797e-01 -1.091259523865633491e-01
3.027032683600953646e+02 4.702428254419478981e-01 -1.927364421681887485e+00
3.157786013178790085e+02 3.508241408659662497e-01 -5.798655614113464862e-01
3.225117108273730651e+02 4.947246445077528865e-01 -1.835315808115859815e+00
3.200370906145550407e+02 2.311798348924788415e-01 -8.635285916922275096e-01
2.746310023635019775e+02 5.831842001586605706e-01 -3.153097486883276734e-01
2.970012595286335682e+02 7.898254076247727129e-01 -1.133662157635019874e+00
2.354688421590925884e+02 6.381204024077459236e-01 -5.704806834217586164e-01
2.998025148696603992e+02 7.214932315506915328e-02 -3.232430004286289682e-01
2.958200435799082584e+02 3.120447834527137476e-01 -1.148604541155918479e+00
3.014736779656568615e+02 3.970750131792371018e-01 -4.749015573106474264e+00
2.786620218088278875e+02 5.521340816839700461e-01 -5.578297213310130787e-02
3.459782859759077382e+02 3.396365493514666434e-01 -2.288198442464300653e-01
3.135523692898398167e+02 8.110570955592118214e-02 -1.246678445469469931e+00
3.178171701858998972e+02 7.031501924939757009e-01 -1.224446153341214594e-02
2.604086154047895434e+02 6.207141648494189923e-01 -3.443532923301430571e-01
2.543931939104007824e+02 2.736906192352641654e-01 -2.098985125149856135e+00
2.718465126561186480e+02 1.535756000956290668e-01 -7.032500244870479866e-01
3.495356560242914838e+02 5.973113949794618405e-01 -3.582100018468827862e-01
3.327908728189485714e+02 6.924686353906898961e-02 -4.368210026122600342e-01
3.340900113539576637e+02 4.628937264646068583e-01 -1.138637343505370936e-01
2.893723211742401418e+02 4.553157631804339300e-01 -9.917918827615850308e-01
3.322951560600159269e+02 3.659330143042018868e-01 -2.152218046306675903e-01
2.890793353461710922e+02 6.522172559395856828e-01 -1.198144337631990908e+00
2.421422490586016920e+02 5.641786021105351656e-01 -1.369271891097926019e+00
2.654102461811718285e+02 6.010563534540898090e-01 -1.349021775651411792e+00
2.862011129004788472e+02 3.551097611666808596e-01 -1.747865711345771622e+00
2.411481240536793109e+02 2.893685802631348891e-01 -1.147422510343474797e-02
2.526141119098559216e+02 5.901681627563832855e-01 -7.687562641736488400e-01
2.386976598780869097e+02 3.275602336007730209e-01 -6.692629657049492531e-01
3.378468999920934834e+02 2.519654202920434960e-01 -6.911302700552373057e-01
2.874293398169354532e+02 1.947993094522155744e-01 -7.097637865439072602e-01
3.217420286906924503e+02 7.404350073495825635e-01 -1.740364166958764836e+00
2.502497175292873806e+02 6.601522479553163514e-01 -3.588414388525200116e-01
3.298956675512002903e+02 2.475882960132312349e-01 -7.422597347390686995e-01
2.553544645143495018e+02 4.377555377888621146e-01 -3.916100121570669668e+00
3.057973660548403814e+02 7.351441036277580610e-01 -3.050864544645510712e-01
2.974003292235237836e+02 6.859054465220577601e-01 -1.351201531154449187e+00
3.306746643738488842e+02 2.389838064988513977e-01 -4.457918284479857607e-01
3.268744162333198346e+02 5.257710445608332339e-01 -6.853301151694305426e-01
3.384550909812046484e+02 2.806770246913684597e-01 -5.885655412940230535e-01
2.906488027201131672e+02 6.919172670313581408e-01 -1.366061834602114056e+00
3.488176881431879792e+02 4.305896599896409938e-01 -5.395284994502701492e-01
2.467547330678343940e+02 4.780136694251901353e-01 -1.282764021877318417e+00
3.450830252956733375e+02 3.437431376989410342e-02 -1.401568538613803816e-01
2.343770361456831779e+02 3.732587367555738611e-01 -1.280984173166854756e+00
2.702227115921504605e+02 6.147602567875638524e-01 -3.357300148958516139e+00
3.402809984312539200e+02 2.624694122771287774e-01 -9.116676963532767408e-02
2.705149705396469244e+02 1.682566391187758637e-01 -1.596861649655123117e+00
3.360316150600802416e+02 9.180800052720237969e-02 -8.181373389994393147e-03
3.465873592373337715e+02 5.138366565049836687e-01 -2.215282974515335457e-01
2.771349919486996214e+02 4.276610721724886932e-02 -6.591513373220092564e-01
2.689686352281512427e+02 5.488462576708081908e-01 -2.261957038955675792e+00
2.536103881414170189e+02 1.252151287066702312e-01 -5.869476692361139114e-02
2.512805075554450696e+02 5.373220202113760946e-01 -2.071765642014057052e-01
2.657672533282699305e+02 1.672668965320402990e-01 -8.731156317345237783e-01
2.833943062569982203e+02 3.170530484278755168e-01 -3.206847831379321612e+00
3.444723005075748574e+02 4.141576145886306515e-01 -1.342059121034429314e-01
2.870777313570765727e+02 5.705850624513731928e-01 -1.333231877795537867e+00
3.327294352728176250e+02 4.482375238697890452e-01 -1.692752093475741182e-01
3.202135170050121928e+02 1.927805328710076871e-01 -6.609600231324670450e-01
2.962781222281702753e+02 8.097725989787678269e-02 -4.124897239454155540e-01
2.532122088083220888e+02 7.332575832704139041e-01 -5.600205733306905520e-01
3.060112519824861010e+02 4.388180595295447795e-01 -7.605960339763774281e-01
2.731554818211371867e+02 2.810248418603698006e-01 -5.870228031279062231e-01
2.385345910654222621e+02 1.188973975694123664e-01 -3.118881443991590174e-01
2.936906358720241883e+02 7.392210056391101958e-01 -1.015299840067631854e+00
2.548873066955623869e+02 1.427515144486160015e-01 -6.694986900589159351e-01
3.493849193205253414e+02 2.386852155093946992e-01 -1.641422666105534889e+00
3.477524518667980828e+02 2.558281181693354833e-01 -1.047176083673019065e+00
2.775843770836398789e+02 5.197069444026585217e-01 -5.112344230320587934e-01
3.436833502184020404e+02 6.857971500234145701e-01 -2.600754116530542559e-01
3.049664523202095552e+02 6.782336156719589448e-01 -7.216955263730936432e-01
3.355326646458422601e+02 2.443892494162290263e-01 -2.399698449639270925e-01
3.007663940909318967e+02 1.447207124494020725e-01 -1.695589226217745660e+00
2.664879662726488618e+02 7.666438767967387324e-02 -3.867572421870424382e-01
2.472010291382242144e+02 7.063839287145179391e-01 -1.238656113825262750e+00
3.395766542404272741e+02 3.209603275536204170e-01 -2.258959727058936495e-01
3.218335021980952320e+02 6.276415984692800265e-01 -1.815489794116064814e+00
2.345833251892218243e+02 7.172811232410718496e-01 -9.737469719534498358e-01
2.814740237373275704e+02 5.344557588981040386e-01 -2.185367734248804261e+00
2.803454245913248997e+02 3.756164183892398700e-01 -8.297712846761133854e-01
2.765859699486180716e+02 6.907354460870739343e-01 -5.798288341541700530e-02
2.599356449166131711e+02 6.069302432261960423e-01 -1.512217677686837625e-01
3.222259232941419782e+02 2.295555225995831172e-01 -1.870326796152744775e+00
2.465278608554240520e+02 7.830401556298629551e-01 -1.638305520526555759e+00
2.745982187096182088e+02 4.273777490082906194e-01 -4.123441304831312326e-01
3.318784087937401637e+02 2.091286806246605290e-01 -5.371279512077742346e-01
2.948518922616183886e+02 1.674866343956684933e-01 -1.644784739292393549e+00
3.385326721713124698e+02 5.872092143877573056e-01 -3.778369607461313229e-01
2.909827977861554018e+02 9.652975392002844518e-03 -1.266271358850357132e-01
3.139301321937269336e+02 4.570943979628531162e-01 -1.235136638602529091e+00
2.369549741492047303e+02 5.547931548467572860e-01 -9.327855640062297782e-02
2.506183300171416874e+02 4.002819095639653657e-01 -4.263421089612055015e-01
2.440703351253066842e+02 4.913715743480722153e-01 -1.582363477126158546e+00
2.574300443039261950e+02 4.766408720687427270e-01 -2.349864149683809078e+00
3.181836682399380152e+02 1.244417134026124527e-01 -2.714783795577409564e-01
2.400782378087334621e+02 2.709617142755300079e-01 -6.561399531823914645e-03
2.880838440878624169e+02 5.416025136852690158e-01 -1.061714205859949578e+00
2.681865613885515245e+02 1.062739221219220487e-01 -3.573556754910796052e-01
2.629626118464105957e+02 2.150162457729507676e-02 -6.342040808403438534e-01
3.186480813922190691e+02 5.022094614055824247e-01 -2.245147143657033606e-01
2.390311866035604567e+02 1.702802406211574690e-04 -1.451186842886908135e+00
3.249223834571566272e+02 1.356617462437549604e-01 -1.491925807812496174e+00
2.596380023605755696e+02 3.315925777100865446e-01 -2.057559709971904516e-01
3.025135867655724269e+02 1.682535868970517212e-01 -8.865620966923243307e-01
3.281740266886712902e+02 6.375669872365287150e-01 -6.516309835032696451e-01
3.112327770799014388e+02 6.518994470220732529e-01 -1.086259100994736215e+00
2.362846384244377020e+02 4.678150505103768619e-01 -2.026413785987151717e-01
2.493662383746313935e+02 5.091957517059735316e-01 -1.810482748489273541e-01
2.581667301250969899e+02 7.702675556196880713e-01 -1.852614227576865558e+00
3.129128700583877958e+02 5.017170008139199000e-02 -7.962566631467462575e-01
3.428506298798540683e+02 2.571687185913936191e-01 -1.405241313287488858e-01
2.919942633362383617e+02 4.478013199211573481e-01 -3.677726390816288493e+00
2.637357975624069013e+02 3.915095019926657094e-01 -2.269437666552326371e-02
3.099307501552518715e+02 7.894114142611075025e-01 -8.004927113703608210e-01
3.033561768017940494e+02 2.797513594847642060e-01 -1.298986866783503391e+00
2.555283637804782302e+02 3.584945853990578746e-01 -3.622257381083337613e+00
3.122335029302582825e+02 3.921266195430366253e-01 -2.060224978976395338e+00
3.079867440808440051e+02 5.228156212383358037e-01 -9.407679628240231962e-01
2.423660990426807018e+02 7.634686572492491718e-01 -1.971976659261165832e+00
2.824520103496832917e+02 4.825147388105358037e-01 -3.444198428857754735e+00
2.613912815741065856e+02 2.511450640560911052e-02 -1.117915474206575999e+00
2.953317378283786638e+02 2.224168934736235337e-01 -1.309376408289225635e+00
2.996441990552655739e+02 4.206265489687930348e-01 -3.234539493278764333e+00
2.646235995314941647e+02 1.554886445543121332e-01 -2.484700207244691095e-01
3.371964577675722126e+02 6.888476261913094312e-02 -9.049954173991381010e-03
3.295336917354536581e+02 6.308088509109112396e-02 -7.220874129264477359e-01
2.719373000432915433e+02 7.968408178534984732e-01 -2.425212295227851644e+00
2.705668598992886018e+02 4.710772065399812525e-02 -3.202868756054715882e-01
3.271802955152762706e+02 1.023303221092149995e-01 -2.260925133284053867e+00
2.863360534836472766e+02 5.829997234733500511e-01 -1.813390892867715598e+00
3.464578125555717634e+02 3.106525236644201993e-01 -4.418098671545936940e-01
2.979879692313739952e+02 5.491210346525086106e-01 -1.707874128929878221e+00
3.233179131494685521e+02 3.822990950460065651e-01 -1.869202711470351108e+00
2.675674796176094219e+02 9.050056000013288748e-02 -7.685770270233387436e-01
2.458252500630884470e+02 2.933052748250882802e-01 -1.156851922899941210e+00
3.261658845886626068e+02 2.027865273691525916e-01 -2.035734633607464872e+00
3.009678257258839267e+02 6.467774770246962346e-01 -4.341958198440130978e+00
2.490609896788108415e+02 3.007880407592992689e-01 -2.781888660633612398e-01
2.697233443466923291e+02 3.780118888495334617e-02 -1.758163290257641176e+00
2.851895139757945117e+02 1.841387090279294203e-01 -1.897081891936927667e+00
3.412820292250428906e+02 6.123390046971199929e-01 -2.211787618144921141e-02
3.306344452767918938e+02 3.491580789679701313e-01 -3.174807934389111130e-01
2.754042628943920477e+02 1.781892708093471556e-01 -4.110713804351427414e-01
3.360732390855496305e+02 3.403282142397889287e-01 -2.782489795086003359e-01
3.475382840470633141e+02 3.666460212188223378e-01 -6.304934051325443711e-01
2.898728664443416960e+02 7.262170859196768191e-01 -6.114580299571567013e-01
3.161069765644423910e+02 6.689190663791342306e-01 -2.259520604056774740e-01
2.791609269622088050e+02 6.587241551157769770e-01 -1.550420683881902906e-01
3.150053406039695005e+02 5.933216944085769606e-01 -9.287134360073895367e-01
3.338017208426523439e+02 7.537437829752475782e-01 -7.314486571907934109e-02
3.074447850615309790e+02 6.195297747058648996e-01 -4.216144258111294563e-01
2.415534830127254224e+02 7.489247466467245928e-01 -1.499128491721656964e+00
3.502063923483714802e+02 5.636058828326960812e-01 -6.343407078147803579e-01
2.525591378858076723e+02 7.016550460862055472e-01 -9.627983303642516644e-01
2.369972466923893535e+02 6.636218524192778745e-03 -3.597976826550782770e-01
3.298858654756551232e+02 6.883145835774477916e-01 -1.239271135970657495e-01
2.470991433646968289e+02 3.218939651877184005e-01 -1.199454048512306858e+00
3.058289677312226900e+02 4.110087328882424673e-01 -9.229685186222688076e-01
3.327459530163841919e+02 4.180497600204469144e-01 -1.578141759565376001e-01
2.810481841815014832e+02 7.072640302858865802e-01 -1.826301140006644452e+00
3.418752764166661677e+02 6.483539343528903487e-01 -2.377080155951979967e-02
3.125939760966246581e+02 3.073323509595546899e-01 -2.147096402123617409e+00
3.402511408440376499e+02 2.185025036289826861e-01 -7.691254651047646496e-02
3.439755842751843602e+02 4.461668574956250549e-02 -2.583084335062548753e-01
2.625664840163644271e+02 2.502792745701029609e-01 -4.192142269539453348e-01
2.648556193888308599e+02 6.576327338088683305e-01 -8.255434584318983582e-01
2.377573351874027310e+02 3.360821498963608711e-01 -3.315022721070482459e-01
3.094121207549653150e+02 7.542014933963085976e-01 -7.253578468038963667e-01
2.568077984922975361e+02 6.744294579615930374e-01 -2.541986257244736258e+00
2.755474215012330887e+02 4.842929829655956420e-01 -3.519518898177197985e-01
2.491844418848714326e+02 5.353187910374643949e-02 -6.747226487759783176e-01
2.341925151309199009e+02 2.792155584468329899e-01 -1.346103081351925468e+00
2.840354593321952734e+02 2.594267325082143527e-01 -2.652020141264202380e+00
3.030486967092535906e+02 1.914478628405942295e-01 -6.938121158568937297e-01
3.238194705759921135e+02 5.360750582800974939e-01 -1.250647015751601643e+00
2.402910668802626333e+02 5.530491916415687381e-01 -5.794734590549821540e-01
2.520114494481195209e+02 4.401904087316974579e-01 -4.647368344225985548e-01
2.536577095241988786e+02 1.075653494578094893e-01 -3.352292767677479690e-02
3.442099292822006191e+02 1.434440158391101228e-01 -1.260756527786308645e-01
3.180304242976295086e+02 7.519145211964619602e-01 -1.529371313348226041e-02
3.052946626612206273e+02 5.495861375116506409e-01 -8.386699312814863694e-01
3.104988577756730592e+02 1.553138571150192715e-01 -3.203077628767467822e+00
3.462089560264236070e+02 7.251196112623849999e-01 -4.934534132783028465e-02
2.714217212063902025e+02 2.030397069733820559e-02 -1.106793009269114503e+00
2.978540185975017494e+02 5.778151456161454425e-01 -1.622112054096328304e+00
2.438227426678300844e+02 2.425643680989572337e-01 -5.982786025169245514e-01
2.773990031285251234e+02 6.850981542183990358e-01 -3.519090765476818317e-01
3.033368018143307836e+02 6.018332198611173189e-02 -8.158714032039793632e-03
2.787216130662665705e+02 1.712139031778759923e-01 -1.469526459896192128e-01
3.412844134358422821e+02 6.338711978973523564e-01 -2.289347219899404845e-02
2.657817609937781071e+02 3.174024955719257357e-01 -1.133332933782463359e+00
3.495258430899810378e+02 6.805232899980576122e-02 -2.507887122373703370e+00
3.312203263298068805e+02 3.812284501719592211e-01 -4.312133835382572222e-01
3.012955797655882861e+02 2.153661821693555189e-01 -3.203870550641710668e+00
3.360086016155038351e+02 9.519762156608480019e-02 -1.162831558371286295e-02
2.988932825011069099e+02 2.660403968868804703e-01 -2.130941800180140788e+00
3.204427782286457500e+02 1.769843875804903988e-01 -5.472241816639134004e-01
2.461191752325364632e+02 7.422623459763157960e-01 -2.114755004074467593e+00
3.318396640812842406e+02 1.022036156930837270e-01 -6.636128962091933925e-01
2.676286895520883604e+02 2.350235018813908727e-01 -7.658618455798682501e-02
2.901578553270881571e+02 1.226969335485926238e-01 -5.604532066231303622e-01
3.005375646174184112e+02 3.668224165822140392e-01 -3.815948414400611721e+00
3.213813411222707259e+02 7.309851877503174000e-01 -1.718666757515840304e+00
2.831062536798818883e+02 1.967032800338573695e-01 -1.374372502255300832e+00
3.122682709637884955e+02 4.733676406635388689e-01 -1.667777116087196809e+00
2.739551497410771503e+02 7.933394390913889316e-01 -3.363004213302638323e-01
3.394831187083673854e+02 4.319138257140430759e-01 -2.000959599128788735e-01
3.504271405942004094e+02 5.738680609808376465e-01 -7.510510409988276903e-01
2.643834639916249216e+02 3.289270839280229036e-02 -2.277563680990472017e-01
3.229513521642238061e+02 4.062117520674903282e-01 -1.913073306948356311e+00
2.783581016137170536e+02 2.856563412183498255e-02 -1.750801875284474229e-01
3.269958156913793346e+02 1.281924704920635594e-01 -2.516680373886149624e+00
2.455814556952393559e+02 2.276281323758711506e-01 -7.068963163163429764e-01
3.484290407206296436e+02 7.854834376980336375e-01 -2.099114798589990505e-01
2.397541030947611205e+02 4.647000773505405857e-01 -3.174655471399340789e-01
3.264591366660969243e+02 4.488972668072296890e-01 -8.926588659123805281e-01
2.889560727486872338e+02 3.950909346656558685e-01 -1.328521091371597462e+00
2.592244064555191017e+02 7.403014736908608562e-02 -1.028491299422966548e-01
2.916906363530324597e+02 4.973181831743350156e-01 -3.226554193240293689e+00
2.696106114969746272e+02 6.695062668172476750e-01 -2.678262697117306246e+00
2.968399273304066810e+02 7.807239157332315216e-01 -1.088821152802254888e+00
3.170775703574965974e+02 3.311810244329756459e-01 -1.809576830863837416e-01
3.072414688548829531e+02 4.572508097422753881e-01 -7.486744353628073112e-01
2.729086259702385178e+02 6.086901485963437386e-01 -1.222204903430584189e+00
2.855998871610417496e+02 8.599310584091907073e-02 -4.431592747432026580e-01
2.719834724169328410e+02 6.449265720237613575e-01 -2.160079615459816971e+00
3.343556267198789556e+02 2.054210200024499111e-01 -4.488431303908251291e-01
3.082906395053906294e+02 5.283579039410228884e-01 -9.246633986152001938e-01
2.907631331242693591e+02 3.722116056030615461e-01 -1.805402735293143657e+00
2.430858783279256272e+02 5.861085062622846120e-01 -2.461557047957717348e+00
2.865644783593643865e+02 7.661289435039733142e-01 -1.689996522605704543e+00
2.603317336724610414e+02 5.249676909678105963e-01 -3.932718158248568741e-01
2.620981911021319775e+02 6.220961785239085273e-01 -3.268375980842166961e-02
3.381895213214171463e+02 5.157418290110589165e-01 -6.029452511881531196e-01
3.192627994153804138e+02 4.951123124833706202e-01 -7.711545884265096351e-01
2.684798462474504390e+02 1.159073629515992299e-01 -6.250262531405125221e-01
2.494048803262746787e+02 3.543012057438039153e-01 -3.502233534277900961e-01
2.948905955656658762e+02 5.672393505791660795e-01 -6.572274531080712912e-01
2.549902979111713535e+02 3.453662997945421420e-01 -3.164796826019178333e+00
2.507015446471261555e+02 6.317258600174850969e-01 -2.656690256124611960e-01
2.935518200362669177e+02 2.946142362146674243e-01 -2.431508641175629482e+00
2.559664888590635599e+02 1.464477257481399952e-01 -6.658911759601688907e-01
2.580763762558679559e+02 2.963616625506802493e-01 -7.202145437332991840e-01
2.360891983024079934e+02 5.101621770889664953e-01 -2.507330242696644840e-01
2.415238099959634894e+02 3.848310907607297437e-01 -3.593286269855698878e-01
3.350636111253544414e+02 1.643128582863416232e-01 -3.427489401991064000e-01
3.285629257500871176e+02 5.987331597916225601e-01 -6.806270731313425193e-01
2.951232938091358733e+02 7.175770123479071616e-01 -5.510860431234828605e-01
2.806880453671989812e+02 7.037506027783608786e-01 -1.337614377704935853e+00
3.148621677056733574e+02 2.818802559220082160e-01 -1.498252208815781250e+00
2.877445378472135076e+02 6.070145124994360541e-01 -9.465581088968001433e-01
3.157024905891903472e+02 7.682452578271736776e-01 -3.211734089322388908e-01
3.247224316338881067e+02 8.743578843579170173e-03 -1.783835170756884261e-02
3.474054941649968100e+02 4.377382678071895517e-01 -4.478874040348564955e-01
3.120468706771119400e+02 5.120583379500061039e-01 -1.601392600276496214e+00
2.956171830367372309e+02 2.113187958276818434e-01 -1.230679902627595190e+00
2.775396956529540375e+02 4.765313461454989685e-01 -5.681063593821494839e-01
2.634451953014414585e+02 5.996357466618829068e-02 -6.714256805774353465e-01
3.361073603900274520e+02 5.984155405674668193e-01 -3.964713585173997301e-01
2.840463670108255769e+02 2.868777199568701142e-01 -2.878675649611544873e+00
2.561799804241497327e+02 4.902771946492056054e-01 -3.601687188956465668e+00
2.888480232635073435e+02 4.324755660644563071e-01 -1.364493063928520655e+00
2.716110235235358914e+02 4.161667087198605564e-01 -2.668834871016341204e+00
2.506713853489677319e+02 7.725815970923405329e-01 -2.201728373764628988e-01
2.525218786360609329e+02 1.011635494111867151e-01 -7.818248056028774817e-01
3.003075496533397768e+02 1.976294042869908563e-01 -2.725736306270971632e+00
3.193030671472223503e+02 7.276040571278957758e-01 -6.408508334779429161e-01
2.809760948841157528e+02 3.518349660669813361e-01 -9.370561207937437853e-01
2.870649145016500370e+02 5.293780950423648823e-01 -1.319160977611499641e+00
2.685396146201657075e+02 5.238718318748383229e-01 -1.842010596711840975e+00
2.767518091041443995e+02 4.019325763755736691e-01 -3.330769514967189537e-01
2.406994497522923950e+02 5.574644588097511511e-01 -7.053792309953982320e-01
2.792208224906962641e+02 6.852124131798221773e-01 -2.348708132287339601e-01
2.418226232322872136e+02 2.923899173982316690e-01 -2.780764842756865973e-01
2.692879934641086948e+02 3.599529476479539081e-02 -2.749090165669326957e+00
2.620134715709551756e+02 5.450493719803080339e-02 -1.463734812738452407e+00
2.848720855489290216e+02 4.504062392902337120e-01 -3.475555609554959346e+00
2.452743395722639832e+02 1.373228188859862697e-01 -6.270303082841001407e-02
2.602492763592487677e+02 1.143957406121327014e-01 -2.112471891026219128e-01
3.400711629807628924e+02 7.395889575305603092e-01 -3.269209881141949686e-02
3.377381317453709357e+02 5.690793728479824898e-01 -6.972602345427799664e-01
3.386411868424241334e+02 2.508175284463426968e-01 -4.917997175609576943e-01
3.489919934875189256e+02 3.993060879370760041e-01 -6.368455844012180789e-01
2.581207614266930932e+02 7.309918902600225366e-01 -1.802314750070203919e+00
2.355792900134485421e+02 1.872900894403394523e-01 -6.217404920553464276e-01
2.672875884913102595e+02 6.106324686588773254e-01 -9.868169550877128327e-01
3.338479103316185501e+02 1.652691533733991469e-01 -4.689593522484599708e-01
2.379898258422524862e+02 4.413295838554421313e-01 -6.969545392704752373e-01
3.473594444005265700e+02 2.779811587751612745e-02 -3.537681798233064390e-01
3.357860069487638839e+02 2.344914881167609322e-01 -2.003554919909711074e-01
2.444061137135024069e+02 3.776312444523994838e-01 -8.007606038544390348e-01
3.211584120512555955e+02 8.929078991142698485e-02 -7.742199474245146928e-02
3.154352878844242127e+02 3.297652989852057348e-01 -9.632482276108379482e-01
2.485210587271828615e+02 2.178488485378600181e-01 -2.448544567788070725e-01
2.947343318982721030e+02 6.559988876542158787e-01 -6.045639165535718895e-01
2.625772795470483061e+02 2.720266426069399279e-01 -3.658982658562300316e-01
3.074767247194583319e+02 8.744841765583119195e-03 -3.644438475231938646e-01
2.805338085835610968e+02 2.985707151654404257e-01 -7.108105841795669955e-01
2.968475109721359786e+02 2.699498996703358911e-01 -1.237584383429116475e+00
2.922545182906853825e+02 6.230393164377994175e-01 -3.269594148818154800e+00
2.976846259499714051e+02 5.504555599856868486e-01 -1.563575090801031076e+00
3.198613610643013203e+02 6.632414769102790153e-01 -1.064213752738525365e+00
3.502417268979093592e+02 7.597544823981947637e-01 -4.136279830958278225e-01
2.910806848723853477e+02 3.626251591630750282e-01 -2.560918516228226860e+00
3.183266294159824952e+02 8.548373793636318552e-02 -2.269390728853633021e-01
3.437130610423039343e+02 5.786129801732674549e-01 -2.739608809201046213e-01
2.544928956940262879e+02 6.434208243284548212e-01 -4.018582869300647786e+00
2.532930290923527821e+02 5.867287069764222096e-01 -7.033793913069430470e-01
2.827982971453274672e+02 7.995280303691706392e-01 -4.556381788219322715e+00
2.930737233302461391e+02 6.355827724063308759e-01 -2.158988970969605070e+00
3.298733378158538017e+02 4.190411349633355043e-02 -2.337105385491263787e-01
3.446459786350181389e+02 1.109989087297350574e-01 -1.104789420872306083e-01
2.364892037671896219e+02 4.973219857920820330e-01 -6.662326436839691168e-02
3.465094559169140211e+02 1.819764238105373022e-01 -8.495875576688238784e-01
2.595237222008260005e+02 6.307493991501448294e-01 -4.215297377816829005e-01
3.271203979451416330e+02 6.024826018095902347e-01 -5.347740496475100747e-01
2.393279855476999103e+02 4.712515966533556422e-01 -5.022519074540042761e-01
3.059608785738453207e+02 1.297251489106403255e-01 -1.063149467141655702e+00
3.409400290067612218e+02 3.576374978519152315e-01 -1.442007757058818077e-02
2.760978057047528864e+02 4.820174991988064872e-01 -3.480938264883277622e-01
3.167620722414200714e+02 7.072226304145166065e-01 -5.086879323047552998e-02
3.248155636867762723e+02 3.236161416079054165e-01 -9.268282173586560591e-01
2.352202379455141283e+02 2.580030627304586432e-01 -8.828845262583426834e-01
3.141851338078456024e+02 6.929286506888738817e-01 -9.805657989483255177e-01
3.334109996845839987e+02 2.022765678337167250e-01 -2.774343884926036008e-01
3.278888068378311118e+02 4.580100334678058882e-01 -9.119839684251197509e-01
2.902036570851576585e+02 3.850323187840680728e-01 -9.031526423743510001e-01
2.650942831962901778e+02 4.114411283343663017e-01 -9.736894137022747975e-01
2.735850233912317435e+02 2.294678770432869441e-01 -2.345011706374479921e-01
3.097948485224725914e+02 5.380964641674464977e-01 -1.477424876366058903e+00
2.749436312712347217e+02 3.083415238868465469e-01 -3.853521210151788501e-01
3.232266451338423394e+02 3.184089012917035721e-01 -1.959693159925669281e+00
2.666295106625379958e+02 6.785717776705419979e-01 -1.455297688128295519e+00
3.032407262110798456e+02 3.715406534826676821e-01 -1.547186048032015204e+00
2.862724649256532530e+02 7.126368270265895921e-01 -1.896891384202605835e+00
2.432155133671493843e+02 1.492943707807583842e-01 -9.519576598274169521e-02
2.992036082211587313e+02 7.417070537611768211e-02 -2.522207057878146363e-01
3.045082350410218623e+02 7.775818929271821611e-01 -6.984134233869389030e-01
3.081904861926320223e+02 1.582236443090562217e-01 -3.975128526610537616e+00
2.466637477068434237e+02 2.298350289592681825e-02 -5.879626643851824097e-01
3.134664068581174661e+02 5.667422560416269794e-01 -8.049708682059828480e-01
3.263671942250907136e+02 6.645143545141765085e-01 -4.726837266594162146e-01
3.026190020985426372e+02 2.097624999808211238e-03 -9.961527431419461287e-01
3.427292703259663540e+02 5.112352678908813619e-01 -1.273893534084097334e-01
2.707843931324014193e+02 3.411809703560880203e-01 -3.873037615382799892e+00
3.323383446157349681e+02 4.311374270922629370e-01 -1.776838762863509891e-01
2.479927546401019356e+02 7.671712723467304373e-01 -5.223555197370455261e-01
3.222145976459237886e+02 2.440546450110764598e-01 -1.879276649712663616e+00
3.020193531327883534e+02 7.855184742208888293e-01 -3.828364290364444145e+00
3.113796811404656637e+02 6.914451710585750588e-02 -2.077207371633499555e+00
2.500579455236256194e+02 7.036486343469782190e-01 -3.699227329416236998e-01
3.480174055253677921e+02 7.464591857064726277e-01 -1.876703981513698216e-01
2.572864472560289641e+02 1.260680392114223447e-01 -2.420373426179147081e-01
3.305223004551395434e+02 1.686031722716576919e-01 -6.209891294488012470e-01
2.939976324654053315e+02 2.348047129334107364e-01 -1.790711876875436870e+00
2.613977864392936681e+02 5.322704460193151688e-01 -2.229629725121141381e-01
2.991585594677044924e+02 6.200002062239365896e-01 -2.526441235915937167e+00
2.810663938704620364e+02 6.317353699272494350e-01 -1.698437152808579764e+00
2.949810123373058559e+02 7.698025921350657441e-01 -5.197461662907726376e-01
2.372750146942602214e+02 6.341561900844620014e-01 -2.666539168929722425e-01
2.814417946395981858e+02 7.658178013247812776e-01 -2.627887592787430115e+00
3.020372668086120029e+02 2.270006869032626939e-01 -2.412274651687657201e+00
2.746353435370519378e+02 7.981162177978244898e-01 -2.852231940677796285e-01
2.923597340320126818e+02 7.824223758661250638e-01 -2.802216365007502041e+00
3.027768226721789233e+02 6.270425118599941561e-01 -1.875947036167768589e+00
3.037952833323525397e+02 6.500751195409619765e-01 -1.427956747771979451e+00
2.683386952838410480e+02 3.160142332744775850e-01 -7.553940411795069254e-01
3.105269869131568043e+02 2.465520584758887357e-01 -2.669389600394572515e+00
3.122354152250960624e+02 6.193501526613328645e-01 -1.186593289760990544e+00
3.308598223832171925e+02 7.391568180352504625e-01 -5.026845408902597123e-01
3.040487017211452212e+02 3.760095588863316407e-01 -1.135191327059914101e+00
2.961742410325757646e+02 6.247159828976842633e-01 -9.053557912640927130e-01
3.171704660990533284e+02 1.725990318282739633e-01 -3.073001303476611823e-01
2.828623570622072521e+02 5.870752409647403969e-01 -4.206707913735655779e+00
2.939737246471015624e+02 4.528543508728451461e-01 -1.197980986327490394e+00
2.485824724465029476e+02 6.239974766497934366e-01 -1.103630296899894697e-01
3.248098386875190613e+02 1.057918824113194961e-01 -1.341170419955935111e+00
2.961524061686853315e+02 7.650738900889320071e-01 -7.478461939891717369e-01
2.935137203672534270e+02 7.579215656036771831e-01 -1.122298230703674626e+00
2.667382853317391209e+02 4.746133643215829645e-01 -1.168371892104460796e+00
2.843964131011014729e+02 7.871174399582965275e-01 -2.992125517371491128e+00
3.133091965425488183e+02 7.598159914435245188e-01 -5.336966159890051964e-01
2.658744075413171117e+02 7.919331277979285710e-01 -1.420305582083069895e+00
2.885270000071571985e+02 7.917436656428087360e-01 -1.314679796668214662e+00
3.389107284497420096e+02 3.368737707437092777e-01 -4.416915414308247856e-01
2.804759549543090316e+02 4.013632317305019237e-01 -8.806914539332213465e-01
2.859948844221428317e+02 7.932643948850214288e-01 -2.137547401223886645e+00
2.992128486667661491e+02 3.898102278182601910e-01 -2.838639181840241665e+00
2.691264129450178757e+02 7.660758970359552444e-01 -2.613827121142247911e+00
3.499296589770000310e+02 7.983572939062257845e-01 -3.048729295495574698e-01
2.658415571010214080e+02 4.894584014923573645e-01 -1.286712177663799528e+00
2.972041098537139305e+02 4.340633785663688404e-01 -1.501305496192801847e+00
2.723816732005598169e+02 6.392945223339725480e-01 -1.817604900327756123e+00
3.192805955125755304e+02 7.702811085374806632e-01 -6.166608743346978505e-01
3.144895190761615140e+02 4.928564431333027906e-01 -1.340926553516855746e+00
2.614151991609194852e+02 7.885228716447927333e-01 -7.686675378923701896e-02
2.702772003306604347e+02 4.135199685031101247e-01 -3.355510076938291064e+00
2.733031609044899710e+02 7.146158230111160359e-01 -7.674899009633286973e-01
2.848447997011280677e+02 7.690344214582099935e-01 -3.360594313641855457e+00
3.040029912196440591e+02 7.071997911040895923e-01 -1.219909370990088116e+00
2.949319952917654177e+02 5.400164550809281039e-01 -6.786685386521194019e-01
3.142519541177640008e+02 2.275821426741756470e-01 -1.921464806165496197e+00
2.879082528319424341e+02 7.824604898345888238e-01 -9.935191127721116899e-01
2.742113070713887737e+02 6.285467601149646866e-01 -3.467061459767653009e-01
3.048624844467281605e+02 4.291553973076379092e-01 -8.321146602236020318e-01
3.032035038303576471e+02 3.513666318380066489e-01 -1.497241584439141349e+00
2.771758790636023377e+02 7.589062581312829847e-01 -2.506276294866252030e-01
3.004081535116370674e+02 4.757774420456520881e-01 -3.642999867897763977e+00
2.781336355346391542e+02 4.222180532422166732e-01 -2.841269914754765424e-01
3.027156815419344866e+02 4.202969290872309305e-01 -1.861737281483390571e+00
3.019273863938909130e+02 3.930610118739058523e-01 -3.871262368590143055e+00
2.798968163754799434e+02 7.957285242592969654e-01 -8.466959884598480590e-01
2.767924602810305714e+02 7.369616605856600389e-01 -1.040557806808376784e-01
3.061839357867449962e+02 2.388074122465425608e-01 -1.219244415199193687e+00
2.745151654351234924e+02 7.377550831922380370e-01 -3.184708519587565179e-01
3.006566343522459874e+02 4.073791496415010704e-01 -4.012791220198033137e+00
3.069756485990487818e+02 3.431075514273368987e-01 -9.547457729487907052e-01
3.029147000287716764e+02 7.334187522598543119e-01 -1.848734781823716977e+00
3.038780453521987965e+02 4.256413502850776576e-01 -1.313930560598829622e+00
2.877371338598784405e+02 6.323349644800235758e-01 -9.508614586389877443e-01
3.281241754572034779e+02 7.115603100791564328e-01 -5.711440444240147851e-01
3.022380874992873032e+02 4.056652371645992350e-01 -2.952252905807913663e+00
2.999880541562567942e+02 4.121435305672682126e-01 -3.420597462624134000e+00
2.813451957706716939e+02 7.956718765008330418e-01 -2.426204499787427249e+00
2.783601947542532571e+02 6.113369043261469571e-01 -9.887261808787513317e-02
2.786962532356344582e+02 3.421686347807423312e-01 -6.951533268887974404e-02
3.278031493457557417e+02 5.886656259165993221e-01 -6.508725371392456438e-01
2.973455133280088489e+02 6.608772358183602202e-01 -1.376430789997620252e+00
2.928628524684376089e+02 7.990789144680129352e-01 -1.995334515698613309e+00
2.836387691382674348e+02 7.998595745634435872e-01 -3.815589893338695138e+00
2.993587637663256373e+02 3.157935779582217717e-01 -2.898556255134244530e+00
3.014387383228201998e+02 6.505534101039729400e-01 -4.876000358679276836e+00
3.009557861570243631e+02 4.105876314483252187e-01 -4.427073684398827425e+00
2.843963438360244140e+02 7.556714206919772359e-01 -3.032781629545740376e+00
2.997403155972513105e+02 3.446082649372408935e-01 -3.220615784671204462e+00
3.128552831702135677e+02 4.172234036855359540e-01 -1.387752705360504768e+00
2.983659494913446224e+02 3.584829115710230774e-01 -1.954061028383410115e+00
2.890456249832980689e+02 6.755232636751991038e-01 -1.193996657700462150e+00
3.015144769155429572e+02 3.886316421589861014e-01 -4.722182906839334393e+00
2.966360015711613869e+02 3.714539943796148491e-01 -1.283971928829271247e+00
2.975672617495710028e+02 3.762159040814845312e-01 -1.672897565703762579e+00
2.972143382953114497e+02 3.611521876421595056e-01 -1.487856114945278030e+00
2.967083773236050774e+02 3.428650259952699120e-01 -1.265188252106225875e+00
2.999297901886445743e+02 3.354053033247678672e-01 -3.418266411887517453e+00
3.007342922930383224e+02 3.320928001922473505e-01 -3.874499343226431414e+00
3.007441819042487623e+02 3.264309175323416023e-01 -4.009122960382742740e+00
2.838778473516019289e+02 7.538902504965392382e-01 -3.590554409671797842e+00
2.956512670242186687e+02 3.381107753368198243e-01 -1.101144456756296020e+00
2.835094566422956746e+02 7.574635562791515175e-01 -4.389555973523707522e+00
2.958434842963092706e+02 3.519492260296863684e-01 -1.114555775513313973e+00
2.981456481626933055e+02 3.494434813634044734e-01 -1.888333271727539620e+00
2.848909092782524226e+02 7.571546668601689678e-01 -3.373341617264110859e+00
3.036134026894313251e+02 6.529470246493360719e-01 -1.583018375178131265e+00
2.980239305079111887e+02 3.950013057277708128e-01 -1.830149965080181573e+00
3.023055113081856007e+02 3.000948005135195551e-01 -2.167657920290972484e+00
3.083165210504428728e+02 2.972351577299734982e-01 -2.619606574994402859e+00
3.009477628198962975e+02 6.558397671042840438e-01 -4.331889512232955930e+00
3.033939171708460094e+02 4.006982613842766661e-01 -1.633040435587375105e+00
3.029094484756308248e+02 4.203960750790831091e-01 -1.613454776072841268e+00
3.001285480779085901e+02 6.703311580165486339e-01 -3.077222414374635839e+00
3.020607737929726682e+02 4.106821437578457301e-01 -3.444266552131597603e+00
3.032532936758701112e+02 3.731108536850027413e-01 -1.551010780794366051e+00
3.012353555719481051e+02 4.022110541041263310e-01 -4.751225932969573407e+00
3.012038930745019343e+02 6.899204260086349016e-01 -4.739807190430531669e+00
2.996798129857647268e+02 4.460728179299041085e-01 -3.211271815219612247e+00
3.074416288118023317e+02 7.070911623948774594e-01 -2.973063313519003770e-01
3.024955480118051128e+02 3.291608601661342171e-01 -1.922303771588072419e+00
3.027846520546686975e+02 4.572437298420414797e-01 -1.741305099492939545e+00
2.996105911985936245e+02 6.939203756972247561e-01 -2.767074670363004696e+00
2.999767550613855747e+02 4.540692735726614693e-01 -3.376530944568204795e+00
3.005308432857387402e+02 4.848916545611519080e-01 -3.794462175890226607e+00
3.023575735056189728e+02 3.891720869136412464e-01 -2.462474548106736716e+00
2.831575109287171017e+02 7.964151026601884453e-01 -4.679230741569238461e+00
3.038719397627920671e+02 3.387983384536785714e-01 -1.253772142266357248e+00
3.022368347176159773e+02 4.763141131430725927e-01 -3.038921301386045659e+00
3.042197722790556895e+02 3.052750513500046003e-01 -9.261113548671831008e-01
3.031491589063736569e+02 3.100667373711774033e-01 -1.369770724967345199e+00
3.027319840300558553e+02 3.821452782738492537e-01 -1.610364102577807932e+00
3.011208646165127902e+02 4.207200371242211800e-01 -4.641753244158211444e+00
3.014571697070239225e+02 6.851540416090575736e-01 -4.834296726416042134e+00
3.001185816414375154e+02 3.959018493027393060e-01 -3.513310925169949694e+00
3.017245701396640811e+02 6.970944260181943797e-01 -4.615094108275399343e+00
3.025831389384969157e+02 6.922702774031790351e-01 -2.279398629042459490e+00
3.007479396685662891e+02 3.861299485870801074e-01 -4.185629131270938608e+00
3.003823974010957727e+02 4.118874293697166178e-01 -3.702183868034001790e+00
3.008203587259973801e+02 5.076182139053151410e-01 -4.217976978227174101e+00
3.030606296905358477e+02 6.936997893643409574e-01 -1.818294449236860455e+00
2.832097661038184242e+02 7.978505493650349667e-01 -4.679830884413984649e+00
2.831354758174642257e+02 7.988077743659910412e-01 -4.709487906342371133e+00
3.024740532015025565e+02 6.811974677917879140e-01 -2.269870875522797427e+00
3.022795693999102014e+02 5.030827027861154432e-01 -3.058569094995921667e+00
3.014065904069614135e+02 6.247937537709157274e-01 -4.903602356217969138e+00
2.953518388653199054e+02 5.022758714617244769e-01 -7.686142947290823813e-01
2.976209095479833309e+02 5.116134415782375156e-01 -1.600473893960636884e+00
2.970336834224308404e+02 4.902455277045965065e-01 -1.429880930379142878e+00
2.947571983581694326e+02 4.921567449820017370e-01 -7.266034367405952432e-01
2.965422200822721379e+02 5.059206992446849682e-01 -1.207333432332337919e+00
3.010178541573413895e+02 6.323216174551076207e-01 -4.356004455610083426e+00
3.022759888006393112e+02 6.872180821799394046e-01 -3.024475553755400448e+00
2.992942645305105316e+02 6.375529865825703135e-01 -2.637557424589656474e+00
3.004639019645585449e+02 6.348917665482893824e-01 -3.377419917814554307e+00
3.008593536421031445e+02 4.180514113531490494e-01 -4.217770673053816921e+00
2.973653368099877525e+02 4.836869179281908515e-01 -1.532297351475753411e+00
2.962492384247066752e+02 4.788497468026564619e-01 -1.123086742437497509e+00
2.832176234949019999e+02 7.967894271180875343e-01 -4.679529768556259128e+00
3.018002033911049580e+02 5.777303333097316695e-01 -4.419746892071441557e+00
3.043273116630883806e+02 5.718740314238883737e-01 -8.468658063970587735e-01
2.827579047017038647e+02 7.992376798653245684e-01 -4.403183238047023274e+00
3.027770700213022792e+02 5.873407761560957008e-01 -1.855875421862882124e+00
3.021507935238250866e+02 6.271290853688259448e-01 -3.524230346098421673e+00
3.016859292428036952e+02 6.583972315363347816e-01 -4.658605889947071255e+00
3.028637754850753367e+02 5.673055160703647237e-01 -1.848700503318844834e+00
3.019066243181267737e+02 6.328997223884212930e-01 -3.971801575480135238e+00
3.016471763371851580e+02 6.311424245871640748e-01 -4.684618492488731079e+00
3.014692989290790592e+02 5.850004798337373746e-01 -4.897678275237131729e+00
2.831010028206928837e+02 7.965363387667907524e-01 -4.708497486059640913e+00
3.013574101072435951e+02 6.518243102793959132e-01 -4.875984027765325912e+00
3.006562377704671007e+02 5.771362991825091937e-01 -3.893657487008754359e+00
3.021232277224473250e+02 6.226523441714608698e-01 -3.523708449914585650e+00
2.829797468215172103e+02 7.997043153780819535e-01 -4.663151610236836220e+00
3.023674199933491309e+02 6.136309516860410929e-01 -2.619262132755720174e+00
3.013415583058499010e+02 5.894084973349420498e-01 -4.934885444554681477e+00
3.035794579972398424e+02 5.810520888359597125e-01 -1.717199266184631368e+00
3.019853501825259627e+02 6.434041999341917339e-01 -3.971279328553534604e+00
3.017134892778805693e+02 5.905014464544593444e-01 -4.721246337105121427e+00
3.008320850127059316e+02 3.959018251704414237e-01 -4.195165708869354582e+00
3.023038282661460698e+02 5.742264141151783852e-01 -3.069072082898160581e+00
3.031077313376409279e+02 5.765383571524130835e-01 -1.774059196009327488e+00
3.016196336010109462e+02 6.191763584762299821e-01 -4.694180259851645332e+00
3.007405553617404053e+02 6.010455796906319925e-01 -3.851868615793462070e+00
2.992996584334602517e+02 5.936163162629216616e-01 -2.690579197922131627e+00
3.008485535008889542e+02 6.091335858642721313e-01 -4.109376778433675881e+00
3.010062141574941279e+02 5.971426457383740560e-01 -4.398109061486814575e+00
3.007204270596620859e+02 5.885643183149683599e-01 -3.871755657254494221e+00
3.005897220139685828e+02 6.065496256941381725e-01 -3.613471725348132324e+00
3.000124923091336200e+02 6.049168908267922307e-01 -3.120250095052481853e+00
3.009779259408673511e+02 5.849926194505102872e-01 -4.413271783483574850e+00
3.013080193249165291e+02 5.954980112529292269e-01 -4.838619587741171735e+00
3.012726524159202768e+02 6.202993293750683756e-01 -4.817473127436339375e+00
3.001842272177190125e+02 6.171051634928277352e-01 -3.170821011811677970e+00
3.000745899983566005e+02 5.904882988492911045e-01 -3.228585361083025962e+00
3.017009717453644839e+02 6.065270935158673105e-01 -4.708848212753489193e+00
3.015086407578343142e+02 5.928408902195194674e-01 -4.893029999911579608e+00
3.012091214672526576e+02 3.974512530774160779e-01 -4.739047965592730449e+00
3.011991826616131220e+02 6.107772549722487732e-01 -4.830001211505773107e+00
2.998827411808272245e+02 5.869300884533487084e-01 -3.083907803745539411e+00
3.003744610463973004e+02 4.000845109942419708e-01 -3.706132306255631281e+00
3.013502458032196500e+02 6.151944200266382667e-01 -4.913592066314950380e+00
2.836339257889310943e+02 7.946983798185076608e-01 -4.119178147035262860e+00
3.004198939475274983e+02 6.154503456158941788e-01 -3.415627298305377035e+00
3.010984724115971858e+02 6.435321973836369835e-01 -4.603011715784419700e+00
2.828221863540053391e+02 7.866841947663288925e-01 -4.543138509081145138e+00
2.830486847322545145e+02 7.977210984388360959e-01 -4.709846379838661612e+00
2.830562060676322176e+02 7.954409570334265434e-01 -4.708351229042833985e+00
3.008730381118510309e+02 5.955751555886280579e-01 -4.124580140442978937e+00
3.013990541458343841e+02 5.812851450480234217e-01 -4.939599046918286440e+00
3.014762433167906011e+02 6.160821270521463777e-01 -4.873740153754527071e+00
3.016282034678558261e+02 6.187361937554400892e-01 -4.694998308860741432e+00
3.011613820637419963e+02 5.989783205660434984e-01 -4.646657048782360633e+00
3.012200656290914367e+02 6.204692899242053583e-01 -4.819704477438151891e+00
3.013363350136197596e+02 6.273341428812512222e-01 -4.902256569607359893e+00
2.828103274194514256e+02 7.912132652603078853e-01 -4.548024719384216930e+00
2.830463571370704585e+02 7.998810998279126672e-01 -4.711182328320180801e+00
2.831572759395432399e+02 7.935287035939352362e-01 -4.678330746291115005e+00
2.829141251012621865e+02 7.925021323487877467e-01 -4.658775822507542408e+00
3.015557221121684393e+02 5.552228725516743513e-01 -4.914400787139018512e+00
2.832848755318391341e+02 7.898664569448742290e-01 -4.565443020173990618e+00
3.015209960264168103e+02 5.883868998295029851e-01 -4.896357362202237162e+00
3.014461473527342719e+02 5.964475973152576493e-01 -4.927961448869256245e+00
3.013921890793817511e+02 6.053719273111513033e-01 -4.921568667125944430e+00
2.832763550873644363e+02 7.996294485984052347e-01 -4.564637377082477521e+00
2.825816783790924092e+02 7.920857162149597119e-01 -4.228806095403527365e+00
3.013866693749210981e+02 5.933872731027485248e-01 -4.931258632657910645e+00
2.829775574536878366e+02 7.978718591259102988e-01 -4.661692377594113701e+00
3.013544582076506231e+02 6.140961859394430400e-01 -4.914524089887954972e+00
3.012511335414833411e+02 6.115935560371824620e-01 -4.826888873837461347e+00
2.828498185279874519e+02 7.869966335526021872e-01 -4.542445004223949034e+00
3.014824624364501915e+02 6.230014313026117634e-01 -4.867535359302454623e+00
2.829425330004526131e+02 7.947888357605985554e-01 -4.659995390010556626e+00
3.016400058775692514e+02 5.734205682618104261e-01 -4.727728724527626269e+00
3.011795228899606514e+02 5.764366262071730640e-01 -4.665362635815297310e+00
3.013005393953002340e+02 5.598025714478134240e-01 -4.863593233943599436e+00
3.014744805035127797e+02 6.033357858108724381e-01 -4.884472277103466098e+00
3.013199523735264620e+02 5.942667164853768780e-01 -4.839100301837722107e+00
3.010495230990297841e+02 5.708475041790576077e-01 -4.678374906448281578e+00
3.016870509480937130e+02 5.772011671026593405e-01 -4.728098538767325110e+00
3.014030199532035112e+02 5.548969123277717186e-01 -4.953475586787281948e+00
3.010597567962932430e+02 5.621520403537489941e-01 -4.683966089271675237e+00
3.012701560356474602e+02 5.890573753137768875e-01 -4.845541215530841939e+00
3.011693721643999311e+02 5.848440667013591332e-01 -4.659018292727603594e+00
3.012112791378429506e+02 5.748139455894519800e-01 -4.858496855143196846e+00
2.830791309969292229e+02 7.952393044852178461e-01 -4.707951342531945471e+00
3.015996520055131782e+02 5.718165062129711984e-01 -4.907785262328465237e+00
3.009631506004193398e+02 5.697425257163059031e-01 -4.429349468267820278e+00
3.014798192977503959e+02 5.923028092841803316e-01 -4.892900641218526303e+00
2.829292233094403173e+02 7.983719515373454145e-01 -4.663318182288312741e+00
3.014106081732664961e+02 5.945549366752532761e-01 -4.929995020099264380e+00
3.013388010718389864e+02 5.980062801585294130e-01 -4.928429375262369128e+00
2.831512093923807925e+02 7.962324044594013550e-01 -4.679155168901746542e+00
3.011018300419378875e+02 5.550823155228093997e-01 -4.685833494872355232e+00
3.010257020497635949e+02 5.920785420995691162e-01 -4.401952870858383271e+00
3.013734295182914025e+02 5.651667353091859303e-01 -4.949308088268365324e+00
3.013548782818352265e+02 5.632748183264713049e-01 -4.950503684008647376e+00
3.009957510898978512e+02 5.567875762630121184e-01 -4.438137286277002325e+00
3.012766921611336102e+02 5.768745630408150804e-01 -4.854222233866546610e+00
3.013334327504750263e+02 5.966111939498762728e-01 -4.929604936344339272e+00
3.011419866379656014e+02 5.572090231149748885e-01 -4.681845798580202000e+00
3.013163078227703409e+02 5.364475584998699143e-01 -4.872448810939937758e+00
3.013610801462400559e+02 5.215629301952864338e-01 -4.960465748171714928e+00
3.012314163979302180e+02 5.161612948753299124e-01 -4.879005350675323704e+00
3.012394725142640368e+02 5.317773048126028801e-01 -4.876869437047761657e+00
3.016918841788346413e+02 5.790954087341714240e-01 -4.727272343628596829e+00
3.011932128784591782e+02 5.736854341291101056e-01 -4.860030710403671073e+00
3.013789087382461958e+02 5.629626985176466869e-01 -4.950306843630587039e+00
3.011195689179231749e+02 5.441625443198875312e-01 -4.690928485974021456e+00
3.012433522262824681e+02 5.951855956089122657e-01 -4.841793023094145276e+00
3.013237800637527926e+02 5.652712846569808436e-01 -4.949966173038810702e+00
3.011987059199236683e+02 5.776833585892205969e-01 -4.857100596093691713e+00
3.011292043396725830e+02 5.819039709367703761e-01 -4.664230384316681466e+00
3.012779967152575864e+02 5.514771147944133034e-01 -4.868642361829122578e+00
3.012958944260969361e+02 5.987731420364235113e-01 -4.836398954268640971e+00
3.014451602794426890e+02 5.814990862742733801e-01 -4.938741457342548102e+00
3.013360765949644247e+02 5.447775900807756422e-01 -4.957804374132752656e+00
3.015281645715223249e+02 5.678857107367855095e-01 -4.908526386888289572e+00
3.012334308445165902e+02 5.339897622674119049e-01 -4.876613436691902059e+00
2.825295974011739872e+02 7.991774869585390739e-01 -4.237868720946084800e+00
3.011529099873998803e+02 5.252324412240787499e-01 -4.696727577723334157e+00
3.015008192120913577e+02 5.289877497764029490e-01 -4.918600348539198919e+00
3.012829238782016432e+02 5.111023254672838467e-01 -4.876749465993905019e+00
3.012761041634826711e+02 5.080898600077967675e-01 -4.876777827371370222e+00
3.011796420622484902e+02 5.610880693319098000e-01 -4.676783227927289843e+00
3.013419310690402995e+02 5.555420519776905763e-01 -4.954087805659319166e+00
3.011530737192992433e+02 5.035946952365331075e-01 -4.700564283741799798e+00
3.010656657227209507e+02 4.982738215151631955e-01 -4.705950010965783470e+00
3.013100050715963789e+02 4.780759706242865836e-01 -4.864825359621464784e+00
3.016502032277343233e+02 4.873755865266911069e-01 -4.729188569013953014e+00
3.016158008580305818e+02 4.762185214395813215e-01 -4.719169815471227380e+00
3.014648163305496382e+02 5.075538438339858294e-01 -4.915208769911836306e+00
3.013895752392683107e+02 4.848032624144341662e-01 -4.948433541654574164e+00
2.828316570701565524e+02 7.950795186182980645e-01 -4.550984560733655648e+00
3.014213966775348581e+02 5.562172162001782771e-01 -4.952677852731715902e+00
3.013999191279438037e+02 5.546719895193844563e-01 -4.953608660129471986e+00
3.011963272393988973e+02 5.300483512587511603e-01 -4.879028466022044874e+00
3.011924807866639071e+02 5.669711219083962694e-01 -4.864262109115455424e+00
3.013613535939325629e+02 5.663516374814002718e-01 -4.948883599820649515e+00
3.015426487611789526e+02 5.115140618430507047e-01 -4.917773207440560235e+00
3.013571767572404951e+02 5.230523579562572634e-01 -4.960540839419996573e+00
3.011117434447698997e+02 5.524440721242491747e-01 -4.686798531993059846e+00
3.014632182361769424e+02 5.379970576466430732e-01 -4.917050214007685938e+00
3.013386026499009631e+02 5.658245989503905005e-01 -4.949478265919552200e+00
3.014380622390378903e+02 5.305000815532836533e-01 -4.959104441411275488e+00
3.013467511415018407e+02 4.992378987910490173e-01 -4.956235674225235144e+00
3.012212677044522025e+02 5.397753294230470678e-01 -4.875514913001649298e+00
3.013715377154169346e+02 4.971039149923582312e-01 -4.955094905084164836e+00
3.359165170202643935e+02 2.198987849103187786e-01 -1.892081288331088629e-01
2.587307517067438312e+02 1.848800790935397620e-01 -9.747422531816002378e-02
3.228050923982148106e+02 6.160413937232581683e-01 -1.530598128661760704e+00
3.467747769761518271e+02 4.559289332268345873e-02 -3.978537605384398490e-01
3.099266800545785259e+02 6.838565707148829276e-01 -1.013583605114003472e+00
2.522223311265632617e+02 6.486994907994971804e-01 -9.882792695452776721e-01
3.041270408733605564e+02 7.830839404386406022e-01 -1.000442318433728994e+00
3.402803012041507031e+02 6.683512053040674417e-01 -2.655995314194293036e-02
2.814202386250756831e+02 9.091521024935575457e-02 -3.238033165892350573e-01
2.356781429380251041e+02 1.808500226428300661e-01 -5.621491559402842508e-01
3.190216920563590293e+02 6.298616014142364161e-01 -4.082499528353655260e-01
3.013925858181626722e+02 7.292664835101262399e-01 -4.776708593855166107e+00
2.963723183493139572e+02 2.299585561829339264e-01 -1.072326925537424591e+00
2.656847943576316879e+02 2.955682850402768791e-01 -1.097839135332829619e+00
2.771090955897391268e+02 6.965428507052574547e-01 -2.246314770401449112e-01
3.081120809403606700e+02 6.046496079429004855e-02 -2.632091589056075431e+00
2.540350486406719597e+02 7.425748582238755890e-02 -9.896694243223695675e-02
3.332169877262702471e+02 1.195003395105025262e-01 -3.558408750580074331e-01
2.826015701398532087e+02 1.414634296541486813e-01 -3.289733413321869748e-01
2.685981666847557676e+02 2.559035904822195007e-01 -7.922552515006699991e-01
2.975082996252462522e+02 7.390539646946668872e-01 -1.328226744884661636e+00
2.715261551299566918e+02 5.958907910844672973e-01 -3.094302573422011982e+00
3.130543472124674054e+02 4.539851637175633670e-01 -1.069952525965353285e+00
2.515877097051463238e+02 6.070176465828516221e-01 -1.655046050549025261e-01
3.376996877604836982e+02 7.504929286794663756e-01 -6.283336258218513715e-01
3.454692304191596577e+02 4.922783806851648847e-01 -1.894890029724594777e-02
3.501622570442233382e+02 1.051922549375924193e-01 -3.109031062700404302e+00
3.311292523214374341e+02 2.336135000836741527e-01 -5.386676801112825208e-01
2.942139799871332002e+02 1.024478114812917423e-01 -1.720595480055127302e+00
3.248007652192478645e+02 2.767144479823067660e-01 -1.125175755719525661e+00
3.004521520993766899e+02 3.864017508260714218e-01 -3.700661217185078566e+00
2.560234811627368572e+02 4.610719220586259048e-01 -3.677803710828276618e+00
3.408786771029293732e+02 5.206362382276653600e-01 -1.063370702310534668e-02
2.723415638454849841e+02 5.586113594127303239e-01 -1.741802044969264385e+00
3.424514502477093174e+02 7.551897662763793484e-01 -4.250334658366199808e-02
3.022099055762389526e+02 5.315137527499619319e-01 -3.058091127278068644e+00
2.746873031633629125e+02 2.347323491050674199e-02 -1.710585700196915748e-01
2.415783165363189937e+02 5.382415803099405149e-01 -9.825537986971126792e-01
3.182335995881970234e+02 4.700386287212927616e-01 -5.425686987946280043e-02
2.922288694321890716e+02 3.288443818772225358e-01 -4.255219877524760719e+00
2.614567125770823850e+02 3.630920138654005203e-01 -4.465202970425158902e-01
2.566926521695195902e+02 2.802829457036776217e-01 -2.062398580484187338e+00
2.496038364949064317e+02 4.726272467752603013e-01 -3.038639099230511786e-01
2.432852392730535769e+02 4.451018726558493288e-01 -1.993974496983798250e+00
3.152108805851694342e+02 2.962189141129135117e-01 -1.160893869277574764e+00
2.641645044890089480e+02 6.956682956341222468e-01 -1.066267160865493058e-01
2.870083068957264345e+02 3.572273581097246131e-01 -1.285701563082558785e+00
2.468480259233517984e+02 6.761409320905935605e-01 -1.308280454211433907e+00
2.409975917619785264e+02 5.909981714848394629e-01 -7.336908067699877689e-01
3.199665588030338199e+02 2.672497296554222079e-01 -9.782244861482668474e-01
3.264200769857480964e+02 1.585656937763781915e-01 -2.264803571671190952e+00
2.381475345837739042e+02 7.021163554845587240e-02 -2.843087617705609693e-01
2.665870041568113038e+02 1.347419341998089271e-01 -3.946161201882950609e-01
2.368548716115714399e+02 3.037720816412349881e-02 -4.110518842622721269e-01
3.491411474220521427e+02 6.419026886459090475e-01 -2.806067212136317823e-01
2.762233835787392877e+02 3.706944804923466563e-01 -5.079237541310928084e-01
3.216113262398405936e+02 4.389357809691496470e-01 -1.955787945205142986e+00
2.805463266677311367e+02 1.503151483229805130e-01 -2.651384623228370541e-01
2.951334977712828049e+02 7.266780187200890806e-01 -5.441441119113288316e-01
3.065240982872260247e+02 1.621332486516820770e-01 -1.315549343130017368e+00
3.362883261906235930e+02 1.242025564051813247e-01 -3.446626323589015856e-02
3.443913465821905220e+02 6.111643866693299287e-01 -1.591040226330874552e-01
2.779603835155843399e+02 5.140080158656455955e-01 -3.799145109281822918e-01
3.104138883576870853e+02 3.076110441461576972e-01 -2.345263890750434843e+00
2.914176457744210325e+02 4.047341181618736572e-01 -2.973811222409744381e+00
3.388540064484025152e+02 4.309493875697583687e-01 -3.858083272641432693e-01
2.669641717340920195e+02 6.356503773222400566e-01 -1.247337446748409073e+00
2.608517988851048699e+02 7.053469146518972499e-01 -3.652966008808654075e-01
3.340072684824396561e+02 6.274146002381387165e-03 -9.984552911003100051e-02
3.271847921158316126e+02 5.160832077163814147e-02 -8.609284165412272039e-01
2.792432928870059641e+02 4.801354401542701211e-01 -1.939648166250972638e-01
2.542365043276761014e+02 2.066810963104886989e-01 -1.161196900288405054e+00
2.733250063676642299e+02 4.129159736894568167e-01 -5.912829259788099368e-01
2.695791366997425484e+02 7.167634052619450413e-01 -2.708809148409653478e+00
2.475614673230693370e+02 2.448345450055342265e-01 -1.344272650866108254e+00
3.438096853225442260e+02 3.255384402504751806e-01 -1.936734661175414651e-01
2.996746006981398978e+02 3.179978119793016589e-01 -3.183083711874897137e+00
3.485658185326004741e+02 3.967504734344192152e-01 -6.029022505810368582e-01
3.290561628074408986e+02 2.104884092402909690e-01 -1.899480070047756097e+00
2.626947153957528940e+02 6.624788064844820967e-01 -9.228560224425726155e-02
3.067805121238142192e+02 4.168210036353720560e-01 -5.858414377003490214e-01
3.285228012932209936e+02 7.647038883500614226e-01 -5.663373393715771531e-01
3.124395794962101149e+02 2.622708761693000046e-01 -2.656820368219764195e+00
2.863276419122167908e+02 5.619247907578807100e-01 -1.811161833992361858e+00
2.895579502973592980e+02 3.782004327400977362e-01 -7.508622859986997522e-01
2.388320532732508354e+02 3.321212135275071475e-02 -1.064303766612112012e+00
2.842936317769547259e+02 1.746175136130129202e-01 -1.674588772464783659e+00
2.456343355181674610e+02 3.438267396826856781e-01 -1.308901727497589595e+00
2.441855495362258353e+02 5.835408156023492721e-01 -1.656669296375396616e+00
2.884088185128749160e+02 5.731724770285596682e-01 -1.227125737605752054e+00
3.050257788680439148e+02 8.090901017569550324e-02 -1.028982482964755779e-01
3.232193040451380739e+02 7.953852882235892263e-01 -1.212456255118845805e+00
2.854201596464176873e+02 7.687360620323671068e-01 -3.051629178581118484e+00
3.141485890791537372e+02 5.000396038091521334e-01 -1.292836854281715686e+00
2.587064382972303633e+02 7.857706406164214341e-01 -1.125116554819679537e+00
3.323849227970870288e+02 5.465383518390353190e-01 -2.199444250658578459e-01
2.926735662866317398e+02 5.103300001694351939e-01 -3.294365691581966793e+00
3.169366794152655302e+02 1.968017883862015482e-01 -3.277466312898858480e-01
2.482897542041290251e+02 9.512270283013365968e-03 -8.824005425542338910e-02
2.349401444214569494e+02 3.451808190671692977e-01 -9.371252217393682971e-01
3.013311124584506615e+02 5.085834647236791017e-01 -4.959228891628318259e+00
3.105755506654418241e+02 7.633850502990879860e-01 -6.113064877989763390e-01
3.005238997549104738e+02 6.413847812783558533e-01 -3.561630702975289609e+00
2.921426966245044241e+02 4.636215817538377748e-01 -3.768846164580361258e+00
3.028827252471555198e+02 7.134394380208022302e-01 -1.911910762900703276e+00
2.726118612628134201e+02 7.698018202565153345e-01 -1.755846451312946144e+00
3.013253966015795982e+02 5.311052481811547876e-01 -4.960555089128640738e+00
2.592520273079861681e+02 5.632728021917227101e-01 -7.416165645342555068e-01
3.501654294360411086e+02 7.580910402534313253e-01 -4.169873933318576920e-01
3.237181506942062583e+02 6.869367229236376104e-01 -1.005999952710172618e+00
2.537258041799011892e+02 4.342195858467363667e-01 -2.035905358644047425e+00
2.554887957139190178e+02 7.410345717903800145e-01 -4.203949968767719092e+00
2.888689809255378123e+02 4.574677840992349420e-01 -1.319023931383979109e+00
3.014816510258704625e+02 5.317828085703719676e-01 -4.918088019611063011e+00
2.765633933911693703e+02 7.802913318615796179e-01 -3.542853647271692469e-02
3.029378401058096415e+02 6.331800901154116534e-01 -1.815477708041302485e+00
2.977577864414156466e+02 4.380977025755850018e-01 -1.704244376042058917e+00
2.756715479856003412e+02 6.256892224106613831e-01 -3.045386910164118999e-01
3.013369356588158325e+02 5.128837983734242378e-01 -4.959976998845601948e+00
3.106628427803792647e+02 7.291374769161613756e-01 -6.562008680956999962e-01
3.014414220413577823e+02 5.036249806070122181e-01 -4.956548288940405556e+00
3.176202258158683662e+02 7.445701305088059385e-01 -2.533048672962249712e-02
3.014264880445770132e+02 5.368198039116759412e-01 -4.958378899942797347e+00
2.915587922019531675e+02 6.489321980823796743e-01 -2.760342774549071176e+00
3.013578414689878855e+02 5.293787169693698891e-01 -4.960292274467049900e+00
2.420361384208730726e+02 5.692983559625539036e-02 -8.552888955867761211e-01
2.973834066074990119e+02 4.000335809621511918e-01 -1.559665484555741832e+00
2.375947954183723994e+02 4.245071697831834800e-01 -3.225761597145040960e-01
3.207676886926717543e+02 4.239842462102980658e-01 -1.381543892675973106e+00
2.531424220467697239e+02 6.159752817925331358e-01 -2.702065992395566996e-01
2.485920933483172917e+02 6.532993891291291044e-01 -1.065176481561723315e-01
2.870720367023994299e+02 7.656077255344699850e-01 -1.379430611660696693e+00
2.941717166521986542e+02 1.666912681858525314e-01 -1.932671860060342306e+00
3.100144582437040413e+02 4.869754021942908628e-01 -1.647538454508424621e+00
2.477410537109480799e+02 6.276661245164428804e-01 -9.857171739758526785e-01
2.768681322778697904e+02 1.385006626475799880e-03 -8.758112191968148164e-01
3.367965319971232816e+02 3.530095950842520036e-01 -5.052955412908277655e-01
3.501092303746847847e+02 7.972163895291926039e-01 -3.900858567664041709e-01
2.779528353981615396e+02 3.355346724488528776e-01 -4.845359355017568315e-01
3.453255356953274031e+02 7.553766046614844853e-01 -6.201291975382409657e-03
2.809598534699017023e+02 1.329213240615864100e-01 -1.937845774160193435e-01
3.483417696065541804e+02 6.973956107511957159e-01 -2.398971954146815189e-01
3.474641979010438604e+02 2.501500200580750177e-02 -3.340195617621419810e-01
3.372863789397525238e+02 5.177172964512973818e-01 -8.052383462935494007e-01
2.955685058617439154e+02 5.548427067110150990e-01 -7.803397942880823113e-01
2.671724565640407150e+02 7.338288161505599483e-01 -1.261169582738220551e+00
3.133220618023977408e+02 6.757541973563265802e-01 -6.153466526567893391e-01
3.295246630639205705e+02 1.583499630052846996e-01 -1.568189944173423722e+00
3.008521162794928614e+02 2.299573389603809803e-01 -3.228203057841973145e+00
2.864955053874420514e+02 5.646334480119350463e-01 -1.733987711204160176e+00
3.227232900062253975e+02 5.936750502668036722e-01 -1.606445686251221971e+00
2.463929367399988735e+02 6.375562896047580752e-01 -1.674613079329883014e+00
3.083384363076493742e+02 5.317547158346760394e-01 -9.096141407750131247e-01
3.313570034652250342e+02 5.893075367752198535e-01 -4.719947688925210105e-01
2.609571065899784799e+02 4.991221900740693274e-01 -5.088219249134252609e-01
2.900755722203616074e+02 7.154748519264130246e-01 -7.299981853886435834e-01
2.446846398149800166e+02 1.804632822557735439e-01 -5.384207824185655022e-02
3.489638621496231394e+02 3.382016005517494150e-01 -8.514695891595024380e-01
2.623007868866866374e+02 7.236109854895227123e-02 -1.176383777845043221e+00
2.651111549247206085e+02 4.761814069706858388e-01 -1.032325325571458619e+00
3.020241567413091275e+02 6.686239056293208360e-01 -3.952989615459399086e+00
3.253723007269117034e+02 3.062770727606298204e-01 -9.807741227008652807e-01
2.755070653163876386e+02 6.908931744282348353e-02 -5.482832045137121801e-02
2.502480074402805030e+02 1.224038264254633107e-01 -7.384341244339862609e-01
3.145137128853805848e+02 3.922508466151228834e-01 -1.563664725926507737e+00
2.524007986587480445e+02 7.390170976264701652e-01 -1.064331967635270271e+00
2.635781522605439591e+02 1.002900673333401715e-01 -6.440682940209951912e-01
3.232124589799578871e+02 7.268321030213943379e-01 -1.300945052039994554e+00
3.460141783469877055e+02 6.192013153906215095e-01 -6.149344824758758155e-02
2.846211753224638983e+02 3.951183326625185011e-02 -5.001346184014284768e-01
3.034633230761346567e+02 6.055081600988840851e-01 -1.709407776662834166e+00
2.692402294066390027e+02 5.264635343260503086e-01 -2.393224502615656224e+00
2.445603121121578454e+02 4.471497437405640429e-01 -8.835571969771128797e-01
3.181991608023009235e+02 2.574614505055086155e-01 -2.013374443284893511e-01
3.280306281416096112e+02 2.861486842145579690e-01 -1.747394941826594827e+00
3.051694569440653595e+02 4.616065346859893892e-01 -9.183993777726791041e-01
3.076609058499612956e+02 7.454590503983917760e-01 -3.110442698359729974e-01
2.966330724802282361e+02 6.866999761064438434e-01 -1.114816280481456090e+00
3.022655405011392986e+02 2.392550348698174734e-02 -3.645509242403482397e-01
3.439012906545618762e+02 9.237456666113014192e-02 -2.966802111640247652e-01
2.356496027856655076e+02 6.933182288082821998e-01 -3.577723960416648308e-01
2.737057852853826603e+02 2.506356499002089788e-01 -2.605403421808643039e-01
3.272263069626623633e+02 4.900736631246148112e-01 -7.612910382683691912e-01
3.307535070056713948e+02 1.869010054835062995e-01 -5.565175137395873550e-01
2.812885717126441705e+02 1.499832411427618611e-02 -2.361052025975164614e+00
2.745873336117925305e+02 4.675787405748229597e-01 -3.912789210333763590e-01
2.825709320038749865e+02 2.433528246995446676e-01 -1.702484419502478863e+00
2.932929960651222245e+02 2.892643268554794811e-01 -3.084487383117672454e+00
2.666522788236808879e+02 5.366150019618947109e-01 -1.314310822587927863e+00
2.352778086347870214e+02 6.609682936875997949e-01 -7.672330881273199399e-01
3.263040353884022693e+02 2.996327929756074648e-01 -1.570462169807026243e+00
2.913783955732929485e+02 3.674493471319917326e-01 -3.033851381427939309e+00
2.399724292977638243e+02 5.067052417669517528e-01 -3.590159035414773880e-01
2.884931032683693957e+02 7.695401834710429156e-01 -1.310877959686816752e+00
3.115186084722913620e+02 1.083785761956411742e-01 -3.191896691505393235e+00
2.613138561315590778e+02 3.231610783315410629e-01 -5.727721302043271567e-01
2.723628514589048564e+02 8.295119812503226608e-02 -1.771580008583535648e-01
3.422665836034649942e+02 7.776988927505059657e-01 -2.483669202744971313e-02
3.058800171680987319e+02 2.154022787396130123e-01 -1.320588332178782798e+00
2.431091988761708365e+02 3.699879548059353263e-01 -1.336194257173440203e+00
3.393043301001689542e+02 1.746742803227648577e-01 -1.569313586643736880e-01
2.583685597799463380e+02 4.527773658604263840e-01 -9.412471973898853816e-01
2.567067329654313426e+02 3.880549409223856827e-01 -2.537931626449941636e+00
3.346579328283060022e+02 2.065924215079317505e-01 -4.280715488931705615e-01
3.417266933094159072e+02 2.795460083655740280e-01 -3.814109742862863833e-02
3.154929811962953750e+02 6.462275305730971198e-01 -4.514337006990025158e-01
2.694996945224628462e+02 3.141977252212756477e-01 -1.913085420578366502e+00
2.714353793629496749e+02 1.378848668175654546e-01 -1.075539039269870711e+00
3.350056249855742294e+02 3.510115525592552022e-01 -2.177412469360423541e-01
2.915818910163919213e+02 7.910203177390653373e-01 -2.572998519738811218e+00
2.506941812756176660e+02 4.360732342101719117e-01 -3.661194075093937572e-01
2.995837106125907781e+02 2.169462501368156215e-01 -2.519319609777484370e+00
3.105288303118210820e+02 5.491186699277670336e-01 -1.055684111819773729e+00
2.555017458679145932e+02 2.367254738677044001e-01 -2.431019717403779534e+00
3.211703962588931631e+02 1.955630999099793321e-01 -8.853011489213775675e-01
3.333485399573416430e+02 1.483163742570775268e-01 -3.434836895805389867e-01
2.844408056656752706e+02 5.788599119986355124e-01 -3.235489069525669947e+00
2.792021947935737671e+02 7.067406866333745263e-01 -2.400002985706188585e-01
3.184859158184202101e+02 4.107550733302265944e-01 -1.832887037922089901e-01
3.169690151774176456e+02 1.143283915790328786e-01 -3.103155946009611421e-01
2.403442982237218359e+02 4.501519210837597040e-02 -6.655207138144035861e-01
2.588756035002625140e+02 5.749576543345601420e-01 -9.101468914132332388e-01
2.540956854735268848e+02 5.112027627444618028e-02 -3.770101546858994901e-01
2.376747903582689787e+02 2.705744970232092927e-01 -2.362994520576426616e-01
3.400199252069175486e+02 3.808380008021107765e-01 -1.123136317151414709e-01
2.766050081864410686e+02 5.833454451854708234e-01 -1.102207465255117119e-01
3.170008077955781118e+02 5.819457156294052247e-01 -5.287932706493020385e-02
2.810023806038385032e+02 7.803833411331883019e-01 -1.725146038476142785e+00
2.952836776720914713e+02 6.245622681422405842e-01 -6.405748277944429692e-01
2.809237518167923326e+02 6.027584336366307305e-01 -1.465652530518616992e+00
3.160999903986406139e+02 4.907769401213410987e-01 -3.233484026419483626e-01
2.967261815604098842e+02 7.945990057353068403e-01 -1.013746619312624775e+00
2.851052864622818674e+02 7.065443050234452294e-01 -3.514082957990236178e+00
2.989754037558616915e+02 6.688088932691709232e-01 -2.335558154269087083e+00
2.962112408482015553e+02 6.815214805349487648e-01 -9.116226798002647902e-01
2.843503767118630208e+02 6.085744804197993352e-01 -3.185059176845950635e+00
3.034638439079784007e+02 3.845347499218871312e-01 -1.600082367628623103e+00
2.976428037254015067e+02 6.634066655302973681e-01 -1.442660285016469146e+00
3.006535591452488347e+02 7.893049202439519352e-01 -3.569456056926913590e+00
2.725328260926970643e+02 3.952820138598779343e-01 -1.384076069060836689e+00
2.891379846574962471e+02 7.901043973212464877e-01 -1.054763035573715202e+00
2.971907452847117383e+02 6.584442274037218823e-01 -1.342386107483784397e+00
3.033674034810657645e+02 7.408276842752616886e-01 -1.765598961204448702e+00
3.216831068411327692e+02 5.827943324671104319e-01 -1.871530829190972689e+00
2.897377599472022780e+02 6.362780002238839216e-01 -6.334079129799350394e-01
3.203452757648362876e+02 5.926687500619138849e-01 -1.246541146359666286e+00
3.031864994446726769e+02 7.500016056167396750e-01 -1.807847209228021779e+00
2.774972875219741013e+02 6.291541481665569036e-01 -3.986976088814495056e-01
3.001292926968652068e+02 5.796014356988073990e-01 -3.244733975644274349e+00
2.861623639872453282e+02 5.981827952034882712e-01 -1.914560194446125019e+00
3.112337997754703451e+02 7.986185051217650210e-01 -8.717115345094526013e-01
2.995174469668667143e+02 7.065716123411660554e-01 -2.755174378761141796e+00
3.008159033742280712e+02 7.373858658522978171e-01 -3.928516191311842931e+00
3.002262912600480149e+02 7.691530667365658047e-01 -3.009526244840043496e+00
2.788001613087637907e+02 7.745692265837429424e-01 -6.396006676393246881e-02
2.791175252758457646e+02 5.830826122227078523e-01 -1.446692373543597143e-01
2.913344669077944218e+02 7.477084709598141865e-01 -2.259903077572664731e+00
2.995941063778400348e+02 7.316676448194088245e-01 -2.714457805504927990e+00
2.992281041706831388e+02 7.253098880276366289e-01 -2.533783550636530713e+00
3.011044041283759043e+02 7.403728591107571200e-01 -4.474469409157232569e+00
3.005265365882428910e+02 7.133685544490060426e-01 -3.441665094584243967e+00
2.803700312010527682e+02 5.722809656731899786e-01 -1.028825749327912042e+00
3.055891327652785208e+02 6.558657718142372195e-01 -5.876401619219751016e-01
3.073555417963737000e+02 6.505370100158280877e-01 -3.016282218181360331e-01
3.006251748556857137e+02 7.884307688300875583e-01 -3.311792895586426422e+00
3.040587830893189789e+02 6.443021091394856015e-01 -1.074370904140761640e+00
3.070106853817194406e+02 7.165204172527235293e-01 -1.368578495879889667e-01
3.010464419674291889e+02 3.823254660982617903e-01 -4.556370906174183055e+00
3.007627204848383826e+02 3.888370117035538920e-01 -4.189208571414821058e+00
3.008876448758758784e+02 7.020519057301860544e-01 -3.974413753613887934e+00
3.006535868566897420e+02 4.005503010813945552e-01 -4.008605756722830371e+00
2.957566776579661791e+02 5.854571966199817457e-01 -7.847658347557345815e-01
3.027189543596712156e+02 7.963702684219106098e-01 -2.054900825355124194e+00
3.214563017766036523e+02 6.811091532507682622e-01 -1.786773571258827076e+00
2.798319690044948516e+02 5.492220142469402822e-01 -7.297296698709898610e-01
3.011046774149050407e+02 3.869423924834189954e-01 -4.566924502126200380e+00
3.006358462706747900e+02 6.816997368119379619e-01 -3.738370710106221129e+00
3.011713535565492634e+02 4.144355584978908214e-01 -4.783280279179804140e+00
3.009333261870209526e+02 6.838636835258098401e-01 -4.295447076384268925e+00
3.015034326230247643e+02 6.822067011343899701e-01 -4.802982602597542616e+00
3.006078066242066598e+02 3.818261855371489766e-01 -3.993183702974191007e+00
3.007430997150226517e+02 3.967537626982984844e-01 -3.998980403436893205e+00
3.008670096037152462e+02 3.692711168321499149e-01 -4.142981885712362811e+00
3.012618129733268120e+02 3.848952188841399669e-01 -4.698788946337868921e+00
2.987547578602492990e+02 6.293135473008284464e-01 -2.098786910258116922e+00
3.009802022830289161e+02 3.754502530400467553e-01 -4.351294383538470534e+00
3.007675473719667707e+02 7.680702593177191062e-01 -3.887156706280763707e+00
2.954340125147875824e+02 4.105346561108111358e-01 -9.266665694035471912e-01
3.009217739238147828e+02 6.758338795486167339e-01 -4.307399562366543755e+00
3.013091507944444629e+02 4.412082006389285715e-01 -4.827448379478157747e+00
2.981822892073005278e+02 6.433364167596883343e-01 -1.670338779418962805e+00
3.014339056866740520e+02 4.186078384582731515e-01 -4.855344949193724169e+00
3.015948471705563634e+02 3.964022555196150543e-01 -4.571757631082242312e+00
3.007930911317471327e+02 4.259132169942336787e-01 -4.228464662516265626e+00
3.139264519543073675e+02 6.020181888367657219e-01 -9.701425439320039423e-01
3.011606878113808534e+02 7.437829871683274696e-01 -4.465583302170442082e+00
3.132239690363902582e+02 5.995516381387642202e-01 -7.201699389313891420e-01
3.015815698776916634e+02 7.400367464801225204e-01 -4.727454139003159916e+00
3.020661992664797708e+02 6.826566679768319990e-01 -3.476823859654001758e+00
3.015757154808446785e+02 3.784245796790075556e-01 -4.686101494539426149e+00
