3.826855917847560704e+02 2.253977174588864818e-01 -2.726999065936965838e+00
3.387384351419031532e+02 6.727486850961713616e-01 -2.892544227397469969e-01
3.476013984624004252e+02 1.818257392570439834e-01 -3.703980156589726125e+00
2.958688770576767411e+02 4.091615182860937061e-01 -3.602545572068398982e+00
2.648038732141054084e+02 4.801582603123618620e-01 -1.387726597216862645e+00
3.508552762804835083e+02 5.450754992307748070e-01 -4.704069561585739301e+00
3.672605349096791088e+02 3.225480935400733551e-01 -7.405885356688159948e-01
3.629052319300708973e+02 3.592790573595085468e-01 -9.113277579556690711e+00
3.607052262285398569e+02 1.500376502390787514e-01 -1.235450500014742126e+01
3.442448219229645474e+02 3.807089527885038072e-02 -6.823093130308752752e-01
3.248302381959993568e+02 5.394405103716960748e-02 -8.281956522308233162e-03
2.699077756829349823e+02 6.696166379582856321e-01 -1.558545570250623458e-01
3.211382541786433080e+02 4.065651739376502372e-01 -2.067200848108060640e+01
2.789780673530163995e+02 7.836580867426143904e-01 -4.942734480346849146e+00
3.007424284236881249e+02 3.698489594176625483e-01 -5.491697142444949442e+00
3.223767912294798066e+02 2.725108875802602082e-01 -1.569404507706453522e+01
2.743292951106526516e+02 1.067259964708060782e-01 -4.188866194891839534e+00
3.438852596699405240e+02 1.143407592527924815e-01 -2.402622516296632593e+00
2.708084564489264494e+02 3.897757279540365882e-01 -1.814456392603739365e-01
3.187131525557565510e+02 5.709870987563652189e-01 -1.339177526070871949e+01
2.982194313881506673e+02 7.650642723306521065e-01 -1.664784794415136915e+01
2.666920697467313630e+02 7.030765927665235671e-01 -1.118426457723264017e-01
2.809760071833349002e+02 2.895281097104399626e-01 -2.345733223902247699e-01
2.599082606307748620e+02 2.013255718274881145e-01 -1.508304888545904721e+00
2.884197434424092990e+02 8.052141004334295582e-02 -5.736248926766021050e-01
3.681851086427451492e+02 1.564875614456367747e-01 -1.443870633026730910e-01
3.344156471374643615e+02 1.000038138451378594e-01 -1.099087237584390975e+00
2.764962320593423328e+02 7.750150155427852905e-01 -3.518294427941589753e+00
3.565107233393504771e+02 7.926564040447838799e-01 -4.572574323986484224e+00
3.774584386095181117e+02 3.362314608364600499e-01 -3.142053627395111182e+00
3.285573870852488199e+02 3.155441277155240365e-01 -1.757317444640719017e+01
3.465738183065660678e+02 6.389435612836467104e-01 -4.149817204157608685e+00
2.939279553165891343e+02 6.081655827129633929e-01 -4.677036239316027633e+00
3.872086539939812155e+02 5.099666261531748956e-01 -1.035233931538838803e+00
3.832576012126390879e+02 4.060930173459428860e-02 -7.599158743983372988e-01
3.747299914467462258e+02 5.335144600023279393e-01 -1.029789904607512963e+00
2.838362173911842206e+02 1.254057167585121563e-02 -6.338008149243056444e+00
2.719390986810975051e+02 5.139059832217531820e-01 -2.974418556863248631e-01
3.757202809136788915e+02 6.078637489681453232e-01 -8.199634185420020538e-01
2.656522589347027292e+02 1.902871144186147334e-01 -1.056642113493518664e+00
3.394585557862737915e+02 1.381462425319952281e-01 -1.803778601428974171e-01
3.701090584540376653e+02 2.593378012137924626e-01 -8.353842313579759593e-03
2.859487006140877270e+02 2.129766164227995806e-01 -1.714865699808736932e-01
3.180582487640264162e+02 7.102354881008244858e-01 -9.858964432172376391e+00
3.853385727188783108e+02 6.444814324518626236e-01 -8.284418332713834321e-01
3.580431534707236096e+02 4.377181843933924954e-01 -1.115300726856993130e+01
2.613315806919299007e+02 4.448566442264255127e-01 -7.296851631410662398e-01
3.540873196161363694e+02 7.371423501674191359e-01 -4.213390942813344253e+00
3.707404905271865800e+02 7.513964003073833053e-01 -3.661257095848506893e-01
3.527787883458638021e+02 4.623852640338935172e-01 -5.645556251735429854e+00
2.623679608424886851e+02 2.653799801041987344e-02 -1.100143602108166085e+01
3.614629810652650690e+02 3.651572908233162162e-01 -9.614497433863268938e+00
3.114612789195468281e+02 2.714677966108160478e-01 -1.005476656233283084e+00
3.548280212158873610e+02 9.498416127097394912e-02 -6.075545999534510244e+00
3.057329303562340215e+02 1.729476887776829758e-02 -4.286667890334386222e+00
3.242269511426895292e+02 5.835120477247600634e-01 -2.701891025939355018e+01
2.821497920123017593e+02 5.003862025641637734e-01 -7.639061662532655728e-01
3.786167595601919516e+02 1.655364284127591734e-01 -3.381736899534243168e+00
3.587813564892237537e+02 2.171600838848110337e-01 -1.573502896841123899e+01
3.099298624525191599e+02 4.508486915145434870e-01 -1.370190690863096972e+00
3.267031951117858171e+02 5.414166749448831029e-01 -2.284372765297321806e+01
3.817537327054722027e+02 7.139190872153386991e-01 -1.636047176048784690e+00
3.071586508854283579e+02 5.674907525997263669e-01 -2.420362017454460446e+00
3.403936578605155887e+02 7.209432656173988541e-01 -8.933595046713306287e-01
3.044884767520919695e+02 7.571158922841664252e-01 -2.700202774411733397e+00
3.371577248339819448e+02 2.324498643899549633e-01 -6.441727888373933730e-01
3.484348620981657518e+02 6.762615603746006954e-02 -4.458935525815534429e-01
2.996849275710091547e+02 6.298177724887206175e-01 -1.264804807332783021e+01
3.309292170582715471e+02 1.241464803120360672e-01 -4.794288965010547798e+00
3.198415210371828152e+02 4.734206355824697177e-01 -1.621926329183514071e+01
3.861024387479313305e+02 7.880662666205768829e-01 -3.797943923201466121e-01
2.772754132451871669e+02 4.932534015975962305e-01 -1.308456384046104759e+00
3.325161382931142953e+02 1.329447246358901324e-01 -3.271739454490381949e+00
3.424204934835972836e+02 6.529406508796244957e-01 -2.939849094517133388e+00
3.028300209724505407e+02 6.629464081429043976e-01 -5.839238198705053229e+00
3.360990307379422575e+02 4.671335351126350566e-01 -8.728203608217589560e-01
2.923251348602845496e+02 6.870201879121886623e-01 -1.057303327624973033e+00
3.135927313798937917e+02 3.086833515009863582e-01 -2.973508042798663986e+00
2.686059020825599646e+02 6.891231368868628859e-01 -8.554333944801979783e-02
3.643627558248354603e+02 6.019018935767768939e-03 -7.307208901090445075e-02
2.750210180843440071e+02 7.817693050594376469e-02 -5.118495518051016546e+00
2.897274916475284385e+02 7.355460373184647960e-01 -2.262428517032460729e+00
2.927034613558991509e+02 3.014405217091088995e-01 -3.013555688251356446e-01
3.733755922446503064e+02 2.837885958112614793e-01 -1.924756835116527176e+00
2.638174634364410167e+02 4.308807595777824351e-01 -9.851596721060907891e-01
3.295024323985041974e+02 5.563930323655540411e-01 -1.593955973405314630e+01
3.715082660699615644e+02 1.982947056411429043e-01 -5.505138050515476777e-01
2.795718425192393397e+02 3.503538768106414514e-01 -5.516331814412480661e-01
3.155105271382964816e+02 5.948043998555635481e-01 -1.305486746398707432e+00
2.903752352816309781e+02 5.222966712293849456e-01 -8.236526014017061526e-01
3.655691418143881037e+02 6.183145444628248555e-01 -8.948196367519998251e-01
3.126805961714886166e+02 3.821684800889890710e-01 -2.656115731937761293e+00
3.022567213787365290e+02 3.935880915060214202e-01 -3.624258744946405209e+00
3.326169796732418718e+02 3.306387650789660015e-01 -5.734526496616662250e+00
3.502480110982419319e+02 1.731671545337529483e-01 -3.369354914088900976e+00
2.966638396502607407e+02 2.558372487372226334e-01 -5.925879978969318396e-01
2.863747540584706712e+02 2.479631190453121248e-01 -1.252988445317460842e-01
3.800731969848273479e+02 4.193881386337109385e-01 -2.707641811351334749e+00
3.085888723456158118e+02 6.327686155552215974e-02 -1.193638465591113862e+00
3.158706471232541730e+02 5.852135486197580505e-01 -1.474539844995911508e+00
3.337879726846310859e+02 9.815489538616817278e-02 -1.250816090142226722e+00
2.737088864400997181e+02 4.770591673217504658e-01 -3.400826674212751189e-03
3.395102920664128874e+02 2.520670995130788739e-01 -3.651181312015263636e-01
3.308852263142957781e+02 6.258347823078889149e-01 -9.979046107406851718e+00
3.483370704365695474e+02 3.220442544624517733e-01 -5.622685077724190350e+00
2.994366573659669370e+02 4.469963696151915133e-01 -8.210608541191875887e+00
3.404706708263580026e+02 3.741065883165576311e-01 -8.608257319476795288e-01
2.660769753786627803e+02 5.911540668211954230e-01 -2.085140188441254316e-01
2.644190228247570644e+02 2.228991277134170501e-01 -9.566250679595160733e-01
3.364379903099452349e+02 2.117973009757125602e-01 -1.045859949206242145e+00
3.046544524782982535e+02 7.596300617306003256e-01 -2.533107153458554528e+00
3.287037061393735939e+02 6.144997048920017996e-02 -1.648347507814229340e+00
2.764590707960824716e+02 7.170481099727146201e-01 -3.075112218475074322e+00
3.542825012646736695e+02 7.880414219471183479e-01 -4.041398082849581463e+00
3.298093311781852890e+02 5.745025472082536666e-01 -1.497461541577631294e+01
2.667899448546845633e+02 2.440409573493617090e-01 -3.708956345877812560e-02
3.838149332921151426e+02 4.651534277457253785e-01 -1.870005748041417171e+00
3.056462354435721522e+02 5.013121217243727834e-01 -2.392831858333880568e+00
2.611406900141921597e+02 5.495687617160028848e-01 -6.886369030131388458e-01
3.805862448394730109e+02 3.935084374052037481e-01 -2.682115656391039327e+00
3.214109196003847160e+02 6.626637333091091042e-01 -2.213887707615032951e+01
3.663762880241154107e+02 2.261472668316816259e-01 -1.436713155651850649e+00
3.846141076530669238e+02 6.338012657723296472e-01 -1.044135029371485723e+00
2.783172991556872944e+02 3.019120130661425913e-02 -1.339578046425286750e+01
3.245275653818307546e+02 1.131314630334132182e-01 -3.683444642678084691e+00
3.343336020835407680e+02 7.065520762820952649e-01 -1.242042795867166483e+00
3.190291074365838995e+02 1.278657294122552412e-01 -5.212737564124037881e+00
3.468486946477784159e+02 6.807565300685511911e-01 -4.130213382874932115e+00
3.516958637210074130e+02 5.763374427718431781e-01 -4.275102059504586549e+00
2.880639301095956739e+02 6.117316892065711720e-01 -1.772265270475603005e+00
3.555059549839729698e+02 5.644082174900727500e-01 -7.882518076525258266e+00
2.825077475258095774e+02 5.412407356785273876e-02 -5.430203362092187902e+00
3.583565576929605072e+02 1.469763049149586387e-01 -1.350772718789573723e+01
3.497044029745551370e+02 4.622840998498007337e-01 -5.382135554187198245e+00
3.167925112011047872e+02 1.905205517235982471e-01 -1.370701134140597244e+00
3.121421988601197199e+02 4.814754987405059916e-01 -1.765784556556822205e+00
3.644016033672855315e+02 1.942859661677714400e-01 -6.958144937440223998e+00
2.715691121024161703e+02 2.699610231508943192e-01 -6.906353245535488128e-01
3.767588860322041455e+02 6.078744661982162789e-01 -1.228494750868708074e+00
2.989105721605067743e+02 3.045035062201801868e-01 -3.280362694694083370e+00
2.948975641862844554e+02 3.331313998679474864e-01 -1.612889632138631457e+00
3.453595124775839622e+02 6.990184195332972417e-01 -2.993818724509516915e+00
2.923570603291638008e+02 4.215272047150970813e-01 -5.445465835973648527e-01
2.814567524370695537e+02 7.265989528105900597e-01 -2.618087120632667464e+00
2.600454630037631318e+02 8.753991106113703791e-02 -3.486556761871221877e+00
2.796002163369519167e+02 4.119851586271716659e-01 -1.055328321500921485e+00
3.526954072907775526e+02 3.645577484079352559e-01 -6.011571987024082020e+00
3.388204117298290612e+02 1.803825883123199025e-01 -2.324157160956009383e-01
2.718671327835421607e+02 4.251786364358614012e-01 -3.232301250255273373e-01
3.736028687344023638e+02 3.916290297016278288e-01 -1.687226474544552435e+00
3.256544971768876167e+02 7.329146367501921944e-01 -2.625349024213632632e+01
2.909734412236329035e+02 7.941352055870903870e-01 -8.054514422043068667e-01
3.137009601363739648e+02 5.556298977806223283e-01 -3.285279219309692689e+00
2.621211828964607093e+02 7.689277445373685627e-01 -1.609993622987218487e+00
2.869044242944814300e+02 1.660234207427251918e-01 -5.139876576769313726e-02
3.467620047110946189e+02 4.951592771185049924e-01 -4.742405524573805486e+00
3.722150013063649681e+02 6.178316017413143513e-01 -7.763289312311993928e-01
3.783263537049076604e+02 5.999468807039690654e-01 -1.986414885405810793e+00
3.747609382276248198e+02 4.624153023605562240e-02 -3.528232186520439684e-01
3.265464340311260685e+02 5.075012947267592001e-01 -2.324887961356871457e+01
3.611805793738984676e+02 7.506782942746355047e-01 -1.917684008162692688e+00
3.095414816279516685e+02 2.354995858776036677e-01 -1.013656174451006642e+00
3.862856947190457504e+02 4.055465084721168734e-01 -2.079302238613359055e+00
2.687778727106386896e+02 6.782114851518241672e-01 -1.043469086058625844e-01
3.698886734334674884e+02 7.435781037921366243e-01 -2.158424082957961232e-01
2.776588782997092721e+02 7.607098795001565605e-01 -3.887896977570315826e+00
3.148941472919283342e+02 1.402790584353602044e-01 -3.719433111408415593e-01
3.829931064143657977e+02 1.726624896266483189e-01 -2.545651578630416356e+00
3.072056493281617691e+02 3.404885762066621191e-01 -1.819599078834846617e+00
3.005845524583330644e+02 3.505615258314674354e-01 -4.905607076498681884e+00
3.701782725565046803e+02 7.145444390290836903e-03 -6.167201598887273040e-02
3.113651668529565200e+02 7.800322867805292715e-01 -1.612015530547384223e+00
3.567366456420540999e+02 2.078620540242584469e-01 -1.474544507206016952e+01
2.703614623723776162e+02 1.112783560340675076e-01 -1.767670139564273546e+00
2.843674749792913872e+02 2.890059460538664804e-01 -5.807172475646574933e-02
2.747932674035781702e+02 8.822879324528729028e-02 -4.688088731381821361e+00
3.020740058702377269e+02 5.386970626165346054e-01 -6.385273617795435008e+00
2.963696531220101065e+02 3.816547610179122363e-01 -3.207266858750687177e+00
2.961443609062225164e+02 5.356225022617766562e-01 -6.661965138026312516e+00
3.031176218862254927e+02 6.944072446980024960e-02 -2.099449928553736910e+00
2.629281692959503403e+02 1.522019463189590582e-01 -3.752009416111095508e+00
3.592044934258814237e+02 4.324017903582610400e-01 -9.884101370349336335e+00
3.435680068366720548e+02 1.318486523689430534e-01 -2.791945237633826515e+00
3.200704953057967828e+02 5.256992481559009667e-01 -1.699078681513173095e+01
3.171234006876562717e+02 2.365569309782493412e-02 -8.934512271555798968e-01
2.932156190360605024e+02 4.501622615125426830e-01 -1.782944950215175961e+00
3.374013726557574273e+02 2.560889936007327838e-01 -5.381001074551726715e-01
3.657829984631453044e+02 3.554608399908456562e-01 -1.967481829793304993e+00
3.323956994386436463e+02 2.835326796675511907e-01 -5.688750540965116009e+00
3.803763747990087154e+02 6.711409209379366470e-01 -1.666168927011512757e+00
3.679355406280917578e+02 5.165159281113171907e-01 -2.121295192468661828e-01
3.760619326643735576e+02 2.986088278948086372e-01 -1.919284657651053827e+00
3.081668556942689179e+02 6.459146895775683683e-01 -1.320822496051256900e+00
3.417127116522200367e+02 7.581237921638610266e-02 -6.044724440773144858e-01
3.597695669664771572e+02 2.740649385223085654e-01 -1.350110917333880067e+01
2.848938170875026685e+02 1.309096735340730192e-02 -5.794783523900862043e+00
3.229227930549591292e+02 3.168511322116369655e-01 -1.764280621859865406e+01
2.888378131494579293e+02 6.512322635642920909e-01 -2.493480450623506872e+00
3.626193312260795665e+02 3.663686388075985262e-02 -2.463307783037388177e+00
3.874348603577735730e+02 6.906819316100750727e-01 -3.873527499770065829e-01
2.880543622429538004e+02 2.675613021560070970e-01 -2.626644400264271373e-01
3.745652605611835497e+02 3.387097053206522546e-01 -1.579423154659936213e+00
3.377185489600494179e+02 7.653125302460939139e-01 -3.324162653030149350e-01
3.464489713579589534e+02 1.046114861721835071e-01 -1.596200089620589013e+00
3.653796783078277599e+02 3.761036141044447056e-01 -2.961319303344625009e+00
2.668767199625542617e+02 6.333000370147348623e-02 -5.111830190607828950e-01
3.496768405245152849e+02 2.424416709391304936e-01 -4.798440948381780480e+00
2.808763196625043861e+02 6.401858020883407496e-01 -2.546986950887250245e+00
3.189223110481047456e+02 6.905325830493877493e-02 -2.168107478389373455e+00
3.207330514564851001e+02 6.310891254320820654e-01 -1.874474508958484620e+01
3.181572221328660248e+02 4.641350275447712059e-01 -1.176333164150694266e+01
2.758333463220316162e+02 3.055089134126178774e-01 -7.445072028683937665e-03
2.954397725209068426e+02 5.364143797035615391e-01 -6.176129551053414879e+00
3.130845333364002840e+02 3.945835648585228894e-02 -5.410548329644322418e-01
3.416250622872032636e+02 6.994261549224722874e-01 -2.194592017443869558e+00
2.743888919491365073e+02 6.233793535328548963e-01 -4.332179922828603424e-01
3.807028389995588782e+02 2.278421409290080357e-01 -3.094646252048861346e+00
3.301540579142751994e+02 2.527116582991519311e-01 -1.200181144261310351e+01
3.091635020492698231e+02 6.924833078720687984e-01 -1.178393479898923735e+00
3.255452164473265952e+02 7.483558386802389162e-01 -2.719535245230859033e+01
2.638619066075253841e+02 4.246837060860465529e-01 -9.721034122462676175e-01
2.857093513256884876e+02 7.961887497188128160e-01 -9.147946974954794808e-01
3.674954270325757193e+02 3.963760928043564280e-01 -4.683014262168599395e-01
2.890636768152456852e+02 4.531399850537375373e-01 -1.477702103170117631e+00
3.057316361170129539e+02 5.622883330897044951e-01 -2.832000956242501033e+00
3.492325292660822242e+02 6.137371791493653195e-01 -4.638008708034569771e+00
2.974665511243804872e+02 5.261636475628802545e-01 -9.887595116281111984e+00
2.865791884909571650e+02 1.323904642408813837e-01 -3.250587758992324883e-01
2.770830743864432293e+02 1.780614768731756947e-01 -1.765708702364796823e+00
3.422677586659065128e+02 5.680956751224414125e-01 -2.956028744154896692e+00
3.566681137158887509e+02 7.286196563050982844e-01 -5.371246584640046784e+00
3.837316475723211511e+02 4.051782191438523251e-01 -2.221889968560605944e+00
2.698798201028811263e+02 6.802767347513123397e-01 -1.598043817601634553e-01
3.826668071945141492e+02 3.072414621348233676e-02 -7.727188217665986736e-01
3.848804547711108626e+02 1.677963340797875569e-01 -4.013567119667109218e+00
3.160159884885713382e+02 5.181401658481714634e-01 -1.397626670677602156e+00
2.705756442853771659e+02 4.177358010882848416e-01 -1.797206676825879035e-01
2.918242632968215844e+02 1.396483079299532248e-01 -7.843365224300500316e-01
3.348226528317858310e+02 1.239157837349876279e-01 -1.315170905392086809e+00
3.552050700007312685e+02 3.466408450765184890e-01 -1.196507330416704917e+01
2.621984939515190831e+02 7.143030513025313555e-01 -1.491463341451700231e+00
2.662505854916412318e+02 4.928598631292132604e-01 -1.003788833769595767e-01
3.722955934787011643e+02 5.309359970921163629e-01 -8.688085755478651695e-01
3.238612483805470674e+02 3.907741928539419374e-01 -2.230719152646067371e+01
3.648146204815427041e+02 1.187645819978898620e-01 -4.453871335816568688e+00
2.983417927095744631e+02 5.105365333394925598e-01 -1.084056531027900938e+01
2.821746691064893753e+02 2.354304558754355681e-01 -3.856039453636986303e-01
3.632004278275793467e+02 2.238502149611328318e-01 -1.110114632513696620e+01
3.210720816972230409e+02 2.962670895642220414e-01 -1.740000373797858302e+01
3.151009327596641469e+02 2.870608169767726037e-01 -1.062987749182604746e+00
2.939811012157607024e+02 6.365797072260813705e-01 -5.555698263988374741e+00
3.018605008839265338e+02 4.747452417904761413e-02 -5.691124429666800211e+00
3.614105796131992747e+02 4.437267984390226849e-01 -7.283084065643679494e+00
3.222646486126899390e+02 5.552310429316288376e-01 -2.275458679713338839e+01
3.029659470479522838e+02 6.490223616585710786e-01 -5.179598564508548719e+00
3.070226806678809339e+02 5.854555426733542012e-01 -2.429434678265343539e+00
2.724741364969409574e+02 3.235170305354223008e-01 -8.804615507801861751e-01
3.599381800395713071e+02 1.038914558243768521e-01 -9.260976638583729326e+00
3.272266150687512436e+02 2.780976782269406478e-01 -1.693341802104377436e+01
3.869640555344838617e+02 3.589356987330858395e-01 -2.478643516244004807e+00
2.591683580973564176e+02 1.855039844987518283e-01 -2.718333592571277713e+00
2.996529281941791396e+02 1.543966301573995725e-01 -4.335563176394409690e-01
3.522552311450739921e+02 4.867716151399875679e-02 -2.097302324245281513e-01
3.729475793309735536e+02 3.711767940137021826e-01 -1.535892785488095713e+00
3.431429569269369040e+02 7.825222659180395279e-01 -2.755026630204009841e+00
2.789814448768610191e+02 3.177730901634142069e-01 -3.555180882142152665e-01
3.542561280407319373e+02 9.426200463359621362e-02 -4.933758672412022150e+00
2.612198438506482603e+02 1.474447560090011156e-01 -3.629591111046973850e+00
3.377922604733998924e+02 2.636419199789065693e-01 -4.539208180876500576e-01
2.844896543379172726e+02 6.001238958800971801e-01 -1.661737232755314153e+00
2.689325537503753480e+02 4.567565258227520575e-01 -1.375760355532146817e-01
2.649594379956559465e+02 7.746616518973070686e-01 -1.925629887589830114e+00
3.508767973501169308e+02 7.115105722457715220e-01 -3.727334118055084300e+00
3.116611991972712872e+02 2.936127891779419241e-01 -1.071708829763123205e+00
3.336246804417372687e+02 4.796182204627292833e-01 -2.705387545433747931e+00
3.695402836936539757e+02 1.700782200252973775e-01 -3.585151153833612131e-02
3.046597660490194812e+02 8.091705553960234706e-03 -6.019008619913756242e+00
3.678945578497485940e+02 7.268856286707565673e-01 -1.016221296519357747e-01
3.703842825423493537e+02 6.710357619253367600e-01 -2.180557663142480562e-01
2.741695286794068238e+02 3.678132418253390323e-01 -9.818363026508139524e-02
3.002839099572381087e+02 2.073819788168524691e-01 -6.832714579194815174e-01
3.393279516513344447e+02 8.484710288889224516e-02 -3.121035852852543230e-02
2.804918578321995710e+02 5.827609442300722975e-01 -2.318646866637120496e+00
3.590046993411708627e+02 7.652904246912523023e-02 -6.184729278821684773e+00
3.862089358340887202e+02 7.895296785754174484e-01 -3.260458253731333689e-01
3.762318740623360895e+02 4.854353162279989586e-01 -1.491766811768641565e+00
2.909613653323242488e+02 5.960037923874920152e-01 -4.301551834492686188e-01
3.577842253795996612e+02 6.567629854439973602e-01 -6.152142909638895318e+00
3.790985278461272401e+02 1.744987673042480356e-02 -1.027151219688350547e+00
3.283555737037792142e+02 7.588060248728243362e-01 -1.789209547013152957e+01
3.099069731562785250e+02 1.969834126389584661e-01 -7.445273222314261474e-01
3.319513269459806111e+02 4.129941369094053960e-01 -7.194387286740661303e+00
3.445466526592948640e+02 5.444365037104483829e-01 -3.354196448149216359e+00
3.799794184995784008e+02 7.369247901661210021e-01 -1.505658799646630630e+00
3.135806607887879522e+02 4.974070974736348738e-01 -3.261301558504962284e+00
2.936441879686456105e+02 5.690600858689506304e-03 -9.430877863106818637e+00
3.477414193377094875e+02 3.345758378862467297e-01 -5.607280779662389136e+00
3.771059267046754258e+02 2.082272746005119635e-01 -2.828199397034129703e+00
3.360926608948697663e+02 6.785062941602372222e-01 -5.843412267414409555e-01
3.294879976531143484e+02 4.368834588374096994e-01 -1.634676369858096479e+01
3.180027506301843232e+02 4.276344466410162970e-01 -1.027235544267545109e+01
3.680245958137620619e+02 6.550819725971185337e-01 -1.322191823004675304e-01
2.877886560935169200e+02 6.194498613291350431e-01 -1.432939850174624885e+00
3.426296020707521848e+02 1.887144257877120535e-01 -3.069906276148654634e+00
3.138552451175269198e+02 7.103885070501547716e-01 -3.118189388089103620e+00
3.649928331003691255e+02 3.406651200575397942e-01 -4.028968809150020647e+00
3.715539512959036301e+02 7.007230631724935543e-01 -5.111976382609328962e-01
3.791763218030706071e+02 5.011795888565782064e-01 -2.425475864789810476e+00
2.760359253094879932e+02 1.229630657656910486e-01 -2.927226941505633118e+00
3.062631704047478820e+02 3.519152828711614722e-01 -2.372614235768173874e+00
2.644682113004885764e+02 1.051547536822856482e-01 -2.970657951079686221e+00
2.868107534515270913e+02 6.044750610017426105e-03 -1.564169819425448305e+00
2.978087170690404264e+02 1.318686136519157948e-01 -1.047132254328237311e+00
2.923972952236554192e+02 7.731154513286861985e-01 -1.703214431100118498e+00
3.083111484140492848e+02 1.506588106017336115e-01 -7.909409298513219166e-01
3.473669474836991640e+02 3.844161390796826394e-01 -5.579723049686756475e+00
3.283599516178079512e+02 8.138835491939604150e-02 -3.019611261633090571e+00
2.937266640369559809e+02 5.503185165342299179e-01 -3.538713202936778046e+00
3.492531691531900151e+02 3.182720284274657696e-01 -5.552727168914290523e+00
2.737693838329273035e+02 1.737456803480061651e-01 -2.552922057537962974e+00
2.664795807232466132e+02 5.996280060845814441e-01 -8.380132573293888609e-02
2.713067265939429831e+02 6.324085055462538296e-01 -3.888174646259507927e-01
3.550263958018193193e+02 9.147412646889939783e-03 -2.903773998739220263e-01
3.339534173366179175e+02 5.551091600138537974e-01 -1.844712250401874254e+00
3.012784023670883471e+02 9.419682914660937323e-02 -2.237652285082874837e+00
3.769135195718017712e+02 6.713632561086483319e-01 -1.206986866470471265e+00
3.586326970380080184e+02 3.759078945318899273e-02 -1.458746700163768617e+00
3.542933966309877860e+02 1.955974479384046394e-01 -1.005196300161773060e+01
3.690204813826715053e+02 5.708506851286223593e-01 -1.453719320115895164e-01
3.125662001749288379e+02 7.322842403684457491e-01 -2.391939879851637141e+00
3.159302253985795232e+02 3.107710624389968812e-01 -9.117897365304531432e-01
3.448718235381603563e+02 7.970723969630683081e-01 -2.650940689820095120e+00
3.821097411819154672e+02 7.501596820662901344e-01 -1.565121383110903652e+00
3.576683263904132559e+02 2.902428490891863500e-01 -1.530083427808656538e+01
3.849010371867355502e+02 7.278774643975354230e-01 -7.148022625496079918e-01
2.619066151324825569e+02 7.128442201675134759e-01 -1.348791636748276845e+00
2.843039273143343166e+02 6.592640797581008627e-01 -2.140633340017396691e+00
3.114421666409509157e+02 3.612989181602880295e-01 -1.172702881329768188e+00
3.735437692602069433e+02 7.387313754800401977e-01 -8.061498465292172844e-01
3.621956052663406354e+02 5.197242964319142011e-01 -5.518942099301035853e+00
3.408769151814759653e+02 1.644200777656343870e-01 -8.813186480374639586e-01
2.898732997846775561e+02 2.039876272256407330e-01 -2.381381435644419342e-01
2.903272246386644611e+02 4.608387208552273129e-01 -8.793687329211128390e-01
3.031586411359264162e+02 5.109634899002964969e-01 -3.593186253213496606e+00
2.772708996099763681e+02 6.792422589026509971e-01 -3.031434306415337510e+00
3.633773257961379386e+02 5.685670082109342549e-02 -3.321392116303947706e+00
3.382451440880190034e+02 5.212476149744985632e-01 -2.990780251816751445e-01
3.303868592473827448e+02 4.227557968709703962e-02 -7.915514322681466153e-01
3.288174606141976710e+02 2.188968773588658989e-01 -1.319650586996309194e+01
3.247534190587327316e+02 4.234222890047157906e-01 -2.601113144776653741e+01
3.041664842675224349e+02 1.425070851971270702e-01 -3.153540929071861898e-01
3.873668366225341515e+02 1.572080791178993575e-01 -4.964922624842673216e+00
2.801615380650599150e+02 7.532536381706080031e-02 -4.857371244233881669e+00
3.804181198993678095e+02 2.318180114716183182e-01 -3.093285172767993085e+00
2.745516781460344191e+02 1.162618610162720612e-01 -3.724365854634036133e+00
3.093006166515533550e+02 5.902333577256799746e-01 -1.266708230437236571e+00
2.811976198017085835e+02 4.658396871253320248e-01 -1.138072331816333271e+00
3.325920044275161445e+02 2.366586976726302582e-01 -5.452272793260075190e+00
3.149436465677185879e+02 4.492504805046579897e-01 -1.403693250186233143e+00
3.259833395220293824e+02 1.681042684654787678e-02 -2.772863691950168796e+00
3.263139720110641520e+02 4.140319495082194767e-01 -2.240925919149922763e+01
2.686073964318276239e+02 5.311879315268356327e-01 -9.700921835835335516e-02
3.743117878885460073e+02 9.962227850983924882e-02 -8.734125149705534996e-01
3.507384966950198759e+02 5.820595794741117990e-01 -4.482403646235139760e+00
2.718453356125336882e+02 6.085625497864103339e-01 -3.939829358836449691e-01
2.597244482250602005e+02 6.479680219602064195e-01 -6.473375125874802731e-03
2.795047591973052477e+02 5.160865967618114697e-02 -7.869179167844182032e+00
3.359575645843762572e+02 5.384076432404428791e-01 -8.793370198476565536e-01
3.184192219628330349e+02 6.707271888198172716e-02 -1.582081922732167634e+00
3.637550463389552533e+02 3.805371639879001067e-01 -6.731317082312721745e+00
3.816365102864942855e+02 2.753296225106859341e-01 -2.840033561011818364e+00
2.975954353646684467e+02 4.462309334088989665e-01 -7.434516958172771695e+00
3.367444449854769459e+02 4.725437645689626875e-01 -6.344550357457758860e-01
3.857687639043945182e+02 3.571083757669263892e-01 -2.656141863919576185e+00
3.672318441756200400e+02 6.015348165869172092e-01 -2.448817211053213039e-01
2.957896632303863385e+02 2.801993149309671416e-02 -1.606746119670909323e+01
3.322962939002587746e+02 6.300915450517992067e-01 -4.807350540501552416e+00
3.392447909204367988e+02 3.312992367686368178e-01 -3.421463518713014351e-01
3.524845286380262337e+02 2.833257977280936868e-01 -6.136619152303901537e+00
2.627735555695351195e+02 2.525112690409182514e-01 -1.868086564363322433e+00
3.225838000727141548e+02 7.672492078539852045e-01 -2.149288118012237092e+01
2.697760602346045289e+02 2.097783914920090531e-01 -7.253683186815880202e-01
2.947782937863510142e+02 7.596461883181219177e-01 -9.010221477376536114e+00
2.995271058513437197e+02 3.732177385918508117e-01 -5.651133552555051232e+00
2.603507967876739144e+02 4.056932096542466559e-01 -2.165831244180609350e-01
2.825434786335511603e+02 1.835422022086707350e-01 -9.435809364126612753e-01
2.849869469523797534e+02 6.867832733997411010e-01 -1.327773657188986656e+00
3.436637400176530832e+02 4.902550803098726373e-01 -3.742654815248430911e+00
3.565088148329529645e+02 2.596561542958248925e-01 -1.496195362045684973e+01
3.220293166755754442e+02 5.655256841011370161e-01 -2.310074123167416005e+01
3.753996189681847682e+02 6.901825692993894812e-01 -6.067009318274899643e-01
3.837451413448575863e+02 4.833269293382307374e-01 -1.863694531324490367e+00
3.601947182036917070e+02 7.839837669930950215e-01 -2.146976914470984710e+00
3.503004917828567955e+02 3.218303006648522979e-01 -5.425144088572116274e+00
3.463505898437260839e+02 2.984965995608638289e-01 -4.562866054836392848e+00
3.028169588805953936e+02 2.454337235779435744e-01 -7.446861824815361741e-01
3.709832333055186382e+02 3.956974940718584466e-01 -1.970741282333609012e-01
2.665971423858348430e+02 4.396733993997427037e-01 -2.741059247411773217e-02
3.067344538885686802e+02 7.848832433034361733e-01 -3.081135329265074496e+00
3.197558780334667858e+02 2.645129912278187390e-01 -1.262224134433316358e+01
3.252544094632012275e+02 4.402935284208261968e-01 -2.599298448303279585e+01
3.555438820893498360e+02 5.595840833803460423e-01 -7.970131343833226190e+00
3.234715443522815121e+02 7.066251728674090016e-01 -2.321695803119738599e+01
3.249902071900567080e+02 5.231867731856921777e-01 -2.787359337226531153e+01
3.284917327953493213e+02 5.088348592177719398e-01 -1.952525246460192321e+01
3.593125418133803919e+02 5.929029704267779755e-01 -5.902174357770307189e+00
3.182789117770557823e+02 7.398600010293323592e-01 -1.076076521420710108e+01
3.214375887669935423e+02 7.874053715589538482e-01 -2.108523780684197035e+01
3.190694325496957617e+02 7.550136589201623671e-01 -1.236327960741398257e+01
3.276024193301857395e+02 5.490741893754047531e-01 -2.123976926166515966e+01
3.211250227285028700e+02 7.337210172458465962e-01 -2.057135567248333885e+01
3.260898820058447996e+02 7.355635879942726829e-01 -2.520127859073720700e+01
3.243977705706596453e+02 7.130542225070719553e-01 -2.769145935930158586e+01
3.199609458321344277e+02 7.881516900813174686e-01 -1.359672394857716426e+01
3.249365558354265318e+02 4.375187945050146299e-01 -2.632461941899228108e+01
3.227613600299269478e+02 6.966245886816149202e-01 -2.183715941555738027e+01
3.271367899304692628e+02 4.792328724500980464e-01 -2.177518018498981078e+01
3.231274489577166378e+02 4.421783281401242549e-01 -2.139391670139909962e+01
3.268632817840224902e+02 6.449661598046025901e-01 -2.220157511095697700e+01
3.259356328402255372e+02 5.474294385728802892e-01 -2.514598032154576757e+01
3.214865760785551743e+02 5.821323888062547303e-01 -2.309267191271228725e+01
3.322871084552647289e+02 7.418913340336518170e-01 -4.163847047969324144e+00
3.161163616754759005e+02 7.541412786116623579e-01 -1.821334695234896772e+00
3.235025848053491586e+02 3.952475077428017070e-01 -2.156373730990086912e+01
3.264118272855793066e+02 4.434361812715916784e-01 -2.242485338981478549e+01
3.255884754804216072e+02 7.684639930725097878e-01 -2.710451643874886685e+01
3.295318679286611996e+02 7.869520584523655993e-01 -1.396525451793715256e+01
3.232758077949730477e+02 7.454379558563233310e-01 -2.205361025111341533e+01
3.242829740820258166e+02 5.632146358489990012e-01 -2.694164012521499529e+01
3.243702999827923463e+02 5.515602588653564231e-01 -2.686958178083298066e+01
3.260106168915141325e+02 7.843583583831787998e-01 -2.491299259113002762e+01
3.262904149394211117e+02 7.384901523590088335e-01 -2.410029374367025312e+01
3.242065785459228096e+02 6.419594764709473100e-01 -2.702388773774318409e+01
3.247259580598303614e+02 6.511538505554199663e-01 -2.842788576056838323e+01
3.247295451408104441e+02 7.242523193359375888e-01 -2.820593199084600755e+01
3.277926169287216567e+02 7.809785842895508035e-01 -1.982336262464766108e+01
3.256260362389330112e+02 4.669350147247314786e-01 -2.505504589363284040e+01
3.268720841421099976e+02 6.626691341400147151e-01 -2.212016291298149184e+01
3.240716693780195214e+02 6.131473541259766513e-01 -2.592254934115957354e+01
3.248210040661840026e+02 6.428264617919922097e-01 -2.843077369336107907e+01
3.270560254972269831e+02 7.369625568389892578e-01 -2.170229635350746022e+01
3.230314667316202986e+02 5.445751667022705744e-01 -2.235021985083668739e+01
3.237130450962858959e+02 6.317331314086914729e-01 -2.471778405925374145e+01
3.234791231673755760e+02 7.887909889221191850e-01 -2.252804198420388104e+01
3.226032585527075298e+02 6.509912014007568359e-01 -2.227379339484076937e+01
3.254473659876621809e+02 3.651777267456055021e-01 -2.289300866319352679e+01
3.257137447785170252e+02 5.414514541625976562e-01 -2.606186512010021872e+01
3.232656015174584923e+02 4.325054168701172319e-01 -2.168796708495998260e+01
3.263171188690855615e+02 4.457598209381103960e-01 -2.309298786727586261e+01
3.225418532653691273e+02 3.911094564167904575e-01 -2.033909987434525846e+01
3.232521487424768338e+02 4.442991295042668654e-01 -2.189968209334282179e+01
3.236905110716621721e+02 4.814071776556002047e-01 -2.418326925139271211e+01
3.258912793070755356e+02 7.059826374053955744e-01 -2.527023083530837511e+01
3.245148656182803961e+02 6.086906002456333731e-01 -2.791130896275788942e+01
3.248810802160945173e+02 6.453887939453125666e-01 -2.842743086810125064e+01
3.242420910148642292e+02 7.834334373474121094e-01 -2.622716243272618897e+01
3.244595080781859906e+02 7.044404506683350498e-01 -2.772617903313244625e+01
3.227641724390459785e+02 5.092032733869391592e-01 -2.205072068482048664e+01
3.257320144188882409e+02 4.912492752075195424e-01 -2.548164926031775934e+01
3.249925202357314902e+02 7.489922046661376953e-01 -2.821625453184303822e+01
3.257020262245364961e+02 5.577450752258300559e-01 -2.618596179584956829e+01
3.246190120588360060e+02 5.966994762420654297e-01 -2.787932625602524439e+01
3.236085512161407109e+02 5.589679241180419700e-01 -2.366025408075968883e+01
3.255322275310361420e+02 5.081067562103271928e-01 -2.659388478293407232e+01
3.213231300840499216e+02 5.294027245713989194e-01 -2.253665310244106834e+01
3.246546535987631614e+02 5.487287521362305132e-01 -2.811794933190806844e+01
3.238828918692911998e+02 5.804792881011963113e-01 -2.474120241470099302e+01
3.257937717402114686e+02 4.751334239099856416e-01 -2.523469178981983063e+01
3.240264507328207060e+02 5.285490989685058816e-01 -2.570204599428561565e+01
3.241299227904313511e+02 6.277643203735352451e-01 -2.588819351584977113e+01
3.250764831632640721e+02 4.763555552265208437e-01 -2.717945130082614469e+01
3.229008186275403887e+02 6.204285621643066406e-01 -2.220130320646348920e+01
3.256175431171324703e+02 5.311023712158203791e-01 -2.594536959715144420e+01
3.219042622023015952e+02 6.339836023177654045e-01 -2.311369363370925711e+01
3.234964939339331522e+02 6.677131175994873713e-01 -2.345729444498546457e+01
3.246734482182080797e+02 5.818551203871527022e-01 -2.832054009050101939e+01
3.248894631700557625e+02 6.740679740905761719e-01 -2.847911336510152580e+01
3.242031931920382135e+02 6.286771546276450628e-01 -2.704641477699421870e+01
3.247952808984761646e+02 6.965691443616416345e-01 -2.831991988415970951e+01
3.250689019161134752e+02 5.875859260559082031e-01 -2.838727654435729164e+01
3.256146689232577955e+02 6.667222791257597647e-01 -2.744683484364339421e+01
3.251843672306968074e+02 4.757046435637113935e-01 -2.675387447119808471e+01
3.253925434946736459e+02 7.531895637058306781e-01 -2.714121105113217425e+01
3.255584883702871934e+02 7.025249421767082447e-01 -2.736883522171928007e+01
3.250847454111605543e+02 6.378251982432533440e-01 -2.851264202443484663e+01
3.246281695969408929e+02 6.941178522051141275e-01 -2.775212796239393143e+01
3.241555736916422461e+02 6.254793989109069807e-01 -2.705806914635313021e+01
3.250280446578342435e+02 5.938102417870804173e-01 -2.841181698830677149e+01
3.241093029990631749e+02 5.889774429197797145e-01 -2.591594635706194083e+01
3.239178052308440101e+02 6.340903048919254159e-01 -2.591880279920088626e+01
3.238355957687575142e+02 5.660967332055635293e-01 -2.473035409501123283e+01
3.236149776204705404e+02 6.576350237919138531e-01 -2.348557750677356637e+01
3.228633722940666075e+02 6.867528785370663469e-01 -2.189268665251737289e+01
3.244886990093920645e+02 5.412761688232422541e-01 -2.762335761810933477e+01
3.238912470758326663e+02 7.860555171966553401e-01 -2.365875817060109654e+01
3.239236760421202348e+02 7.432775547742574984e-01 -2.533906233853457479e+01
3.256581952237052064e+02 6.857196512664399668e-01 -2.640834551819642328e+01
3.250710512957373339e+02 7.351645554713923669e-01 -2.828828161993012458e+01
3.246112011642342168e+02 5.108050244791821903e-01 -2.731605976601586860e+01
3.269856131751797079e+02 6.110301362462893238e-01 -2.235141323434935146e+01
3.239078771454639991e+02 5.651443784514543767e-01 -2.590977198169996143e+01
3.260060360448916867e+02 6.345722929509142185e-01 -2.544092322520411642e+01
3.253450748129396288e+02 6.301477603435159391e-01 -2.814885230606528665e+01
3.252055936130010423e+02 6.651711576248979796e-01 -2.813892111475329116e+01
3.254740498177452537e+02 6.750249862670898438e-01 -2.740883139650201628e+01
3.242058084468858965e+02 4.789071980056008870e-01 -2.616740984022304417e+01
3.249322928382028977e+02 5.505142843347586856e-01 -2.814227203288928081e+01
3.251915575038894985e+02 5.583385558220490541e-01 -2.781317007517367657e+01
3.261322891030118853e+02 6.036458786656233588e-01 -2.441060879378337845e+01
3.246256051544793308e+02 6.427192687988281250e-01 -2.789701444296587596e+01
3.248712082376561625e+02 6.347087860107422097e-01 -2.843044113172349796e+01
3.245585004095461272e+02 5.843585911471634864e-01 -2.785177492766393570e+01
3.257764828924650828e+02 7.257067680358887385e-01 -2.631377662739918932e+01
3.249462631945599469e+02 6.995661463373944455e-01 -2.842061227683550584e+01
3.243144377150333071e+02 5.674174308776855913e-01 -2.695367669585311887e+01
3.242531778738056119e+02 6.977657318115234597e-01 -2.680859281790966619e+01
3.242781867645126113e+02 7.657592296600341797e-01 -2.636073254796765042e+01
3.264831619107725373e+02 7.039718683135749444e-01 -2.331359646260231955e+01
3.256862065873818892e+02 6.098640918731690341e-01 -2.642035648516980828e+01
3.242101357990758288e+02 6.063624033631004329e-01 -2.705388571156968069e+01
3.256432190660367496e+02 5.696190385607468043e-01 -2.624790518044074972e+01
3.257195634758679716e+02 5.209327821588320973e-01 -2.586204652697182738e+01
3.254956704281463544e+02 7.343241211981093031e-01 -2.724637191358641530e+01
3.240227319565631205e+02 7.991202136199716533e-01 -2.484903503086218635e+01
3.260128091550117801e+02 6.926470439688410252e-01 -2.534835245375910162e+01
3.254122634948408859e+02 5.860463872446579625e-01 -2.726355229483430875e+01
3.245591920325520050e+02 5.825917064168447679e-01 -2.784568661098068176e+01
3.241885723101971735e+02 6.875145108911007163e-01 -2.687054150913527906e+01
3.251363136263022966e+02 6.760886739231208864e-01 -2.811661359921329151e+01
3.239280664935915297e+02 7.873008859857106856e-01 -2.497610239067573090e+01
3.250420297796702016e+02 6.562328991720587368e-01 -2.850908461520472414e+01
3.252880060911149371e+02 6.439921153425551825e-01 -2.815436849270880515e+01
3.253180211451162904e+02 6.717679802627171126e-01 -2.814743789676192165e+01
3.247487162607983464e+02 7.515643409640792028e-01 -2.805871907097830942e+01
3.246022335357029078e+02 6.299164795688156904e-01 -2.791030157284014734e+01
3.245119619814440171e+02 6.338529385836104701e-01 -2.791832685275667103e+01
3.251193941995981049e+02 5.783839951255125289e-01 -2.834384064872357811e+01
3.241023351419718779e+02 4.808514002248703290e-01 -2.520196219545622540e+01
3.254039470772759728e+02 7.133143901824952060e-01 -2.730474026853080716e+01
3.249244687811401491e+02 7.929482922517685495e-01 -2.795269624138633091e+01
3.232358852438854910e+02 6.591274445094893464e-01 -2.266212872103146125e+01
3.243915818221429959e+02 6.532688023507232655e-01 -2.696359539816302586e+01
3.247455928076804526e+02 6.998751351980666557e-01 -2.830969329857818195e+01
3.252848507891110330e+02 5.108525952152239702e-01 -2.732741379785404590e+01
3.243142358447241236e+02 7.022605751522852380e-01 -2.677387789520668449e+01
3.247811315377498431e+02 5.019062789693811144e-01 -2.761033800469254373e+01
3.260482284833303197e+02 6.052147598272367146e-01 -2.542400473490273072e+01
3.255094877185553628e+02 7.636772542250325202e-01 -2.711330378399765451e+01
3.256671166903901735e+02 4.820410169928704969e-01 -2.532528984020230567e+01
3.249786667016710453e+02 5.540909524091895966e-01 -2.817398718377936007e+01
3.253525841782146699e+02 6.504396579932657518e-01 -2.816486224011332951e+01
3.256055231088956248e+02 5.967808094342095249e-01 -2.734866803001890290e+01
3.253574047394279205e+02 6.523864584884347950e-01 -2.816551166371138848e+01
3.252505198337362913e+02 6.472706940492596317e-01 -2.815048088514413749e+01
3.255140581066780214e+02 6.477560043334961160e-01 -2.743313632396353441e+01
3.249107678125217831e+02 6.908651854385079449e-01 -2.844354404239607348e+01
3.249799034106094950e+02 6.664957973683947046e-01 -2.849560633921963770e+01
3.258103468759025532e+02 5.614896259485542274e-01 -2.623593752832818637e+01
3.244740505701749953e+02 6.527670235336174853e-01 -2.789820020310373749e+01
3.247423083997455251e+02 7.800425911786472710e-01 -2.787804353956809678e+01
3.257509181883141309e+02 6.558835642059467341e-01 -2.647437044507058701e+01
3.246046202772436118e+02 6.303895018936416239e-01 -2.790984366761167479e+01
3.256732291561295369e+02 6.386237208567336898e-01 -2.645715018308982991e+01
3.252002153104738227e+02 5.958259520633423234e-01 -2.803483350118570527e+01
3.252077875795986301e+02 6.785635996684861171e-01 -2.812269267773462289e+01
3.250665207264443097e+02 6.208926033967259173e-01 -2.849196788123748902e+01
3.237584253211338137e+02 6.306286527047715307e-01 -2.471109537976225923e+01
3.249998222319895831e+02 6.167400806829709259e-01 -2.848015954675808459e+01
3.253304153635672264e+02 6.462651864426529613e-01 -2.816104560477693752e+01
3.259127152661897071e+02 6.215297735247247157e-01 -2.541127242002174214e+01
3.253633404298591358e+02 6.221707592878614745e-01 -2.813747258570998255e+01
3.240439921489548851e+02 6.902689307785370154e-01 -2.566341018447486633e+01
3.247640268244318236e+02 6.355935938610441926e-01 -2.843394245042948754e+01
3.247815317199633114e+02 6.443063346357327248e-01 -2.843132489652291639e+01
3.258708571175631619e+02 6.185050528638612599e-01 -2.539757778443629377e+01
3.251542216476234444e+02 7.053716525548930916e-01 -2.805341104106105377e+01
3.248392368781677533e+02 5.662784044847218867e-01 -2.823460780110886148e+01
3.249514200956246555e+02 6.178826334651056351e-01 -2.847978025278352732e+01
3.256120250965863079e+02 7.229976137429858785e-01 -2.731406552124614606e+01
3.254095124565257038e+02 5.662473161538542632e-01 -2.714855902247189690e+01
3.244618116582745415e+02 6.517859785396658001e-01 -2.790140369830903921e+01
3.242966913122959340e+02 6.943905733370485667e-01 -2.681788205743633569e+01
3.255264981413462237e+02 6.391689727832414736e-01 -2.743129525037058158e+01
3.259274335392884154e+02 5.858178563492052460e-01 -2.534083306414066072e+01
3.245679854432677871e+02 6.137749561830170286e-01 -2.791071524219873012e+01
3.247734481716649952e+02 6.885135082208938551e-01 -2.834774017110363786e+01
3.248788778092365988e+02 6.701795159876055008e-01 -2.839275542493501803e+01
3.245047669281639742e+02 6.945179432220330851e-01 -2.776503617916485567e+01
3.250512373143973264e+02 6.242823532566871281e-01 -2.849676167904967983e+01
3.246187555416919963e+02 7.344163136506480782e-01 -2.754689287298339551e+01
3.251086869631614036e+02 6.874138000300182849e-01 -2.846293457764154766e+01
3.250619162376662530e+02 7.103979946796773470e-01 -2.839049790818988228e+01
3.252708542136119263e+02 6.277339453701110683e-01 -2.813513737783393864e+01
3.247190528627326103e+02 7.796535943960152260e-01 -2.788171781079412881e+01
3.255081630212553705e+02 7.018818914880825544e-01 -2.736030902961428879e+01
3.255172898432434181e+02 6.091879281257076562e-01 -2.737427439758598524e+01
3.253530108143813209e+02 6.453402670612811143e-01 -2.816376094189278945e+01
3.244560865495432154e+02 6.201103256457045632e-01 -2.792665806076894341e+01
3.249558146922316837e+02 7.541928031891927953e-01 -2.818697930411817865e+01
3.244217185321859915e+02 7.437638756518394345e-01 -2.751381905645110848e+01
3.253708399557782514e+02 6.212615424620471227e-01 -2.813659883859513755e+01
3.246865013305400112e+02 6.573986122549353439e-01 -2.842176659680682604e+01
3.250871999288443703e+02 6.362785010934910446e-01 -2.851183655898244851e+01
3.254099975805523286e+02 6.579258592320873511e-01 -2.741110166065092812e+01
3.249621293821599011e+02 6.599006304212650109e-01 -2.850182138369490303e+01
3.248488977361969319e+02 6.452392558123476451e-01 -2.842860191223964961e+01
3.249089558505199875e+02 6.063947071916307996e-01 -2.844883787157649380e+01
3.252408340033896366e+02 6.510201382750447907e-01 -2.814969210389468657e+01
3.248516675715179645e+02 6.316336522720580327e-01 -2.843037309750592101e+01
3.248974300224481340e+02 7.002894157117218743e-01 -2.841571151628471270e+01
3.254213837641369764e+02 6.189001889661649436e-01 -2.738020591226172940e+01
3.249699421462498776e+02 6.423889777528621892e-01 -2.850810842329532946e+01
3.254069833922621910e+02 7.341662495647143238e-01 -2.722873383161408967e+01
3.254287774177328743e+02 6.226909754746061676e-01 -2.738950054491800401e+01
3.253280482282251569e+02 6.321655984886802582e-01 -2.814932286254771299e+01
3.250741685769197602e+02 6.059076024154079754e-01 -2.845671211107575260e+01
3.243023747819397613e+02 5.716774942531493986e-01 -2.697146355438685816e+01
3.250853823600253918e+02 6.416241521406327308e-01 -2.851427628221737720e+01
3.247328688037451343e+02 5.918848386470714207e-01 -2.835906404357011468e+01
3.251576793805020316e+02 6.693462126015422564e-01 -2.812824227094181495e+01
3.248824494111452168e+02 6.190519595593805269e-01 -2.841928827478378849e+01
3.254035199029642058e+02 6.847606727708178687e-01 -2.737845410465208218e+01
3.253153527358520591e+02 6.449665555742640777e-01 -2.815851890755802955e+01
3.248487774411042892e+02 6.038715479837746258e-01 -2.839182423588276194e+01
3.245031769165252058e+02 6.151610844792826382e-01 -2.791888854212671589e+01
3.249833521860425662e+02 6.569213475194812801e-01 -2.850538504184983424e+01
3.252140090889682824e+02 6.151165203682535942e-01 -2.810113679578442714e+01
3.252434750926084917e+02 6.342656154733540275e-01 -2.814041458522629213e+01
3.249600077355243002e+02 6.781463872788549008e-01 -2.847553896768448212e+01
3.248444680403862890e+02 6.559791856907902785e-01 -2.841852514834346977e+01
3.250491987678987016e+02 6.444094677461477128e-01 -2.851285543153255730e+01
3.251053955300807843e+02 6.335876619814893029e-01 -2.851078575301690776e+01
3.246496888898652742e+02 6.463162663100502359e-01 -2.843416726714308140e+01
3.252740606273687831e+02 6.582921768941037977e-01 -2.815273043123528041e+01
3.253614696159485788e+02 6.095727110407745952e-01 -2.810555088287329539e+01
3.246651178429171978e+02 6.362439443008387485e-01 -2.843693511168578070e+01
3.255058274690749158e+02 6.440084902425715629e-01 -2.743017276560812689e+01
3.251907194258279787e+02 6.672126153432378359e-01 -2.813501414939845091e+01
3.250450459560431682e+02 6.188570803457128511e-01 -2.848697967809768272e+01
3.249454349150273060e+02 6.258657421601611093e-01 -2.849315870137074924e+01
3.247404866432236759e+02 6.770086087422979571e-01 -2.838157547158339966e+01
3.250199605598822927e+02 6.333352027717307209e-01 -2.850589295163630510e+01
3.250100336374868562e+02 6.417743672263741539e-01 -2.851018964715427728e+01
3.250291846131806324e+02 6.371703617918086371e-01 -2.850922331252759889e+01
3.251255496918433892e+02 6.360510306598720076e-01 -2.851374793010537445e+01
3.249717165582194980e+02 6.304721874630584422e-01 -2.850039806202341452e+01
3.247952215249825372e+02 6.789338954704043916e-01 -2.837472095934758443e+01
3.250225155360037661e+02 6.650900082210724484e-01 -2.849969985608049328e+01
3.248014742787872819e+02 6.155522938289563761e-01 -2.841686942058293752e+01
3.252100198015471051e+02 6.365010878704588926e-01 -2.813822357471962832e+01
3.203321365163116070e+02 3.422270101002161113e-01 -1.668681369749503318e+01
2.985582951644236687e+02 4.061524951734871158e-01 -7.246405174578205433e+00
2.906475708840095535e+02 8.225297563077556273e-02 -8.146011351324216054e-01
3.066233574688480985e+02 2.634625303732954782e-01 -1.691016679349470309e+00
3.178827834700013000e+02 1.249538937447025426e-02 -1.403648504781131567e+00
3.427872271383003522e+02 6.205060410802221149e-01 -3.164917715492430172e+00
2.777961794188495332e+02 1.967370545236770407e-01 -1.150636266128603147e+00
3.843276648058589444e+02 2.534409518639734182e-01 -3.255483782498361123e+00
2.879551900040567602e+02 9.462953858370261317e-02 -3.202712391184265872e-01
3.643092429443412357e+02 7.379425871029446915e-01 -1.504369657822050899e+00
3.017451565459177800e+02 2.721070332950245030e-01 -1.981678776804830733e+00
3.143204181508997408e+02 6.329540828199230473e-01 -2.514551330124556117e+00
3.240516525045035223e+02 3.550145089357485961e-01 -2.198372899973011130e+01
3.358260099771396199e+02 6.872093896430488957e-01 -6.600398267190180635e-01
3.015139316477965394e+02 3.284031090094948757e-01 -3.610526841946687160e+00
3.367053303407306544e+02 3.887023741646931096e-01 -7.457299232358574059e-01
3.793481983231441745e+02 5.432852847785366590e-01 -2.225335432635646704e+00
2.619840045751820981e+02 1.776056969321648110e-02 -1.145531926113595134e+01
2.658417251717831391e+02 6.892916076126476277e-01 -5.632324741705738713e-01
3.820812923071628120e+02 7.150649430853338318e-02 -8.689083274367576104e-01
3.864348415678645665e+02 2.320454885953616153e-01 -4.370199878898599621e+00
2.754723057558466621e+02 1.900301211917370114e-01 -9.812152095115022066e-01
3.214907625431437737e+02 3.680783919816477123e-01 -2.068437304059271042e+01
3.464537436956917418e+02 5.856222460830654009e-02 -4.956542372075640190e-01
3.001409323813357446e+02 3.836848320617293195e-01 -5.964873267829170267e+00
3.597478704631158735e+02 5.670503911924925644e-01 -5.489372933737655558e+00
3.716187585661773483e+02 5.578695625182322759e-01 -5.210178088289545428e-01
3.470035177455490611e+02 2.312897931194513590e-01 -4.388299305793879945e+00
3.082938924770189715e+02 5.863446731914486731e-01 -1.338113949039620776e+00
3.738834460489612184e+02 3.647138968368747181e-01 -1.760092604956136064e+00
3.874226325477079058e+02 7.827654590594407269e-01 -2.427073236006319634e-01
3.620796034663887895e+02 4.256734591802507350e-01 -7.837094204803545239e+00
2.946043947237573661e+02 3.976183296393401290e-01 -2.737295905748342140e+00
2.609456273357939153e+02 3.007462152513349501e-02 -8.812168837553404188e+00
3.582063606185270146e+02 4.200711152803437987e-01 -1.168418141193804338e+01
3.125743449646885779e+02 1.520968143725706656e-01 -1.252210492121188512e+00
2.592316230272542157e+02 2.074979051017090126e-01 -2.254505596444057680e+00
2.763302326315772461e+02 3.153330142772102218e-01 -1.132066266941473970e-01
3.383459234000176821e+02 6.418271592211037824e-01 -2.937972169065402595e-01
3.288944734982184173e+02 7.986688369626159245e-01 -1.569908765227842551e+01
2.652269152700073960e+02 2.912691461313696162e-01 -8.528137474568630028e-01
2.848001794975594407e+02 4.848225055040378262e-01 -7.086241640625553506e-01
3.686392545354738104e+02 4.792892990128403419e-01 -1.789673846994953021e-01
3.713847529221460491e+02 5.061406267269954462e-01 -5.381916204182511931e-01
2.954783703108982422e+02 4.503351672430424002e-01 -4.352245356634641738e+00
3.443986644037380529e+02 1.078190631384053910e-01 -2.074325112548267125e+00
2.825055647857262784e+02 2.650433217841367539e-01 -1.653518250325392569e-01
3.070155574793701589e+02 7.038298217330378748e-01 -2.827215039162294996e+00
3.603523827008641547e+02 1.123893036488104874e-01 -1.002362455906395233e+01
3.485944575688116061e+02 3.695268922102895592e-02 -2.752174122212156654e-03
3.771842094674955206e+02 5.741829113513551297e-01 -1.745189305932604018e+00
2.782376739001736041e+02 7.122439570494779604e-01 -3.991992035271064498e+00
3.688703190013759468e+02 2.446004514575124134e-01 -1.403702241469524936e-01
2.933730826586780154e+02 4.917989152558055466e-01 -2.522374135328991684e+00
3.338781899141538361e+02 9.959122458051783422e-02 -1.285544994902111826e+00
3.633952994905252467e+02 7.463950537909357363e-01 -2.081714069641526166e+00
3.101401331478374459e+02 3.445019007988016635e-01 -1.237336265051665274e+00
2.630383714746931787e+02 5.825944801075883146e-03 -1.104928927269340200e+01
3.499846931651871387e+02 1.291881153467937804e-01 -2.170829183236501425e+00
3.028902271069287622e+02 6.704033860659687205e-01 -5.901864289677727804e+00
2.707835148634919733e+02 5.208940122504752690e-01 -9.003782402347566827e-02
3.163324924080051801e+02 6.501737275736696464e-01 -2.252935184011184422e+00
2.914129608872117956e+02 4.401518252987067226e-01 -3.597408590646269944e-02
3.148797479663259651e+02 5.032196595644760490e-02 -8.942274175374320677e-02
2.680109729651431394e+02 5.322172619459597520e-01 -1.596707746193883615e-01
3.052001567389192473e+02 7.098345175596967316e-01 -2.442431806197971511e+00
2.676996931159152950e+02 6.736950016436445976e-01 -1.789308743993202055e-01
3.536949881747470386e+02 6.571982444275165092e-01 -4.672455837955779678e+00
3.319147482071352897e+02 3.260912565957952425e-01 -7.430921822598711479e+00
2.862949398536696322e+02 4.596786461382215139e-01 -4.834955692876224953e-01
3.815603526340506164e+02 1.663102839090636609e-01 -2.416090731229675992e+00
2.834907943670002624e+02 6.098250804974111317e-01 -1.653392426193098785e+00
2.720187448992882651e+02 7.497423774185955903e-02 -3.614122937223930521e+00
3.511773119321975400e+02 2.811462346646843025e-01 -5.085872423903650130e+00
3.106556977962341648e+02 1.685996183507406376e-01 -4.298376651296870188e-01
3.308864855298033945e+02 5.825907711335757133e-01 -1.033129805312495542e+01
3.231195179250096885e+02 7.271039814396136336e-01 -2.171103113960458586e+01
3.848239898620467443e+02 5.500727825768163548e-01 -1.254044919156826809e+00
3.745168874647746975e+02 1.204523338535353760e-01 -1.082453800768085728e+00
2.887928706730139083e+02 5.165860282463339281e-01 -1.820660610485199671e+00
3.672695167242180787e+02 6.004405981953288007e-01 -2.470493109930915754e-01
3.265135965711284598e+02 6.279069317472003586e-01 -2.358091419499281116e+01
3.524339163951000273e+02 3.118523383464551491e-01 -6.184734225753218517e+00
3.440075869985222425e+02 1.503987617379255459e-01 -3.061904962630130900e+00
3.754216922090580510e+02 4.104894569056828368e-01 -1.346312867634285260e+00
3.783910396685760134e+02 4.675722610361068288e-01 -2.648245279887113224e+00
2.798385577397436919e+02 1.772179391765800194e-01 -9.539033559583104394e-01
3.554162821795931677e+02 4.280771415334949648e-02 -1.636363937665070489e+00
3.400198780754748782e+02 7.733719440903851217e-01 -7.179740794797098147e-01
3.406320519969182783e+02 1.386814063537893105e-01 -5.244179380664205636e-01
3.276252033082655544e+02 7.845576330027161926e-01 -1.974808934395763771e+01
2.820911188815628634e+02 5.003631874283973602e-01 -7.634283788720037656e-01
3.350641237113540569e+02 4.387188604406195847e-01 -1.582238178106298854e+00
2.703174651618269309e+02 5.982631254715504721e-01 -1.021550241104033918e-01
2.971308946815583454e+02 2.083655844568165494e-01 -8.104199581648439954e-02
2.731486004605530979e+02 7.322769918580378512e-01 -2.028987527673667690e-01
3.653415560470601804e+02 2.225468600659429586e-01 -4.061022570745257632e+00
3.570922760280084276e+02 2.963336445897977733e-01 -1.493254372246617834e+01
3.196079500517355427e+02 7.540009524082926795e-01 -1.334741684342556134e+01
3.253159253978570860e+02 7.660746827919608926e-01 -2.781773524312018608e+01
3.252916483313759386e+02 6.293324668618762718e-01 -2.814044376957967231e+01
3.250329529369799957e+02 6.283006592540355539e-01 -2.850131413558661819e+01
3.246199233965184590e+02 6.333817850841074737e-01 -2.790654969201097302e+01
3.250558034428620431e+02 6.515915804690657342e-01 -2.851224235362177239e+01
3.248884851026903675e+02 6.661978566078475827e-01 -2.849085550515726339e+01
3.250725832812004228e+02 6.289277685652846506e-01 -2.850425481562350072e+01
3.249755846121161085e+02 6.606073677700179392e-01 -2.850192569056528669e+01
3.251614684451364496e+02 6.451496295158798411e-01 -2.813753051308265896e+01
3.250191956073430219e+02 6.541286293804067231e-01 -2.850909639418214070e+01
3.249826719609607721e+02 6.292519073122653239e-01 -2.849964671972562513e+01
3.252145686948365437e+02 6.565655050512092528e-01 -2.814523528885593961e+01
3.249503063204451223e+02 6.290142466755566097e-01 -2.849753243658558333e+01
3.248343955571480706e+02 6.177536376219598946e-01 -2.841908430633078098e+01
3.251788861830397082e+02 6.549729551586045417e-01 -2.814075946889630231e+01
3.250957222221790062e+02 6.416442665993289385e-01 -2.851484013705176679e+01
3.250638873498480734e+02 6.515078256593249684e-01 -2.851271175370827038e+01
3.253705356733557323e+02 6.329467226505345323e-01 -2.815602994832497430e+01
3.249310655624161654e+02 6.351062012963750725e-01 -2.850231139206624320e+01
3.251588603145545449e+02 6.220312903562493778e-01 -2.810945904485189928e+01
3.250939677662207714e+02 6.407173275443518445e-01 -2.851444847454844478e+01
3.249791003013864952e+02 6.546811402616874442e-01 -2.850657413106400995e+01
3.249855888586339461e+02 6.490186343963967319e-01 -2.850911166165916910e+01
3.249181677144257492e+02 6.391970954039128960e-01 -2.850404272310811393e+01
3.249985248614487432e+02 6.465246417626790976e-01 -2.851012947169369127e+01
3.251462577620488901e+02 6.316183952198488605e-01 -2.812379538983141458e+01
3.446547358304301838e+02 6.637105002133312226e-01 -2.962642247681005259e+00
3.718563183835399855e+02 5.752916461729922215e-01 -6.702197405878944636e-01
3.802702019857699156e+02 7.456636461487476941e-01 -1.487220828966299813e+00
3.537680615213218971e+02 4.170513752016926645e-01 -7.684743103581859636e+00
3.145448407392214563e+02 5.126973672512179503e-01 -2.079855718924001895e+00
2.849041122684701008e+02 8.219742876381530561e-02 -2.813167655483869378e+00
3.404997937421949814e+02 2.129355907654452776e-02 -8.263271825848193808e-02
2.596376798628735401e+02 7.738847572028923448e-03 -4.351724778163378993e+00
3.596263909915200543e+02 3.124955479042252904e-01 -1.303604163868828536e+01
3.763429054307670754e+02 2.381936758368369267e-01 -2.241436375686379101e+00
3.657573995697210876e+02 7.681215911205916402e-01 -5.313089758614194524e-01
3.342378515484922445e+02 7.995688998334966602e-01 -1.039432665149562895e+00
2.941391844958305910e+02 7.637372902422624454e-01 -6.916388957565353657e+00
2.925609441899826493e+02 5.267777770800786685e-01 -1.260738969459898939e+00
3.769025170219899792e+02 1.137744174148964532e-01 -2.120350845206698143e+00
2.962848571075239192e+02 3.827948244909430975e-01 -3.242009350158006509e+00
2.823105975929041733e+02 6.896946807332454688e-01 -1.602362450518628467e+00
3.309196234688463392e+02 4.411322275197054887e-01 -1.129304154464672294e+01
2.776394916005111781e+02 6.810081034476136441e-01 -3.158158008538306305e+00
2.602688841493524023e+02 7.033966833596483337e-01 -2.389258704817295853e-01
2.644418356941867501e+02 2.082131271056621713e-01 -1.055067596487250459e+00
3.531079432397240794e+02 2.979981129532254247e-01 -7.350484522276427235e+00
3.458770526152695197e+02 5.830313163766434048e-01 -3.695985780344458238e+00
3.701776261319363925e+02 6.364996780064048343e-01 -2.005269290921804504e-01
3.119050021705643303e+02 7.197615066666276373e-01 -1.699667418960022491e+00
2.904751151834815346e+02 5.559815034309536497e-01 -8.998433860550989483e-01
2.731084674983968625e+02 1.371002845765766365e-01 -3.802233635311100368e+00
3.833817623681533746e+02 2.625821038616661940e-01 -2.834434294492300221e+00
2.797957386614056077e+02 5.064594982047091465e-01 -1.928739931782933015e+00
3.736830124178283086e+02 3.398417301830108372e-01 -1.824992090247576693e+00
3.004607888052570388e+02 6.178418168660581022e-01 -1.147436144213112463e+01
3.376035935295362833e+02 3.575016863493834518e-01 -4.148705750978473050e-01
3.600579648649454612e+02 6.119522840997443369e-01 -4.264163680155749425e+00
2.814545523850050017e+02 1.649503629642358193e-01 -1.049494464902876123e+00
2.697935369464271389e+02 5.896150235588281108e-01 -1.441230162083566579e-01
3.698837633653575949e+02 1.781333097329506621e-01 -8.379679582716912170e-03
3.433004883609160629e+02 7.780659469603681266e-01 -2.776081302883168789e+00
3.158383574341431768e+02 2.708122836940483058e-01 -7.501497556325941174e-01
3.469119301288573070e+02 1.882643763256825753e-01 -3.680217966650075834e+00
3.647559587882507230e+02 4.026755902384653862e-01 -4.046390636529091367e+00
3.806116592267505325e+02 4.878231272994034140e-01 -2.271224612072782811e+00
3.677228368403478953e+02 2.244275204956702741e-01 -3.683709348420523555e-01
3.001692158988037704e+02 2.229820120814507978e-01 -1.003491972085881700e+00
2.685374118190845252e+02 6.402400495582677431e-01 -7.858804538991631672e-02
3.281618512038716062e+02 1.456347868428682080e-01 -8.441414063803023282e+00
3.289831798005901646e+02 1.169326393176637995e-02 -1.341601360521692765e+00
3.063713965117552789e+02 4.146313937027574781e-01 -2.669257234789057076e+00
3.505001849429385175e+02 7.388979621948773557e-01 -3.659397231263302963e+00
2.862283772909773347e+02 3.302529024546077552e-01 -1.657815227127886759e-01
3.194379735170974186e+02 6.030467659736050701e-01 -1.439598592769386975e+01
3.234373453535027920e+02 2.413972709450118437e-01 -1.410092398597759455e+01
3.271198738615658499e+02 6.893890939393480799e-02 -1.924148031041896800e+00
3.032749573597404833e+02 4.343989299289619521e-01 -2.826197573893825865e+00
2.886750322462403915e+02 3.926101158831936111e-01 -1.041396448685844245e+00
2.789147698951589405e+02 1.301998667245229391e-01 -2.667565843417790905e+00
2.639519079696241874e+02 3.666480597620594417e-02 -7.944245687354577257e+00
2.753868869578138856e+02 1.023815090011392787e-01 -3.653807633871708482e+00
2.666495949396484093e+02 2.738505119928226761e-01 -5.194839007062701519e-02
3.626847241541085509e+02 2.016845093701118974e-01 -1.250355626065141834e+01
3.612253902878263716e+02 3.660341515670545443e-01 -9.566333778572477797e+00
3.378395314529500411e+02 1.542752216184635483e-01 -2.970020023633937467e-01
3.752161240080196194e+02 7.343628277842237928e-01 -5.317935748140756314e-01
3.571661462311117248e+02 4.760916298027210170e-01 -1.026246114704108514e+01
3.235638452274179144e+02 3.720633306102416049e-01 -2.085605565570115516e+01
3.790176510272484620e+02 2.553262071889709217e-01 -3.664109549961792833e+00
3.362317862553829855e+02 3.496822718266245911e-01 -1.102792959479760082e+00
2.979691327382931263e+02 3.062873795449126968e-01 -3.067198319609123924e+00
3.867819054718406733e+02 7.876838978124026669e-01 -2.937127392174988527e-01
3.854135154515363411e+02 6.742173421042391146e-01 -7.471291381577158663e-01
2.971030416580792348e+02 6.273765566074646083e-01 -1.107311356564802729e+01
3.664375142963644407e+02 4.516518420942022827e-02 -1.240405604085768193e-01
3.016967591148306269e+02 4.909990316019688383e-01 -6.828192948620572800e+00
3.137160605846865451e+02 7.253591387209651353e-01 -3.274980369593943674e+00
3.817823223861033171e+02 3.279158054928998367e-01 -2.684164355854667505e+00
2.618757689317887980e+02 7.534357665256684600e-01 -1.439050071845813683e+00
2.728641877505292541e+02 1.249998240780317710e-01 -4.042397605818871753e+00
3.199850201951881559e+02 4.498039209337555966e-01 -1.615603533239028167e+01
3.880733388721788515e+02 2.825206908402319583e-01 -3.327350726128823322e+00
2.841269537019625773e+02 5.986129972723279735e-01 -1.841462898280252780e+00
3.254522227395887057e+02 5.439918975180773053e-01 -2.698143886115155610e+01
3.096502650539346746e+02 2.930880553377665509e-01 -1.186987862808528194e+00
3.048628595009164997e+02 9.120260728094396752e-02 -1.594575037578083387e+00
3.579315896208574941e+02 1.968938332416064751e-01 -1.564507893886729306e+01
2.919347624706973647e+02 7.670869404640388856e-02 -1.325955332449387125e+00
3.417311709645871929e+02 1.057286600380290126e-01 -1.049012879662751585e+00
3.557811409161872689e+02 4.697529172784795093e-01 -1.000540083114161050e+01
3.338451244934555007e+02 5.285285481254323736e-01 -2.174706621086604397e+00
2.881142195516906099e+02 6.485480110269560283e-01 -1.909596248817150510e+00
2.660441858079252029e+02 1.742668570538451756e-01 -8.190427936518951402e-01
3.513399149208643735e+02 6.105675919167324883e-02 -1.783226020340867857e-01
2.713411737330793017e+02 6.663464170254262964e-01 -4.645821863984007094e-01
3.399720100403202991e+02 4.963621107760400886e-01 -5.246938326419043896e-01
3.319415173186254719e+02 5.146415035489709799e-02 -5.908376851767083160e-01
3.116657874105404744e+02 3.125717595040421182e-02 -6.578180044112049707e-01
2.757874235430068666e+02 7.056640230783851608e-01 -2.014185791190171493e+00
3.481698988270015320e+02 5.633472773322025784e-01 -5.044499379611706580e+00
3.211923538350246758e+02 4.565823698516013329e-01 -2.131569830531730503e+01
3.076180745096606870e+02 4.264511386225989797e-01 -1.664023755133458460e+00
3.180649481475355174e+02 3.878953292041191769e-01 -9.952512908044226947e+00
3.082901221042913562e+02 5.441964169199658974e-01 -1.340761081023243317e+00
3.249992219477678645e+02 6.595104709375521068e-01 -2.850422340263421006e+01
3.252464751375343326e+02 6.460439959035646496e-01 -2.814955366578461593e+01
3.252485165672586049e+02 6.680696129391651139e-01 -2.814211458648264852e+01
3.250068734086192421e+02 6.340181692523582102e-01 -2.850574271371720769e+01
3.250501033486589222e+02 6.466560010794328850e-01 -2.851296688914888477e+01
3.249933822342126177e+02 4.854731429610110727e-01 -2.733718396749715396e+01
3.248485812552045786e+02 6.665433919288421549e-01 -2.840126789812754637e+01
3.249956647117346051e+02 6.632380885180211294e-01 -2.850036406261181199e+01
3.250271216244155426e+02 6.368668417635158230e-01 -2.850892390066729121e+01
3.249148590032853008e+02 6.383932677040430326e-01 -2.850345907940900148e+01
3.251366497775225071e+02 6.549228797518645839e-01 -2.813491947070366450e+01
3.249944394077594438e+02 6.508838074600542534e-01 -2.850911595079137228e+01
3.249084761644182890e+02 6.415539065314819211e-01 -2.850438312625584558e+01
3.249625227584050435e+02 6.644125213246633299e-01 -2.849720118928793511e+01
3.250198765378339658e+02 6.559164482507013894e-01 -2.850808132032983622e+01
3.250563225361747186e+02 6.624008780180149492e-01 -2.850456607550452759e+01
3.252359099050014493e+02 6.536667561742066646e-01 -2.814885306527640907e+01
3.249357437857008790e+02 6.627788442538550262e-01 -2.849752523134606008e+01
3.249414903694992631e+02 6.659772657546362273e-01 -2.849413061232657896e+01
3.252563287882706504e+02 6.596143760274106871e-01 -2.814968040124578508e+01
3.249923913482362536e+02 6.404791643429040837e-01 -2.850878300323544678e+01
3.249247519904129149e+02 6.446191412696844480e-01 -2.850591729237507366e+01
3.251813664250358897e+02 6.388485528665427404e-01 -2.813641547660158793e+01
3.249006055774983110e+02 6.337223118624439877e-01 -2.849945519607974020e+01
3.251457198657888057e+02 6.684398869425307588e-01 -2.812754864479073902e+01
3.834387894653675630e+02 4.105031773942355300e-01 -2.190476683050381901e+00
3.355428013480287177e+02 3.009902235732475062e-01 -1.547397172862643666e+00
3.389048638713162518e+02 2.778750795612666691e-01 -3.005988526335748312e-01
3.131922063351657926e+02 4.881541900064234607e-01 -3.239169619851862247e+00
3.291436359939500562e+02 3.210858723022562700e-01 -1.593550067915548318e+01
3.188689877631803711e+02 7.037126202806901487e-01 -1.242451561726056219e+01
3.496128064290253405e+02 2.610512019216081891e-01 -5.038501080374215846e+00
3.755537417455594209e+02 7.947422202519932588e-01 -4.635945879527987867e-01
3.654559577581574104e+02 3.996730980506887215e-02 -3.276122814181598453e-01
2.747828828954025084e+02 7.212840513674410037e-01 -9.019681223343878340e-01
3.036946477808874647e+02 3.062054553867035178e-01 -8.924977060711651866e-01
3.696262552260856182e+02 1.846792706163273845e-01 -3.918595575484085797e-02
3.210600245961902601e+02 2.492185141980532426e-02 -2.299981653345346544e+00
3.176626148302674437e+02 6.158768982347825327e-01 -7.470885064277497101e+00
3.649052305864651657e+02 7.733696096293097844e-01 -8.947174050663068146e-01
3.272078617447577358e+02 6.678278992682109561e-01 -2.162581068456222155e+01
2.891755186484781461e+02 6.327531574295817141e-01 -2.314238792567135494e+00
3.445192823704985585e+02 6.241936178063385299e-01 -3.086464330361556652e+00
3.746958100201137540e+02 7.382543125236767922e-01 -5.869317172438389685e-01
2.954821098266979789e+02 5.766569748644559956e-01 -6.958374498138137021e+00
2.874619304860564171e+02 5.313406678272308836e-01 -1.063703456473321873e+00
3.414606126123335343e+02 4.874390013709122282e-01 -2.127453809189792100e+00
3.464854846017905174e+02 2.429279908167439328e-01 -4.146575461473553048e+00
3.096112085725095540e+02 3.465200562972683973e-01 -1.276758911702437160e+00
3.816462915604777209e+02 4.406223007444725059e-01 -2.354166107808368658e+00
3.147892905095661149e+02 6.193535477385789800e-01 -1.840354027780303880e+00
2.925074410522393009e+02 1.166873179898904322e-01 -7.217125424647916621e-01
2.757764853703502013e+02 7.464133742881720046e-01 -2.248560871393711746e+00
2.739867077647020324e+02 4.320235716358047928e-01 -9.379381685249743236e-03
3.580490649895501747e+02 1.731850079550194543e-01 -1.490223890136214635e+01
2.706837086147754690e+02 6.854680708121836386e-01 -2.446767222266426345e-01
3.259076510340265713e+02 4.314005318361685548e-01 -2.349208749745707436e+01
2.812559582439084807e+02 7.048590219014746472e-01 -2.670931181660028741e+00
3.075211077900816008e+02 3.590068578619363127e-01 -1.492137223959085990e+00
3.245615244856115851e+02 3.386360003510220373e-01 -2.255695209025490300e+01
3.329027281365427484e+02 1.769931386857821407e-02 -1.685931686110790362e-01
3.623772820253026907e+02 4.554258825585530968e-01 -7.033036344428588826e+00
3.514009806378651888e+02 1.040013394872695979e-01 -1.304759719681728658e+00
3.528307246992577575e+02 1.590308648130439595e-01 -4.731338961110409080e+00
3.087569432060637382e+02 3.982267854490725290e-01 -1.273064566451914903e+00
3.850651703714183327e+02 2.271750153905260083e-01 -3.832944891689759714e+00
3.546503611552635675e+02 1.212536831616851524e-01 -7.530643516291174677e+00
3.371176865009462063e+02 5.413744932613231420e-01 -4.293284040741447427e-01
2.948992722589637765e+02 6.895096961780607936e-01 -8.062520030345231348e+00
2.830595790920743866e+02 1.647816116621590998e-01 -1.023733055251551116e+00
2.627559170246742042e+02 7.774188730541067294e-01 -1.724303045627166187e+00
3.570066450569916583e+02 6.034723493366697111e-01 -7.374643822096338397e+00
3.160736392100356511e+02 5.621889881596255079e-02 -2.490350826408126994e-01
3.599936390010279297e+02 7.124165676036198214e-01 -3.209814253089246616e+00
2.686477928049770867e+02 3.811179014242149776e-01 -1.335281781181313909e-01
3.620477774614876125e+02 6.620354802199406308e-01 -3.018206404656530228e+00
2.695136312676438592e+02 2.003334682666152444e-01 -5.176530894854225462e-01
3.303628609499222648e+02 5.123575762399673605e-01 -1.278668456341603843e+01
3.108580355670750919e+02 5.575952339954511894e-01 -1.455569372596826172e+00
3.492160704665998310e+02 1.037021642257281995e-01 -1.448938828435460291e+00
3.704882834054287741e+02 5.265507730116774088e-01 -1.832945762243652632e-01
2.862201265099662919e+02 4.923196204974611412e-03 -2.441951104793061322e+00
2.967331114145223410e+02 1.451695131714584586e-01 -9.857856931390328592e-01
2.622943766283847822e+02 2.672688358961431976e-01 -1.652227959291926229e+00
2.918927407927531590e+02 3.912530179698614496e-01 -4.652713802805297921e-02
3.224699997769138236e+02 3.349057477975363462e-01 -1.846786669181302898e+01
3.738873361464741265e+02 1.349452015446250819e-01 -1.402768339279337528e+00
3.678942413914952567e+02 4.680588005397228746e-01 -3.003571572340349438e-01
3.426644293898567071e+02 5.948017917017317524e-01 -3.091633134066691824e+00
2.856405950895797901e+02 2.556170229826435492e-01 -5.725187922527589374e-02
3.472630043132434707e+02 6.669832539708768493e-02 -5.433465412500654290e-01
3.771852600108680349e+02 1.989854770177503784e-01 -3.102459953246442748e+00
3.593799873518560730e+02 7.580987511659188494e-01 -3.409226087616370915e+00
3.441663857638421291e+02 2.118936804071219204e-01 -3.688997210637587898e+00
3.871291378509280321e+02 4.056435316818012282e-01 -1.944825624975925926e+00
2.678405959802958023e+02 5.730016936234718639e-01 -1.769806575818057837e-01
3.198872709096378912e+02 7.616983119662281698e-01 -1.391644891391947603e+01
3.275054677072288314e+02 4.765428755207428146e-01 -2.151300316886253583e+01
2.771357019252460532e+02 5.626562979960390010e-01 -1.951034183067291927e+00
2.612380813880463393e+02 4.612428374235761908e-01 -6.372644503810246386e-01
3.868719058293175976e+02 3.130056055067220733e-01 -3.108484323853161868e+00
2.783977687046640881e+02 6.729278291582267979e-01 -3.591725451033853211e+00
2.900787136702505791e+02 9.536435814643744180e-03 -1.230248511445837245e+00
3.535600688405478422e+02 1.369066735419927905e-01 -6.165108121534773389e+00
2.981140546196022569e+02 2.856793845078929306e-01 -2.459658557843458215e+00
3.009596314203773773e+02 4.184893507760195641e-01 -6.761608887079899155e+00
2.990385377312209130e+02 5.866133038997226601e-01 -1.264164420983967929e+01
3.721195922157348264e+02 2.945849003265768595e-01 -1.160949702460940536e+00
2.727131727679588948e+02 4.766971855954662413e-02 -5.956589043215397616e+00
3.015695489810102004e+02 8.268760881910312832e-02 -2.922619073977952731e+00
3.800581728862351270e+02 2.370457391745915965e-01 -3.359911706974254564e+00
2.643234808923791093e+02 2.216887230914490192e-01 -1.044290824692364783e+00
3.048951301983598796e+02 7.353157447722027396e-01 -2.421776996336113097e+00
2.805474886207339864e+02 6.515390970980773355e-01 -2.846414052003617634e+00
2.841227016025082435e+02 6.448926868914098831e-01 -2.124008499663582850e+00
3.395522523866827100e+02 1.778050148471463643e-01 -2.677676564870606346e-01
2.594850516282457988e+02 3.728663444393870430e-01 -7.084542481644272582e-01
3.314656015224503562e+02 4.963475191565089872e-01 -8.843772851769221788e+00
3.790896098650913473e+02 7.250286045926797318e-02 -1.530857793935602951e+00
3.060093421782216296e+02 5.475695647775530306e-01 -2.994511814027893681e+00
3.346511151328631399e+02 5.231195000306763238e-02 -1.703791024920740527e-01
2.665711167275623552e+02 3.600499897032722885e-01 -1.035989234124200069e-02
3.672862379998076108e+02 5.087397671338191874e-01 -3.894263943359935198e-01
3.129845698384398816e+02 9.513526771466981891e-02 -1.043578917884573132e+00
3.826145342557015852e+02 7.884379185519347910e-01 -1.476724649918593979e+00
