7.154477585414946361e+01 5.152241621720441422e-01 -1.067176906005463111e-01
7.270744743855938452e+01 1.692480284145213565e-01 -3.854271593856233302e-01
8.111100798932754685e+01 6.937088487858178443e-02 -3.034349534844115404e+00
8.931613755508155350e+01 7.745475564728443452e-01 -8.412153587193148541e-01
6.621687024888016992e+01 4.433013290450330546e-01 -1.159118860599594347e+00
6.188380955544234041e+01 6.723956388423490971e-01 -6.566287001662489686e-01
7.009382605055216686e+01 4.129580142326252368e-01 -9.205984469208825516e-01
6.755072310022379156e+01 1.206016650547967473e-01 -3.661392566166100093e-01
6.729321917110002005e+01 4.026240913261669441e-01 -6.993622607770330069e-01
7.856737522823941333e+01 3.491176401854056421e-01 -4.719845335961501687e-01
7.746803062076376989e+01 2.000263826654696819e-01 -7.877931245139981886e-01
6.405962605685640199e+01 5.672418357553554724e-01 -3.907619332562509040e+00
8.317273143823712189e+01 1.092759860717833764e-01 -1.165061297518292349e+00
6.590934371986371332e+01 3.696354633756159802e-01 -1.115578908329080354e+00
7.354237787570390594e+01 3.922216291178073910e-01 -1.831274514078907178e-01
7.077731755761297450e+01 7.166292728037751969e-01 -1.384032237427236800e-01
6.437486911621688535e+01 2.766954881806741873e-01 -2.175735103711573082e+00
8.470975855697142265e+01 9.255754209771070717e-02 -1.811326506354667298e+00
7.757199344426365428e+01 7.311310981051719615e-01 -2.215891942917641300e-01
8.855025357382858431e+01 1.761902777673579612e-01 -2.011142553172251546e-01
7.721853318102756703e+01 7.764994160853150307e-01 -1.644775446755779857e-01
8.020883890732635280e+01 6.269382465638427826e-01 -6.244042959152833472e-01
7.883876817285316463e+01 5.421713300813369996e-01 -1.463387319264281006e-01
6.984732369616895653e+01 7.932137706542183864e-01 -1.623128229242874587e+00
8.041831727393416429e+01 3.867675621806798691e-01 -9.190008175648967104e-01
8.231355151875015963e+01 6.488305427345115728e-01 -1.420571986344853210e-01
8.389586857917925045e+01 1.467394626202897789e-01 -2.031687535045989534e+00
8.685806010381293163e+01 5.955842364743150208e-01 -7.727391943710084643e-01
7.192135091602986563e+01 2.896126073624340214e-02 -2.819092476145534931e-01
6.166404208026561662e+01 2.672438849875185540e-01 -9.841135007246980260e-02
6.253653456866896221e+01 4.596807196196933676e-01 -2.226190144756162503e+00
7.910478405636558819e+01 1.613017364902122053e-01 -6.334493818134506737e-01
8.736581268539332257e+01 4.544488030331516604e-01 -4.160209831542977521e-01
6.804804335305985319e+01 3.308518598356969820e-01 -1.579167016257251754e+00
6.934143729064912520e+01 6.132751027000696853e-01 -3.456155114971391384e+00
5.983597769861753335e+01 6.381082359941954163e-01 -4.945599808910945971e-01
6.138812198045249602e+01 3.005803564975410014e-01 -5.158087637109293189e-01
7.942251868511705482e+01 2.567237047678808115e-01 -6.755538012349142640e-01
6.454209236477719003e+01 1.185758235398028798e-01 -3.727261548539224645e-01
8.810057184726001367e+01 4.217129710379811935e-02 -1.939100899812200574e+00
7.064374553202026163e+01 8.340374062201177940e-02 -1.522959660967962536e+00
7.595946659920255684e+01 5.959233815978938475e-02 -1.012825903021562945e+00
7.103540153036310301e+01 7.527308254750466610e-01 -1.921954802440558885e-01
7.562643194074257735e+01 4.202221228205816894e-01 -2.088026669299360982e+00
6.317528745460096928e+01 4.330366510561470261e-01 -2.382683299899200691e+00
7.297754333107887703e+01 2.880399360601900716e-01 -2.425891868557536746e-01
7.828802113899784842e+01 5.047178997836574421e-01 -6.300074728986034822e-01
6.341435361388720793e+01 1.258414878528988159e-02 -3.845522977656767871e-02
7.372335031292674046e+01 4.999925288593337069e-01 -8.955430309503120689e-02
7.653944587118506604e+01 2.035114079878614507e-02 -4.246425211611921657e-01
6.529865933902945585e+01 6.696377101542919652e-01 -4.071550030961797462e-01
6.615119695080275619e+01 4.914155993701566083e-02 -2.901746895132717788e-02
6.221257197249670412e+01 6.043739620813118885e-01 -2.308445110342465245e-01
8.158251435676820051e+01 7.876788476876508405e-01 -2.177002135639185543e-01
7.228468207895352293e+01 9.756946555877173133e-02 -1.634947002395262527e-01
8.751299049830448951e+01 5.242735159500951925e-01 -5.471974905468878214e-01
7.308288474518970190e+01 3.798765115225803402e-01 -3.379751961496065826e-01
8.428752371484050343e+01 3.650503475408759524e-01 -1.481134223897121904e+00
6.107621507310411602e+01 1.549529618909623041e-01 -4.088178735051565260e-01
8.662258881822840806e+01 5.702596513793187771e-01 -6.172784864704374819e-01
8.592638792430631156e+01 6.836079047681562493e-01 -3.570630368491251594e-01
6.770724385729535300e+01 2.854255084614338300e-01 -2.763340109492486429e-01
7.515267074907936262e+01 3.387800071087026521e-01 -4.025900089130988846e+00
8.454935959215843866e+01 7.400121590988177900e-01 -7.405311649290092779e-01
7.972445421563200796e+01 4.937525217765105778e-01 -6.801012854338785996e-01
7.169241153139050482e+01 5.787388003967992578e-01 -6.736116339513235907e-02
7.796262259403712847e+01 3.225661383346081768e-01 -2.151592829970338031e-02
6.909228878409140862e+01 3.165627754257320792e-01 -5.576328056050829929e+00
6.681605593274717592e+01 7.233065373806257803e-02 -6.958409824419077294e-01
7.397079108665232638e+01 2.979261087192429033e-03 -5.556055715498383618e-01
8.322277911247091708e+01 1.881181606937246953e-01 -1.485135314782239480e+00
8.245238600639805782e+01 2.400921367256938499e-01 -2.155071754439086273e+00
8.200800869210880251e+01 7.250808752250503808e-01 -3.745763116400908227e-02
6.651325347005321476e+01 5.518917496027573311e-01 -6.653168084020238959e-01
6.559069565416474745e+01 4.785698506852912870e-01 -5.291209193483171758e-01
7.610451467674118931e+01 6.995017937559794285e-01 -9.929788365373853898e-01
8.781211260600893809e+01 5.289341312042982191e-01 -4.117066144773251501e-01
7.453400356347017919e+01 7.634093609732498509e-01 -1.476247918489944189e+00
6.856111361701246665e+01 5.887937307090019834e-01 -2.809014701794779967e+00
8.057880381781993151e+01 2.230613439059970782e-01 -1.563106144570700851e+00
6.010646266028231111e+01 3.589726006258247004e-01 -9.482527788690742199e-01
7.535846822656381505e+01 6.605839569376961151e-01 -1.695541616029409893e+00
7.478303541854293712e+01 6.420752009839546526e-01 -1.676397940397189368e+00
8.135722390994713749e+01 4.810357112784153788e-01 -6.060160275919972833e-02
8.529716347268153243e+01 6.906735897343362351e-01 -2.314976112457651780e-01
8.280090447026613276e+01 2.483123238069439020e-01 -1.835408576517341572e+00
7.678614039306347649e+01 1.297912996442794342e-01 -1.739634250020425155e+00
6.061598074974316575e+01 4.287748646746027403e-01 -8.547276003117111332e-01
8.587257819743877008e+01 5.576016816685381849e-01 -2.690510902411026306e-01
6.958209926369809750e+01 6.191600041789511177e-01 -3.013450910888705092e+00
8.535987746809564669e+01 4.659683522309165382e-01 -3.260919158190833111e-01
8.620094699157215246e+01 2.087012234218313389e-01 -1.129785360308488834e-01
8.861770663113421165e+01 7.087893934354043690e-01 -8.081514151588256589e-02
6.270444362671252492e+01 7.443528798823506598e-01 -3.307708742351715969e+00
6.036812085425151508e+01 1.995340814210273539e-01 -9.499997902447662179e-01
8.367087754636879993e+01 2.256556475195838074e-01 -2.146889503564354928e+00
8.914671001194457745e+01 1.398631810929155117e-01 -5.309030712558699960e-01
6.380930067587010512e+01 2.398983711318291301e-01 -2.137338786625645692e+00
6.886274635615188799e+01 3.049684696106225168e-01 -5.073838729180299545e+00
6.474090971063988320e+01 3.541966623349169369e-02 -6.029122549841543499e-01
8.125761435486455753e+01 4.613066167136411488e-01 -4.631232498453560775e-02
8.773490592137180499e+01 2.556128055525937193e-02 -2.576730642459899467e+00
8.323902491503744727e+01 6.605397853766179495e-01 -5.973588088856632838e-01
8.892936699683038171e+01 3.382412075266264528e-01 -2.641373852343670281e-01
6.818481438456686305e+01 6.171044965985510444e-01 -1.846123650723611842e+00
7.371612479884916524e+01 7.385813176165605398e-01 -1.945435393750964692e-01
6.190113477215541593e+01 7.117794503660221928e-01 -6.233551287927394657e-01
8.759447404031192264e+01 6.399611886544986916e-01 -7.573686984916506715e-01
7.240908349730912619e+01 5.904835327824512481e-01 -6.475308077299967158e-01
7.816361850276638279e+01 1.017960775755383934e-02 -1.553397751824275863e+00
7.808564132980822592e+01 7.783026069535408098e-01 -5.684800422269344899e-01
7.351743079974046680e+01 4.251304615897910644e-02 -6.534931719488308310e-01
7.897657657147126997e+01 6.396138980415265896e-04 -1.481230431711913376e+00
6.039297896845560842e+01 5.921225006960642023e-01 -6.454960439621132418e-01
6.740894230065472925e+01 4.032571918787147824e-01 -3.769421185851912770e-01
8.612541750568516363e+01 2.285675420372449418e-01 -2.989992117461765658e-02
8.718479922955346240e+01 5.591829124703348031e-01 -8.478732773547469348e-01
7.643668275126728417e+01 5.085631033783241106e-01 -8.287261039976514532e-01
6.268518703375452361e+01 3.698915979380811292e-01 -4.065617949811414888e+00
7.628206089045305305e+01 7.317964396768124047e-01 -7.962745543185820729e-01
7.017056193878649140e+01 3.827651796261326567e-01 -6.078139709412180292e-01
8.654334837760184485e+01 3.997260708073154811e-01 -1.146851005812834362e-01
7.862995293487939819e+01 2.743435335657364305e-01 -3.738113591475698549e-01
8.427401155770203900e+01 7.672977425904998761e-01 -7.059577688102154358e-01
8.548879239125513152e+01 6.731401634342046858e-01 -2.114784240497288859e-01
6.726491163924866612e+01 8.139389605544568307e-02 -9.860919647162392776e-01
6.617214900164391622e+01 1.642237325572239726e-01 -4.344870538699156515e-01
8.109594384733652817e+01 7.702333100219044271e-01 -4.508974554407259028e-01
6.221589933545566709e+01 2.349364455249355332e-01 -5.100321361384200225e-01
7.292428276231680684e+01 4.107249908362427537e-01 -5.321322999975749424e-01
6.428408972257098242e+01 5.276436459491539166e-01 -4.257465313863288081e+00
7.329908961794014033e+01 5.628612383780877693e-01 -5.024719689881672613e-01
6.670597590584131353e+01 1.154049303521849368e-01 -3.208651841058170473e-01
7.443465695039945729e+01 2.223483951262235636e-01 -5.324130704999875618e+00
8.077452020558980905e+01 7.211863123342101556e-01 -3.866323534117272476e-01
7.059019420441396164e+01 1.868570627614015156e-01 -1.018096415498779717e+00
6.093289480093979193e+01 9.466513379542412787e-02 -3.945110578405955359e-01
6.636773106236049102e+01 2.045243953220801103e-01 -2.957239237325469672e-01
6.913534060733843489e+01 4.691709615781725629e-01 -4.387196132323043507e+00
8.485509041401709851e+01 2.915480132071296415e-01 -1.153022710482221713e+00
8.690019416036761868e+01 4.391245524502578879e-01 -2.735502719112917203e-01
8.016971694509162205e+01 3.843490351595272303e-01 -9.219092328262851188e-01
7.538900006288875488e+01 5.134823957018651575e-01 -2.377086491975507254e+00
6.061028325771425074e+01 7.506519366194919218e-01 -6.211816538519115971e-01
7.982548368282635920e+01 6.827860343496561235e-01 -4.531484693333558966e-01
7.210137582170767701e+01 3.521792699335291044e-01 -4.843718686027271847e-01
6.171808210562426211e+01 3.105934521048833163e-01 -1.916807832965675695e-01
8.244879807598184129e+01 5.491047394432381212e-01 -5.594809117704740986e-01
8.356859245410029757e+01 6.453620011463744310e-01 -1.035710117867257196e+00
6.354331466870230116e+01 1.789419976138802992e-01 -1.648798681764574781e+00
7.766353708349872420e+01 9.997039239227673013e-02 -1.967277101590997779e+00
6.832254636207436249e+01 4.723581834571105031e-01 -2.832008104879154775e+00
8.170505593059517935e+01 6.107381941897539468e-01 -1.674907303890842691e-01
6.543135653677597929e+01 4.896124602796073089e-02 -3.935073117265001641e-01
7.163202564133338512e+01 6.433608936204664175e-02 -1.383580071719522631e-01
7.548832241102559237e+01 7.957679810292090927e-01 -1.091389795054654943e+00
8.923480121626023731e+01 1.506630142366066072e-01 -6.240295595140539220e-01
7.500669094801656911e+01 2.502732796917515046e-01 -5.029564125252470319e+00
6.311695625392513165e+01 3.209488246047980109e-01 -3.095895124809517895e+00
7.472548997349808531e+01 2.678727171725811540e-01 -5.217028752451067675e+00
7.733379873819384898e+01 7.160197465825497432e-01 -1.659065547726086554e-01
8.175285284127670593e+01 3.447600045428502735e-01 -6.823966941272700815e-02
8.518491626154089147e+01 5.743313596697066092e-01 -3.124685647036354319e-01
7.693838891812514191e+01 6.692022999412696738e-01 -2.243974539593038275e-01
6.973102211995454525e+01 4.225269441796040137e-01 -3.469127009300871922e+00
7.257927723372438322e+01 1.350007692203414045e-01 -2.573241406307744117e-01
7.921227842138628716e+01 1.976096302423130391e-01 -4.868404935737331019e-01
6.569184873747276754e+01 7.852598607125609309e-01 -4.975687797410113244e-01
6.989410318482077855e+01 3.128309056421952339e-01 -2.596896184793640039e+00
6.514192395362880461e+01 1.108146421826621264e-01 -3.156169881911285446e-01
8.044368411794184226e+01 5.352135632641145113e-01 -6.097640337059589966e-01
6.119397639753697860e+01 1.554495659968529175e-01 -3.013127452185755395e-01
6.870082107158162898e+01 6.291417314435507890e-01 -2.960353637252792769e+00
8.842648663687808153e+01 3.338976350418446648e-01 -1.453508161005201069e-02
8.460372052450023261e+01 2.849554708203846931e-01 -1.467929260944634828e+00
6.442358509826962631e+01 2.154226732362422014e-01 -1.461105527543421267e+00
7.960280538382146176e+01 4.816096843147593676e-01 -6.743083626656070084e-01
8.622545310329711299e+01 4.256194390720908771e-01 -2.021315916165733750e-01
5.965970682281923843e+01 6.030658862167010970e-01 -6.753855764267121531e-01
8.578114753823902561e+01 2.460739796874626684e-01 -1.736065735962105117e-01
6.002767245691055109e+01 7.592395915879657231e-01 -1.184986480996526703e+00
7.136472605848408080e+01 1.218535377084237620e-01 -8.102855334668623843e-02
7.707798088531902181e+01 2.630580521992739729e-01 -3.043172324441838494e-01
8.879663821041754090e+01 6.886585845225354774e-01 -2.791606230442641445e-01
8.302279033235775785e+01 5.023597637106042013e-01 -5.431023515547537261e-01
8.825686825415071723e+01 4.441122342903359166e-01 -2.192934595675458467e-02
6.478862726657168025e+01 7.025178565081178217e-01 -1.325196734653164343e+00
8.267073099096582212e+01 7.636084560556680167e-02 -2.640300194221181673e+00
6.246282490833372947e+01 3.610978565766914117e-01 -1.938792008557591373e+00
6.702627088508850761e+01 6.185125699550103606e-02 -1.282320519843700657e+00
7.423838488137673153e+01 5.416240805370931000e-01 -1.352081282112181704e+00
8.397975923508033702e+01 6.520058207667337458e-01 -8.990983229736196902e-01
7.601170399394868582e+01 3.231558069802156069e-02 -4.293698873355372703e-01
6.403506425072846753e+01 2.026090490794247786e-02 -4.654526258701505714e-01
6.785864727547459552e+01 1.754012431700863184e-01 -1.040149990427326809e+00
7.072065196484214766e+01 2.992281277828625075e-01 -6.517541475319308386e-01
6.943319769274773989e+01 4.905060064609452208e-01 -4.162155953195223468e+00
8.202677425612498041e+01 4.523513601531214956e-01 -3.940630424106909835e-02
6.328396089511831235e+01 5.825512025855388298e-01 -1.353420815102319263e+00
7.112559177438851066e+01 1.411737992855869317e-01 -2.455289573729157737e-01
6.287919093337450249e+01 6.330717736791535710e-01 -3.740140537043259439e+00
7.948367366679747192e+01 7.033793069526125263e-01 -5.234798603876364975e-01
7.130175957916425489e+01 4.310945425680746124e-01 -2.164218587790437687e-01
8.437724676300652504e+01 9.156416139198376991e-02 -1.689596946536954913e+00
7.763016305106529558e+01 7.083075246111882883e-01 -2.880826962944945113e-01
7.998747015968338303e+01 6.514052390406518400e-01 -4.645966975870780002e-01
7.698909251557557809e+01 6.451702747885392775e-01 -1.698129931768856959e-01
8.249468954965512069e+01 4.664870127634757752e-02 -2.282270127439764984e+00
8.164850997646541941e+01 6.790000073979003403e-01 -1.950664330017080617e-01
6.033376459614463272e+01 4.073197517693676328e-01 -9.246397776201792373e-01
6.603063645333287468e+01 2.816397346226866549e-01 -1.005378761657024889e+00
8.589091759927691783e+01 5.223252324025899895e-01 -2.547366045371178833e-01
6.701577176577427508e+01 7.140046910923935064e-01 -5.160900573835888183e-01
8.310662123588686256e+01 2.737150551254121655e-01 -1.179617050160815861e+00
6.112819722530193189e+01 3.663235713191002607e-01 -1.070911756424131944e+00
8.400587002529124447e+01 5.143620632416857630e-01 -1.118973898049899329e+00
7.811970134840871083e+01 7.387502214195985628e-01 -5.934937569626709264e-01
6.772868706059790611e+01 5.369068131435189573e-01 -1.271993509059279048e-01
7.126678996648115572e+01 3.827344464119932232e-01 -1.618137034820514575e-01
7.581187264371108370e+01 5.635104735765142925e-01 -1.189352322961471309e+00
7.500570860501747461e+01 1.773566383920218426e-01 -5.879711096188456665e+00
7.749783426730550673e+01 6.570195451792655295e-01 -1.376453273141537981e-01
6.419082168703866387e+01 6.717172765973398185e-01 -4.541706238976262355e+00
6.962628759389912148e+01 6.285503177190304713e-01 -2.840554231556765341e+00
7.237670372236044614e+01 2.111858027310971608e-01 -3.939932249406761788e-01
6.337897174166265302e+01 1.258276364360268011e-02 -6.571348489761032197e-02
8.649131139357379539e+01 2.613992033818547944e-01 -1.041129914967336978e-01
6.019876733456565177e+01 6.882091625095054788e-01 -1.391831029691971144e+00
7.321109994753800265e+01 7.943909251477960787e-01 -5.468484565775646455e-01
6.539184905758817479e+01 3.138222115363083209e-02 -2.246784395054927108e-01
6.589886483691915942e+01 5.793026552509709243e-02 -1.196447046026265643e-01
6.846890287850840195e+01 3.910092643880197505e-01 -3.402099714015524690e+00
7.908701760433302752e+01 4.578409039995522400e-01 -3.526157189077925441e-02
6.244834950377614291e+01 5.103362888709886969e-01 -1.324781417460846766e+00
6.877969447950961523e+01 4.755560879586823164e-01 -3.891866152682111224e+00
7.668748652083041861e+01 1.523382856784885053e-01 -1.756652406768627328e+00
8.501937769177341409e+01 7.569306854330855039e-01 -3.125813695070273623e-01
6.629588888569712424e+01 6.830131360648411531e-01 -1.207011576041837397e+00
7.518859335027731561e+01 7.506240944516204827e-01 -1.437855622901634822e+00
7.821085952654293294e+01 5.698440868883708488e-01 -4.740570791336810585e-01
8.618454980500884233e+01 1.614603746697279296e-01 -3.710461816645476141e-01
8.463270859324813955e+01 2.653077607168821128e-01 -1.461017959519109066e+00
6.306733597857656548e+01 3.586250479968360327e-01 -3.285593365272390098e+00
8.838457276538362350e+01 7.646606822210086918e-01 -6.072636676276545360e-03
8.539814014035171397e+01 3.173862357910318677e-01 -4.582618752010776952e-01
6.404676080859485410e+01 2.454247381940956318e-01 -3.555762582734363519e+00
6.127756409412535987e+01 4.509861632925757924e-01 -1.335055588967605678e+00
7.355079401451467902e+01 7.405074247865223343e-03 -4.363771356813274660e-01
8.038271819240577543e+01 4.662065525944766309e-01 -7.599737315768629875e-01
8.927975661871369084e+01 7.352217500314064402e-01 -8.295342332665578411e-01
7.485272472906481767e+01 1.751996448926999017e-01 -6.326512833448063589e+00
6.467598672712018981e+01 1.077103032042709824e-01 -6.048020337273365965e-02
6.473416576757965402e+01 3.424780667595855310e-01 -1.049703102704976576e+00
8.688135100125631993e+01 1.290662091734488537e-01 -1.721212287499902072e+00
6.220242115868791188e+01 7.250657223812108088e-01 -2.011019917328715212e-01
8.741132825403016682e+01 3.050333772095489282e-01 -6.701933938528030488e-02
6.984072122140882755e+01 3.232601438335035993e-01 -2.948110327887418780e+00
8.798600224133133452e+01 4.216610049003211014e-01 -1.439212635876185031e-01
6.668880466528794670e+01 1.186843710445297240e-01 -2.437254358213705729e-01
8.354471229130123788e+01 2.028566729684947445e-01 -2.127401209240611379e+00
7.381455645450586189e+01 4.919671731028794071e-01 -2.225092032213090223e-02
8.483808235514993612e+01 3.931502650969225243e-01 -8.613130232522269170e-01
7.419134262617640729e+01 4.861564319458961947e-01 -1.334460165057574255e+00
6.203303406267070841e+01 5.215543257288775270e-02 -4.838871016409999060e-01
8.903213216859860779e+01 4.389685196406669654e-01 -4.112838821355705998e-01
6.076873353301000691e+01 5.890529956566449288e-01 -1.384441223229793572e+00
6.381198242922757657e+01 2.959341566031180037e-01 -2.356153722668990369e+00
8.338911927444996763e+01 5.337565030759463536e-01 -1.091748917663466489e+00
8.055136854345420261e+01 3.013959656222708339e-01 -9.205181768397153741e-01
7.304298565971342327e+01 3.712790186529422720e-01 -3.532598296516025194e-01
8.657757525661294551e+01 9.662661130105563989e-02 -2.651670549602920701e+00
7.885406761235728368e+01 2.372747481049933271e-02 -9.662467138521113608e-01
7.637152378680200115e+01 6.634297870755420656e-02 -9.319060344138386798e-01
6.167764152166035529e+01 1.498302817320687763e-01 -1.505942629673303994e-02
7.020608521928971868e+01 2.253767129069363939e-01 -2.884321031492226850e-01
7.053435374511420264e+01 5.551373138951297692e-01 -5.088298667966211219e-01
6.915874600482953838e+01 7.232644623272690976e-02 -3.816972525541733940e+00
8.882263954278320739e+01 4.090815668724206988e-01 -2.430118433612145634e-01
8.773882013086691245e+01 6.193382661380139043e-01 -6.370609220900310676e-01
7.257136511118511635e+01 1.413390136231611749e-01 -2.807292287162481137e-01
8.217689501148848308e+01 2.187344884285788160e-01 -1.290982809916295659e+00
8.175240651729568242e+01 2.389293685618260332e-01 -2.365691772625346800e-01
8.101883568753628140e+01 7.688518521414849927e-01 -4.642764512663138388e-01
7.973412900568391137e+01 3.484403724098784072e-01 -8.676247764219396919e-01
6.816654386894828122e+01 5.952691198333613931e-01 -1.891595456966467026e+00
8.132809901527897978e+01 1.969791114481632965e-01 -5.430787490097080950e-01
6.714039220896373195e+01 8.763784581575462251e-02 -1.261403942463791061e+00
5.972523255723714897e+01 7.799583113492360997e-01 -5.929267815724528212e-01
6.750220262442381625e+01 5.020700764555999784e-01 -2.049443011941593229e-01
6.933013981334570985e+01 2.527675931811410037e-01 -6.478214404241024127e+00
7.171687002290505575e+01 4.408767352214588708e-01 -2.312981139369425787e-02
7.083914824954408118e+01 5.765935126543162426e-01 -7.791059038843650697e-02
6.523918614871988098e+01 3.474356812948829754e-02 -3.141963312392146990e-01
7.611891725725377000e+01 6.000148066351247422e-01 -1.204822080889710545e+00
7.437696876861537021e+01 6.096243910894556528e-01 -1.717592474799797042e+00
8.289494965459851983e+01 7.895902983671456710e-01 -2.174160608933256855e-01
7.546974661980857491e+01 1.218672984501010942e-01 -4.690943375344711619e+00
7.858322065210262508e+01 1.875823904408855658e-01 -4.123066461410038741e-01
8.734941934295150645e+01 5.502666501475070859e-01 -7.353811127675853321e-01
7.216701999936248058e+01 3.345033592353747753e-01 -5.693444025167854194e-01
8.135141940903332625e+01 7.788407069319241982e-01 -2.769276587255310451e-01
7.085475595014790429e+01 8.147655251840209278e-02 -1.667159609064391423e+00
6.202373636259423506e+01 1.070870629551405329e-01 -1.666953519405451056e-01
7.544906990888804899e+01 2.905786795987931881e-01 -4.022396535110209115e+00
6.771241878838482364e+01 5.895686275008583666e-01 -5.171163569853851755e-02
7.690461897548857451e+01 6.453387370405485601e-01 -3.091302983058188403e-01
8.889263503239581610e+01 2.132628797374107599e-01 -2.507810828741114939e-01
7.603145585688584163e+01 2.768494465584263042e-01 -2.316062330854010476e+00
5.974581219451722802e+01 4.218506998536690755e-01 -3.959844701251807875e-01
7.987505024647936125e+01 1.820143424234599294e-01 -1.168407758905508853e+00
6.098123379957850432e+01 3.868303155907316104e-01 -1.221978117874083392e+00
8.495084414349908286e+01 3.505440703100799471e-01 -8.184635115253360294e-01
8.809003856851886383e+01 2.394306260641002604e-01 -5.170367457953164991e-02
7.881257420143339232e+01 5.100697870550028323e-01 -1.267030946972294847e-01
6.526790218071154470e+01 4.623880761851577592e-01 -3.840974580117489934e-01
7.722867839891654285e+01 1.638601464675008001e-01 -5.459916313408120780e-01
7.463145845051249694e+01 3.388847630711762371e-02 -2.888677636057241926e+00
7.383876562731717286e+01 5.167512281446076106e-01 -1.739281758953249712e-02
7.117278292546748730e+01 4.364128607541096772e-01 -1.774834875936225353e-01
6.556589732976696894e+01 3.568050930854538838e-01 -6.706897826694344644e-01
6.172366287035222854e+01 7.754931391744920299e-01 -6.778743655209940044e-01
6.887873232721644001e+01 1.136453564454391468e-01 -4.202613211220377565e+00
7.621778448378270809e+01 5.966528490048705197e-02 -1.059616962320453881e+00
7.563304656929699377e+01 4.633161597377952190e-02 -1.464658904805017814e+00
8.162360872956966773e+01 7.667739010445795422e-01 -2.141176664560368870e-01
6.335865397881011774e+01 1.480830637452582588e-01 -1.523308640850461249e+00
7.279914211583695760e+01 7.262927002371764029e-01 -8.961178470610564606e-01
6.069963870973361963e+01 2.071528058661966654e-01 -1.238115999285273272e+00
6.254369319148409545e+01 7.360632706527477920e-01 -1.590128130967450204e+00
7.066071565889235728e+01 6.586633425856024404e-01 -3.621435101339352536e-01
6.283645291024322432e+01 3.186247813439286314e-01 -4.725885506199968944e+00
6.627094588118188767e+01 5.981677205764968086e-01 -1.234964000499051640e+00
6.415173399106654983e+01 3.950922278581318614e-01 -4.097127343717944292e+00
8.613174501685888629e+01 6.963672722212159438e-02 -1.079735213936306781e+00
7.663385947678169430e+01 2.438858406128042722e-01 -1.465949440144805438e+00
6.381844799825520198e+01 4.251997634493923650e-01 -2.240867169451275842e+00
8.765131192936281934e+01 1.701979031306346743e-02 -2.337771542844558681e+00
7.504503454969378140e+01 1.036547189515287376e-01 -5.677291909454392105e+00
6.890744557203321108e+01 2.223266118768156829e-01 -5.431453464709821155e+00
6.652351130407387814e+01 7.899903078065060313e-01 -8.535288893802400745e-01
8.840063749888760469e+01 5.502820619432250426e-01 -2.332729957390465483e-03
7.351556210790361945e+01 5.772445424511114531e-01 -3.444860909548669303e-01
7.027241695574996072e+01 5.250616979998986578e-01 -6.940178131039861364e-01
8.293007888056429522e+01 6.940647286167656027e-01 -2.891419513819426523e-01
8.288820939694120682e+01 7.181608029604339416e-01 -2.683658708663982373e-01
8.102325541812547272e+01 3.115354866102902631e-02 -2.754389937558825441e+00
7.217375704475020370e+01 3.076685936938661214e-01 -5.469704057750155446e-01
8.073380386231352190e+01 4.917812319834128920e-01 -2.795878860816002343e-01
7.332873921221661817e+01 3.695393151320332525e-01 -2.842238087928350976e-01
7.129578292032569209e+01 4.714639993276120156e-01 -2.565410280259127207e-01
8.531853369077374794e+01 4.840725189420068131e-01 -3.104756746406737156e-01
7.924887074179750357e+01 5.420361538057327788e-01 -2.133258918920573899e-01
8.222581727807022389e+01 5.547849065920826966e-02 -2.619635904288621919e+00
7.862094227320960727e+01 2.559395364059673939e-01 -3.789027634657114452e-01
8.680919970754116832e+01 2.860280874741558121e-01 -2.516839177921818826e-02
8.710616836538625307e+01 6.109255386594520942e-01 -1.004690091225912241e+00
6.015756030768517348e+01 2.607932549726744709e-01 -8.523341621078126540e-01
7.745527571732034744e+01 3.310485196826360998e-01 -2.272411113328779986e-01
8.428817061216192030e+01 6.839944440963690031e-01 -7.971435355316640603e-01
8.462903543457814237e+01 6.972045022183819274e-01 -7.143362805617743394e-01
7.940935916998907373e+01 3.017577640585531462e-01 -4.790212273919368657e-01
8.501749387001513014e+01 8.934255009701277950e-02 -1.838546434512490224e+00
7.259910381459120288e+01 3.637806046142870731e-01 -9.638606999465021419e-01
8.877916285687052778e+01 4.546170884365481335e-01 -2.078190319491055316e-01
8.567878681433241184e+01 2.714453745922110750e-01 -2.310070468193085313e-01
7.789939233919770345e+01 5.701864966384743161e-01 -2.469844896501013354e-01
6.204486863426174637e+01 6.054112748111282194e-01 -2.307027017168744309e-01
8.918716208336989837e+01 3.239269083243026537e-01 -4.485193134971342532e-01
6.681276035832583204e+01 3.381236210703594813e-01 -5.047858682071910269e-02
7.766447013828070567e+01 6.558616724837709189e-01 -2.173614899112785714e-01
6.620283398119576646e+01 5.317544703194624356e-01 -1.330111061338705714e+00
6.978881222316231003e+01 6.702441954897773169e-01 -2.106493375138287050e+00
8.357357777302894419e+01 1.567158851744510778e-02 -2.639125632544735492e-02
8.049551539920722121e+01 1.348878421508842018e-01 -2.961938626323825652e+00
6.854172608496659791e+01 4.051538587509048717e-01 -3.537117235853965536e+00
6.563323543514056269e+01 4.097392636618558126e-01 -6.259625779345131535e-01
6.943236521711922649e+01 1.371040170762941324e-01 -6.246652744328383910e+00
8.404462268019189253e+01 1.544632760567123675e-01 -2.180825376424820661e+00
7.996411977509220037e+01 1.923196148435164510e-01 -1.196714961518574816e+00
8.255352724885970872e+01 7.522731892579519464e-01 -2.956560015028267818e-01
6.131680382841006605e+01 7.849982609237579623e-02 -1.171205394501279168e-01
6.765628224056769113e+01 1.690727540337350621e-01 -3.746625934471025099e-01
7.240814740821791418e+01 5.593572124850171301e-01 -6.653115588073233999e-01
8.332768583922397454e+01 1.155874742445606174e-03 -2.188374225848150056e-01
7.441991167417613440e+01 2.284996964542857778e-01 -5.234727071324423164e+00
8.198494054520722329e+01 5.614314617325905088e-01 -1.618496467725507801e-02
6.047570015956063827e+01 7.311077423143470533e-01 -5.141097396010813059e-01
8.623254362499359615e+01 3.816262295576501873e-01 -1.087959402686686783e-01
7.406756174928165137e+01 1.877208168125715781e-01 -2.827144379123818663e+00
7.006709339474912213e+01 6.198136015485949946e-01 -1.226594399728148765e+00
6.466522267133244384e+01 4.422098096684468627e-01 -1.647632007467014770e+00
6.501916960183530136e+01 4.784524702560268850e-01 -2.665975969227273867e-01
6.322098121773547064e+01 7.519693604154384925e-01 -1.444542248429585563e+00
6.384543416510302194e+01 6.731396200727087775e-01 -2.120841712413735980e+00
8.772780326058601474e+01 6.283203200008652400e-01 -6.561168288208618637e-01
7.834025121590340746e+01 1.256293398958700236e-01 -1.173701529457287923e-01
6.713839028484696314e+01 7.067352852030390764e-01 -7.871586276567444918e-01
8.670936643842389913e+01 4.974353184380404524e-01 -3.904880058555232347e-01
7.186854617667253819e+01 6.390723525999207899e-01 -1.057247957103133046e-01
6.823478099553589971e+01 7.987799409719777977e-01 -1.707989342199878857e+00
7.573594004901420362e+01 4.044369833609624543e-01 -1.812686002881239489e+00
6.418800265198409249e+01 4.198842165989425945e-01 -4.129372569848396957e+00
6.884417307604351777e+01 4.654838073315883396e-01 -4.033143659221651411e+00
7.130872452343460566e+01 1.948126649265862209e-01 -2.500041626020288454e-02
6.803816887969304616e+01 2.891319430864835449e-01 -1.668157052067972046e+00
6.107622404044944631e+01 4.923522119391937624e-01 -1.372803458875444083e+00
6.848826949314052115e+01 2.507217179249303096e-01 -3.953556485080357508e+00
7.044911522458103548e+01 1.614882525188312823e-01 -4.297271117117495431e-01
7.359348205980741398e+01 1.449884120443160063e-01 -2.926293143672046293e-01
7.429413379968832487e+01 8.958136715980699605e-02 -5.397409208655522761e+00
7.146529802896642991e+01 2.429849670647813917e-02 -4.267907226890009231e-01
7.424724470156228051e+01 2.717545622836834984e-01 -3.361507582680616224e+00
7.929406554326388346e+01 5.846265898184022092e-02 -1.399030162749866690e+00
7.036328086995318642e+01 2.703825845070874645e-01 -2.758530137443672703e-01
6.392449086720287710e+01 3.069780839210117795e-01 -3.078012613269253350e+00
7.617656681749946301e+01 4.437281576066119948e-01 -1.634284513332536770e+00
6.482299237534931535e+01 4.068310841879033690e-01 -6.304917017953284297e-01
7.088970925827398162e+01 1.316312642923278264e-01 -1.167892533063057625e+00
7.208242653591062776e+01 1.536342463395386215e-01 -2.521042076049956893e-01
7.581354588249743642e+01 2.262877229716203087e-01 -2.218851712696975120e+00
7.563691041405721194e+01 4.809613295293528323e-01 -1.821754958062595797e+00
7.677600821766064598e+01 2.937187048433995140e-01 -1.282538582719084497e+00
7.080236023306707693e+01 3.019130946026030715e-01 -5.128016717863864704e-01
7.389255778472397651e+01 2.215116884722629909e-01 -9.141112405188713819e-01
6.199657535780293216e+01 2.603708171360514245e-01 -2.041636522284301369e-02
7.473135588080820924e+01 2.659772263853374397e-01 -5.246580530758661709e+00
6.830986049919911807e+01 2.645468817936774686e-01 -3.159821530057729699e+00
7.085814303637668843e+01 1.255829328495828567e-01 -1.364703370680272476e+00
6.923918383802876519e+01 2.582317765797563780e-01 -6.397570251740711811e+00
6.459373904599583227e+01 5.932422471657116531e-02 -1.586425041927085333e-01
6.924699002842287143e+01 2.887454060274062262e-01 -6.184146025602364816e+00
6.903436627701439932e+01 1.757181499682026193e-01 -5.756392468358771275e+00
7.435104237063453070e+01 1.134062305675130472e-01 -5.871462123819387813e+00
6.964465867293982626e+01 1.141703937170451683e-01 -4.709631950621613328e+00
6.869884451777227241e+01 2.753598505227635718e-01 -4.718537729634776134e+00
6.466264063381942151e+01 5.085731440598432324e-03 -2.032207262216217725e+00
6.447457532494425436e+01 4.025011055753637823e-01 -2.710765992471086960e+00
6.796418721657838091e+01 2.300417944927311553e-01 -1.377755966119764919e+00
7.011084335915131760e+01 2.353766428837827940e-01 -6.012653788702818636e-01
6.716247269268436071e+01 1.723784909180826885e-02 -8.636216752809968700e-01
6.420492247614664905e+01 1.358616313333533936e-02 -1.386716816348978920e+00
7.426398585457449997e+01 2.740206418808030508e-01 -3.331972479323049185e+00
6.932492054987839936e+01 4.113204068754027221e-01 -4.971665466670870615e+00
7.377557343111141108e+01 2.428820364044999569e-01 -2.100703243700700606e-01
7.358835052359862061e+01 2.481683304165236414e-01 -5.707331679378607053e-02
6.804322611708147406e+01 1.443582102269138148e-03 -4.740657947687466622e-01
6.892111419435128994e+01 2.976947076678388981e-01 -5.183419858669020108e+00
7.417100398486309132e+01 2.598914526497850264e-01 -2.730451160738055272e+00
6.838584723798993537e+01 1.651571817456406466e-01 -3.131656682937523417e+00
6.558206963058819383e+01 2.331260561910916129e-01 -9.033197052799588622e-01
6.951149136911614335e+01 1.657385014616965524e-01 -6.168239967266587520e+00
6.909217429729528703e+01 2.368333237079657261e-01 -6.130972077454352132e+00
6.849426464687027760e+01 2.201532666135849747e-02 -2.771341107028407746e-02
6.930763255361165420e+01 1.643262039126826835e-01 -6.758488077402647676e+00
7.458752164460977951e+01 3.120925695148589196e-01 -4.631766062797206374e+00
8.164542504335170747e+01 1.953947628596121588e-01 -4.059045817911762777e-01
7.560385491825766735e+01 1.570942561470864141e-01 -3.462065325177971165e+00
6.911135958580000249e+01 2.254753689085421675e-01 -6.177280179840366259e+00
8.064783660703169232e+01 1.363056442718122152e-01 -2.918754008890394491e+00
6.854422429620849755e+01 4.121212366465227261e-01 -3.504050742003751662e+00
6.888580913419529850e+01 2.244167252849433025e-01 -5.342439983010557114e+00
6.908825191957882339e+01 2.526704011101381098e-01 -6.045927598565097760e+00
7.038782599693247732e+01 5.997015111863300829e-01 -6.700156456007987371e-01
6.907003811698831441e+01 2.570357578428439371e-01 -5.858893317355034824e+00
6.956164307896663956e+01 5.880975667127557038e-01 -3.288185683491278599e+00
6.922890652250771382e+01 2.695285252486378513e-01 -6.303710326566446476e+00
7.536313737787251910e+01 2.010896109450433511e-01 -5.370007058444824288e+00
6.932697796752079000e+01 1.594505123209101205e-01 -6.690682974841346109e+00
7.754842062413155190e+01 3.414773749406125325e-01 -1.760812998020732378e-01
6.638589456969781111e+01 5.796972462252453218e-01 -9.739230641275200551e-01
7.927649601760215603e+01 6.103600437478829965e-01 -3.191789952773352312e-01
6.932482524555129544e+01 1.360540827812458664e-01 -6.459294547538769748e+00
7.403965881131651372e+01 1.521276483373692479e-01 -2.883436452775495429e+00
6.941494194805427753e+01 2.634968764379239103e-01 -6.193789337005920714e+00
6.700409573378419736e+01 3.421919484527422006e-01 -4.927861933109731751e-01
6.918638699318444196e+01 1.869790409473668369e-01 -6.595465504119178313e+00
6.921458151057784391e+01 1.542502613913936116e-01 -6.579934180366589835e+00
6.948066532580565990e+01 1.375501721288194812e-01 -5.934748984590099141e+00
6.895210475442310383e+01 1.635831866553232594e-01 -5.315616488068782175e+00
6.898117434677780579e+01 1.966912998708195970e-01 -5.657450670359794209e+00
7.141966976165841174e+01 5.697217736105080615e-02 -3.116870129339551765e-01
7.642970531235772569e+01 3.595925714923389749e-01 -1.199014904636445999e+00
6.823130933449587587e+01 3.013221896760038820e-01 -2.767900854616160977e+00
6.923100186612589368e+01 1.352705671902871554e-01 -6.335746191733430344e+00
6.847852583567777174e+01 2.516048557467989166e-01 -3.780547761168064458e+00
8.062805945066510560e+01 3.964583889087592433e-02 -3.290560197593366709e+00
6.945350757128292685e+01 1.665646018137842965e-01 -6.352396503862932420e+00
6.902876891425248118e+01 1.318673829113913565e-01 -5.250696535481823801e+00
6.925986112002395600e+01 2.354544963889075027e-01 -6.627837784723521253e+00
7.696177870159604595e+01 5.675238817228117627e-01 -2.037381393647980377e-01
6.903868322669053725e+01 1.405884239993463458e-01 -5.397812283729595428e+00
8.331033712728337548e+01 5.690755463387941332e-03 -9.941975663594115886e-02
6.902518127599888942e+01 2.770685620862980425e-01 -5.601197762204287223e+00
6.953040605384688888e+01 1.537495143024013577e-01 -5.897631963051332527e+00
7.147191195604335689e+01 5.188616767625905402e-01 -1.674382783171465550e-01
6.912730905434987960e+01 2.786102148493703190e-01 -6.010637655987434158e+00
7.826823051607820503e+01 5.020638629555396193e-01 -6.251713880517544286e-01
6.873491047872181525e+01 1.801986909251153124e-01 -4.873642304020515681e+00
6.913525119022413890e+01 2.228765173102884301e-01 -6.364798602968261498e+00
6.903493631874221137e+01 2.694115539423169170e-01 -5.643109129395908141e+00
6.332038143793656815e+01 4.112885899188219452e-01 -1.464433987022486283e+00
6.928434470786315558e+01 2.275344913389590329e-01 -6.691129193134441877e+00
6.929020475915339716e+01 1.634159568701107623e-01 -6.753586271174413014e+00
7.407108750946431996e+01 4.005567115677451939e-01 -9.112314059780329822e-01
6.954304999615730765e+01 1.586828663759699831e-01 -5.930479737184521483e+00
6.905580899407537743e+01 7.326616964125958198e-01 -2.956255972611052218e+00
6.937645776617264914e+01 1.541198711888225881e-01 -6.562072822394066307e+00
6.935611523058594230e+01 1.956454092264890143e-01 -6.777218841849520281e+00
6.925823869325223825e+01 1.672433626487679625e-01 -6.753295000760600075e+00
6.950539499855747749e+01 1.484446959128654098e-01 -6.055491376419277039e+00
6.930983783057077119e+01 1.846840345185682131e-01 -6.820649521952908856e+00
6.937367256027570761e+01 1.616058689971801021e-01 -6.616898413114247646e+00
6.469297359114681001e+01 5.898694794832981536e-01 -2.046060943125790121e+00
6.950497975323960986e+01 1.795120181213627208e-01 -6.203868197570110432e+00
6.929569152759609096e+01 1.974801458300404211e-01 -6.812515072380073811e+00
6.942319435497216773e+01 1.696902032184412212e-01 -6.527673618754164409e+00
7.154030202940968763e+01 7.209759519188257970e-01 -1.590128731314951749e-01
6.296566100842849067e+01 4.094820869856359846e-01 -3.895335793500450006e+00
6.918016439703552578e+01 2.115948985617283340e-01 -6.562792011888155308e+00
6.909858949351928459e+01 2.328642696814910706e-01 -6.148631569999984059e+00
6.927511727476255032e+01 1.602884627580974386e-01 -6.710206315760737894e+00
6.923536557064780084e+01 1.886627944992346206e-01 -6.725876194035236288e+00
7.388883026769767071e+01 3.847736631524280582e-01 -1.801771865153557195e-01
7.507917406356322942e+01 1.695403437762292020e-01 -5.916069710097435319e+00
6.396801896015433186e+01 4.764355207977009066e-01 -3.510576434128780399e+00
6.905035895804364543e+01 2.264251441458298153e-01 -5.993726051990455161e+00
8.004275750543959589e+01 1.240759972453399362e-02 -2.824782390946439792e-01
6.912022932415781895e+01 1.505636452454667817e-01 -5.992427871344757406e+00
6.931654044989659269e+01 2.045670605992482016e-01 -6.795983851006367260e+00
6.952627192806487244e+01 2.274213845547664870e-01 -5.884917322771006098e+00
6.912617434523897941e+01 1.994746863680451898e-01 -6.229179671164899901e+00
6.923769420345294634e+01 2.319170245520244811e-01 -6.584002186891134478e+00
6.915368188099938607e+01 1.672341235473555343e-01 -6.352128760482272263e+00
6.931886559367549694e+01 1.849325136565227456e-01 -6.820852343484400393e+00
6.930425971595215628e+01 1.590709771963988717e-01 -6.724233944659479434e+00
6.900791076846937244e+01 7.232122485888407837e-02 -3.035261039533938110e+00
6.924832768524042592e+01 1.902274021293674233e-01 -6.803111050054477360e+00
6.935030817611399812e+01 2.142987042269346998e-01 -6.721704126148136282e+00
6.941101203087563931e+01 1.913335040149367616e-01 -6.556901992945173951e+00
8.201970231681147538e+01 2.147597596205373920e-03 -4.306833787927649149e-01
6.915527224416371155e+01 1.933427601482419211e-01 -6.426074122199411320e+00
6.921741441753600554e+01 2.194602251572449481e-01 -6.650949457187802949e+00
6.928223635325093710e+01 1.805901933123849890e-01 -6.796174246575445999e+00
7.525911762781824166e+01 2.326922523209000726e-01 -5.378708398292883608e+00
6.924261746032969711e+01 2.101638301374381401e-01 -6.688094305426004915e+00
7.572186524391857176e+01 2.216484178223165902e-01 -2.443383354616619485e+00
6.926736322038182436e+01 1.823560958756299533e-01 -6.799270726564607514e+00
6.923582464919979884e+01 1.694162784199218785e-01 -6.681694932525526376e+00
6.929988244782046536e+01 2.452532241212753150e-01 -6.573036823051447541e+00
6.931162163294446543e+01 2.344885305658208630e-01 -6.649256025410819504e+00
6.930441073517175710e+01 1.881123971631686875e-01 -6.821633905936378639e+00
6.940077423752988750e+01 1.854221007806200194e-01 -6.556670405808467272e+00
6.934954372542220824e+01 1.705989117818062228e-01 -6.751357859319943699e+00
6.926575919467330777e+01 1.841473368095098984e-01 -6.801230664878782584e+00
7.460586576155114358e+01 2.601480258423933267e-01 -5.398691598698520444e+00
6.933939073372987139e+01 1.624226697781299689e-01 -6.710389950129841630e+00
6.936550961806135263e+01 1.993212746853019746e-01 -6.677887926170666510e+00
6.933449579650368833e+01 1.740589346280819738e-01 -6.762824507690675446e+00
6.939606325264350062e+01 1.615961464938903414e-01 -6.617926644339276798e+00
6.943680908396598284e+01 2.101917630333086651e-01 -6.349492043780050388e+00
7.466040056092373334e+01 2.299621800708909758e-01 -5.900055439710964578e+00
6.582580433906177575e+01 4.903176318690974367e-01 -9.943609092884677647e-01
7.442385641386417205e+01 2.165310092992024649e-01 -5.409459215175934865e+00
6.933353751539918619e+01 2.001879402008216735e-01 -6.767340311081643911e+00
6.917848238569476393e+01 1.861393351825602616e-01 -6.595368564809908740e+00
6.917410017814786727e+01 1.781174458041778763e-01 -6.580914014913729737e+00
6.943145197496228604e+01 2.036108503834420935e-01 -6.538639102512272316e+00
6.933318499659503686e+01 2.014205705647410527e-01 -6.764370810342404283e+00
7.436516231315360415e+01 1.858720781932591271e-01 -5.229707827592431357e+00
6.920017159958241848e+01 1.938110506221749074e-01 -6.595700463140396153e+00
6.950351173468625632e+01 1.739136531448092771e-01 -6.193406467518332903e+00
7.514929897336577369e+01 2.678879068021683962e-01 -4.887164634336090607e+00
6.937916741017808420e+01 1.882535590903471612e-01 -6.691820130723910687e+00
6.928081687695636504e+01 2.101318195750900564e-01 -6.760508568934714191e+00
7.408886531848224877e+01 1.046033393485330393e-01 -3.834043073844287441e+00
6.950142509195889318e+01 1.740029933451079369e-01 -6.193211485037818598e+00
6.911144796679361946e+01 1.780697979405161946e-01 -6.195426079293944177e+00
6.941220997409183724e+01 1.878728884930819243e-01 -6.558449883854316376e+00
6.924156048609535219e+01 1.911535332948426369e-01 -6.725384518914721887e+00
6.945754597475789183e+01 2.161416160429765199e-01 -6.331153571987488071e+00
6.944153592448788004e+01 1.840190567332007365e-01 -6.391359419002054842e+00
6.929953933840592128e+01 1.957530426278877578e-01 -6.815474051446338777e+00
6.964174168485730831e+01 1.556639252948102126e-01 -5.142992362088505409e+00
6.938676911533818270e+01 1.881671681915380312e-01 -6.692481606182395737e+00
6.925995445090701708e+01 2.175322583165851253e-01 -6.729564221811068059e+00
6.911400102596509498e+01 1.862767030788088085e-01 -6.219011465180290799e+00
6.929234595964112486e+01 1.924360391090485789e-01 -6.819394610962208780e+00
6.985606882855773847e+01 2.540737576491129968e-01 -3.113156568007476643e+00
6.934412238411263729e+01 1.835898241450282797e-01 -6.781041110212363776e+00
6.934810067340669093e+01 1.785045690803560570e-01 -6.774188399045608655e+00
7.485556272177326775e+01 1.432447583485483844e-01 -6.561067821068202299e+00
6.947560852247839591e+01 1.599097754358530521e-01 -6.320897663253758125e+00
6.936054343337742978e+01 1.807798841402434020e-01 -6.778484704354094781e+00
6.933876661339881764e+01 1.977608510798516128e-01 -6.772702732983676199e+00
6.911770472748841598e+01 1.766729338815774819e-01 -6.188965443147941947e+00
6.915724654778412628e+01 1.908537828409680170e-01 -6.424913525148635784e+00
6.912608877353915204e+01 2.310410514895812339e-01 -6.154172177190186055e+00
6.921642084135325490e+01 1.532215762065468612e-01 -6.570103328704142598e+00
6.918543129512359258e+01 1.922974758028855591e-01 -6.597299869589749122e+00
6.917205488711435635e+01 1.852680362965673511e-01 -6.594989085326518286e+00
6.929471785258945715e+01 1.943729940958389968e-01 -6.817313622503379911e+00
6.930718172968882129e+01 1.854215946315055652e-01 -6.821059010699202396e+00
6.931548987676964657e+01 1.911494019367772079e-01 -6.820720657686796251e+00
6.934338336188011453e+01 1.835704399638520279e-01 -6.780994737041711851e+00
6.925459738617635708e+01 1.900313990452108248e-01 -6.803052395971730171e+00
6.935212098872764841e+01 1.876921972265164218e-01 -6.783058850126751693e+00
6.927493316496634179e+01 1.935144868668579321e-01 -6.800360716594724408e+00
6.934416490010532641e+01 1.886547370189700368e-01 -6.782603079065410157e+00
6.927190096598177149e+01 1.927097880017802078e-01 -6.801146923572624736e+00
6.927212172386973066e+01 1.722382741635208880e-01 -6.774347349587718448e+00
6.939001741456890215e+01 1.898121517939307390e-01 -6.692331528449430245e+00
6.936969440289529132e+01 1.806254831581193265e-01 -6.686364805735928840e+00
6.939509605808697756e+01 1.869944431419715558e-01 -6.693172468552710974e+00
6.936268907273787931e+01 1.872312780435855251e-01 -6.690446623186516284e+00
6.935594084468394271e+01 1.956724262129125869e-01 -6.777169250460458372e+00
6.921961446097994042e+01 1.813253706472361115e-01 -6.720102894966572649e+00
6.926847857476195713e+01 1.928057358127085175e-01 -6.801128047863601367e+00
6.930786667878122387e+01 1.880047084631954191e-01 -6.821671303945540110e+00
6.932743718228107355e+01 1.916929813714970399e-01 -6.780263571652914045e+00
6.935437924746010196e+01 1.886484551071027360e-01 -6.783083139003993622e+00
6.937574353372421854e+01 1.916511153763209852e-01 -6.689972579080974313e+00
6.937794447519587493e+01 1.986622676695175838e-01 -6.680432096801660613e+00
6.934362197005212636e+01 1.888019864864858288e-01 -6.782547758717834441e+00
6.932097185860870070e+01 1.908790033201609726e-01 -6.820956498104045806e+00
6.930251588183080003e+01 1.885836098096907998e-01 -6.821569278901168154e+00
7.276075879151733261e+01 1.445405685581176158e-02 -6.473699073520437774e-02
8.791023475699896039e+01 6.523013333176839179e-01 -5.849770380022208949e-01
8.295382280574197864e+01 2.652573426743258800e-01 -1.281763485418886406e+00
7.047268334728221362e+01 3.224998087169747563e-01 -4.497412991878463329e-01
8.159233543108125275e+01 1.466745238463803003e-01 -8.208629492670903582e-01
8.278763531291670574e+01 2.909919973698736340e-01 -1.588238558719875293e+00
8.358971619783173423e+01 3.706784936247273787e-01 -1.744603675155520950e+00
8.561854033010496323e+01 3.195867372781709403e-01 -2.759777481719072889e-01
5.992640762645036290e+01 3.448521269674627021e-01 -2.948522369025109446e-01
8.804758776935776154e+01 5.612190322540876464e-01 -3.282324803720957362e-01
7.233606351909084253e+01 5.081197979835316847e-01 -6.267131201352826864e-01
7.896112638992330801e+01 4.809950490699148040e-01 -8.341282731892503410e-03
7.152308108358138838e+01 2.745324977207398987e-01 -5.159318957840550168e-02
6.270196096592395918e+01 2.356818700651833187e-01 -3.951443213526907972e+00
7.171603845168669977e+01 3.344991934653540611e-01 -4.137441030022298398e-03
7.320781524379515304e+01 1.257513500660308869e-01 -1.161664757916738427e-01
6.928062444217066229e+01 2.861925225710229559e-01 -6.219495649275797788e+00
6.485355080816286488e+01 7.385876135280984300e-01 -8.858420305506846670e-01
8.612021070731975669e+01 3.871228517550311388e-01 -1.341365982992057948e-01
8.100459592984384471e+01 4.973815026851579058e-01 -1.453377011901573201e-01
8.722907450388899520e+01 5.683204459600272873e-01 -8.704927718360941924e-01
6.752235915452364168e+01 2.401122140796786708e-01 -5.846219048762472253e-02
6.898849480469665707e+01 6.986195128759784545e-01 -3.115442672991085349e+00
6.016157708615325816e+01 5.853617120158070147e-02 -3.135154671582435215e-01
6.616651639907243521e+01 1.332877492080668247e-01 -3.114728216164920349e-01
6.813268010954607234e+01 4.757043264101109559e-01 -1.943493106848482199e+00
7.984491687073787602e+01 4.333171103133485191e-01 -6.963891135231010665e-01
7.419924158907306833e+01 6.742236296507604365e-01 -7.137290579449171446e-01
8.665844113111133140e+01 3.768373448953033500e-01 -5.892291374644349072e-02
7.568403100672593098e+01 6.710611893630884506e-01 -1.129234997951549246e+00
6.418197022386408435e+01 6.575168071967876227e-01 -4.535544952629573245e+00
7.819133659325909491e+01 4.560399680369558451e-01 -2.861854228689161839e-01
6.379649479235360587e+01 1.190787847288435897e-01 -1.572580213920174774e+00
6.623889331157175775e+01 1.857400238790999358e-01 -4.400874514649200653e-01
7.538667107383024302e+01 4.284232081739682285e-01 -2.983865548446290816e+00
8.463982292636380578e+01 5.933524314404644562e-01 -8.016949805241074811e-01
7.349510156944302253e+01 1.953421115184555967e-01 -8.922305393790071204e-02
8.897198097431792974e+01 6.416968375684887205e-01 -4.655691238820411360e-01
7.910364166826185794e+01 6.865352297374527346e-01 -2.257180918454073371e-01
8.033060984439326546e+01 2.295582968286979664e-01 -1.690696758246884812e+00
8.213016940665787047e+01 3.598743977977437308e-02 -1.867027292360815771e+00
6.863918272941586451e+01 1.779209243130881746e-01 -4.575034914207998682e+00
8.177651791456047192e+01 6.563594263276788243e-02 -1.799927727721489568e+00
7.963304521196560870e+01 1.678709580262689183e-01 -1.147772125070945837e+00
7.768640970138487489e+01 9.263127903677556563e-02 -2.086688824918398133e+00
6.171020009112243798e+01 5.224910869922003709e-01 -4.965342338979283343e-01
7.494523061594001945e+01 4.548756345646914889e-01 -2.753835856284574835e+00
6.296530794514481499e+01 2.491721210620772009e-01 -4.243970594182436606e+00
7.711269653078865360e+01 2.013786505624656220e-01 -4.743494193869694509e-01
7.299297056741687584e+01 7.162682171452127156e-01 -5.978754511288519868e-01
6.214965259960965938e+01 1.759038001641159976e-01 -1.890607718982808272e-01
6.836913499535809535e+01 4.408478614464572676e-01 -3.037792361702431609e+00
8.326105239217721987e+01 7.703157562203476472e-01 -4.993687620631290791e-01
6.201290372246977967e+01 9.903775906175379951e-02 -2.028198760918800969e-01
6.586977023618049998e+01 7.321557832245342290e-01 -1.104040541002804909e+00
6.660366158987305596e+01 3.920278865132325041e-01 -2.219835918964234434e-01
8.646010605917652470e+01 5.560552612417434259e-01 -5.825952322838779951e-01
7.484910668974880821e+01 4.703839756071970801e-01 -2.649282230283280359e+00
6.109921080500995316e+01 7.426418388618577504e-02 -3.190736351155255002e-01
6.960612772360487099e+01 6.052882803801765688e-01 -3.082762446269454948e+00
6.528375648116110597e+01 2.961966536332956146e-01 -5.405237930206722163e-01
7.618275804043845767e+01 6.273188652132319909e-01 -1.111917405757461674e+00
7.650822266563960738e+01 7.519999281337739205e-01 -3.608157578625168505e-01
7.188969700713141719e+01 8.415415731796364873e-02 -1.790668597778349858e-01
8.245061353385780478e+01 4.503573493559037688e-02 -2.302430031235943364e+00
6.039699627460899478e+01 5.357872478451762843e-01 -6.542190831191146971e-01
8.385227090325730614e+01 7.910602742296699574e-01 -7.900807103287328381e-01
8.473232953121797095e+01 1.533353982451582387e-01 -1.842488308349459203e+00
6.455122844007848926e+01 5.491563902777760742e-01 -3.008349863909375976e+00
8.530902312159966527e+01 5.183656775295866215e-01 -3.047830739196311090e-01
8.754995007438805033e+01 1.116977127874686504e-01 -1.708773701677302581e+00
8.943060760664164377e+01 2.881299743761786547e-02 -5.269914020569524959e-01
8.022482682176615754e+01 4.916204219996411773e-01 -8.041505675429516664e-01
7.865075387785964267e+01 6.140236868438853080e-01 -8.668480498009627500e-01
7.679269129157303553e+01 6.197843465478725111e-01 -4.386462642132197831e-01
6.403106108592737655e+01 5.424107889325491261e-01 -3.930481419926411757e+00
8.529597162854098258e+01 1.393129129266827693e-01 -1.019356795969911689e+00
7.102684930480491232e+01 5.867009255964256154e-01 -9.301079317288120374e-02
8.135907305705759995e+01 3.077561247275645839e-01 -5.302192774426318228e-02
7.790335284220293488e+01 7.956582349178641100e-03 -2.387721223686283256e+00
8.869698214718322049e+01 6.351455890632823342e-01 -1.970398551240336027e-01
8.695501833813833059e+01 2.091275011602757028e-01 -3.512698013929281271e-01
6.721172987872974147e+01 4.150232411185623693e-01 -8.079154814491521508e-01
6.255348849954977197e+01 2.225323547648199174e-01 -2.487999340315765195e+00
8.070445400830327287e+01 2.606175930478489833e-01 -8.032560829288555304e-01
7.011823481626797161e+01 7.528712048338280782e-01 -1.193880360668073237e+00
6.710454962166599557e+01 7.655831106194463942e-01 -7.459433417052970805e-01
7.384710567695447025e+01 4.013535754157893098e-01 -7.160928060147173091e-02
7.742150344517172300e+01 5.773267999046242105e-01 -9.404341611242456045e-02
6.545706655483517977e+01 4.170716634247531585e-01 -5.216129845436132673e-01
6.061992914731007431e+01 5.219956547721415346e-02 -6.029271880079419693e-02
7.584964374464331627e+01 7.107735281210092460e-01 -8.974893592408715870e-01
6.778213869238909695e+01 7.819457080727771903e-01 -1.088826717704754199e-01
7.079000150208901232e+01 3.606040058601812648e-01 -3.484160976062857240e-01
6.983332863368367782e+01 7.982627961639434666e-01 -1.707459598527805378e+00
8.438225241588534686e+01 3.380631762294585840e-01 -1.543243820941464728e+00
6.141054196492854089e+01 6.928290073326937026e-01 -1.102751378792925951e+00
7.436709325651506219e+01 7.263690022895645804e-01 -1.326675801859170445e+00
8.830593529201672709e+01 2.196910238276297833e-02 -7.203048841057942964e-01
6.329352189543747897e+01 3.543852801439049127e-01 -1.689089101972588214e+00
6.928168886475383204e+01 1.791433040549214595e-01 -6.793529563685173578e+00
6.761697276100436227e+01 6.141910575168452180e-01 -9.340840162643308103e-03
6.927647460437621874e+01 1.962364519695126153e-01 -6.796963671930518203e+00
6.929944468835081750e+01 1.812609390665752829e-01 -6.817141494686668857e+00
6.931368375335416943e+01 1.966851037639134880e-01 -6.814270455078017541e+00
6.933029391439620781e+01 1.929770031136513464e-01 -6.779228462410380907e+00
6.935756643727262372e+01 1.854745034633543121e-01 -6.782797302556217822e+00
6.930741708029454173e+01 1.748067555712886356e-01 -6.803366420015591665e+00
6.927635350565013539e+01 1.734447548425837871e-01 -6.778420524810449876e+00
6.378720559012489133e+01 5.998029393952239996e-01 -1.745729740808912744e+00
6.934774186097546078e+01 1.969757172143840052e-01 -6.774622150551348199e+00
6.937100868967634426e+01 1.719854400197935451e-01 -6.666030000576659731e+00
6.856399217629909515e+01 3.051584075633607673e-01 -4.133377598805243025e+00
6.928573959558262629e+01 1.857856024015841212e-01 -6.821072007771722845e+00
6.936085831404000146e+01 1.752323219236250895e-01 -6.766935795000285303e+00
6.929477635669000790e+01 1.771580562692647021e-01 -6.809587183891854245e+00
6.932245768935985097e+01 1.862108910551963925e-01 -6.781519018551476208e+00
6.926417733342580618e+01 1.894993628989684320e-01 -6.802993824772099352e+00
6.937414814467379642e+01 1.958336065796650871e-01 -6.685004810216919502e+00
6.933459366895628762e+01 1.982105549243403930e-01 -6.771602155369783382e+00
6.929141808300633443e+01 1.970307466878141733e-01 -6.813222829244994116e+00
7.614825651416794017e+01 2.680511776979211391e-01 -2.384281420440766297e+00
6.933266388098904542e+01 1.788566851270365632e-01 -6.774317924813992420e+00
6.564758892145815139e+01 1.674106820404699589e-02 -9.021276872066658417e-03
6.931881373455881601e+01 1.779817866184249808e-01 -6.811330313155129268e+00
6.119771014463252357e+01 5.526356030094323746e-01 -1.615986981386129839e+00
7.108819139799939535e+01 7.887521178616170303e-01 -3.798128257444879918e-01
7.531641016577823677e+01 7.336113786197444309e-02 -4.610927521827123954e+00
8.450577000115990245e+01 3.720516618618814331e-01 -1.341952941522877918e+00
7.865490152893137576e+01 7.803450296851488499e-01 -8.967079352955408256e-01
8.695380981447047475e+01 3.873837245457742440e-01 -1.484121066757947138e-01
8.331721110133261732e+01 7.436814596964076429e-01 -6.027980357291521374e-01
6.578735500611308851e+01 7.679283488971794247e-01 -6.858020925785109911e-01
6.289056221978510308e+01 2.968126226905618559e-01 -4.615532586993820630e+00
7.760986895414310993e+01 3.303103274970906611e-01 -1.722580597268786040e-01
6.543261290228070948e+01 2.716717751766192790e-01 -8.227174659021674330e-01
7.937933398363607296e+01 1.085244490851523802e-01 -1.185569018780396222e+00
8.394500252117120453e+01 6.049395341983910823e-01 -9.718125188721074004e-01
7.473976728841003592e+01 2.414967393444849564e-01 -5.627846004764832877e+00
8.718715664423254452e+01 6.963640047178094872e-02 -2.984925024488344736e+00
8.825357222009253633e+01 5.031930126080927934e-01 -8.677223254324961665e-02
8.741166014606932322e+01 5.307564626604148739e-01 -6.197171878192239136e-01
8.592086620121179408e+01 6.263687306643976882e-01 -3.320260997061946773e-01
8.549962937396321649e+01 5.935414422274231105e-01 -2.260743236466910278e-01
6.156376769334179500e+01 2.902613091910934418e-01 -1.751065254622251599e-01
8.106293762965316319e+01 4.202290005180875920e-01 -4.724819187780159718e-02
7.747295616388353778e+01 7.102830902554463366e-01 -1.736147368225038345e-01
7.507364644753498339e+01 1.842125427376154201e-01 -5.800140134258259472e+00
6.437552553985615589e+01 3.536003185006861838e-01 -2.831103580198957470e+00
7.405010691498006281e+01 9.031597255658585510e-02 -3.483268075584543322e+00
6.998083738145702171e+01 8.364278159514532129e-02 -1.218724937893767013e+00
8.904786315518920503e+01 5.248379859351696153e-01 -4.645955782060127714e-01
7.620622387056570801e+01 7.024355038604348511e-01 -9.650593895052915761e-01
8.930616009618891837e+01 1.311140447780688792e-02 -2.149974205636445423e-01
6.450688950863181503e+01 1.824134162424455030e-01 -9.581370673292444184e-01
7.964435537429207557e+01 6.206724853232487016e-01 -5.929862602124176263e-01
6.642051962986302271e+01 4.321466033609892010e-01 -7.856722376574369893e-01
6.382710443182757842e+01 6.649732065794404789e-01 -1.878813855501308083e+00
7.682468599881133287e+01 1.530949900303623379e-01 -1.654435296609398032e+00
6.329022472626660090e+01 1.340469550778144725e-01 -1.665038076451689886e+00
6.225186587197448773e+01 7.546759537476810387e-01 -2.464717459743421546e-01
6.004379595113793755e+01 5.476592357809372258e-01 -1.077044143538525844e+00
6.825189044906474578e+01 7.491637595847674413e-01 -1.920635293732835480e+00
8.013116340062471465e+01 2.625786553982630833e-01 -1.179553842979200073e+00
6.080357981785972754e+01 5.156342943684588676e-01 -1.504503876410476559e+00
7.368086989455350988e+01 5.580127068275049507e-02 -9.786900366471176227e-01
7.347002946798508560e+01 5.076633017037454065e-01 -3.804062789098406339e-01
7.259016701235226776e+01 5.086690518523479410e-04 -4.044857284392409547e+00
8.357412027277200650e+01 2.865271174910050123e-01 -2.022620331346354661e+00
7.917354575469511246e+01 3.656138574388769769e-01 -9.645709500232230171e-02
8.500864266113958934e+01 3.965660409886155868e-01 -6.457972505411275765e-01
8.832172185319070934e+01 3.499667474479324358e-01 -4.470888485559209495e-04
6.197307740579685031e+01 1.924911093921230221e-01 -2.584546589542654777e-04
6.257771031565981446e+01 6.922319900925840708e-01 -2.308941769524482712e+00
6.912487791769976297e+01 4.849498505919540015e-01 -4.269042562654068895e+00
6.476201753824116736e+01 3.260596180142485423e-01 -7.964124215321526368e-01
7.562694722829304794e+01 1.419318356197207254e-01 -3.400729367671623038e+00
6.683482161102874386e+01 5.405570849364447206e-01 -8.962002470286355160e-02
7.329590418791846673e+01 2.019151851022183974e-01 -3.721145921771736031e-02
7.700005486836695923e+01 4.204473912113543960e-02 -1.098161823112697499e+00
6.103322907262999308e+01 4.276568956764816853e-01 -1.230295990553720076e+00
8.675125926966876477e+01 3.803381419048748047e-01 -7.478831327194106204e-02
7.243147011034504601e+01 3.396293385734306947e-01 -6.726724294912947988e-01
8.047148072294837107e+01 2.229594234574254763e-01 -1.743488595039565103e+00
8.276638845206241513e+01 6.768737680658502009e-01 -3.792850709676312548e-01
6.521470943612003168e+01 1.641438183844145249e-01 -4.605948560035840189e-01
7.142219757710387285e+01 4.905576997686325602e-01 -1.892001988091193132e-01
5.965840586319486505e+01 7.231293920856682877e-01 -7.650609250564615049e-01
6.851532202975533892e+01 5.815727303953184268e-01 -2.786543406080451035e+00
7.018039792336124094e+01 7.340949502405536009e-01 -1.056512395246441027e+00
6.301721753803959558e+01 6.857262239542490923e-01 -2.896565658819003630e+00
6.660256441730035704e+01 4.406770759002929805e-01 -1.928587733091704781e-01
7.085003452144982816e+01 2.766966037156978198e-01 -5.066164427601103082e-01
6.783524863973620711e+01 1.020802904222006396e-01 -1.107027943542478576e+00
6.763339105192535783e+01 5.679215241958620597e-01 -1.026059484059000694e-02
7.180621915211752082e+01 5.850805515342120122e-01 -5.337739684732872164e-02
8.584292922941111215e+01 2.317994001176088004e-02 -5.329371977772129343e-01
8.252294290127909449e+01 3.109394135611240895e-01 -1.783986841858882011e+00
7.840375816966596290e+01 6.554942012026843123e-01 -1.217167676166870383e+00
7.662823575126185460e+01 4.664634865439966638e-01 -7.151462616920654103e-01
8.887969651385637349e+01 7.161389899180825580e-01 -4.345264253922425657e-01
7.889735309405412522e+01 2.124129184894791023e-01 -3.756643907463661503e-01
8.495505292309674417e+01 7.756733908720493398e-01 -4.026799231213562535e-01
6.362135892901986978e+01 6.473859191102794286e-01 -9.382194568086184017e-01
7.428278937008218463e+01 4.044885863048689467e-01 -2.407456523880981969e+00
8.140059555259725244e+01 4.089640491898619001e-01 -3.525875307852184559e-02
7.198828010204491079e+01 5.685390832621087936e-02 -2.413607181667576096e-01
6.941483143801046651e+01 1.211747401824266462e-01 -5.961217163612054115e+00
8.425799537784469351e+01 2.480848979333840354e-01 -1.976103770602700926e+00
8.223941325934509905e+01 5.744331468823573594e-01 -1.430647665861098650e-01
8.775994485662388911e+01 4.596923474528436526e-01 -2.581021556965521491e-01
7.292822814878849158e+01 6.115005507700337350e-01 -6.612873963538163924e-01
8.187754539723830760e+01 1.470028906682905034e-01 -1.214414310013065545e+00
7.050091996695694263e+01 2.615485022791222414e-02 -7.657285920432277404e-01
6.732603052307121061e+01 3.147221872873250392e-01 -6.330481591744917536e-01
8.074810711754770409e+01 2.309328859429541358e-01 -1.085221679841454456e+00
6.969538468242355123e+01 7.963619030601774007e-01 -2.017504161379810146e+00
8.646539431141820842e+01 4.764754335806777874e-01 -3.372767589751344275e-01
7.805271435213975906e+01 6.621849139487649971e-01 -3.897189842581423869e-01
8.159177666797823747e+01 2.320528304344793291e-01 -2.280497968516653484e-01
6.029567736811075207e+01 6.393295266513843167e-01 -1.085363913533252012e+00
6.617610989713433867e+01 1.170502350423760635e-01 -2.499210286051840313e-01
8.319697441029907736e+01 3.836927315481289402e-02 -1.796612767059064253e-01
7.591152059340168989e+01 1.726395023437556908e-01 -2.325905836274573701e+00
6.864081891868107732e+01 4.490918792097434720e-01 -3.621141645008988164e+00
7.012772887958189472e+01 1.873935895693254472e-01 -5.019947824051023133e-01
7.409284718921016122e+01 3.078003438275362935e-01 -1.859719470741130642e+00
6.916213018040205895e+01 2.778287102309754952e-01 -6.137844630160425474e+00
6.909030842877254486e+01 1.726092345895223756e-01 -5.947733122408414452e+00
6.918135415339411054e+01 4.017687072144178195e-01 -4.991747630980424510e+00
6.998288005838411152e+01 1.580035962899361823e-01 -1.688748634534619875e+00
6.296411943749202322e+01 3.777959607184562807e-01 -3.975276568272511302e+00
6.852344942452414500e+01 1.802283597788416347e-01 -4.004143623351196446e+00
7.536804583346217612e+01 2.293791169927573981e-01 -5.119701783258093997e+00
6.077706822033917433e+01 1.198647640999891406e-01 -8.525897371455869456e-01
7.492564316933554380e+01 1.499345973581681091e-01 -6.227925084243065790e+00
7.929784108890343930e+01 4.777882645533442219e-01 -2.311599764193601747e-01
6.868210335942494282e+01 1.328786238347465232e-01 -4.204908144549666993e+00
7.204265694012731558e+01 1.409049751259330019e-01 -2.109648443935493445e-01
6.838719389424041140e+01 1.374332716335164573e-01 -2.825207794499047242e+00
7.080617062158731301e+01 1.997167267236568955e-01 -9.959569366745553154e-01
6.981611012621152668e+01 4.269412207674881943e-01 -2.628324147182506731e+00
6.760810129697797777e+01 2.405484614851413072e-01 -1.085941364384372804e-01
6.332000685476295132e+01 2.203099293557630924e-03 -3.446366999034530809e-01
6.980463510951432227e+01 2.438712827111461090e-01 -3.562608321968901759e+00
6.935127933288619317e+01 1.933411901238911712e-01 -6.779936397943277626e+00
7.497701110380241118e+01 1.426424661812893124e-01 -6.129545629165306764e+00
6.316993978641782803e+01 3.392577472356754775e-01 -2.553031144793129759e+00
7.014215819102309979e+01 1.392241186402785880e-01 -4.057871731311595287e-01
7.283257733773530163e+01 4.521185822139995314e-01 -7.793514277330270135e-01
6.420856531494092678e+01 4.256326134231049885e-01 -4.068375277522982003e+00
6.387639164965342076e+01 2.843870255422386584e-01 -2.819388477432861695e+00
6.391229944485254322e+01 2.678426297057663330e-01 -3.042529817949080950e+00
7.487761481670945329e+01 2.054510992241709022e-01 -5.829114007759853777e+00
7.923243078293215547e+01 4.590103195611844322e-02 -1.318675916298064799e+00
6.929302339260605947e+01 1.649057036978796020e-01 -6.762097518778460881e+00
7.464607880596997802e+01 9.666432806932885938e-03 -4.267221904633133889e-01
7.841028994173549904e+01 5.457186047508788551e-01 -1.039412877420896608e+00
7.486052030185547324e+01 1.292727969997478077e-01 -6.570172446535759825e+00
7.898369078645633579e+01 4.416849446504784726e-01 -7.140070772122475646e-04
6.461689118292761691e+01 6.624322414933497827e-02 -1.088523316594348922e-01
7.583530660306340110e+01 3.452600528892426079e-01 -1.850362103562200655e+00
7.500787044782740054e+01 1.311937993882723585e-01 -6.031929032686107028e+00
6.276291271317729326e+01 4.572909740630267672e-01 -4.283814241817773372e+00
6.891648246452393778e+01 3.690815841115278606e-01 -4.759574161732046171e+00
6.920650423415592911e+01 1.697301049263559847e-01 -6.545747985802107038e+00
6.826865724326002294e+01 4.103320621193985440e-01 -2.718309738527433961e+00
6.903029981626286826e+01 1.807511383993598564e-01 -5.782560028696818399e+00
7.473597040624186150e+01 1.495980918404693494e-01 -6.830482901146647023e+00
7.849943676088159350e+01 8.345595973593838979e-02 -4.817897721659906707e-01
6.503540988583532112e+01 3.723664026222694599e-04 -2.505342157216667420e+00
6.756390508157954855e+01 3.581885987575765817e-01 -3.012317695435729262e-02
6.076389593148059021e+01 3.815019190915960867e-02 -7.906079318007530610e-02
6.333432881044605978e+01 4.389411410624887155e-01 -1.424020950203900515e+00
6.109236919952464007e+01 5.421800142784555070e-03 -2.068761547838397608e+00
7.413273673421478804e+01 1.387562822305961896e-01 -3.926003346034547370e+00
6.945557901951599433e+01 2.085916812937348708e-01 -6.358221917877174612e+00
6.921500727172826828e+01 3.147715803100296639e-01 -5.882770001952226657e+00
6.901147560525106428e+01 1.979507528150536433e-01 -5.654737243053665097e+00
6.868586425100608039e+01 1.078225721025178468e-01 -3.634461229384442937e+00
7.001393494537981610e+01 3.324606594119154379e-01 -1.240584470535886163e+00
7.480525984450092380e+01 1.643990028904048495e-01 -6.578967203439842315e+00
7.329618882383623202e+01 2.636420665405533881e-01 -1.052035990411991501e-01
6.903416136502563916e+01 1.594019519231949511e-01 -5.633308726523297061e+00
6.893593981458997177e+01 1.918492643036270873e-01 -5.373968907358096736e+00
6.762806818208912318e+01 1.426524156584659843e-02 -5.777487641312891720e-01
7.263682234642955393e+01 2.980242620970995904e-01 -8.747059187381547307e-01
6.845774663317675390e+01 2.188476021687583983e-01 -3.759825474260093614e+00
6.653970217783225394e+01 1.810311426501615140e-02 -1.529625518220668612e-01
7.458771055959969942e+01 1.439841367585404652e-01 -6.931203703734353461e+00
6.942994260348378077e+01 1.918973491655744379e-01 -6.558916450588712976e+00
7.504417686734871040e+01 1.339281391173269553e-01 -5.999708731057292077e+00
6.658907127621993993e+01 3.716968808301960303e-01 -1.923142539131125484e-01
7.448424613733837418e+01 1.940303511717074714e-01 -5.987635562106175868e+00
7.474080593110372206e+01 1.413597429533792471e-01 -6.875081974691026332e+00
7.013006573792472409e+01 3.530048769955073107e-01 -8.323890113324143858e-01
7.497928377514787712e+01 1.499454277576181549e-01 -6.114292929032166590e+00
6.880451921180798536e+01 3.052092839057846674e-01 -4.914879518356398691e+00
6.692164401914450877e+01 2.582919596920289079e-02 -7.036997927639639938e-01
7.421693452785919476e+01 1.554921535788956199e-01 -4.528038868977207088e+00
6.930401700756492289e+01 1.971650063573741340e-01 -6.813254151689332794e+00
7.485649614505926763e+01 1.557295999121013352e-01 -6.497919904511694433e+00
6.964289252045580270e+01 2.448800227075323410e-01 -5.034042617447921586e+00
7.451128726122173873e+01 1.460745384554524573e-01 -6.769098176378014031e+00
7.504366951621480553e+01 1.422802923921978879e-01 -6.013774576431229590e+00
6.917131964345759343e+01 1.361279395087850175e-01 -6.012606700701744522e+00
6.904823192832878931e+01 2.350830059780352477e-01 -5.791411451666358623e+00
6.951497978030899105e+01 2.722136924936059965e-01 -5.610495998493867376e+00
6.924297619907711976e+01 1.998888432059289233e-01 -6.715672101945708405e+00
7.458912229766610835e+01 1.618666303458281275e-01 -6.765816406758632162e+00
7.429029861120497458e+01 1.317990618197616148e-01 -5.499311787958005127e+00
6.888459709131873865e+01 2.883186636097893052e-01 -5.155821152746950631e+00
7.416667317584895613e+01 1.624302971783704586e-01 -4.034697914599482793e+00
7.419487991002429794e+01 1.550088014771446587e-01 -4.537736619644507030e+00
6.879400311725161998e+01 2.683064250243474835e-01 -5.089908062509374886e+00
6.998670422151671744e+01 4.560042627260494676e-03 -1.212896835257867512e+00
6.956317851221419346e+01 2.081580516622792421e-01 -5.727014402683770378e+00
7.475194474424017699e+01 1.308640138046794632e-01 -6.898156493454790983e+00
6.906163725259133912e+01 1.931762910843222991e-01 -6.023929014465567278e+00
6.949070070821016998e+01 2.897069065372790964e-01 -5.672597105112918925e+00
6.914629870237629916e+01 2.177627606461782495e-01 -6.383286988383745530e+00
6.942233299324368545e+01 2.241503623099565246e-01 -6.456730892528317334e+00
6.932149565756762399e+01 2.656477829700081839e-01 -6.371457347165311980e+00
7.469723003276131124e+01 1.251216742806425530e-01 -7.008498032330192196e+00
6.901839574684326806e+01 2.453097995174395862e-01 -5.758880733749050407e+00
6.943814911765224451e+01 1.558184502243565861e-01 -6.450327216311429801e+00
6.921268484800786780e+01 2.057021343666227686e-01 -6.703017965621191010e+00
6.924838599359007674e+01 1.683316825627325097e-01 -6.759106961968845972e+00
6.930332088442126803e+01 2.028499642778034406e-01 -6.800500287058355298e+00
6.936592290389296522e+01 2.169694597838412453e-01 -6.618745751496288854e+00
6.940372988523147058e+01 2.271821307770364173e-01 -6.437908770555469395e+00
6.930557503859206747e+01 1.856505763172086876e-01 -6.821156804198361456e+00
6.924938071754198177e+01 2.091560021423364835e-01 -6.763970364404988445e+00
6.918767251462674039e+01 2.156419127833300586e-01 -6.548148884170942985e+00
6.913148584734432234e+01 1.921708297861479953e-01 -6.428267426874954893e+00
6.943554133549676521e+01 1.955155412400968462e-01 -6.555671466365876832e+00
6.975216987774460620e+01 2.826105692271052017e-01 -3.838401126122424678e+00
6.923273903481120328e+01 2.465693199087444221e-01 -6.486506848354536281e+00
6.932438387368139843e+01 2.225533413406108607e-01 -6.680044516327636295e+00
6.913660125492982900e+01 1.373625639821485500e-01 -6.039312466275391422e+00
7.478784264981734964e+01 1.426541954534643053e-01 -6.725967682367102185e+00
6.919696161739824447e+01 2.277271291283811117e-01 -6.493575079372686076e+00
7.475781945423491948e+01 2.226492929455403669e-01 -5.922143672793012570e+00
7.498840352695175682e+01 1.659639762327914936e-01 -6.031133582678934957e+00
6.939425081355443581e+01 1.579504930321409539e-01 -6.593119607315762742e+00
6.927567027340408856e+01 1.501510844071456408e-01 -6.621189254751204345e+00
6.898486471279566956e+01 2.120327119360780055e-01 -5.673856160566629114e+00
7.456622087233563434e+01 1.693712978233780364e-01 -6.676685218362846896e+00
6.923534765409752367e+01 1.752291264479940713e-01 -6.704321519769718130e+00
6.925936547604119653e+01 1.875793850739809199e-01 -6.803165562425241397e+00
6.931349035162227779e+01 2.093809053543792820e-01 -6.779985773425461382e+00
6.926358178144083411e+01 1.570478640716065077e-01 -6.686258059011464638e+00
6.939362132894873980e+01 2.170517933803899346e-01 -6.621506823585085577e+00
7.475689677178736758e+01 1.203998682376069135e-01 -6.873086403498872343e+00
6.928494405389976407e+01 1.753235612019135026e-01 -6.804990640217155828e+00
6.909613382740516840e+01 1.744353377104542191e-01 -6.182482262932043504e+00
6.933042500382339313e+01 1.619581102436480902e-01 -6.707410933312508483e+00
6.918208212262369727e+01 1.592958306804181934e-01 -6.482750857375323861e+00
6.927204713342221964e+01 1.961099778316694742e-01 -6.797213306466644234e+00
6.930839408075370045e+01 1.815778910538536628e-01 -6.817578347221157742e+00
6.905602474361046461e+01 1.402063142860671963e-01 -5.387655735763693166e+00
6.940073827528833306e+01 1.779804818263635013e-01 -6.548509918908056449e+00
6.929408258051499558e+01 2.143106961944901134e-01 -6.759615228934336528e+00
6.920308082813717476e+01 2.121270316982110105e-01 -6.559787306500884263e+00
6.919161132226015809e+01 1.763220528311017221e-01 -6.573838641753005696e+00
6.933484661946876315e+01 1.898333001744521020e-01 -6.781786914856577475e+00
6.944972299883001199e+01 1.733849650982981216e-01 -6.375666064260336441e+00
6.907997800634046826e+01 1.552719735938689616e-01 -5.812512679518443193e+00
7.811728501929815138e+01 8.181546405120943000e-02 -1.034611206511519388e+00
6.929659933568012775e+01 2.510345349216491218e-01 -6.528610802254755541e+00
6.941500391838404482e+01 1.933690455361936067e-01 -6.555608237594324095e+00
6.915462891113151045e+01 2.041026907427138937e-01 -6.417935538697935094e+00
6.911585461978188505e+01 1.969155087754948519e-01 -6.230521740061440106e+00
6.942279551994684539e+01 1.543911083375805182e-01 -6.437841943143898682e+00
6.918102950583616462e+01 1.870870089401964198e-01 -6.596015492287490289e+00
