7.780778242963688740e+01 1.844964185865364814e-01 -1.356559393990650897e-01
1.008551148154219419e+02 6.064733080405946275e-01 -8.412780605069165862e-02
9.144174316690498472e+01 2.699729772797781480e-01 -1.397912230676021883e+00
8.615692372507366770e+01 8.835436412639184611e-02 -9.171401209653421205e+00
9.081082301348990882e+01 7.775817835957686552e-02 -2.081833632497341213e+00
8.037148044083647846e+01 2.374677039910048082e-01 -1.017314742643307346e+00
9.099211173365836203e+01 1.211198783207512175e-01 -1.942517991840996938e+00
9.437128864016688112e+01 5.780410970617743116e-01 -3.093454977065424050e-01
8.152748496465819983e+01 6.779343007929137244e-01 -8.685025185262009728e-01
8.221867772833280696e+01 7.996802500658164448e-01 -9.317314105181986328e-01
9.922506447481065095e+01 7.702849206517110581e-01 -4.267382725197706173e-02
9.507529212513924222e+01 3.962475697419272080e-01 -1.351081359847306762e-01
8.648398310872725858e+01 6.420169877119204227e-02 -7.890411334549875200e+00
7.935445281121459971e+01 5.883568614854626233e-01 -6.724759986135546708e-01
8.885837721823470758e+01 2.938278870202184478e-01 -5.927190692842233766e+00
7.055354879956317404e+01 2.818009317084123055e-01 -6.413877561234699876e+00
9.006261383628913109e+01 3.142308276404024991e-01 -3.274857730860304628e+00
9.639193430816922614e+01 1.653052595017991122e-01 -2.179687444553194201e-02
8.394085034812914614e+01 5.176128178065657615e-01 -2.960273639500734522e+00
1.012196029382487836e+02 5.324838600108178222e-01 -1.244985078864206257e-01
8.075203350751858977e+01 6.129335460150664439e-01 -8.186947244907278876e-01
1.024589070273107154e+02 6.009343205791640996e-02 -3.840237734700624461e-01
9.227735892089225445e+01 2.267148155182353575e-01 -8.620165818105776090e-01
7.714788160755949775e+01 4.384720023467010286e-01 -2.046926455101638967e-02
9.323304799925858788e+01 8.216355950676766662e-02 -4.484722511647782905e-01
8.405193653683878097e+01 3.864534883203530335e-01 -3.836118687545658101e+00
7.442353148701020871e+01 4.621865375984398061e-01 -3.792670838179250659e-01
9.045113230998802578e+01 1.557718094748026805e-01 -2.654331480922603514e+00
8.534554078511060027e+01 5.063045738301291676e-01 -5.786302233416424023e+00
1.028724944597943818e+02 2.013404115347743051e-01 -8.311274974949025562e-01
7.760252110045408358e+01 2.178718547058249022e-01 -8.396964143497936961e-02
9.248468943255052466e+01 6.469316805903396750e-01 -4.465735587951484287e-01
8.548526941965403125e+01 7.124304476353006121e-01 -3.923470231310845602e+00
7.245584661557663253e+01 7.791004133344052729e-01 -1.957825057320285111e+00
9.971328465030140364e+01 1.187291402407508328e-01 -2.800914524143569562e-01
7.105329155525065232e+01 7.064504454734609196e-01 -5.210300789609283889e+00
7.209716060212369371e+01 4.132340082553518923e-01 -3.690111295752608989e+00
8.263705774631692691e+01 7.632137178489173390e-01 -1.274921065441225521e+00
8.919051421827950321e+01 7.843137840554210705e-01 -1.540095785217648228e+00
8.716050869558092984e+01 2.621609112801862040e-01 -1.031006212527933030e+01
8.941698242061976032e+01 5.526033797515477186e-01 -2.543764930396346102e+00
9.365538644356546172e+01 3.409608256979944074e-01 -2.758280416969153270e-01
9.688422574948924648e+01 5.206357042170478566e-02 -1.459402079914504380e-01
9.884133507596423840e+01 1.938010429479947727e-01 -1.498141877232316010e-01
9.455515563676269153e+01 6.365235037315487565e-01 -3.532758019627223467e-01
7.362162660796495572e+01 7.312507390947429187e-01 -5.646807935170111703e-01
9.567574712951821425e+01 3.788200786744663207e-01 -1.033051951850798983e-01
8.760577607394711208e+01 2.407475412331968045e-01 -1.010300477965568788e+01
9.183453361283247318e+01 3.480447955649224601e-01 -1.072375909169908104e+00
1.022681426158412563e+02 3.743065506610030457e-01 -4.471477883743779635e-01
8.957846537437298196e+01 6.916616542662584743e-01 -1.567656836722423508e+00
9.950081388591868858e+01 7.441378762818204873e-01 -1.274640553835532618e-02
7.910696033756723011e+01 3.625803597524336341e-01 -6.268482845014254901e-01
1.002358169610966883e+02 4.519436482333064053e-02 -2.535673204411820758e-01
1.019280471798502958e+02 4.899637844193602820e-01 -3.043513225364958830e-01
9.524998262916048475e+01 1.046467901946390722e-01 -5.779702868768028107e-02
8.449898871911140930e+01 6.591202099976982698e-01 -3.135508116579987625e+00
8.575705030936299522e+01 1.494064036665775919e-01 -9.863484134248317048e+00
7.145153774019196646e+01 5.973856578792280381e-01 -4.986930163042921471e+00
9.807501930850551730e+01 4.672247124581292432e-01 -2.209907010735030070e-02
7.954472607607632995e+01 4.307507590778857365e-01 -7.952416610025934141e-01
8.167294626868481089e+01 3.287781976866541167e-01 -1.336453471684471817e+00
7.875126056760242932e+01 5.481672981044972692e-01 -4.126689316453597267e-01
7.164103745159953007e+01 7.543004003446505124e-01 -3.464129329926810996e+00
8.307340673173557377e+01 6.839752724409717821e-01 -1.634344692388944198e+00
7.828946072890026642e+01 4.863179990464994162e-01 -3.382952021877609350e-01
7.473140205621059806e+01 2.716380349457011775e-02 -5.742034326131497668e-01
9.616793303411432703e+01 6.703771786254636433e-01 -3.556881565875533169e-01
1.037185317945082943e+02 5.273891885502147714e-01 -7.076206978228053446e-01
1.005256961316417375e+02 4.208511493566302608e-01 -9.811558646663000316e-02
7.273605223052182112e+01 4.459959753481939071e-01 -2.639637231102834658e+00
8.796180253390841131e+01 5.711881650872225880e-01 -4.459267566456465381e+00
8.018252548380257849e+01 3.013371984217836919e-01 -1.013838986184369295e+00
8.111049056676183966e+01 1.723869370668574819e-01 -1.134183608022703238e+00
7.678770865623224040e+01 7.402679027642489196e-01 -8.044773346594426625e-03
9.285037679572134550e+01 4.034648483027448163e-01 -4.948478571429618111e-01
7.624260169810133903e+01 6.288162664828456094e-01 -4.716980329416524398e-03
9.850170927026913148e+01 5.677988179616355602e-01 -3.644979418397880505e-02
7.541580500310170976e+01 2.521671967848644891e-01 -9.814167119603108003e-02
8.682277660005513553e+01 2.115685473084263357e-01 -1.124357585144988469e+01
7.512643550184978380e+01 1.378027036327704458e-01 -2.689632034836565988e-01
7.579445068655613227e+01 4.723856648354646248e-01 -2.788575082656585477e-02
8.474843435850522155e+01 3.432397469169850418e-02 -1.590150286002153468e+00
7.044287223959476307e+01 1.789549351230625140e-01 -5.335172544800351524e+00
1.032647193007467195e+02 2.329531623310584706e-03 -1.455269197427286054e-01
6.995727452588495510e+01 7.229747108903655795e-01 -6.745836794641964396e+00
9.402699054027267778e+01 9.536061485054021444e-03 -2.258334033380740291e-01
8.843949127112192343e+01 7.036714533312279363e-01 -2.560289243524479730e+00
9.671851307547197507e+01 6.505188925181589754e-01 -2.947753098228176327e-01
1.014877072672102400e+02 3.563901078220374496e-01 -2.904285043225394713e-01
1.039179609876353965e+02 3.059665732787715808e-01 -9.595822253735631913e-01
9.732410921216002464e+01 5.435094694494030376e-01 -1.482468894997239772e-01
7.649159244211033126e+01 9.729917727602666044e-02 -4.047041637902300953e-02
8.341439636384623668e+01 2.772215110342945432e-01 -3.257344004075734656e+00
7.399422554273361641e+01 4.981061182834496393e-01 -5.366853140348072371e-01
8.259230271322725514e+01 4.556269335817278443e-01 -1.647996150898966672e+00
7.299415746588545062e+01 2.338902661927307058e-02 -8.612852807170934266e-01
9.786229570859545390e+01 3.214472015569428964e-01 -2.507859457369323274e-03
6.958097457704815270e+01 1.352476132820268073e-01 -4.703556467975498201e+00
7.327672062887863547e+01 6.164810517853827054e-01 -1.173061442267961496e+00
9.914644731333184779e+01 7.203789129803686020e-01 -2.887580129856222311e-02
9.783346404133577323e+01 4.642671275488702287e-01 -4.880682743831394471e-02
8.884326042305468718e+01 3.663605843864706779e-01 -5.265898740033497560e+00
9.676651152467162831e+01 5.733336705862660532e-01 -2.217016948897243267e-01
9.073568155744915487e+01 6.198116532283877156e-01 -1.075644575995932106e+00
7.908826811668252788e+01 4.795983731321343813e-01 -5.603675302777868517e-01
8.912386449764187546e+01 2.777718004522767847e-01 -5.051568498588942191e+00
8.093767228709862138e+01 4.120134186349453387e-01 -1.019396317978533473e+00
9.298480242874427404e+01 7.155216524567895586e-01 -4.011217380262972476e-01
6.945827483078174680e+01 3.445093462580753885e-01 -7.504577964783919697e+00
7.732786645210164522e+01 5.112445519845717490e-01 -3.957941949193231890e-02
8.177732115845093119e+01 4.187028618010435466e-01 -1.189545715579553020e+00
7.090380637404381048e+01 6.448100716176535796e-01 -5.843804525207441536e+00
8.966365819480208188e+01 4.832685226027328418e-01 -2.424227253234728874e+00
8.469974833227442446e+01 6.317781844737938024e-02 -3.695615388052169603e+00
8.255624932041149577e+01 6.570201713031812440e-01 -1.236002300171327839e+00
9.712575706915077944e+01 6.782919784108152328e-01 -2.636799503253079990e-01
9.429007503472513463e+01 1.683173955456312987e-01 -1.365734320476168218e-01
7.664262146662464659e+01 1.077465188913890037e-01 -3.573134984225463662e-02
8.702783367454252073e+01 7.089070207249688060e-01 -4.009912892465701262e+00
1.031616268355046486e+02 7.844078771387104076e-01 -3.537953913747109436e-01
7.318325752637437631e+01 4.478853350687974633e-01 -1.767115124658053871e+00
8.558801770934334741e+01 3.228902745917490158e-01 -8.556200022443453790e+00
9.397324374299478222e+01 3.887234315053855749e-01 -2.224929809245292933e-01
1.001603650175010216e+02 5.834972227577400750e-01 -2.312764483210722963e-02
9.132609374854435202e+01 7.038859914526098827e-01 -6.780053934429774998e-01
9.494471267535963932e+01 5.856176429961019725e-01 -3.175332694537019718e-01
7.406607590267176988e+01 4.952800987760298534e-01 -5.399609682897607010e-01
7.982105219659509032e+01 3.132946486880955339e-01 -8.576943175162892175e-01
7.475786120903133281e+01 7.513564154511577220e-01 -1.029363061457418821e-01
7.753906988806801337e+01 1.509695172944988117e-01 -5.780986100979484260e-02
1.039241249854494242e+02 2.869179840713551033e-01 -9.994996585808212375e-01
9.232623597540143123e+01 2.995473864121148688e-01 -8.744338056310204665e-01
7.944412768069834385e+01 6.324944816211499621e-01 -6.377523902784373311e-01
7.857090849594754900e+01 9.188035252510787232e-02 -1.973803671870869580e-01
1.035624139563909836e+02 5.299502666941870999e-01 -5.736994026657050716e-01
8.942958573223732799e+01 1.306831466281650755e-01 -5.012607699738193645e+00
7.248649035045417577e+01 4.485348499983227676e-03 -5.001113464474812170e-02
7.070452356142055805e+01 5.150935277040052940e-01 -6.523978485846339659e+00
8.270380867841291206e+01 1.543226082215253259e-01 -2.045197005408875945e+00
7.541496944134728153e+01 5.645122474514722155e-01 -4.406533508499418939e-02
9.036367769778178172e+01 6.282038878454999642e-01 -1.257866583628266977e+00
9.860743302614883987e+01 2.957376267231733302e-01 -3.950418440092499928e-02
9.021683523271390470e+01 7.641858890687064365e-01 -9.668927871006108843e-01
8.418386771886946462e+01 7.714709495216174329e-01 -2.662761422257546418e+00
8.801083889249068193e+01 2.692553530001728368e-01 -8.099782555783670901e+00
8.663673190709617700e+01 2.542954311530047362e-01 -1.066415091443312413e+01
7.533430457321263418e+01 2.186021086120949752e-01 -9.895478112974982754e-02
8.034041602631086221e+01 3.364275053982430652e-01 -9.957347622125479747e-01
8.201090875498680077e+01 7.943139046623501898e-01 -9.385109265965472236e-01
9.120951511262731515e+01 6.926802627084739372e-01 -6.842291119601799920e-01
7.812719157020184468e+01 4.268543487433362760e-01 -2.562159949305613527e-01
7.266236259178468515e+01 1.986521654575303941e-01 -2.998987929329858027e+00
7.777459724190772761e+01 4.513211791134283946e-01 -1.608804611205299773e-01
1.027136384807774618e+02 6.890859141851160552e-02 -4.346221171260057914e-01
9.975855975755732175e+01 2.725462579940015131e-02 -2.302143201520377436e-01
1.023485615471554837e+02 7.296098385042428802e-01 -2.042762315508626358e-01
1.020183566667993489e+02 5.453571136830449584e-01 -2.511780826064372585e-01
9.734858328402188477e+01 1.819270294506971641e-01 -4.351747081152163715e-02
7.036991492397626757e+01 6.498369782760189395e-01 -6.546594599540755510e+00
8.084982859910131481e+01 5.249534031912376220e-01 -9.034300926030337520e-01
8.746428752212813151e+01 5.547953345635472377e-01 -5.078018160633392952e+00
9.620065971873000876e+01 3.722434402371109785e-01 -8.090530317896030277e-02
1.016947451601254500e+02 6.679179562698089878e-01 -1.665326806298471352e-01
7.332812764163467989e+01 3.208220473589589589e-02 -1.143920725679018480e+00
8.606017481846635064e+01 3.811349606409522028e-01 -8.040230058645887468e+00
9.517258339423955249e+01 6.014408766651402338e-01 -3.330216197834989789e-01
9.242421993067618757e+01 5.425388574636504924e-01 -5.714639202690811048e-01
9.464135510275693264e+01 1.863674129437896121e-01 -7.709276805794702814e-02
1.005706636273672387e+02 1.124566613141557564e-01 -3.584831180534196471e-01
1.013514036000665470e+02 7.553551556634389152e-01 -6.993714796906347342e-02
8.396064943674984704e+01 8.401086996276718732e-02 -3.033822934463501930e+00
7.457130768570158352e+01 2.124804121750670793e-01 -4.113823105581267403e-01
7.188636414923280427e+01 5.925284938481262254e-01 -3.886665691610733830e+00
9.572252075736074062e+01 2.447885544757837928e-01 -7.192657430550042537e-03
8.838297575813955120e+01 3.047848242549654474e-01 -6.770675414385777025e+00
9.373614196249086206e+01 1.668168709659723636e-01 -3.354415477536030199e-01
6.989118321945193202e+01 4.325229927798378005e-01 -7.505962265122995802e+00
8.627782641052205292e+01 1.262029577123603419e-01 -1.094088322762329923e+01
8.314325656660101060e+01 4.571358560024958995e-01 -2.331839506204016921e+00
9.807574368562595168e+01 3.598326181066727747e-01 -9.493815245573507993e-04
8.333244972710998866e+01 4.984134154384361470e-01 -2.157507565786230153e+00
9.194417762953789008e+01 4.705678635893968675e-02 -7.260822102542234813e-01
9.604336353875405052e+01 2.352637747739016183e-01 -5.222070463299518205e-03
9.953199377032302664e+01 2.038724688091985981e-01 -1.785248112157153677e-01
7.364849598830075195e+01 1.424857530412950435e-01 -1.379027750892937165e+00
8.482290404493281244e+01 6.116154436572851516e-01 -3.862477736496864544e+00
1.010139173557527101e+02 7.912789929806840483e-02 -3.625772615651217667e-01
8.016298571935980988e+01 9.661245261626985603e-02 -6.192308806052306824e-01
8.142003334567492345e+01 2.272727220824976024e-01 -1.226321662096772735e+00
1.029920428941317425e+02 1.455234369415447926e-02 -1.202809914485473697e-01
8.776194357903523269e+01 6.844896440127982151e-01 -3.507307728281765957e+00
7.615414785257928543e+01 7.418960489123593849e-01 -3.495086862409318984e-03
9.309053599324869310e+01 2.252428414295295361e-02 -3.061294143638452203e-01
8.536485502318636520e+01 5.060950433183798725e-02 -4.268476365360000635e+00
7.172338053899775900e+01 2.570204370230155799e-01 -4.925801840117907560e+00
9.837345083023443237e+01 3.354913633697994002e-01 -4.048318991918141777e-03
7.124919540926116213e+01 3.926466399638147697e-01 -5.763806953000960576e+00
7.575668816993545818e+01 4.041758635098801067e-01 -3.019564260453775142e-02
7.684791047606323389e+01 7.790387197706238886e-01 -7.467508108821145976e-03
9.024193597136248002e+01 1.595033594084220852e-01 -3.399513873629093741e+00
1.018539796803632385e+02 1.995644603422394303e-01 -5.011532405285904490e-01
9.493769752589145128e+01 2.900809448787277089e-01 -7.362939641449886552e-02
9.376912321322059540e+01 3.994990128016578379e-01 -2.958074754816141794e-01
7.903448779644868694e+01 2.227909290207391590e-01 -5.153494305773838047e-01
9.654017344461780681e+01 7.359577669522493482e-01 -3.687711735574255578e-01
1.024141565409292696e+02 3.048767595871128555e-01 -5.544544186749492676e-01
8.825108201048992385e+01 1.788223898883398444e-01 -8.670475052195964594e+00
9.913438396103012451e+01 7.680458723578797997e-01 -4.174764102644491770e-02
7.870269735172487913e+01 5.141390216861484452e-01 -4.314221553421182520e-01
7.112398999701059665e+01 3.478627342809681444e-01 -6.117648693928495973e+00
7.711274125727405249e+01 3.370368916269439463e-01 -3.225015649884017954e-02
7.796571105140486679e+01 3.893356138950276879e-01 -1.751801341042231175e-01
7.154748994208526369e+01 2.749934182724903531e-01 -5.013606067459186022e+00
9.087944770711693820e+01 4.136760924829827601e-01 -1.516914119609464873e+00
7.645683429251326402e+01 5.245360034351550516e-01 -2.887822497806533800e-03
8.712174160530419442e+01 1.572365813659610439e-03 -2.253853439527011421e-02
7.197979506668866634e+01 1.027346128809052128e-02 -1.165845805870145413e-01
7.405045509139057458e+01 4.813410736866938766e-01 -5.469245798940574055e-01
1.010752373144081844e+02 2.037406036341505300e-01 -4.172362408556003488e-01
7.317365248324070137e+01 2.861311692152094244e-01 -1.886158355106588136e+00
8.772901739534287913e+01 4.918852323847049957e-01 -5.264238996294918316e+00
7.812760588638998627e+01 7.119522153580856161e-01 -1.704300761494674799e-01
8.742017712833207099e+01 5.602136416664702662e-02 -7.195914326657126381e+00
8.177850265133436380e+01 4.658750500950630258e-01 -1.118754685949135297e+00
8.283603967749519370e+01 5.755937927896049855e-01 -1.610632365888672757e+00
1.014539142260126283e+02 6.093058660921714109e-01 -1.351933485247915345e-01
8.941814607666330517e+01 7.881579773180940052e-01 -1.274959495796791131e+00
7.225520363479634511e+01 6.754049322623604246e-01 -2.624831852454350134e+00
9.586402377871769431e+01 5.346808120758071992e-01 -2.488331450312750714e-01
9.860827031852174684e+01 1.115927111261588583e-01 -2.193725886615567611e-01
7.284850317528669450e+01 6.519391248934510719e-01 -1.805764363381205717e+00
8.006892609967272278e+01 8.971945744197656891e-02 -5.949444301061208584e-01
9.448728067497623329e+01 1.494347713034211989e-01 -1.351482371482048694e-01
9.946271411293673737e+01 6.681726668932809199e-01 -5.774411102920719817e-03
8.988758907854114000e+01 2.364368077192684492e-01 -3.454364845103277126e+00
8.215002295071758454e+01 5.893241655534574575e-01 -1.176052570563845157e+00
7.056808352836553411e+01 6.818831561982828804e-01 -6.136481545314726560e+00
1.005667277305635565e+02 2.322681951735592124e-02 -1.940029245090547083e-01
9.034924133442474670e+01 7.963821733971042649e-01 -9.156727536565775205e-01
9.765764023703322039e+01 6.031327446994523278e-01 -1.452203156195524814e-01
8.340533414656022160e+01 4.299188769779762609e-01 -2.438619426819947034e+00
8.535628511221399606e+01 3.812905316336668848e-01 -6.905355295643291313e+00
7.354012949059574566e+01 3.608431060656017708e-01 -1.483199904118472912e+00
8.460964648034561719e+01 1.845457649589567484e-01 -6.564076279703029648e+00
8.636191671352675314e+01 5.656412139596133093e-01 -5.698842013053787348e+00
1.028297010004282868e+02 2.138404375720843464e-01 -8.183140576136744837e-01
9.281450539209690476e+01 4.436530007270660381e-01 -4.866969208099576338e-01
1.008372138628717209e+02 2.255482115199625159e-01 -3.181664484906209789e-01
8.861613082444084455e+01 3.276609865814394951e-01 -5.591172759457395003e+00
8.655160568065743121e+01 6.473878143280705766e-01 -4.742890179221793900e+00
9.109649430405818293e+01 8.370158394520468836e-02 -1.672594669090617936e+00
8.101636086577296680e+01 7.537618631958718785e-02 -7.469303634778968748e-01
9.168786232822625948e+01 7.565172927655818835e-01 -5.527052738905001705e-01
7.968848866964152933e+01 4.374911930430697843e-02 -1.735704789110219803e-01
8.085957946042728395e+01 3.331392685854652758e-01 -1.094458109036376303e+00
8.505185538520517241e+01 6.594640245387060062e-01 -3.955522059794818635e+00
8.324030442874925484e+01 5.476649896873156953e-01 -1.989150085806014490e+00
8.806557374947581707e+01 5.803525035746154304e-01 -3.848695920215711386e+00
8.553215049675205250e+01 4.639301456862455209e-01 -6.317361830947387347e+00
9.223347725034143707e+01 2.635429843462998578e-01 -8.714133275471759310e-01
6.954585680954747318e+01 1.704922894134779654e-01 -5.582503677457124169e+00
7.762956847271183847e+01 7.189741971284027144e-01 -1.067921601417800848e-01
9.521368139013191012e+01 2.716059213936818373e-01 -3.433182683319713213e-02
7.432013711705481285e+01 5.379965082823475742e-01 -3.501436453198715215e-01
9.370733027025936224e+01 7.405405295768775487e-01 -3.883404843033212428e-01
7.567731358490769367e+01 5.544335713287633638e-01 -2.454886246777303327e-02
8.388356641723127893e+01 7.820160214641849183e-01 -2.296531983777604147e+00
9.145305622296447723e+01 9.731312466750324797e-02 -1.387615271541969175e+00
1.036845209732991009e+02 6.966550276123730789e-01 -5.209850631856860481e-01
9.573218260952626224e+01 2.972102417324553048e-01 -3.387251742707176466e-02
1.026325205989573988e+02 1.384400317837530259e-01 -7.121369696706689734e-01
7.394343095124935417e+01 6.932500896262396850e-01 -4.220638378552835634e-01
7.609059230822408892e+01 2.412939479163367373e-01 -2.989412213142757235e-02
9.261453378664243985e+01 5.277973079588820643e-02 -4.516607583733661668e-01
7.132759851607433177e+01 6.243293458249082883e-01 -4.906044640119749722e+00
9.801599097020641693e+01 1.652913783085899202e-01 -1.176416350989781812e-01
7.593335212187123773e+01 6.173756496729878585e-01 -1.150741770029206981e-02
7.004266361226164861e+01 4.506058897462796864e-01 -7.366472900167280180e+00
7.930129633532818900e+01 3.142679121905219697e-01 -7.600158829364199731e-01
7.030325835055415951e+01 4.790233402897036696e-01 -7.159292498062472809e+00
1.031506384254150532e+02 7.211601122780677553e-01 -3.952043780368537651e-01
8.235744785306876281e+01 5.987527768267708606e-01 -1.336108108523653026e+00
1.039829024869738703e+02 5.099237684095552225e-01 -7.286964065311155592e-01
1.002354751953880623e+02 1.311558795219238405e-01 -3.107267938368072357e-01
9.726235782102243377e+01 3.580197869263233024e-01 -1.607225578898703600e-02
8.416395649488943320e+01 3.134612725290998603e-02 -9.977742081749212399e-01
9.623757353463072661e+01 7.662496011550563590e-01 -4.406673211429654180e-01
7.695678846321339961e+01 6.350752690630953046e-01 -9.900559363054515019e-03
9.828772632684311361e+01 3.704759131269063643e-01 -6.862444536703631286e-04
9.313622586135822701e+01 4.059946396317951067e-01 -3.790117159293652782e-01
8.591647396227691047e+01 4.180453000123103280e-01 -7.428962997795376388e+00
9.419312600605611863e+01 6.782815352849071167e-02 -1.578498225228899821e-01
8.151558963605758379e+01 3.740710492733780729e-02 -2.584291439942700830e-01
7.529477999294557833e+01 5.024705087705879647e-01 -4.626775731519668783e-02
8.029930628719841934e+01 1.146046749178984830e-01 -7.732353793669870523e-01
7.473070243404643520e+01 4.386598568885331506e-01 -2.491799876442793715e-01
9.720079975204717471e+01 2.527112680828166313e-01 -4.561527390331990804e-03
9.993626753332870294e+01 7.463396931314586480e-01 -5.431696885911725670e-03
8.898575893201316944e+01 1.228194185730466237e-01 -7.119259224164975919e+00
8.196029349059904234e+01 5.002783565619489670e-01 -1.175816769939929785e+00
9.195884449147347084e+01 6.796031314114143740e-01 -6.018354944447295019e-01
8.151793912649922902e+01 1.601845997367873642e-01 -1.216544643033978135e+00
8.967384435277055843e+01 2.508150820996168373e-01 -4.276343977243585393e+00
7.716815203971553672e+01 2.811241604576454611e-02 -1.042685836717537340e-01
1.040250995579600044e+02 4.581025591664338315e-01 -8.119899556816261299e-01
8.278457466344832483e+01 4.347849159517479523e-01 -2.028863722518245982e+00
9.477898510616846295e+01 6.815298905373482485e-01 -3.977708129866013298e-01
8.497837852809365700e+01 7.699915192503800077e-01 -3.314381688532294756e+00
1.016655784707637480e+02 4.814456616980957171e-01 -2.303930783616683076e-01
9.661064644788280020e+01 9.220448060721699035e-02 -9.337851380037474891e-02
1.010256127657768133e+02 1.984121814282920337e-01 -4.234142942850633862e-01
8.802203233489841239e+01 7.309995312852370919e-01 -2.804338147300690309e+00
7.124890332958919714e+01 6.066419423368024644e-01 -4.940323953129102108e+00
9.154360455378044037e+01 7.410843730743095215e-01 -6.529706569926542192e-01
7.960606623686700800e+01 3.794873638430269844e-03 -1.269949389514258842e-01
7.689900603468846896e+01 1.226282746717383132e-01 -3.684948628964636319e-02
8.731060272541606082e+01 3.876374337045525031e-01 -7.798293405278434065e+00
7.802715486571121062e+01 1.000338077345057919e-01 -1.040947907938019473e-01
7.250055339547812139e+01 6.265140293673455707e-01 -2.267583671769971776e+00
9.203315578709145939e+01 1.451160082578620558e-01 -9.846565000588198835e-01
8.550487759556571632e+01 2.304900226499934091e-01 -9.303312456322633039e+00
1.030533143826642970e+02 4.539212820765525236e-01 -5.562740197684927779e-01
8.384725051048550881e+01 6.436310522396091471e-01 -2.391046905921926147e+00
9.888417270521469504e+01 5.691335140840249052e-01 -1.312070897484484376e-02
8.781057092167985445e+01 1.426574671903584335e-01 -1.036251820080499542e+01
9.491377197532014520e+01 4.475014339917991052e-02 -1.351582714641034466e-01
7.436517789374003939e+01 1.299583192612022153e-01 -8.069199200293039054e-01
8.507758557356854112e+01 4.416571163802973654e-01 -6.072041491000169877e+00
8.447685498134732995e+01 3.789900835094220377e-01 -5.426769897454732927e+00
7.365272125813544335e+01 3.996388098457610560e-01 -1.113577283749449975e+00
1.011076816876794453e+02 3.214178609133412357e-01 -2.595835614820734549e-01
7.636957443285126601e+01 5.392708729391503253e-01 -2.423400946863202027e-03
1.033942240489673168e+02 5.145232524914929995e-01 -5.962071968930787724e-01
8.404781665334151342e+01 5.521174254738610010e-01 -3.278406381431362426e+00
7.564706836227946951e+01 2.172802715345868718e-01 -6.199631083184243413e-02
7.009553401566469688e+01 2.352782737426006854e-01 -6.514670819391758627e+00
7.586207755361661498e+01 8.774854033453677316e-02 -7.741449782607980057e-02
7.089526108238395352e+01 5.914299552451599551e-01 -5.971036818029818782e+00
7.744585469704637148e+01 6.691075843973806059e-01 -6.255224971799136502e-02
8.059238872486096739e+01 5.927725361720277419e-01 -8.378896008695758679e-01
8.822771177542408338e+01 2.666046456801656195e-01 -8.165758662652706334e+00
7.818182551422441406e+01 2.420147066919246248e-01 -2.052010392978719511e-01
1.025184215221846955e+02 5.434536618726661106e-02 -3.439488856421593077e-01
8.699837700431527310e+01 7.934930808237489197e-01 -3.438514924285428709e+00
9.710338800349569510e+01 3.340228874111086932e-01 -1.969990263034535755e-02
9.383482084969702441e+01 5.057430038174232090e-01 -2.817089264377809488e-01
9.794086712384870452e+01 7.111335816012043232e-01 -1.621953148195774408e-01
9.850896197241752361e+01 2.159883788897946078e-01 -8.480567146172020287e-02
7.206326809070614559e+01 3.600686420800366244e-02 -1.110880624318356436e+00
8.648496680420302596e+01 5.959307103199479316e-02 -7.445524523619011070e+00
9.577477917094492454e+01 4.931944874096249598e-01 -2.038647211209971555e-01
9.110347864099225035e+01 2.822335859875586550e-01 -1.749183081100673887e+00
7.067942582735679480e+01 6.567566273890472761e-01 -6.214209968945289653e+00
9.527597643235111491e+01 7.184589227822825441e-02 -9.317200067763907467e-02
8.628958281513195061e+01 7.159449027063726767e-01 -4.278865647662358107e+00
8.930290926236415316e+01 3.487002844192627626e-01 -3.758570754668546510e+00
9.360922449297814296e+01 6.481205247051469165e-01 -3.492991298939231437e-01
1.023073522184276953e+02 3.730374266837173658e-01 -4.487777294233878944e-01
1.017264849565218867e+02 2.056939954655928604e-01 -4.949204604697343135e-01
9.275916281442489719e+01 4.307637323925107009e-01 -4.872563768661298256e-01
8.032227917187780974e+01 6.987075040992670738e-01 -7.226046398833002593e-01
7.857825316034053742e+01 1.682496833792270774e-01 -2.758153528388006537e-01
8.108500629163835072e+01 7.635001728917609753e-01 -7.495065570421733936e-01
7.268514890699998432e+01 7.527148140469167581e-01 -1.616626178442195361e+00
7.500687272698661445e+01 4.710089481853416693e-01 -1.485694123458616012e-01
8.313969096276171911e+01 6.090434185061551764e-01 -1.811415323776792263e+00
8.600673341527259197e+01 2.600969673225062562e-01 -1.022513847380919927e+01
9.632973916733760689e+01 5.235647511816845512e-01 -2.102875427963685206e-01
8.855351685501199199e+01 4.785084961201038212e-01 -4.165306780709700618e+00
9.957543403663089521e+01 2.006636384669025289e-02 -2.350048565642304799e-01
9.073075389307217620e+01 5.516278204030792276e-01 -1.209701120363905869e+00
7.158511670836168150e+01 2.989712490102539588e-01 -5.120229963663907036e+00
9.308256287932758255e+01 4.174273329204325478e-01 -3.785472933631557346e-01
7.336734724452746548e+01 7.516891784924845110e-01 -7.490662524926072763e-01
9.902041266696025446e+01 3.557952750571504730e-01 -2.849045271193203360e-02
1.005080110169088243e+02 7.867182130334035017e-01 -8.312520069595165026e-03
7.292491818961684658e+01 2.770405213388142940e-01 -2.298242203664943251e+00
8.004863475414327922e+01 4.093531179173778844e-01 -8.853875888256367288e-01
9.028139422773926981e+01 5.802586390957215068e-01 -1.372080961261575416e+00
9.009860038512083236e+01 6.222923326147041800e-01 -1.524210178039280716e+00
7.663949823544953688e+01 5.613598531814599779e-01 -3.165946734419995516e-03
7.920034684142869708e+01 4.019342256396739588e-01 -7.206131287313033429e-01
8.906846417544565497e+01 1.191573385085357012e-01 -5.919829455686874908e+00
1.037765020346605525e+02 1.864770348515406295e-01 -9.861911007547877750e-01
8.354821089684243418e+01 6.890174268501068067e-01 -2.247124774515536938e+00
9.788874330747003683e+01 3.107730546019792928e-01 -3.629155873014936612e-03
6.954382096488981801e+01 7.596429106419162747e-02 -2.462260562486356719e+00
7.418143808834312836e+01 1.107215009227598967e-01 -1.037198037546060547e+00
9.740693057295491997e+01 3.647034253402401394e-01 -1.917769217244147048e-02
7.489649876471861489e+01 6.391754264237161642e-01 -1.228354739899452930e-01
9.251935269702281062e+01 3.195166649836662653e-01 -6.655960133129283918e-01
9.411023468435067230e+01 7.234439520126323409e-01 -3.938854242389721594e-01
9.994811317377133264e+01 7.797858423375869652e-01 -5.863116153951295970e-03
7.035659109286228841e+01 3.404537872355032357e-01 -7.001850773258191829e+00
8.173143075365538834e+01 5.359153302973562738e-01 -1.023773623140547873e+00
9.615925387675791569e+01 1.574385936279213971e-01 -1.794604472995787320e-02
7.906673367173199551e+01 1.811180869866892695e-01 -4.870859015616450516e-01
8.243250605413992105e+01 2.913541900909912274e-01 -1.821698380010110085e+00
1.003002119586745238e+02 1.270182691325986817e-02 -1.996064244334076476e-01
8.663752275816779047e+01 1.800554394721984863e-01 -1.149787212092707023e+01
8.707633609694727284e+01 1.891715288162231501e-01 -1.143460379864819565e+01
8.699626842736640242e+01 2.031757354736328236e-01 -1.133099487765198887e+01
8.638243021185661519e+01 1.593140840530395674e-01 -1.125235209262920222e+01
8.626704139707587160e+01 2.426808357238769698e-01 -1.050377502885946690e+01
8.737432012319662533e+01 1.551933646202087458e-01 -1.109641744529238494e+01
8.681692224042126327e+01 2.518207550048828236e-01 -1.071090177162190926e+01
8.634023307892640275e+01 3.369919300079345925e-01 -9.140724036987126766e+00
8.755549501926407174e+01 1.248496174812316895e-01 -1.069519810818511019e+01
8.672247454461373195e+01 2.263781785964965876e-01 -1.106808375688325619e+01
8.713561143765922168e+01 2.630268335342407227e-01 -1.029476770361928217e+01
8.583247307763396350e+01 1.713165760040283314e-01 -1.070079879720491611e+01
8.684024641216711871e+01 1.251848340034484863e-01 -1.113171044605085669e+01
8.641789141668114382e+01 2.034957655663620357e-01 -1.133007168196242631e+01
8.677848163957995098e+01 2.445233345031738448e-01 -1.081995688017667412e+01
8.721637480114455343e+01 2.882008552551269531e-01 -9.896667953007797891e+00
8.747481473381503747e+01 2.009364128112793024e-01 -1.044753913358748143e+01
8.660105179647143814e+01 5.620477199554443914e-02 -7.074099895331676713e+00
8.705041004576980868e+01 1.435881733894348311e-01 -1.135206645652548474e+01
8.654337282368399542e+01 2.989207506179809570e-01 -9.899174830442053263e+00
8.600586162693700487e+01 2.173794031143188588e-01 -1.087969151033543902e+01
8.732126253657111192e+01 2.287693132921895245e-01 -1.078041305638273428e+01
8.699565581149823856e+01 2.850580930709838978e-01 -9.931123363493101763e+00
8.617834807397034069e+01 1.738087534904479980e-01 -1.125112100544842697e+01
8.641810594136416057e+01 3.210968971252441406e-01 -9.436375973038263254e+00
8.731679142206257893e+01 1.887474179267883412e-01 -1.111565472812072208e+01
8.689670178044055149e+01 1.917346358299255593e-01 -1.141273323815951279e+01
8.745217976984713459e+01 1.759422063827514870e-01 -1.115822013944661251e+01
8.660556874649125803e+01 1.665792942047119307e-01 -1.152598922697570138e+01
8.697792002654549037e+01 1.879988551139831765e-01 -1.143720846974530581e+01
8.615062754677839507e+01 1.783046245574951283e-01 -1.123462297484859107e+01
8.746331221752127760e+01 2.287012100219726618e-01 -1.021918410589078263e+01
8.634212901733963008e+01 2.578167200088500866e-01 -1.057720967093344022e+01
8.706321312395357381e+01 2.252427339553833008e-01 -1.079924978463374963e+01
8.744389336806008828e+01 2.106563329696655440e-01 -1.037906400196937895e+01
8.626026723671580498e+01 2.543212413787842019e-01 -1.031436993674236469e+01
8.607540060332199516e+01 1.459962010383606124e-01 -1.064743254747456191e+01
8.713745375251296821e+01 1.272739410400390569e-01 -1.110367321869710189e+01
8.702080539673839610e+01 2.288300752639770563e-01 -1.075419043104066219e+01
8.758000420222181504e+01 1.217473268508911244e-01 -1.062569843253265311e+01
8.552077522472444571e+01 2.043302774429321400e-01 -9.631674108038589921e+00
8.630336308865327055e+01 1.243330001831054743e-01 -1.090262409130111720e+01
8.702814950074233025e+01 1.378288745880127120e-01 -1.128059260835969724e+01
8.662879344051950170e+01 2.749319791793823353e-01 -1.032440495282834547e+01
8.642728755443894784e+01 1.263591170310974232e-01 -1.093280746343832810e+01
8.725719601423463700e+01 2.434422492980957142e-01 -1.058856306152008919e+01
8.753668258610942132e+01 1.119419097900390681e-01 -1.035922855813402421e+01
8.639912545717699288e+01 3.094286441802978627e-01 -9.653460851841558110e+00
8.679528289352467141e+01 2.891499757766723966e-01 -1.008406311204117500e+01
8.725576741548269410e+01 8.833382129669190008e-02 -9.726544544242949897e+00
8.669783252643051696e+01 1.945253729820251576e-01 -1.140959787352467636e+01
8.637984775556466843e+01 1.938762608231767437e-01 -1.112051790000900908e+01
8.678800237132494999e+01 1.811870328261482033e-01 -1.145967526220566057e+01
8.691732141756494912e+01 2.203246691206515173e-01 -1.115075135213763247e+01
8.683923672737157062e+01 2.099224533482874355e-01 -1.126105127705478992e+01
8.671824277909558987e+01 1.756154286745861270e-01 -1.151270866916462943e+01
8.700910916619750424e+01 2.117543697357177901e-01 -1.124956565726038527e+01
8.631159479588177419e+01 2.361526067739788959e-01 -1.091979005757278287e+01
8.651966761633215697e+01 2.221935877406707172e-01 -1.111515410550892113e+01
8.626764676286173028e+01 1.808561029855053626e-01 -1.121651584863001894e+01
8.612525012839310534e+01 2.082208531826813536e-01 -1.098682741686516451e+01
8.685649472328002219e+01 2.380000035147734061e-01 -1.091797757887747267e+01
8.698367764822685899e+01 2.129062427502023958e-01 -1.123646405123414205e+01
8.698881234338135471e+01 1.669623663906954769e-01 -1.148439101848303423e+01
8.623717476866849552e+01 2.468092776070851257e-01 -1.043876545631228403e+01
8.645587876622469992e+01 2.186277282927048260e-01 -1.116041941225412515e+01
8.738710677027864904e+01 1.420218130835783077e-01 -1.097510709531560380e+01
8.642580484199076807e+01 2.552468686465199643e-01 -1.062032229488315593e+01
8.716775940574576964e+01 2.171702651822566832e-01 -1.089438507087829677e+01
8.684883316700634737e+01 1.353454941564043723e-01 -1.130999143446997657e+01
8.722512130192018276e+01 1.342108966104524348e-01 -1.085595755714791188e+01
8.761827101552042052e+01 1.953610917175397921e-01 -1.049324533193932396e+01
8.680331352498217257e+01 2.376220890151442000e-01 -1.092093887321674650e+01
8.657250981836540404e+01 1.255284923306304312e-01 -1.114824598215485274e+01
8.632479881128399768e+01 2.221385717391967940e-01 -1.080491779993964307e+01
8.668601848833964141e+01 1.802652785926824874e-01 -1.149668242198467105e+01
8.646117662419857197e+01 1.702371771046162774e-01 -1.152548374513335538e+01
8.632534267954855522e+01 1.970991923899216847e-01 -1.109414824525267029e+01
8.658894911407996631e+01 1.565509729411311834e-01 -1.150584553973581592e+01
8.668851769572216881e+01 1.755419767563899669e-01 -1.151315901215309090e+01
8.635386567733110041e+01 2.181163211960870374e-01 -1.116646991595770722e+01
8.725223849122873787e+01 1.921885375746140712e-01 -1.109447889483272220e+01
8.688203339645197332e+01 1.517663598060607910e-01 -1.142136700482482325e+01
8.633582543297163170e+01 1.841676167034084488e-01 -1.119431075690735256e+01
8.716605604089578208e+01 1.266436971267649592e-01 -1.109104705343399111e+01
8.674610923601882462e+01 1.100431205650947430e-01 -1.073784787133107521e+01
8.722512985258731533e+01 2.067511042237832053e-01 -1.099456770562280639e+01
8.685167366379820919e+01 2.052562215400823842e-01 -1.130639697761507279e+01
8.697181169266663403e+01 2.225208687689670395e-01 -1.112687270434432918e+01
8.713556062706012995e+01 2.293104881645866289e-01 -1.075833829752782655e+01
8.677682431058204315e+01 1.304760291461821708e-01 -1.123472192245875156e+01
8.674259237939520517e+01 2.301650450269107362e-01 -1.102000707316418904e+01
8.740539064033393402e+01 1.691380410026259995e-01 -1.115247942534497838e+01
8.640463053186176978e+01 1.484820590737614965e-01 -1.120647336285195195e+01
8.702604067950200317e+01 1.163636189947268584e-01 -1.084554884014105980e+01
8.728209741259496468e+01 1.539048219708230025e-01 -1.108175634825332878e+01
8.599358158687130071e+01 1.919311263146558089e-01 -1.056144277864009418e+01
8.744190279050630465e+01 1.617066905157099610e-01 -1.113496897417033438e+01
8.680098483608995252e+01 1.316710946898308754e-01 -1.125426649418093739e+01
8.604710346471813409e+01 2.339597792311610136e-01 -1.064593022656078425e+01
8.662156389288237790e+01 1.946584967715711822e-01 -1.140874511355990428e+01
8.708412153508925257e+01 1.865838776639624774e-01 -1.144827150158996254e+01
8.686528015608321596e+01 1.588324541028718340e-01 -1.145990249880468248e+01
8.626220341845200323e+01 2.232409238815307728e-01 -1.079226082811855925e+01
8.711626612851920015e+01 1.657710529849447390e-01 -1.148663626066915633e+01
8.630549298401798808e+01 1.842681619243407010e-01 -1.119507445704187099e+01
8.647097691359826399e+01 1.593098913187608601e-01 -1.151686622126546666e+01
8.710712239469545182e+01 2.127627756189738872e-01 -1.093194278056291324e+01
8.726509501899413124e+01 1.953952777194142010e-01 -1.107799638003207754e+01
8.704375777803248582e+01 2.338800411652477151e-01 -1.069491234343972152e+01
8.701730522321206251e+01 1.514252503934465921e-01 -1.142216868642000982e+01
8.629921042185284819e+01 1.479349947975398538e-01 -1.120922701430800572e+01
8.693553300479251789e+01 1.417125949013842978e-01 -1.132872518161919650e+01
8.734902902793237445e+01 1.399971453415120026e-01 -1.094722725865466906e+01
8.654244304893235551e+01 2.096720758233906468e-01 -1.126579091715817604e+01
8.600328618365504951e+01 1.794144496038321823e-01 -1.065013294699934221e+01
8.696770150508261565e+01 1.634684440605986555e-01 -1.147772918497280337e+01
8.641940033502793028e+01 2.258963311124365658e-01 -1.106571152192013052e+01
8.662029932802084886e+01 2.187998287854351354e-01 -1.115860706427961446e+01
8.692678599727388189e+01 1.982703876442256652e-01 -1.136848292812080530e+01
8.670982181953941392e+01 2.254559677370041870e-01 -1.107914182225928634e+01
8.755762299900879952e+01 1.687684971334840467e-01 -1.051995769670668857e+01
8.633973541688273201e+01 1.924158698614271135e-01 -1.113450851996777047e+01
8.771131733141254472e+01 1.583360442233390786e-01 -1.049336871181590780e+01
8.674491779907148725e+01 1.944789966132383086e-01 -1.138867934802242665e+01
8.665690759529094578e+01 1.725614857547609349e-01 -1.152033366180620000e+01
8.718795411846944887e+01 1.836615275680915094e-01 -1.112382472244524223e+01
8.655551231037254922e+01 1.606750241067441132e-01 -1.151932081395709240e+01
8.673022067404582458e+01 1.619585582032603277e-01 -1.151974802542841125e+01
8.678158336873792678e+01 1.845212356211593241e-01 -1.144641059867062438e+01
8.685801055236782986e+01 1.932613601419939098e-01 -1.140146195283356789e+01
8.674255265230335965e+01 1.423576544477060946e-01 -1.140070064409110806e+01
8.642135930922674447e+01 1.797401171774689055e-01 -1.150035465459510320e+01
8.692750124464471639e+01 2.043055036444275108e-01 -1.131818021911749916e+01
8.669972996247805952e+01 1.628523772308035633e-01 -1.152170659301225086e+01
8.716686853056991424e+01 1.602913746881379775e-01 -1.111007288941665827e+01
8.648489746040021942e+01 1.895548502031558502e-01 -1.144653833882715865e+01
8.618299631995283505e+01 1.914504696501435066e-01 -1.114911887438643312e+01
8.674911801657520982e+01 1.859043361604710565e-01 -1.143885016490602702e+01
8.705360188146025280e+01 1.799175463462959201e-01 -1.147338069324650078e+01
8.652019633547467947e+01 1.758897596092105220e-01 -1.151341099562608683e+01
8.722835681421601350e+01 2.080810601239032887e-01 -1.098374891920813212e+01
8.677795272821946071e+01 1.557614461515073323e-01 -1.149951920883146705e+01
8.691592500795030674e+01 1.951056224246156268e-01 -1.139128693195056385e+01
8.656267960993736210e+01 1.427358079558098680e-01 -1.140880571889814910e+01
8.709929370449643216e+01 2.029984928365560770e-01 -1.101356987018427702e+01
8.690042768600415002e+01 1.644191154302526714e-01 -1.147775786335163417e+01
8.680986734390515380e+01 1.390818807600251172e-01 -1.136128266357445682e+01
8.659498687628493485e+01 1.460547094019487291e-01 -1.143969228110583813e+01
8.694471300223364096e+01 1.918024665703320919e-01 -1.141419493679284436e+01
8.703007088873476960e+01 1.944511415197991144e-01 -1.140029882399219119e+01
8.653896636443050738e+01 1.813001690952646960e-01 -1.149304006155987068e+01
8.669837217354896097e+01 1.680891682822624467e-01 -1.152485582475144632e+01
8.657228713640381557e+01 1.712072388366478182e-01 -1.152330114131596694e+01
8.694598116147759015e+01 1.778657816986002060e-01 -1.147518523825870851e+01
8.688715241154632452e+01 1.737308555465639226e-01 -1.148064194582465625e+01
8.652612619244530379e+01 2.128418708329904152e-01 -1.123007703059694151e+01
8.719440811261918611e+01 1.622249214227569070e-01 -1.111984668945403953e+01
8.663769370940238446e+01 2.010206711715669392e-01 -1.135377370086755811e+01
8.672549445684992975e+01 1.748292216767997065e-01 -1.151474452015452776e+01
8.683687123046344425e+01 1.883685175404280765e-01 -1.142982991979605423e+01
8.694757030536139553e+01 1.581629166272529030e-01 -1.145936631928783633e+01
8.682933214919802367e+01 1.861078952226333794e-01 -1.144099946126846135e+01
8.660965963290134084e+01 1.991593558768250949e-01 -1.137078769028506287e+01
8.696994695663946118e+01 1.842238737215412536e-01 -1.145478468565188024e+01
8.711280077574797076e+01 1.798575147857569556e-01 -1.112726528760251021e+01
8.674787423477329185e+01 1.686385529381481119e-01 -1.152408388565878461e+01
8.672414748251820527e+01 1.820240917133287284e-01 -1.148863455702670677e+01
8.659619250404369950e+01 1.980543715769065016e-01 -1.138054737438509534e+01
8.685074688168587898e+01 1.653554836763977964e-01 -1.147789767391371818e+01
8.692946089576456359e+01 1.960430183904894319e-01 -1.138518153046601888e+01
8.694254824197663822e+01 1.675430624252221001e-01 -1.148352098387970166e+01
8.690370625512628067e+01 1.702878110605015038e-01 -1.148337324705720519e+01
8.714092514624738328e+01 1.773871794206660635e-01 -1.113335127656337953e+01
8.674157251977740657e+01 1.633129951922562828e-01 -1.152184426912037374e+01
8.688777460450323531e+01 1.666414374649463070e-01 -1.148086064631579539e+01
8.698256002460061609e+01 1.962244342189492508e-01 -1.138598915520325328e+01
8.693995019006386826e+01 1.611117680720700052e-01 -1.147034924506429832e+01
8.649357159384214810e+01 1.883216223416400437e-01 -1.145463372880877095e+01
8.656043731795968199e+01 1.639746091181863707e-01 -1.152487805167949020e+01
8.683656065410487201e+01 1.636146631910309623e-01 -1.147409821531613083e+01
8.680059171211847513e+01 1.734892589891620096e-01 -1.147791999598205237e+01
8.672097108253463205e+01 1.755611887837371654e-01 -1.151283672094505128e+01
8.683860212204598383e+01 1.682689770860232026e-01 -1.148070782960766323e+01
8.680600739199935845e+01 1.928731795597711240e-01 -1.140190103254336229e+01
8.662722153509859879e+01 1.788966142497666612e-01 -1.150254731500290362e+01
8.672819563727190939e+01 1.669571020918179105e-01 -1.152467782772102289e+01
8.650119383212860669e+01 1.582176312773586613e-01 -1.151314089077751923e+01
8.691177438261298960e+01 1.502581680801124697e-01 -1.141099508515893390e+01
8.668605410769677633e+01 1.424257914569842798e-01 -1.140275918363100871e+01
8.634270100744390675e+01 1.900310601747383366e-01 -1.115332321199531229e+01
8.659344055215160552e+01 1.791592319183760995e-01 -1.150175188276752536e+01
8.620447266052492807e+01 1.837419688622521363e-01 -1.120289717707810873e+01
8.693512021342250762e+01 1.797951936861501565e-01 -1.146955738496074240e+01
8.680598861812458722e+01 1.630411197495723608e-01 -1.147181251364639287e+01
8.674978014802638882e+01 1.694359403809254649e-01 -1.152354996429894562e+01
8.669424808650045122e+01 1.585722888419217880e-01 -1.151157749622171877e+01
8.671342930318587605e+01 1.650344360539466038e-01 -1.152405923189696857e+01
8.678246974595268171e+01 1.595900693728163622e-01 -1.151335097188917622e+01
8.697325834721769411e+01 1.575052018111623431e-01 -1.145709178942414930e+01
8.673169868859048393e+01 1.850866356399044343e-01 -1.147296921840477957e+01
8.666858237519072361e+01 1.655632483849923398e-01 -1.152493619828829097e+01
8.654637831595721309e+01 1.664308172778732886e-01 -1.152657717355407385e+01
8.652269725256630295e+01 1.561591901112302228e-01 -1.150522596082094040e+01
8.664350528481953972e+01 1.700323684253714773e-01 -1.152409461917467226e+01
8.678186593372339530e+01 1.632513300722408522e-01 -1.152121981642318893e+01
8.683816747519854573e+01 1.615537274478454910e-01 -1.146873846101051519e+01
8.687370432058207825e+01 1.566890268511210715e-01 -1.145049062361288961e+01
8.675365510503706901e+01 1.790631138865189098e-01 -1.150101497224105529e+01
8.654363859480071142e+01 1.636557438274808818e-01 -1.152470474871289774e+01
8.658309853246873899e+01 1.707789739215013203e-01 -1.152379062954110367e+01
8.684515607356706823e+01 1.748232907189554153e-01 -1.147769349645283121e+01
8.680926536865169396e+01 1.780840609384176654e-01 -1.146975066149376055e+01
8.659456883424377338e+01 1.715487026379949598e-01 -1.152259948540227619e+01
8.667764530217829133e+01 1.655992547691931271e-01 -1.152485070412607193e+01
8.661273018130962953e+01 1.760107807792294921e-01 -1.151240517587519108e+01
8.688002588199077536e+01 1.989011687237071391e-01 -1.136167396846091648e+01
8.661579208364443616e+01 1.706670373822451736e-01 -1.152363763593825929e+01
8.667607317758331931e+01 1.789529576985799120e-01 -1.150200109991133957e+01
8.670143026858984570e+01 1.589135082925527132e-01 -1.151254818823715809e+01
8.666140142875269703e+01 1.592001714075609309e-01 -1.151399486916832338e+01
8.659058869365559019e+01 1.608336846237353179e-01 -1.151923823844706263e+01
8.662591351251349181e+01 1.569049012080222238e-01 -1.150668572210594753e+01
8.688207238345368921e+01 1.762711941831947016e-01 -1.147644757825598028e+01
8.684847128592673471e+01 1.652878615461688128e-01 -1.147771594821584173e+01
8.002488350118088078e+01 6.777926984088556983e-01 -7.086447881265495186e-01
8.794480824581991385e+01 3.364049537162342451e-01 -7.266737765937400617e+00
7.880127518428923850e+01 6.003870670435956097e-02 -1.383030803809459364e-01
7.593979278498895269e+01 7.947345005418285924e-01 -3.024814300430540490e-03
8.090248183649461566e+01 5.372677778272981763e-01 -9.202014576281637437e-01
9.531588418720969003e+01 5.145606918114390416e-01 -2.426858894052489612e-01
1.034769461309248015e+02 1.270989754378307884e-02 -1.440668180164425549e-01
9.908455138924402661e+01 6.111111161200937225e-01 -7.388173491794870935e-03
7.202164304267050454e+01 2.396076891290267463e-01 -3.997003853684392816e+00
8.268787765097005149e+01 3.710766360918911488e-02 -3.411129543706695744e-01
8.194884722560006196e+01 3.869393866136766613e-01 -1.379580339001350353e+00
1.023077679527307708e+02 7.254754095148067961e-02 -4.088582482472862267e-01
9.338451050512573204e+01 1.041651862608266033e-01 -3.763572778321347956e-01
8.559454144035544232e+01 5.848852076401626077e-01 -5.257425673060032167e+00
9.634956599475822259e+01 6.656335749649487932e-01 -3.531554005271033692e-01
1.028139589337758224e+02 2.611913756495313765e-01 -7.498725638771732704e-01
9.253405122873128619e+01 5.590063912808423963e-01 -4.594177528266391031e-01
7.747261651560344831e+01 2.070374121191744521e-01 -8.588710416336434172e-02
9.998696622091870267e+01 7.371903342960576255e-01 -5.501169024827386005e-03
1.024389231304914318e+02 6.436928738817051521e-01 -2.572632396774733321e-01
8.229863144840035716e+01 5.600680297829677690e-01 -1.220055003293161189e+00
1.013206811384157788e+02 2.318894109828842365e-01 -3.811684041240243070e-01
9.009977404078870222e+01 1.773545253169569735e-01 -3.442701369899019426e+00
8.673471056476466856e+01 7.022957065906240137e-01 -4.278722252941154380e+00
9.843728574518452490e+01 7.660637872279161265e-01 -1.349835897159556986e-01
7.422358657423319528e+01 4.919745751196308303e-02 -8.800379127155429915e-01
7.664983713023373468e+01 4.717247850496312234e-01 -6.611780485683078218e-03
8.910697690436941798e+01 1.466775199204161106e-01 -6.253951946275311258e+00
1.014750029430265528e+02 4.412065362111448619e-01 -2.718798197392849891e-01
8.746615134112198575e+01 7.140408200301946451e-01 -3.672333660705141778e+00
9.059689522710048948e+01 3.977934068466209006e-01 -1.912394882931202744e+00
7.175750198657827639e+01 4.830442797377231812e-01 -4.691174417794374385e+00
9.762375943634816622e+01 4.233609609218236258e-01 -2.610571824435448107e-02
9.679599788657768045e+01 5.955186417908946428e-01 -2.434478327860583047e-01
9.951210830222106551e+01 7.052815085204301448e-01 -8.410096960033841204e-03
8.577545428811150430e+01 6.068872973603630649e-01 -5.031909545043638410e+00
9.463095668261387061e+01 7.535433532095200393e-01 -4.317141934396164227e-01
9.408531425426222938e+01 6.591374179810962630e-01 -3.580951466110356973e-01
8.047690701313676698e+01 4.581708358751654941e-01 -9.408843966267323999e-01
7.240790187659288790e+01 3.161692311869455096e-01 -3.228849899187512307e+00
7.354929699259122344e+01 4.999964842622381944e-01 -1.020225434929737940e+00
8.940787939485213087e+01 3.671419380142996736e-01 -3.663919220962192025e+00
9.274636196835869839e+01 2.998783471239889198e-01 -4.996517846103154525e-01
7.457392110366026827e+01 3.243570506223829031e-01 -4.132472543703396561e-01
8.447208959139594242e+01 6.854740190970290969e-01 -3.006848853957975631e+00
9.420180518128887570e+01 4.895384549338520630e-01 -2.474579180865856820e-01
7.087248801228800232e+01 6.885582655658746276e-01 -5.728857603812936183e+00
6.989999081244918955e+01 5.119644905655684752e-01 -7.284367962241745431e+00
9.232511067107215297e+01 2.315900883028717758e-02 -3.629757114483965208e-01
8.308135190116463775e+01 3.321730280789431111e-01 -2.427089705492636362e+00
7.121485451703085801e+01 8.965908250448952066e-02 -2.987814307050293383e+00
1.032759818503104725e+02 6.256726279833344506e-01 -4.721581306081812923e-01
8.347447319952875944e+01 2.091845815842845180e-01 -3.613206717476805885e+00
8.611094490289499959e+01 3.102941788869612583e-01 -9.317689158573381647e+00
7.497599565757511186e+01 1.746715995649746889e-01 -2.665459007015472670e-01
9.507598648938926544e+01 5.338087538826051803e-01 -2.700236817909005826e-01
1.001310914150377016e+02 1.524099171828057209e-01 -2.924154839376128523e-01
7.632926818992966389e+01 4.547324080575491090e-01 -9.083403531886113588e-03
9.601408830690243690e+01 1.048542069323281671e-03 -5.171699599656782720e-01
9.151857490467448031e+01 1.866804479075231393e-01 -1.348281497680445362e+00
9.062039603854604763e+01 1.967280380266785145e-01 -2.790477846982893251e+00
1.018071085015201334e+02 5.203389665168189904e-01 -1.956517416753315586e-01
8.432249842547639673e+01 6.487407820779676759e-02 -3.069237880869628121e+00
8.157361754978579427e+01 2.835611094333779225e-01 -1.279002387297859533e+00
7.550761096253405924e+01 2.706628957247006473e-01 -5.772480527855543275e-02
7.958298930778063607e+01 2.543897240532954074e-01 -7.569571616952588400e-01
7.059304273044439526e+01 4.441582593222011266e-02 -1.014105714076584563e+00
9.572505933480589135e+01 5.766290649547821667e-01 -2.916310352663776251e-01
7.533117296801007967e+01 1.612476618432823194e-01 -1.687919697061268653e-01
8.713484231172078864e+01 2.721918336262029725e-01 -1.015165090373641377e+01
1.007363999365224316e+02 8.484204699457002785e-02 -3.419228055106099395e-01
1.005213814208356951e+02 7.889720322887395776e-01 -8.109039517379210832e-03
7.893909964329370155e+01 3.778333826545709484e-01 -6.221944110773568459e-01
9.791721198493478084e+01 2.168554034912088813e-01 -5.615709033596714278e-02
9.167970404770859716e+01 2.439928176152025563e-01 -1.417353972279271845e+00
7.791479229086159819e+01 7.783045532771802888e-01 -1.580483289288730775e-01
6.956526435580951784e+01 4.095920127502850616e-01 -7.568695013481215206e+00
9.120432219861449141e+01 3.563162119872573252e-01 -1.310150197333582067e+00
7.714649800099844867e+01 1.166707403230484164e-01 -4.183185912246240035e-02
8.079583763246883166e+01 4.300470245188320328e-01 -1.001660583197512944e+00
8.472439213530952884e+01 6.386403628298950030e-01 -3.687249801770349666e+00
1.040687453333381427e+02 6.177334615572198651e-01 -5.901563882469292865e-01
7.293713174810089583e+01 3.724968621773571131e-01 -2.273296953304663859e+00
7.928437509140098882e+01 4.034096273749314676e-01 -7.185411909985218726e-01
8.989171867829300311e+01 4.781372208349508601e-01 -2.005103589922810237e+00
8.855282477895711679e+01 1.423775849870477783e-01 -8.494884135391748359e+00
8.368373944941782838e+01 1.223946527938408191e-01 -3.611019845906349168e+00
9.720429195248000553e+01 3.464531460604468038e-01 -1.171011139651540779e-02
9.892674457149237810e+01 7.347470424176646420e-01 -6.904075491006608778e-02
7.386285287704701830e+01 1.305902894040367468e-01 -1.358534184728062533e+00
9.734934303800082489e+01 7.685439401134357418e-01 -2.669767412435496978e-01
7.695424580512113266e+01 7.216696487573295293e-01 -7.900848682224008435e-03
7.812982116059035320e+01 5.517953615037560766e-01 -2.144579800664496994e-01
8.818697848956963981e+01 5.701907030603571291e-01 -3.945709083295283470e+00
9.369274399735452619e+01 4.347426723889113998e-01 -3.048160818587328236e-01
8.511896800964656506e+01 6.532122434798941502e-01 -3.995197105360939194e+00
8.178887254443372967e+01 7.473435518430615598e-01 -8.795550071700434236e-01
8.780112865804051125e+01 2.961653296864560914e-02 -3.522313056716787294e+00
7.290178838272602491e+01 1.016362554479186553e-01 -2.366707330350451777e+00
7.025916489596833969e+01 2.924772043925862319e-01 -6.936968584397932958e+00
8.673537939965295607e+01 1.702163081380169696e-01 -1.152298695470034495e+01
8.671125887086236617e+01 1.620369501981311633e-01 -1.152015323515795586e+01
8.661034672177663651e+01 1.659702700687808452e-01 -1.152577702507554491e+01
8.657993173197961312e+01 1.639123161433228004e-01 -1.152458790565295388e+01
8.668950258078550064e+01 1.751996691761757430e-01 -1.151408421773894553e+01
8.684523242002754273e+01 1.669492454491469935e-01 -1.147984388894266417e+01
8.662041727311336103e+01 1.637602090725561732e-01 -1.152393982090777058e+01
8.670375136356184953e+01 1.604144572383097156e-01 -1.151670803005608157e+01
8.670829124663768539e+01 1.684208411152614271e-01 -1.152461942001551876e+01
8.697338821256265362e+01 1.932047784737252472e-01 -1.140639787592620813e+01
8.657649466891032830e+01 1.693449499974769568e-01 -1.152536086590782105e+01
8.671588528928802475e+01 1.694132792560841816e-01 -1.152392739923856801e+01
8.653211068283863483e+01 1.658541507122332781e-01 -1.152655921423280816e+01
8.674238368880878625e+01 1.729632725885457134e-01 -1.151878725513279988e+01
8.666704921546423179e+01 1.725386422043358181e-01 -1.152028541136724549e+01
8.668964027308854270e+01 1.676767499513896476e-01 -1.152506130638742476e+01
8.655049537333377430e+01 1.673091163788532343e-01 -1.152656437112823795e+01
8.661006826410353199e+01 1.592190727086180424e-01 -1.151477066613871258e+01
8.677134938501572492e+01 1.463680138012272425e-01 -1.143868765310567248e+01
8.648824833024433190e+01 1.703131555892730409e-01 -1.152517524658590986e+01
8.652563962406276232e+01 1.690620750334000666e-01 -1.152604583305614483e+01
8.649017497603824722e+01 1.692363302924180246e-01 -1.152622424925947620e+01
8.663764679040099281e+01 1.645486181985438834e-01 -1.152456019730148107e+01
8.674759588366850949e+01 1.719733518698632335e-01 -1.152050921901945912e+01
8.653697672772777594e+01 1.592829152226013234e-01 -1.151594009117869177e+01
9.850596258485816747e+01 7.438562089016222956e-01 -7.082063241380917584e-02
7.389099600876849649e+01 1.996740025588727707e-01 -1.136356643306304814e+00
9.910729199676256940e+01 6.510846619787088452e-01 -1.358577842804808283e-02
9.819086059089940477e+01 5.872515063107627276e-01 -4.356729400289942322e-02
8.123298154300996998e+01 5.681970452063875854e-01 -9.258508153006577146e-01
7.277903545034490662e+01 1.644649568203317702e-01 -2.838330753502312565e+00
7.037954558264779337e+01 2.047525748508096169e-02 -2.363108530081514114e-01
8.961778884742346918e+01 3.748650989969143366e-01 -2.946279947190374227e+00
9.985945959462895871e+01 4.773985965897937778e-01 -2.943298787125418758e-02
7.145988216871077725e+01 3.368633127887271650e-01 -5.220758927566749641e+00
7.096434765992832183e+01 3.669813000430723338e-01 -6.148796056063654092e+00
7.876184376762059003e+01 7.960339560539028136e-01 -3.855209775004191375e-01
8.643078650619729331e+01 2.282086337717404989e-01 -1.103411340248243633e+01
9.685196991302682079e+01 3.854814603565706599e-01 -5.093888941244784085e-02
8.328657103824480146e+01 6.821647615253821628e-02 -1.648345404484649279e+00
9.039593614823158418e+01 4.188692572289522964e-01 -1.833414527019844309e+00
1.007803296547121761e+02 2.091438230551800892e-01 -3.398654392286177273e-01
9.450214644830967359e+01 7.049127593365579481e-01 -4.007269181492970067e-01
6.989834317679472520e+01 8.657123511122209736e-02 -2.911816340937991132e+00
8.053951556974962500e+01 1.180936598643581859e-01 -8.740886061413351005e-01
9.101537842210700546e+01 2.548268192505220298e-01 -1.753120970142808099e+00
7.538934488694575009e+01 4.907910592894301205e-01 -4.743642809603533517e-02
9.649356543384512008e+01 4.349052500870182469e-01 -1.199495087615574246e-01
7.355873133457713209e+01 4.696399111520177527e-01 -1.050536426990248628e+00
7.492283539060885289e+01 1.074907643957850323e-01 -4.048034919979370816e-01
9.732037678292007854e+01 3.077648147674444945e-01 -3.701613509471265821e-03
8.005617803709687053e+01 6.466677927897914735e-01 -7.336975514941025400e-01
8.821448822248353849e+01 1.013568635064528572e-01 -8.607138321219983013e+00
9.433747069819534659e+01 7.472252049148150332e-01 -4.267342375971953095e-01
9.269602505809942272e+01 1.093009118013135023e-02 -2.033541278191129953e-01
1.024231494247861605e+02 1.735432385029190283e-01 -6.120691506186675124e-01
1.023205405933246936e+02 7.589059686490994272e-01 -1.892017962894354532e-01
8.647370857196378324e+01 7.281742949834781875e-01 -4.186918692728635705e+00
7.809634630425398427e+01 2.947310526862700897e-01 -1.978209891144011023e-01
1.016136957378677010e+02 3.810336064378405663e-02 -2.133826296781538567e-01
8.877608284085222579e+01 3.182314500381666633e-01 -5.704315275306450772e+00
9.577769265805568466e+01 3.046794799348807870e-02 -1.726092730891870541e-01
1.041024551310966046e+02 5.206089377637054261e-01 -7.109818848588586038e-01
7.623189724833882508e+01 6.778201124187755999e-01 -4.325687979688936356e-04
9.144156977376646012e+01 6.360801053808321504e-01 -7.436761427418722148e-01
8.413825716596174686e+01 2.727868704001744082e-01 -4.829345082467326300e+00
9.935248895482004627e+01 5.814936122692045961e-01 -4.449986185576832072e-03
9.347759004819688755e+01 2.962998082913929632e-01 -3.770287666449201325e-01
7.230707434749352558e+01 5.005767746160390275e-02 -1.698442823563220738e+00
8.344871561373452096e+01 1.523901880622812455e-01 -3.011025465049664618e+00
7.181956049964524880e+01 4.532443666397542592e-01 -4.172313723850278322e+00
7.462135086560961383e+01 6.286600866364607798e-01 -2.031458943637481085e-01
9.761224214366816909e+01 2.827224777891413909e-01 -4.294314313283410962e-03
1.000552847615458347e+02 2.358705985878794820e-01 -2.410835284451064153e-01
1.036986856292161292e+02 1.345229804027816556e-01 -9.671936763935952142e-01
8.586137038379403918e+01 2.438882864269130701e-01 -9.906341337575625516e+00
7.687256894259947160e+01 5.813711335923158613e-02 -4.322790989134581152e-02
7.941887729724332701e+01 7.871768418000926193e-01 -5.334957849894347293e-01
9.499063879776552710e+01 3.231420253327121905e-01 -9.692761748079627149e-02
8.954461382790891832e+01 6.009466819968540818e-01 -1.894383878572307500e+00
1.004813167747884677e+02 1.891302892665807645e-01 -3.028729617127240981e-01
9.195953642747636536e+01 7.719848523969625731e-01 -4.794027706449093817e-01
9.088732041694110819e+01 6.992242548150249259e-01 -7.944823332247946679e-01
1.018306287434570834e+02 5.618311321322034813e-01 -2.384410402867617740e-01
8.078634486847769836e+01 5.193628472739781898e-01 -9.093127166844785503e-01
8.139760669368399704e+01 6.214063752481849834e-01 -9.260612818829521142e-01
9.212191395481100642e+01 4.067408000341043994e-01 -8.068011035173069390e-01
8.538272280795956704e+01 1.833349586502032724e-01 -8.793056293203209250e+00
7.843814922499802833e+01 5.543945560921952342e-01 -3.069865464231694152e-01
7.413831726484467310e+01 7.221799489142165518e-01 -2.731774926422969596e-01
8.696792272679769553e+01 6.630878498724661618e-01 -4.376119772763107818e+00
8.393998218322508365e+01 7.825007379280829456e-02 -2.890309648287079369e+00
8.909822728809044179e+01 7.798536861321320179e-01 -1.549420408120989467e+00
8.540874469652325729e+01 6.827634304398363385e-01 -4.128862392357244282e+00
8.219894189494087300e+01 6.906816735671812424e-01 -1.040511432220173171e+00
1.010350467097675420e+02 2.582109449897830866e-01 -3.454327301012187768e-01
7.720162192948200186e+01 4.633819531826275373e-01 -4.558787446138865690e-02
8.283067448280192480e+01 5.479302912076166043e-01 -1.679520171855885424e+00
9.865666725306638796e+01 2.680963964527994792e-01 -6.225841243580886725e-02
9.605576813785367563e+01 5.022375296860047689e-01 -2.154408344927526697e-01
1.030653439227757531e+02 4.404042260773963768e-01 -5.760837501449388443e-01
7.214495547734885861e+01 9.584602021386530446e-02 -2.845799077218505779e+00
9.002333810179651152e+01 3.960171583989620103e-01 -2.327996670999750162e+00
9.520142427723382639e+01 4.783359607191544488e-02 -1.159423211353090288e-01
7.519481993730155978e+01 2.625826547296936878e-03 -2.744033791728984206e-01
8.482374359217962478e+01 5.375833260731813779e-01 -4.443687184720216621e+00
7.574405184079371622e+01 5.104591297078426848e-01 -2.633037596100562885e-02
8.443559975421487707e+01 3.306011749594033877e-01 -5.124614436060169531e+00
8.244162041344569047e+01 7.189871638791017761e-01 -1.152250232616826242e+00
8.176142498263074287e+01 1.454809592935622786e-01 -1.325966518697549335e+00
9.289721047119496689e+01 3.494214126637424922e-01 -5.037653341467892565e-01
9.408542318571005580e+01 1.237252110449849618e-01 -2.001173659246114622e-01
7.669910409181512989e+01 2.235928531390859453e-01 -2.770876328478375297e-02
7.743833855913361219e+01 4.117050104277495959e-01 -5.113789048305603796e-02
7.053073211903235062e+01 5.333062961729265750e-01 -6.827843030703896865e+00
8.717356536029754466e+01 3.574566252673905820e-01 -8.276039102865958341e+00
7.316958220897240039e+01 3.788012443767697079e-01 -1.845901653325109137e+00
8.818289904919689093e+01 6.641716290539012579e-01 -3.229693089739272160e+00
1.031329265688595029e+02 5.975876511798812185e-01 -3.869957354469574229e-01
7.961922222035204300e+01 1.402197716215274059e-01 -6.409968798418308467e-01
9.708699472080996884e+01 4.264931295827010249e-01 -5.355478434411332922e-02
7.905827902408400121e+01 7.642083773371206590e-01 -4.793585917882856040e-01
9.317961388382032339e+01 4.860734678830596067e-01 -3.858261911078507689e-01
8.767312412167778746e+01 2.073644004244397099e-01 -1.043059206758240798e+01
6.946746212916211505e+01 6.113462243515577210e-01 -7.163450786548508198e+00
8.662701248959069744e+01 1.932294454771721348e-01 -1.141982748186689989e+01
8.660571288166761406e+01 5.599763393402099748e-02 -7.050909711389652834e+00
8.699868594389526777e+01 1.515104472637176548e-02 -1.111927576376507520e+00
8.694843940283676886e+01 1.532579394449716803e-01 -1.143300837164044026e+01
8.692209864742325465e+01 1.865929790357974682e-01 -1.144220314286563855e+01
8.674441024487693142e+01 1.935414565359322991e-01 -1.139499973533834698e+01
8.644803309778971823e+01 1.856083666646956842e-01 -1.147127392301112536e+01
8.754351593540874887e+01 3.011476397514343400e-02 -3.625892255381756080e+00
8.682223499227463037e+01 1.364735088515408867e-01 -1.132674247003226320e+01
8.636834757996930989e+01 2.115003329233534624e-01 -1.124509861804446942e+01
8.622688892047457898e+01 3.517450392246246338e-02 -3.997471934112214687e+00
8.717517862838636233e+01 1.779989257680947567e-01 -1.113518562991800387e+01
8.664263082931880433e+01 1.594259734373028314e-01 -1.151491693714528175e+01
8.647692215172170904e+01 1.740263126657009829e-01 -1.151865812882862095e+01
8.683268492889556001e+01 1.637370960845589973e-01 -1.147425011936335082e+01
8.726298587183373456e+01 8.927609324455261508e-02 -9.776817819472068294e+00
8.677257149376630707e+01 1.601569823105994939e-01 -1.151505531473380728e+01
8.670556132116286108e+01 1.643342109384346716e-01 -1.152353726143063284e+01
8.710183571817323411e+01 1.544657299763525782e-01 -1.144423265934092093e+01
8.645393275382279796e+01 1.141291737556457547e-01 -1.064757960256871172e+01
8.712021256187239260e+01 1.312420964241027832e-01 -1.117828029686373448e+01
8.685993691191633559e+01 1.703956979016671702e-01 -1.148191066662313808e+01
8.643769326375104356e+01 1.686352977714083434e-01 -1.125061971395896165e+01
8.676295357955427789e+01 1.771959801458292683e-01 -1.150755207904049371e+01
8.699119843952489362e+01 1.513981066880406567e-01 -1.142136404126135574e+01
8.661264431677888354e+01 1.694384491116102676e-01 -1.152494243490405701e+01
8.664405515452656914e+01 1.795424998843130060e-01 -1.149991698548491570e+01
8.747584541032293259e+01 1.995879667775967425e-01 -1.045519849209401819e+01
8.695294881817727628e+01 1.786289013844986062e-01 -1.147349024382274862e+01
8.652906882870541949e+01 1.620621007161232308e-01 -1.152249996726497194e+01
8.662031640710507929e+01 1.777454550937166422e-01 -1.150678524139939363e+01
8.696236562356151012e+01 1.529290592951635663e-01 -1.143122216426867865e+01
8.682184496409448116e+01 1.810940107512640784e-01 -1.146125788079175223e+01
8.692869337795713136e+01 1.758735953355677617e-01 -1.147883283989428271e+01
8.684291423877050420e+01 1.652581622782948179e-01 -1.147749214227814463e+01
8.680538027747493857e+01 1.699438653611257954e-01 -1.148010388727209197e+01
8.659038221149052106e+01 2.104551488158649120e-01 -1.125717557906315314e+01
8.698298654484759140e+01 1.722076719763669106e-01 -1.148528279565265819e+01
8.655727418315029809e+01 1.644509046239762129e-01 -1.152538770585304917e+01
8.675689978640980371e+01 1.935273751702143163e-01 -1.139560605146161443e+01
8.669454160652681196e+01 1.665992677330405403e-01 -1.152501653215593791e+01
8.665638972793644257e+01 1.852005006251562225e-01 -1.147273864912002672e+01
8.671982764294784829e+01 1.549651155236773936e-01 -1.149685589544528064e+01
8.688456706146378394e+01 1.615045976783124893e-01 -1.146996759614818018e+01
8.678838034776133270e+01 1.671300984916933297e-01 -1.147817904627921948e+01
8.688814872931064315e+01 1.908695593665316048e-01 -1.141765741247534471e+01
8.668110660848243754e+01 1.708308031083080603e-01 -1.152281553451550167e+01
8.663986879265979724e+01 1.657731844437909663e-01 -1.152536854713894598e+01
8.690805565757548834e+01 1.431488356374195636e-01 -1.134458123095435056e+01
8.650829770979873956e+01 1.631153039472047206e-01 -1.152440649004205397e+01
8.651371352252905922e+01 1.701251709617405683e-01 -1.152517486701298211e+01
8.672525240191842499e+01 1.746226053370110165e-01 -1.151526621038278009e+01
8.658018542579749521e+01 1.590964765692376715e-01 -1.151481900180336382e+01
8.670091317187760183e+01 1.644779539839661409e-01 -1.152373588206027577e+01
8.670530342395326784e+01 1.839974947915939962e-01 -1.147897235898574131e+01
8.662883253880444556e+01 1.647874058385732088e-01 -1.152486805312060447e+01
8.672820135959649690e+01 1.675162282074725006e-01 -1.152466156042784462e+01
8.671846938704958063e+01 1.715858693306855087e-01 -1.152140179357783190e+01
8.648961835870281334e+01 1.757996116816029630e-01 -1.151387488646952484e+01
8.654612211589828519e+01 1.817545772810332527e-01 -1.149091812680327429e+01
8.669525459351373797e+01 1.730958871498672891e-01 -1.151896035277323271e+01
8.671447028639218502e+01 1.575996327503057515e-01 -1.150794002108431080e+01
8.658117105323776741e+01 1.843070334966064872e-01 -1.147797633410812246e+01
8.665475062609357337e+01 1.748171232250744778e-01 -1.151537099529089936e+01
8.653951123832952419e+01 1.827620516342028378e-01 -1.148611782247303204e+01
8.668047037363486140e+01 1.824999178104894648e-01 -1.148664642786224555e+01
8.685815763801619482e+01 1.728512572571578587e-01 -1.148057233119081211e+01
8.668827183291207916e+01 1.794633670850288576e-01 -1.149993378475290484e+01
8.663204339314326319e+01 1.738098495928419029e-01 -1.151798576114375550e+01
8.671931601369993814e+01 1.624577064378905367e-01 -1.152080223745393539e+01
8.671068285038592194e+01 1.766418502434060622e-01 -1.150974084772737704e+01
8.664796361694916982e+01 1.627591275250077352e-01 -1.152222070477273341e+01
8.666188900367153281e+01 1.857143613264029547e-01 -1.146981468833247320e+01
8.668440614105878694e+01 1.690102366019178848e-01 -1.152454646220549250e+01
8.653853379116563360e+01 1.595900768560006566e-01 -1.151678264223920678e+01
8.659406882394318927e+01 1.644823040532262248e-01 -1.152500337370412709e+01
8.617361369795654014e+01 1.659393191713310900e-01 -1.126714549465716964e+01
8.644854319978053070e+01 1.661173692269778956e-01 -1.152746503387313837e+01
8.651079887304818783e+01 1.714330372219305954e-01 -1.152347739023737994e+01
8.652617675431480393e+01 1.737760255799979114e-01 -1.151889033055857148e+01
8.657889026621745643e+01 1.750260748627246454e-01 -1.151541408264789013e+01
8.648353050715269319e+01 1.765717459514022092e-01 -1.151156553221011869e+01
8.636238037083998620e+01 1.736970398643491731e-01 -1.124250981550515327e+01
8.647232835014402497e+01 1.757497594015319242e-01 -1.151413009219088224e+01
8.656517851127168228e+01 1.636441495794095369e-01 -1.152444598212056093e+01
8.655059874588877733e+01 1.738940400494743688e-01 -1.151843710875279925e+01
8.639430927993902287e+01 1.761528026228506016e-01 -1.123222533981944160e+01
8.655586073591364027e+01 1.682806682397653686e-01 -1.152623271191320775e+01
8.647989370244815177e+01 1.637360501849087213e-01 -1.152549876754397928e+01
8.650597431207604870e+01 1.691256757832415580e-01 -1.152617335745015303e+01
8.652681774440668505e+01 1.657212004863020394e-01 -1.152655945065183296e+01
8.655308841308303158e+01 1.655878753695141647e-01 -1.152622509641512849e+01
8.656643327801592136e+01 1.756164342847440496e-01 -1.151388206008168424e+01
8.654022096758588134e+01 1.669572469859181840e-01 -1.152668664330207093e+01
8.701867253451055717e+01 1.831175186230878105e-01 -1.146106647510841725e+01
8.686330785517043296e+01 1.896292010688739593e-01 -1.142390823366389618e+01
8.651502083920755126e+01 1.651200176327778102e-01 -1.152635912378340954e+01
8.653706857499487626e+01 1.713151452376326378e-01 -1.152344128704329229e+01
8.657269391587742291e+01 1.700804893754043479e-01 -1.152470610384206040e+01
8.655928387725421658e+01 1.681370404927100548e-01 -1.152626173796781117e+01
8.430206624772274893e+01 4.089761801076850500e-01 -4.345893482150489540e+00
9.656595023283703938e+01 6.634408422451592013e-01 -3.050091075737442203e-01
9.723530020160930576e+01 1.921971576594982689e-01 -3.476944458610346095e-02
8.208046597359771113e+01 1.366166073500789391e-01 -1.476760325805503982e+00
7.885292861575054246e+01 7.880650131473925235e-01 -3.879693905471562898e-01
7.099668663525031320e+01 4.426930562759487930e-01 -6.209061203859953970e+00
9.873666410899721768e+01 2.723531406302534541e-01 -5.819820279445273720e-02
1.025839522598226665e+02 7.611191329595428101e-01 -2.733522075043188226e-01
8.079624467321497150e+01 6.851820443040922137e-02 -6.209003797115639767e-01
1.036507659739774851e+02 9.905155547931476789e-02 -8.593677987477637004e-01
1.011250836744868877e+02 2.434231037045971324e-01 -3.657969515518099124e-01
9.934630757995421391e+01 5.563230474605265208e-01 -3.083305591064517803e-03
9.846825963966153950e+01 1.057414740966244882e-01 -1.930551052593872940e-01
9.996127215281600797e+01 4.841191332785965695e-01 -2.689473822438960549e-02
7.786677191024401168e+01 1.276463635079070902e-01 -8.019902810362894430e-02
1.000973233648611256e+02 7.701603893621828956e-01 -5.667681795442804440e-03
9.085086339209954076e+01 2.215048282521721590e-01 -2.222252304915002696e+00
9.512187587158958024e+01 3.372170046433514007e-02 -1.543668921446194608e-01
7.328973991856793191e+01 4.906500100940385245e-01 -1.341726381908217691e+00
8.738721588450685829e+01 4.044418370128278761e-01 -7.537390942421697382e+00
8.558315040169468091e+01 1.195519451811609957e-01 -9.555701887637189529e+00
7.206146486073895119e+01 5.487280746866590730e-01 -3.436466918984035779e+00
8.684376336025169962e+01 6.249582785373581917e-01 -4.961953544484371648e+00
7.944898854819365397e+01 5.052300034499376258e-01 -7.378673259258853312e-01
1.022770299019638003e+02 7.495748158617082657e-01 -1.942725981428196635e-01
8.382750590841087046e+01 5.617372561278970861e-02 -2.102627570244067545e+00
7.435570580520219153e+01 7.260341904079139486e-01 -2.748791173268269605e-01
9.715114778172718957e+01 4.283520199983001930e-01 -5.508728541881401097e-02
9.002412885062587122e+01 6.048566051264524512e-01 -1.573752431653532957e+00
7.625059063968843986e+01 3.121655137573097205e-01 -1.734827733878707701e-02
7.968578039951228220e+01 5.012343354206607593e-01 -8.118220004193419381e-01
9.515029347342183996e+01 3.037203629107054215e-01 -5.504388221289971406e-02
7.182922824344090884e+01 6.535140233677252386e-01 -3.729847401785987948e+00
8.647764027017927901e+01 3.352318707200527270e-03 -9.182007389260178620e-02
9.795391603095428934e+01 3.757088771236848923e-01 -8.774772871401246427e-03
6.974835953055274729e+01 6.927857788166746911e-01 -6.907328577256450330e+00
1.039261290725923743e+02 1.875828583148316797e-01 -1.161049091213833817e+00
7.486157329420822748e+01 5.955471996863198614e-01 -1.293976304141220002e-01
8.627443173755064265e+01 9.370705524365675887e-02 -9.415212588586566511e+00
8.187162836302366031e+01 3.788365395858144247e-01 -1.251136295895981521e+00
7.399119586676400218e+01 3.864323472680596949e-01 -8.355214416836355129e-01
8.318235042818371028e+01 2.554053596757570044e-01 -2.763090898975167686e+00
8.247682280865744531e+01 6.716652576851100953e-01 -1.215734680640885967e+00
7.249575394286264896e+01 6.772582573563128427e-01 -2.161385194405228471e+00
8.971790324726822519e+01 2.117406266540612647e-01 -4.344910188110179483e+00
9.301825118634840805e+01 5.406520243197124875e-01 -3.867034918483316930e-01
8.092680893751011695e+01 5.298299727090587385e-01 -9.280373982757298412e-01
9.466586482344035858e+01 6.974867402227951096e-01 -3.965536034781111385e-01
8.272208238413323045e+01 5.181394004395333264e-01 -1.763856698943255363e+00
8.128048964373915908e+01 7.938178339810688655e-01 -7.270118239594655085e-01
7.996675633804944994e+01 1.460157206202787883e-01 -7.508740183158741921e-01
8.461822287542557319e+01 2.644998345289368280e-01 -6.880200620532796130e+00
9.058535818397817252e+01 2.891883541338176045e-01 -2.157305352482548955e+00
7.590308482021141856e+01 6.209245531946133712e-01 -1.133872099424292762e-02
8.908394065064096878e+01 4.490605278490472085e-01 -3.779629960228933161e+00
7.641863364936121172e+01 3.373334752897530486e-01 -1.578940102206631210e-02
8.584254598286202054e+01 1.658794433822506076e-01 -1.071323772222448056e+01
8.763718557767751349e+01 2.850463728968934130e-02 -3.359372009181937457e+00
9.581107813170117993e+01 6.349899405220436055e-01 -3.506012677053714777e-01
1.005484183222025649e+02 3.086062301992054668e-01 -2.082237851792675398e-01
9.600093776455973682e+01 5.675797817224318420e-01 -2.844447748211015869e-01
9.625245767623448501e+01 7.080240670023318916e-01 -3.909706779854958958e-01
7.148463758230639087e+01 2.019402085948028835e-01 -4.812511655271646482e+00
9.405214450183019892e+01 4.534534635325325469e-02 -1.977112893352269696e-01
7.077967904589159787e+01 7.379515349601576402e-01 -5.590408343363086452e+00
7.002409237855003710e+01 5.698228461157291980e-01 -7.175031805290529974e+00
9.423887977759508772e+01 1.765398020356496178e-01 -1.379071569714797330e-01
8.034388692964451195e+01 5.807658106807237486e-01 -8.237741006060721460e-01
1.020521029740908432e+02 5.248366399542424565e-01 -2.693412311673546444e-01
7.047603827920444530e+01 7.136258881241186458e-01 -6.390301372187724205e+00
1.028401393145736478e+02 3.508319679430926263e-01 -5.952010648384576941e-01
7.698877116384495878e+01 3.644585035059293432e-01 -2.884161997798229821e-02
8.493179271014169274e+01 4.794867413088959029e-01 -4.994173977876084081e+00
9.777229067438445043e+01 3.935724738101548659e-01 -1.410735271839715435e-02
7.740505515519048174e+01 8.037334205512361440e-02 -3.769533234653574955e-02
1.010289902250510892e+02 4.334736026504980022e-01 -2.050818869460876159e-01
9.099829141838496582e+01 4.621853639342789477e-01 -1.140800999627191281e+00
7.745894157259462531e+01 3.559845828103124776e-01 -5.982363762955716230e-02
9.344271802960801665e+01 1.749329469262789483e-01 -3.316142743198076670e-01
8.930210023764615812e+01 1.550221002470897336e-01 -5.191368115883791212e+00
9.135914939671948787e+01 4.700966340020977796e-01 -1.150857521983902787e+00
1.032103007244434281e+02 2.357358066020495135e-01 -7.858484425087812753e-01
8.791047696748829310e+01 7.535538289862184769e-01 -2.673431142673950323e+00
7.311441655474985168e+01 2.844769644650268492e-01 -2.309573147195230991e+00
7.505818014433192786e+01 4.190604934397990089e-01 -8.795461203083726476e-02
7.559836226414169857e+01 7.812043276871806219e-01 -1.675962841489252869e-02
8.357469908292465277e+01 6.873049288288126668e-01 -2.251548439255313117e+00
8.842008865064073575e+01 2.359269835017493294e-02 -2.303697992410295381e+00
9.179904708534954239e+01 2.316507014066644388e-01 -1.097735285922533555e+00
7.360705037221914893e+01 7.888208962914984579e-02 -1.447103870021934302e+00
9.239980640047835436e+01 1.351918919083784643e-01 -7.416695065339439230e-01
7.819292198492607326e+01 7.292043665949556885e-01 -2.459423292711790388e-01
9.336130543298402529e+01 6.422706627250299727e-01 -3.616209399183021311e-01
9.205194173768674659e+01 6.146617853324892744e-01 -5.315200413418859071e-01
1.014421256291429358e+02 5.918604901635026172e-01 -1.458035290092128122e-01
7.848457879639074974e+01 1.023395423221001681e-02 -1.844148136542463901e-01
8.509585751573681023e+01 3.240427934755247819e-01 -6.973098504683927779e+00
9.920957087545225761e+01 2.624141579268202684e-01 -1.045886548675655503e-01
7.266089451115250597e+01 5.216031482658455704e-02 -1.731192783382540012e+00
8.882862372601596235e+01 3.309887756888309496e-01 -5.598257401692091406e+00
