2.825178533527387685e+02 4.955688039613884155e-01 -6.971358480105490640e-01
3.584437632390315684e+02 2.168161070057696149e-01 -4.874294666437215540e+00
3.018784393404031903e+02 4.353890249028345705e-02 -2.562997085567870315e+00
3.206224844838108652e+02 2.595308396308403376e-01 -2.852042345753012853e+00
3.707004912332531603e+02 6.935592206951595173e-01 -2.134014891785283474e+00
3.050813586120738137e+02 7.134008892319961825e-01 -5.097931492277478327e+00
3.680658715816932727e+02 4.456661219192566969e-01 -7.888911495179862676e+00
3.238511596495960703e+02 5.517581394678786610e-01 -1.886865397028131497e+01
2.677306562700860582e+02 4.486025540008582446e-01 -1.291895863298436975e+00
2.930903952025170156e+02 7.972289424000861269e-01 -2.555471457568869731e+00
3.139972490921796862e+02 2.340329158921320429e-01 -3.701011928459832401e+00
3.254295532795095482e+02 3.046702346241199344e-02 -7.029582441084190059e-01
3.388862568205319121e+02 4.873893055580407196e-01 -8.751781754971663663e-01
2.889517070791571882e+02 3.497503409026452292e-01 -1.736052739100119480e+00
3.063036813652428236e+02 7.843606690776812052e-01 -2.732169171839502919e+00
2.998072838374736762e+02 6.024699521361579491e-01 -1.987760846503648082e+01
3.802567636955007515e+02 1.041216132600288891e-01 -7.122225326435043691e+00
2.880456449255550524e+02 5.991431073834621035e-01 -2.949837557143559774e+00
2.810960601221998445e+02 5.023521834775045436e-01 -1.758396585474661933e+00
3.413070892548928441e+02 3.947563311941693076e-01 -8.410827612784378404e-01
3.860504899813310544e+02 4.679799147824269534e-01 -3.694335918612381420e+00
3.417492522765726335e+02 2.520957317581586921e-01 -9.450787668942024489e-01
3.520355097209769610e+02 2.646285538280330751e-01 -3.701641474314081859e-01
3.873042788443638642e+02 3.285756181706199208e-01 -5.749433541158091465e+00
3.294392876546718298e+02 2.081544567529703404e-01 -1.706331026806061146e+01
3.230358466170259817e+02 4.287458220399439357e-01 -1.392567398324454686e+01
3.666481420069091541e+02 6.027231131256251609e-03 -3.557639593470802997e-02
2.596378437158197698e+02 2.862207721824942541e-01 -3.864916994564935454e-02
2.857198689660189075e+02 6.661766189362521295e-01 -1.074694144262027473e+00
3.458566363098014449e+02 4.727914879709331775e-01 -1.694747847474992630e+00
3.308862633465886347e+02 1.956092890807318019e-01 -1.442569541699048052e+01
3.486904618222066006e+02 4.569503940626170047e-01 -4.165252980062976729e-01
2.836807628536039374e+02 6.487863636636062026e-01 -1.301218468644020909e+00
3.618386396094754218e+02 6.223186576914817997e-02 -5.406292722777075177e+00
2.735440695171820948e+02 5.624148755623151752e-01 -3.441636476132471589e+00
3.346239370383900109e+02 1.317761062638214131e-01 -7.812782000210440003e+00
2.789056216901905145e+02 3.096758255037793672e-01 -1.869539462546590203e+00
3.829644629804858482e+02 4.025518265861586231e-01 -4.329855186772570086e+00
3.319519239645019866e+02 3.317605247423336540e-02 -8.785439864631006124e-01
2.800985981189796803e+02 4.349281260694997653e-01 -2.432989169861751400e+00
3.126540454716337649e+02 9.594004963582528078e-02 -3.557888036542350418e-01
3.603348499130428308e+02 3.889832323570441286e-01 -8.949820553773232490e+00
2.761030978852479052e+02 6.635350999344797884e-01 -5.277515762807108324e+00
3.541417289744118762e+02 5.344378359652754984e-01 -1.292787950377696227e+00
3.734013902508729643e+02 1.680877669787370909e-01 -4.787786255459299589e+00
3.109748463105722749e+02 3.776359253928756043e-01 -8.714103582970940398e-02
3.693215107912516260e+02 1.765876125614371794e-01 -1.234183421686119075e+01
3.263562801930286241e+02 7.567725058852682318e-01 -2.378524638899693144e+01
3.656048580150304588e+02 7.749301900464775628e-01 -2.821843737874986324e+00
2.693943230533168958e+02 2.431410804614211885e-01 -3.631544087212336125e-01
3.781497308773553527e+02 5.403535359375996050e-01 -1.922544365370162822e+00
2.744238822871237176e+02 7.665178615068678480e-01 -7.038193556554261932e+00
2.907667086638290357e+02 6.196542584477957583e-01 -3.122528831763230706e+00
3.845921780020292431e+02 7.516884308715109375e-01 -1.534533324804269183e+00
3.629528337362103798e+02 5.210294214636304044e-01 -7.643109879737886025e+00
3.031576090946008435e+02 4.142036586318482705e-01 -1.167134881188964002e+01
2.958458841663384646e+02 2.952734740020244164e-01 -1.398868289642631879e+00
3.384328637992822451e+02 5.050642572974000100e-01 -1.167284024685113941e+00
3.799451042136089427e+02 4.853644239223742218e-02 -4.922825856269133382e+00
3.758244494192636580e+02 3.625824214254633193e-01 -3.608187482472625440e+00
3.088488825012000802e+02 3.733022251595425889e-01 -4.991674248012061832e-01
2.937910719203482017e+02 6.869699236941690934e-01 -1.755511186688060832e+00
3.741146393276230810e+02 5.892472658640873773e-01 -1.234875446627413442e+00
2.664759026885114395e+02 3.168683306623503171e-01 -5.534384417613925633e-01
3.371164726238367280e+02 3.023682842294769246e-01 -4.799637308850106976e+00
2.971685550250143706e+02 6.757292852831162655e-01 -1.169902689895645409e+01
3.764304201356752628e+02 6.561381948817039678e-02 -5.281219167095409617e+00
3.153534396616598201e+02 7.326880702505327025e-02 -1.182158979143227651e+00
2.658127062154520672e+02 7.223507689293622303e-01 -3.370088961947191653e+00
3.328192501912804460e+02 2.020469932101722765e-01 -1.628807313252584521e+01
3.353941212567449384e+02 1.480944613273057486e-01 -7.271319801267994265e+00
2.705524961532015027e+02 6.270051328895137610e-01 -1.711666704016072238e+00
3.171813279059885531e+02 7.009316311981756975e-01 -1.149696914327289488e+00
3.817118950473867471e+02 8.517272533861164341e-02 -6.879718020948856427e+00
2.903811105979448826e+02 6.134825352848937152e-01 -3.167552075729130667e+00
3.569528890738857854e+02 1.083344972409254307e-02 -8.070495140748638885e-02
2.979917108088977784e+02 1.396088594021017149e-01 -4.575950891415925259e-01
2.642175777594845272e+02 7.395184475291824988e-01 -4.162483709135153198e+00
3.191373847762542937e+02 5.812002676998929696e-01 -3.494385711564640951e-01
3.561533343499230568e+02 2.732703018460541644e-01 -9.913059105818280425e-01
3.544924880928155630e+02 2.273473062026418468e-01 -7.949026166755712719e-01
2.850868557623622337e+02 1.937855809101417595e-02 -4.028884487231882083e+00
3.149332913682969775e+02 3.534167603375435451e-01 -5.927345793680435015e+00
3.047610531859928642e+02 1.847698110874113064e-01 -3.686451669963905164e+00
3.438846666290479561e+02 1.248154698502221271e-01 -1.539155705431730192e+00
3.715345365453484874e+02 7.060347824375305947e-01 -1.644571117234936430e+00
3.890886016923669786e+02 9.996357835172887951e-02 -6.358042975134464925e+00
2.630125813510573494e+02 5.158210019729349005e-01 -1.607661206726609837e+00
3.273568652517515147e+02 3.246718964687436704e-01 -2.715526470390025437e+01
2.612765692733677270e+02 1.597532279640448971e-01 -3.600848476470440707e-01
3.089627601583048317e+02 6.378825037696376210e-01 -3.101000635140781503e-01
2.776279476105126491e+02 4.223291050348485509e-01 -3.984284428460149741e+00
3.501700819119009793e+02 1.622571755949517858e-01 -5.181108683082374933e-01
3.468949108011225917e+02 7.289214349803059267e-01 -5.251682199490073089e-01
3.633704989446617901e+02 6.469986445408856257e-01 -4.955722158084280515e+00
2.723115611275875949e+02 3.391862736891437247e-01 -2.935369870385543534e-01
2.987723665670095556e+02 1.133508185273339741e-01 -9.438540022602024404e-01
3.194385421587426777e+02 7.807740937627050126e-01 -1.499707213322944321e+00
3.508986877015703385e+02 5.566702877150913054e-01 -1.940877331478126910e-01
3.443031930842171278e+02 5.728875520274970823e-01 -1.722960058338082856e+00
3.350978005163096896e+02 4.588944886669630852e-01 -1.299262320540750437e+01
3.273033226853108317e+02 5.946429432857195385e-01 -2.678546555052204425e+01
3.833541131381249443e+02 2.282856347039686762e-01 -6.087552171710579607e+00
3.299106100676750088e+02 4.002966640388253561e-01 -1.931326277841139927e+01
2.745938029629575681e+02 3.744807142468222771e-01 -3.174977380117621539e+00
3.024304637606467168e+02 7.518060045696930427e-01 -1.615149175812436866e+01
3.887247938266227720e+02 4.169880498007065284e-01 -3.613184288394959420e+00
3.316931913770239362e+02 7.052625669177157164e-01 -1.520979184012161411e+01
3.862693985982344884e+02 2.513711383089928808e-01 -6.992077034089659193e+00
3.583052586590264923e+02 1.993652568242051948e-02 -9.213891956983971676e-02
3.740889439119590634e+02 5.735133015815597757e-01 -1.321416838725295140e+00
2.663633298969448333e+02 5.294874299113818683e-01 -1.975214120790470318e+00
3.456362155113658901e+02 2.091488230046280056e-03 -2.117909958324603714e+00
2.955113137883806189e+02 7.816753863719395623e-01 -5.664425451809075085e+00
3.700301043027541255e+02 1.500122129391483483e-01 -1.055411075034516699e+01
2.622436431412070874e+02 3.101849613839858799e-01 -1.428463731605544018e-01
3.685658607312217896e+02 6.551909828441844219e-01 -3.757620405309858747e+00
3.000417593272509293e+02 4.822948679994366050e-01 -1.597055567843564461e+01
3.795906382527491587e+02 4.931828416234234069e-01 -3.311795004960694566e+00
2.878842022469244739e+02 3.373729079264045083e-01 -2.145313709062320662e+00
2.725123442923544417e+02 5.679424367367419402e-01 -1.605721898963022420e+00
3.720573721004252548e+02 7.025134418020049232e-01 -1.243546238472956533e+00
3.370737160246727058e+02 1.428191562729767827e-01 -3.231384190656351851e+00
2.927918776159543199e+02 2.601333368489054387e-01 -4.841998018166246975e-01
2.648657813518613011e+02 7.936992797194345473e-01 -4.346622425769987252e+00
2.772948690176407922e+02 6.876592556721743410e-01 -6.132610825492549544e+00
3.127366999483838867e+02 1.590494967102691060e-01 -8.812946789228263134e-01
3.192701353837576335e+02 1.933503543806614489e-01 -5.521471084411979507e-02
3.323251786539797195e+02 5.013081337732010478e-01 -1.821545300508843468e+01
3.532566417867527662e+02 5.083763102230469677e-01 -1.067265751491376369e+00
3.229017982481234981e+02 4.486056310702358774e-01 -1.260535815907460311e+01
3.248826723480090095e+02 4.678246917246768888e-01 -2.516210101185480497e+01
2.675145353696667030e+02 5.416544297761390070e-02 -9.999306018426885601e-01
3.165019030283765460e+02 4.414527243574135618e-01 -3.092703035335402806e+00
3.492127345765260316e+02 7.630883472207843354e-01 -5.555929677163176650e-02
2.691128976741015890e+02 3.022351242359819223e-01 -3.036396399092135545e-01
3.483358826601609053e+02 4.225746600198809072e-02 -4.799652651303972783e-01
3.170811959276610423e+02 5.427502672157688002e-01 -1.794699742597260395e+00
3.843066589549584364e+02 6.379486273347810821e-01 -2.102458867740855109e+00
2.734936693005473671e+02 5.483640374764828795e-01 -3.324055509094108629e+00
3.870554324181076709e+02 3.271252588773627679e-01 -5.760540758170204612e+00
3.819316241071874174e+02 3.618837287430147764e-01 -5.458601876808169884e+00
2.913537676110689176e+02 8.100297875729356445e-02 -5.152218205529620620e-01
2.852497907628754774e+02 6.236909855273018582e-02 -1.728640613493751310e+00
3.612830240126008903e+02 5.841642251216055959e-01 -6.364603012067251875e+00
2.856098755888547203e+02 4.101677225507634472e-01 -5.731173463576666460e-01
3.475054912416346724e+02 5.181014397356369372e-01 -8.106625312081666701e-01
3.519187304254560331e+02 2.793478479630545075e-01 -3.845521771297392699e-01
3.631314443725394199e+02 3.048846985104780583e-02 -2.426087396462337953e+00
3.731077945084453518e+02 1.715395939578638340e-01 -4.958688866929737316e+00
3.063952623908037367e+02 1.097027809818479221e-01 -1.984219855077570482e+00
3.129522997221941978e+02 9.649624137433502821e-03 -6.023304081849718550e-01
2.811112361323581581e+02 6.671952296918963465e-02 -1.000359116871306409e+00
2.794798223931401822e+02 3.596495396310593340e-01 -2.115837708889070523e+00
3.259596077804460492e+02 1.223760032611671128e-01 -1.255079587786413953e+01
2.885968967303983277e+02 2.478581602607771994e-01 -1.237070448426217384e+00
3.014678417474466983e+02 6.086233432257928122e-01 -1.680248851549952605e+01
2.611359986741489934e+02 2.053482870804298477e-01 -1.474982736295893937e-01
2.960476951378176409e+02 3.198059038364833295e-01 -2.209250258932346611e+00
2.841501583807689713e+02 3.880426542463658035e-01 -5.042109003074396467e-01
3.765401645996814750e+02 3.981708620840412882e-01 -3.183078739382299460e+00
3.580345496183140312e+02 4.740977313682587790e-01 -3.141452712668267200e+00
3.242838786706000747e+02 7.218665781175235274e-01 -2.037368142710507257e+01
2.595976319782513997e+02 3.789190935865932031e-01 -7.717154873634296530e-02
3.389882611954328695e+02 2.117798315609683013e-01 -6.196020465806493238e-01
3.422420080171707468e+02 2.388885882246305492e-01 -1.170677260373120143e+00
2.976870413816287737e+02 4.346183779152613669e-01 -9.569057937476380005e+00
3.751685125883187766e+02 7.910275020061838802e-01 -4.832349004753127009e-01
2.820639920455636229e+02 5.585739460816130375e-01 -1.206840749970724769e+00
3.806283723122768379e+02 6.631531044461607127e-01 -2.254205274096081180e+00
2.779030330786945910e+02 4.263623456161236835e-01 -3.913331338875575938e+00
3.560191633238042641e+02 2.674147993311690730e-01 -9.871110812813645996e-01
2.938367845598756958e+02 6.887192696491718502e-01 -1.760461793706152189e+00
2.896114405825563836e+02 6.718231174667046446e-01 -3.246708801406680500e+00
3.105072182544827228e+02 7.377047176630093794e-01 -2.350258689055822747e-01
3.780142722114340472e+02 1.193302299884895085e-01 -5.592694108484718818e+00
3.212104536831223527e+02 9.856552354238441727e-02 -7.103707863261917721e-01
3.050258254736752406e+02 7.171606837206354612e-01 -5.725189166835480847e+00
2.646635923876222591e+02 2.195709696303127234e-01 -3.678597206091757665e-01
3.145858420070279635e+02 2.824060629273375533e-01 -5.104966791370160628e+00
3.600265847739847800e+02 6.078831434505290732e-01 -5.036894214031212513e+00
3.189017756713263907e+02 6.758122726142545833e-01 -1.265318412209264221e-01
3.440851142649040639e+02 7.571773686421141569e-01 -1.118444942646753093e+00
3.381527473098043401e+02 1.656151268321341685e-01 -1.668606339698087471e+00
2.984902869083730934e+02 6.272309422426118886e-01 -1.855275510698531960e+01
2.704704992408000521e+02 2.938000550219516671e-01 -4.258023261294820450e-01
3.043062183814876107e+02 6.182125813746988108e-01 -8.177336724523417644e+00
3.427733148156930838e+02 7.286676476554140303e-01 -1.976664073736724925e+00
3.088942170755180996e+02 3.353472675704485123e-02 -5.110859664167199945e-01
3.642028343220939632e+02 5.790523824427212807e-01 -5.767535079050559510e+00
3.345885231725857238e+02 9.282433908181800253e-02 -4.668322873239909576e+00
3.678823751051927502e+02 6.410150169082833305e-01 -4.235438900922877892e+00
3.646984800296590947e+02 3.485384391632559975e-01 -1.264729704551128364e+01
3.512561987978807565e+02 3.328266873950156413e-01 -2.891998628384318537e-01
2.753319448446995921e+02 1.286782595701030096e-01 -2.683716262080861448e+00
3.404801816623080981e+02 1.853796246736695297e-01 -3.273723520062214731e-02
3.543900857708219405e+02 5.258463020919733610e-01 -1.266934891437250021e+00
3.086818729162475279e+02 7.747629035572813905e-01 -3.527575195707975952e-01
3.666838776258010739e+02 1.791636001747400897e-01 -1.712181938317906571e+01
3.287640122315103781e+02 7.528455637011778612e-02 -5.917962165566995836e+00
3.812178259555673208e+02 3.593128211879330070e-01 -5.725372094775814880e+00
3.009054080325098539e+02 1.043239619048819677e-01 -2.632312599002488152e-01
3.230110493726955383e+02 1.829874291000486430e-01 -6.542715933829530428e+00
3.047213972974114427e+02 7.660088888927722994e-01 -6.346432243872977885e+00
3.727473660809592388e+02 6.183036996820266973e-01 -1.479062727142535838e+00
3.554137658617802344e+02 1.001284203560717512e-01 -1.727010194659800157e-01
3.872898696988335132e+02 3.293654046224672727e-01 -5.735128092055462368e+00
3.244797032056576995e+02 5.901977420368165195e-02 -2.640204281357465099e+00
2.744782101769511655e+02 2.567514079011342099e-01 -1.722179205748848085e+00
3.676440285850541159e+02 7.770270557944749523e-01 -2.719481253941178789e+00
2.774408264948176566e+02 4.400872364420427285e-01 -4.203302840966915532e+00
2.619909746647518887e+02 4.966398965556563794e-01 -9.947704893151592120e-01
3.382609155651897481e+02 5.430977183968119792e-01 -1.603785942342910831e+00
2.924244567182686296e+02 7.853203873870828744e-01 -3.064228358193525459e+00
3.522489360155570921e+02 1.853665960994022588e-01 -3.083436788913990201e-01
2.667136246800567960e+02 6.370111628337893350e-01 -2.633728514746149330e+00
2.952702484153006708e+02 1.316018975789051415e-01 -3.949011376762441294e-01
3.627689192027817171e+02 3.846631140088537792e-01 -1.145332727836934161e+01
3.145229849305644620e+02 3.175874032777959988e-01 -5.407979128358156196e+00
3.602463812048576983e+02 2.007577571972736230e-01 -1.051443531074339433e+01
3.577645046861074434e+02 7.226274866434621025e-01 -1.475576275598553311e+00
3.218055323875716454e+02 3.706533814313346942e-01 -7.859203907419324509e+00
3.090405602688571207e+02 6.151624690205235169e-01 -2.256399692499750365e-01
3.452842677190608356e+02 4.869473511099319807e-01 -1.666552428362920946e+00
3.428471055036036432e+02 6.718984558962408649e-01 -2.027747369990140047e+00
3.035668059492509201e+02 5.776063976653998955e-01 -1.116977222638666234e+01
3.556349720438527129e+02 4.320690723746231643e-02 -5.035163789843551813e-02
2.637422909805417248e+02 4.679791047801041270e-01 -1.975155744730536567e+00
3.073959111841008962e+02 4.359325119116788105e-01 -1.890999010583978235e+00
3.061468072568550269e+02 7.445763705955327216e-01 -3.231482051377426057e+00
3.404818614915752164e+02 3.028095993369899763e-01 -1.996843816226296364e-01
3.743716636690687665e+02 5.547126090682418242e-01 -1.459361870165014841e+00
3.696550746292399481e+02 9.279225194187960823e-02 -1.006387447251150036e+01
2.712971229354399725e+02 1.370926781630364411e-01 -1.937135313713019391e+00
3.128760000856007650e+02 5.664469322339548141e-01 -2.070118616969189862e+00
3.017487755283361821e+02 7.109474858830400201e-01 -1.716548150879390988e+01
3.086561845972094034e+02 1.708399188084726295e-01 -8.534754400755426573e-01
3.478830880047033816e+02 1.507586749311314867e-01 -2.064878680739997030e+00
2.996719258013699232e+02 4.597633580350517502e-01 -1.546643554598649750e+01
3.157302667974028054e+02 5.209068747150064072e-01 -4.956193722087332887e+00
3.776430175382663492e+02 3.639625265405006527e-01 -3.566834303300373765e+00
3.800358009857491766e+02 3.504786378321229079e-01 -5.469725289329840479e+00
2.829389048335214056e+02 4.235342837668454874e-01 -4.039568716316394581e-01
2.657641455454631227e+02 5.445902821277689987e-02 -4.390593500808579464e+00
3.443345580801525330e+02 2.437127987077467306e-01 -2.727894163263314908e+00
3.534366437841127890e+02 2.774901244729290339e-01 -8.798589539666622494e-01
2.945464371835682869e+02 7.321399228481514365e-01 -2.236520259574548586e+00
3.234540764997483393e+02 6.828612772065143499e-01 -1.666145428992969357e+01
3.417982931740906452e+02 4.900459227352556013e-01 -1.584013720336682862e+00
2.675038882301511762e+02 1.220916311835290591e-01 -4.099505296192461623e-01
3.667252140881370792e+02 5.893567862180871808e-01 -5.335310184967468672e+00
3.282745215486559687e+02 1.589463920620419121e-02 -2.501678044447655513e-02
3.116096032408688643e+02 6.535276958099982270e-02 -2.421340095803014431e-02
2.865571428963330050e+02 7.380283230199313760e-01 -2.052523182172042659e+00
2.895755325640217279e+02 5.280037741112105776e-01 -2.691319124503488425e+00
3.619780036031409054e+02 2.640668249943747825e-01 -1.400773062869986241e+01
3.824883563942021283e+02 2.815061293923987740e-01 -6.345164396506398852e+00
3.653711962384169283e+02 6.732742824705900686e-01 -3.985777439652441245e+00
2.873759993888815529e+02 6.249918213457498206e-01 -2.930017687025697981e+00
3.857480612586360849e+02 1.777005080151572089e-02 -1.902070426182177920e+00
2.891310169905791554e+02 6.519510991097711150e-01 -2.985649829993723081e+00
3.173335663831860529e+02 2.905817311408291359e-01 -1.573210061694884532e+00
2.726065957554716306e+02 2.125398632563006152e-01 -3.980014508445544608e-01
3.498215785106069688e+02 3.936892626007579832e-01 -2.927161344620881622e-01
2.983293346420751391e+02 5.718731382603281510e-01 -1.627277744444291230e+01
3.289810133866073443e+02 1.608365918088083824e-01 -1.533281669437224259e+01
3.710641065391183133e+02 5.477783427908831104e-01 -3.106900033892720625e+00
3.761675875740567108e+02 2.280705308244949103e-01 -5.412211153498742711e+00
3.107896007702859151e+02 8.671673469067761597e-02 -1.813402864576738882e-01
2.793265014193207207e+02 4.097290095128759413e-01 -2.582238520150544225e+00
2.754395864290540317e+02 3.571728836812176205e-02 -7.250788147039302523e+00
3.362827286137256806e+02 5.162319913230226653e-01 -8.488631478856174084e+00
3.780148059113674890e+02 3.229304694592927683e-01 -4.170159773934155822e+00
3.852003545297068285e+02 3.780847783963807718e-01 -4.653572967088950740e+00
3.721890470180226203e+02 5.936540695248436750e-01 -1.835235016397029018e+00
2.633933758872682915e+02 6.008494116937157514e-01 -2.508675789286515023e+00
3.324181502264974597e+02 4.558165263894443098e-01 -1.882851919754700276e+01
3.888009314170119524e+02 7.750380065939632690e-01 -1.168807405682332545e+00
3.829854999545157170e+02 4.089957297484510951e-03 -5.545072129872835598e-01
2.807142986058463521e+02 4.318306720658707798e-01 -1.903567250010407497e+00
3.516676649355047743e+02 5.059650757480115280e-01 -3.373227380368604145e-01
3.264781399595464109e+02 6.908667282302736190e-01 -2.513024517084205200e+01
2.709350238327679676e+02 3.196718043506192181e-02 -3.966928240645446913e+00
2.918770141876091202e+02 7.529616840318980042e-01 -3.176338454981864068e+00
3.338776722751381953e+02 6.433888155411487952e-01 -1.389427099961247158e+01
2.603642315783699814e+02 7.503125706649228788e-02 -5.977516984012374301e-01
3.202554055730450386e+02 4.047320544047836588e-01 -2.502584188728231851e+00
3.639720989551939283e+02 7.027333623165166188e-01 -3.808479875441744156e+00
3.182205262594048918e+02 7.966047254539820877e-01 -5.984071731304722169e-02
3.465782880875452747e+02 2.213170981713739049e-01 -2.755718154200363923e+00
2.784285002456344955e+02 1.524400240174854371e-01 -7.918071529839229017e-01
2.693887353213070810e+02 1.196258240107625909e-01 -7.864703218434589971e-01
2.851935975759885764e+02 2.549198175505641428e-01 -1.370241374228018949e-01
2.817890268478504368e+02 7.160893942912729404e-01 -1.881489885314268307e+00
3.399278928232820931e+02 3.388728389854108736e-01 -2.488530735730954124e-01
3.356283766755736906e+02 4.780112471834017107e-01 -1.094063282464363596e+01
2.963114217324884407e+02 2.330808310302678599e-01 -9.227987509549575584e-01
3.319606719274017905e+02 1.945629753285562924e-01 -1.600223614016619678e+01
3.308259955757348507e+02 6.587684205490929035e-01 -1.568176289067682205e+01
3.589267896446205555e+02 3.095626170838754465e-01 -6.846345840419779449e+00
2.634918458142298618e+02 2.983127310720123382e-01 -4.700178886376106258e-01
2.812890765828281019e+02 2.126565470903070687e-01 -5.165360925742541465e-01
2.782419776966783047e+02 1.939672400466780910e-01 -1.220747616733115715e+00
3.247735866599495580e+02 7.052687953084735284e-01 -2.158383512410957650e+01
3.628295894795877530e+02 3.719281744891896335e-01 -1.183740111876478807e+01
3.856123543208194064e+02 1.247963944695390515e-01 -6.803788052556875243e+00
3.288342335727631962e+02 6.255070566105122021e-01 -2.283610362987590392e+01
3.756088491100371130e+02 7.608524898812739634e-01 -5.865241607739376528e-01
2.632964956905262284e+02 1.576980145797534649e-01 -2.197506480791232841e-01
3.035275167738347477e+02 5.027558058236721861e-01 -1.091465617556612422e+01
2.990456609154059606e+02 3.090909875287976560e-01 -8.227045199765951722e+00
3.456163483541827190e+02 5.577848449905297157e-01 -1.295930023300531531e+00
3.307851017169915053e+02 4.448698928481871206e-01 -1.781204761636593759e+01
2.950824966363256863e+02 1.388546483188148883e-01 -3.710680875653925015e-01
3.663528732571456885e+02 7.800833200814628610e-01 -2.836453551357516201e+00
3.275320618027224100e+02 5.103203517334540251e-01 -2.776693151806511395e+01
3.771087280779033790e+02 5.389924211461356585e-01 -1.723990820871033947e+00
2.698911648384965929e+02 4.720428537126453161e-01 -4.665133368592484508e-01
2.762137948625496620e+02 6.866997117827365882e-01 -5.498193401832165428e+00
3.324583770914786101e+02 1.443066671489733610e-01 -1.264886289307193046e+01
3.841028574921448353e+02 6.692847420618665000e-01 -1.926749417771470574e+00
2.912579914320829175e+02 2.555413791580054550e-01 -8.533712730813464153e-01
3.709756005462776329e+02 3.319205665165563257e-01 -6.710161619901228391e+00
3.202072471285468964e+02 2.061723074411707379e-01 -8.927346113243768144e-01
3.591395670977457826e+02 6.508412061645754698e-02 -2.149717740756925011e+00
3.498306338583664683e+02 3.471432269632026557e-01 -3.714006237425283574e-01
3.038730229502780276e+02 7.017766386533939027e-01 -1.020216443089172564e+01
3.242372593763474242e+02 5.307518406050057980e-01 -2.054374504642868970e+01
2.701003912557516173e+02 1.792814530419269137e-01 -7.527274165499941994e-01
3.102237676503141870e+02 1.867788398536035510e-01 -1.784713687322450615e-01
3.620341128400062303e+02 2.261829883385656492e-01 -1.439023887383147304e+01
2.901151984679134443e+02 6.114374402169419492e-02 -5.724706595566090295e-01
3.731027026214827629e+02 5.505343823634362144e-01 -1.684834056041477179e+00
3.578325684052197744e+02 8.597100568654923378e-03 -4.700968350137655488e-02
3.412226352439203083e+02 3.585712440774630472e-01 -7.633592883639038762e-01
3.802839334923069714e+02 3.428608642646531202e-01 -5.574560054526211061e+00
3.416443071623854166e+02 3.842419467255091536e-01 -1.100266759223056390e+00
2.647794732275998513e+02 2.459523329214530762e-01 -4.644080141849025178e-01
2.963906289050498799e+02 1.805776281109105000e-02 -7.639540950319915424e+00
3.437817659336755014e+02 3.213673743647559033e-02 -1.011040074824468143e-01
3.002186685514659530e+02 4.880398918850448187e-01 -1.581358130262924533e+01
2.827205137926173393e+02 6.149217008864220624e-01 -1.106767165265913455e+00
3.798550209893784881e+02 8.814081123172574916e-02 -6.420544522732670956e+00
3.691724303065027470e+02 6.939707238681885881e-01 -3.005115610802902903e+00
3.352852531217723708e+02 3.934610135608636039e-01 -1.218432937238763003e+01
3.221868443478132917e+02 3.086569440378205201e-02 -2.868448889717853389e-01
3.179305402975094239e+02 7.711207212087221041e-01 -2.028090997637207460e-01
3.391400556827021546e+02 2.185076192967398967e-01 -4.031722133458028878e-01
3.022857947643387888e+02 7.752638778027184929e-02 -1.448820922926800925e-01
2.890435911399712836e+02 5.727758285834669838e-01 -2.708393896994885974e+00
2.862610642668358309e+02 1.083814180797783716e-01 -2.231648453093208195e-01
2.794780883799251114e+02 2.759967152150870073e-01 -1.346252950351723099e+00
3.363737495507637050e+02 2.686427847794900514e-01 -8.164538563739700550e+00
3.684174708651150922e+02 5.913461971635002312e-01 -4.640598019560495224e+00
2.832241940748059505e+02 4.332534375206911204e-01 -4.589877670726864589e-01
3.778166067074886314e+02 4.556877483541632579e-01 -2.567506308833536810e+00
3.148840577670974881e+02 4.578303270009762560e-01 -6.130385140517219611e+00
2.983747462764485476e+02 7.310724853187806627e-01 -1.916492880443993485e+01
3.543195329721812072e+02 7.570797013384886753e-01 -9.636854232049434366e-01
3.335482838398540935e+02 1.660146498231571677e-01 -1.224025117742141688e+01
3.050985912783871186e+02 7.888396877078860392e-01 -4.987882190646951486e+00
3.214386908018180975e+02 7.190691216802401753e-01 -7.970109873519270138e+00
2.770764772510059970e+02 5.120590678253937877e-01 -4.766554024934412936e+00
2.745604471002599212e+02 6.008468096834302941e-01 -5.800322269146765741e+00
3.125825110588575058e+02 5.623557197176960454e-01 -1.550577835359792545e+00
3.085012080469198281e+02 3.619298155918592164e-01 -8.377632243466356377e-01
2.607347448691095906e+02 6.634655637979856024e-01 -8.647625983475483169e-01
2.678998176724234099e+02 3.162553373430430081e-01 -8.601986145736230105e-01
3.099813052630794346e+02 6.776606855067101032e-01 -1.393768996962894691e-01
3.315765073412735546e+02 2.935574049036691058e-01 -1.867132436480017788e+01
3.851954472546619854e+02 3.801679275286673487e-01 -4.625874161807331575e+00
3.643061415244829391e+02 1.711216109717313139e-01 -1.695549118018735157e+01
3.466708275202108211e+02 1.131321619838097092e-01 -2.146133675678620012e+00
2.941934361990524280e+02 2.853559463292492104e-01 -1.592559252923795854e-01
3.891011406932931322e+02 5.553069352063611658e-03 -1.385666183886127945e+00
3.183002149837840875e+02 5.013193177078616863e-02 -1.724381822172955658e-01
3.377844542741584632e+02 4.003380345407448471e-01 -2.939461480606940569e+00
2.733823526858233777e+02 2.639763856232703598e-01 -3.717158348925736489e-01
3.441314820972937696e+02 4.278544295932286134e-01 -2.319402928546152598e+00
3.560539698689258330e+02 6.422526834997572820e-01 -6.843741615291835112e-01
3.067207654084983233e+02 5.984449180120333667e-01 -2.777976198351471027e+00
3.877579020686679883e+02 4.134591872612798369e-01 -4.107617434201757511e+00
3.538940536773848748e+02 6.505476054521084350e-01 -1.164706489320148863e+00
3.479094389036897610e+02 4.816497421187687644e-01 -7.826848800187407029e-01
3.607422806458241666e+02 2.354573217556787945e-01 -1.155059470057625326e+01
2.719594386449159629e+02 7.398715542076117480e-01 -2.476764221038491698e+00
3.650290844279317071e+02 7.922564519921393433e-01 -2.615303226494151811e+00
2.662097353703198337e+02 3.227734011587327645e-01 -5.762026492497273056e-01
3.719578176536348337e+02 4.192754032336438730e-01 -3.705042211337373104e+00
2.874801858261147913e+02 5.234944562124544953e-01 -2.767473408747493480e+00
3.737852674336517680e+02 4.715673109153754594e-01 -2.006152664411942066e+00
2.609216774306872253e+02 1.347759050408234294e-01 -4.170428556387358321e-01
3.155375863459998413e+02 6.206998351385687451e-01 -5.312829646521324278e+00
3.504823942014937188e+02 7.475603973632480859e-01 -1.361513087257401056e-01
3.518440375529394828e+02 9.638632701797739122e-02 -1.274151583262828347e-01
2.930258962218385932e+02 7.274824463409542696e-01 -2.371388981421776787e+00
3.818544855367721311e+02 5.772114089497554223e-01 -3.000309430498186547e+00
3.139470399499958830e+02 4.022798947888332061e-02 -4.517487589654164415e-01
3.267575219123428383e+02 8.508510938304944538e-02 -7.826241874993931091e+00
2.850329924551542717e+02 6.375432442686121970e-01 -1.044509737419392348e+00
3.304848575035931049e+02 5.584722095754248716e-01 -1.702333357667337665e+01
3.305663786453725379e+02 7.888423523437104734e-01 -1.462633459991522145e+01
3.725420156943515622e+02 3.202345676835578470e-01 -3.912551488005422851e+00
3.264307926667977426e+02 5.156922498879432659e-01 -2.751401571043275496e+01
3.296937388843529106e+02 7.390632550561394565e-01 -1.762537284709345542e+01
3.223708064635262645e+02 5.414318009813609001e-01 -1.066952110739240034e+01
3.353856840426597046e+02 7.308724099678758357e-01 -1.013177458622301508e+01
3.288576791689268930e+02 6.985359370168908733e-01 -2.194280412302753192e+01
3.322864559806090483e+02 5.719408249248590925e-01 -1.726478984608138845e+01
3.003261317586123482e+02 4.380021937970600132e-01 -1.399732248028034931e+01
3.263612354013176855e+02 5.171745609969221613e-01 -2.750555389544998874e+01
3.292710839718182569e+02 7.206669085251105056e-01 -1.903655964828968905e+01
3.298827204208785133e+02 4.739044165930824670e-01 -1.906451383042919545e+01
2.990247233840435683e+02 5.180661426338375453e-01 -1.712228871234914607e+01
3.335734821688474767e+02 5.709102486629132889e-01 -1.543629953694620305e+01
3.321974422212875311e+02 7.441170403124413024e-01 -1.472357652191333344e+01
3.682908608788202969e+02 2.053769210480575202e-01 -1.438013290523904431e+01
3.283608773432883368e+02 6.244337698617560273e-01 -2.500394046021353844e+01
3.311597712884098996e+02 6.658726331175122137e-01 -1.558381874553887769e+01
3.022162927225452336e+02 3.764024662093707341e-01 -1.141470756544111964e+01
3.362802086034924969e+02 5.725986540326667429e-01 -8.234766281792575526e+00
3.268751516014110052e+02 3.776512135435666218e-01 -2.817919967868640896e+01
3.305754581438951618e+02 5.848552881411664961e-01 -1.676692659493081194e+01
3.303792143704060322e+02 3.487582556971826619e-01 -1.806382536319522458e+01
3.245461118694045126e+02 7.627015709268023524e-01 -2.093586669730539995e+01
3.263354319185982604e+02 6.159958716485273156e-01 -2.613426130432270256e+01
3.274973365418688331e+02 3.601708630764864916e-01 -2.778553947226748377e+01
2.935871488720111415e+02 6.036792435390609946e-01 -1.610230175521660811e+00
3.276002100669692823e+02 4.016518389585332915e-01 -2.780301351170184887e+01
3.335258206871562834e+02 6.475026217936866724e-01 -1.435586016783679675e+01
3.304102571955754115e+02 3.629004403956488378e-01 -1.811992515003028359e+01
3.258118791068565088e+02 3.135922523135690199e-01 -2.641366223156587623e+01
3.397094138531507497e+02 4.089379017911037306e-01 -3.724303634428794973e-01
3.342599309285924960e+02 7.803849697113037776e-01 -1.180938941527286623e+01
3.287959751377579778e+02 7.000430107116699663e-01 -2.190790730050770563e+01
3.168971864837762951e+02 3.164615267899847373e-01 -2.563328972066608813e+00
3.307791032657075903e+02 6.580043792724610263e-01 -1.568569260600597914e+01
2.915120846639347860e+02 5.531743006082019409e-01 -2.433657580116054486e+00
3.288772090679439088e+02 6.286030490722614994e-01 -2.281086132400452726e+01
3.443091182202504115e+02 5.970722893303023193e-01 -1.632196737045701118e+00
3.260867209102503921e+02 4.753142279957570659e-01 -2.766682888571937582e+01
3.091283138900411700e+02 3.475603549417143334e-01 -4.055469317492320092e-01
2.964781277508035373e+02 5.682219373711631105e-01 -7.410726809800056714e+00
3.252478717947325890e+02 3.309138536453247181e-01 -2.547411148966455485e+01
3.593342017947504701e+02 1.959692030155316400e-01 -7.627679067673826196e+00
3.278574287831087872e+02 4.787181003221153697e-01 -2.717615464178899742e+01
2.944094915719460914e+02 5.143036116547214931e-01 -1.294764951572825673e+00
3.255803943033176893e+02 3.518781572250088141e-01 -2.659484799846652336e+01
3.283067236063870951e+02 4.537288188934326394e-01 -2.654653503231929790e+01
3.246551492069881988e+02 3.789484585847158749e-01 -2.374198336743940629e+01
3.046517904631490410e+02 4.514299885416721003e-01 -6.329568404075298638e+00
3.252516422016917090e+02 4.267178632870477495e-01 -2.625616643207810696e+01
3.242926539710905445e+02 5.014550158074574382e-01 -2.235003517095065817e+01
3.244903329852173783e+02 4.580090606542784326e-01 -2.240318387152127855e+01
3.281029709395463101e+02 3.294035480993368625e-01 -2.644912617857193027e+01
3.263978939625347948e+02 4.384202007738004503e-01 -2.810713114725881567e+01
3.251056805047718399e+02 4.816480294787312544e-01 -2.607075883817278950e+01
3.225208982559352648e+02 5.074467297199689586e-01 -1.167556533007214092e+01
3.254373054395174449e+02 5.836615992504775585e-01 -2.561030798655837515e+01
3.257088599439818495e+02 6.336785396060137243e-01 -2.530089198184735721e+01
3.271276462803763820e+02 4.059563583083639071e-01 -2.830292614145521313e+01
3.285443215817971918e+02 5.500801243725345069e-01 -2.486165635589659217e+01
3.236261116634933614e+02 4.770951158101024436e-01 -1.730814258874850964e+01
3.241808392290124630e+02 3.653960164052318937e-01 -2.025683130601115778e+01
3.272991401731171095e+02 5.115655181680501817e-01 -2.774826743702277909e+01
3.274816934095856027e+02 3.991177994436749255e-01 -2.812118634617219826e+01
3.274782978552134409e+02 3.724129083921063899e-01 -2.792639569769436036e+01
3.253506475411673478e+02 4.000141894619966831e-01 -2.618955606257497948e+01
3.290806342269193010e+02 5.057618862697526030e-01 -2.266021874869676722e+01
3.244990665828443639e+02 6.239353985212998666e-01 -2.131989617376523682e+01
3.259978625055751422e+02 4.814213649293476727e-01 -2.763127101995377188e+01
3.298483656089733813e+02 5.234235082559075547e-01 -1.869665795449606804e+01
3.265724552717334745e+02 5.288965554959456083e-01 -2.755141533386840891e+01
3.232874900978376331e+02 4.246176605734057197e-01 -1.547226967999212555e+01
3.093274374297640747e+02 4.993292435352483238e-01 -2.039181099652097318e-01
3.266561691284613289e+02 4.874366357019204732e-01 -2.796991164084737846e+01
3.268833499062044439e+02 4.987154736969002800e-01 -2.797075977754813891e+01
3.273825450251845268e+02 4.699778256091818318e-01 -2.805835739566453668e+01
3.277915885808077974e+02 3.558942736648466609e-01 -2.741049041952750542e+01
3.262449584567057741e+02 4.339032005991066976e-01 -2.813959540709855034e+01
3.269606304088781599e+02 5.469267380401325873e-01 -2.744186698031297666e+01
3.275930637529584146e+02 4.175667700509857472e-01 -2.784938207622396078e+01
3.266269475643777582e+02 4.724542396055148585e-01 -2.808946233875959209e+01
3.289322632979860259e+02 5.728143541988574006e-01 -2.345199097501056329e+01
3.282189461758468951e+02 3.812390210626861453e-01 -2.639683734056319153e+01
3.281795866772702652e+02 4.024396678093154489e-01 -2.651166260086941051e+01
3.263682468433027566e+02 4.387677980033077296e-01 -2.810978619565274883e+01
3.280035654676192962e+02 5.459617592398507968e-01 -2.664007572569703441e+01
3.273892026407763751e+02 4.814756056743129675e-01 -2.798942766933267023e+01
3.261255589774998498e+02 3.697812376043987381e-01 -2.770472941936116840e+01
3.269933895592585031e+02 3.441549161858998285e-01 -2.775198676756154015e+01
3.289142800833553792e+02 5.213153629748099593e-01 -2.393205331842955985e+01
3.269604715798280381e+02 5.019441925113786729e-01 -2.793692986378216858e+01
3.269269057972931023e+02 4.428577074338022057e-01 -2.832088418440175559e+01
3.280430593122686105e+02 4.668524160139512214e-01 -2.726104571113467046e+01
3.256093234729615347e+02 6.231308485217044169e-01 -2.500017811003199597e+01
3.260684234907153041e+02 5.099122668707319894e-01 -2.734437102097374606e+01
3.270140500796634910e+02 4.665423842514457298e-01 -2.820841062122752163e+01
3.266730433090921224e+02 6.576139334251662749e-01 -2.566418877355016548e+01
3.259994331415942952e+02 4.912848997895635228e-01 -2.754338321630943298e+01
3.273916310454274026e+02 3.669294823312518883e-01 -2.786619806348340589e+01
3.267656383421976329e+02 5.628744829410855521e-01 -2.724676011311427715e+01
3.272556650307316772e+02 4.760737008585811947e-01 -2.815133171226859332e+01
3.269642334308276759e+02 3.048003583561822438e-01 -2.684716418971967400e+01
3.273267996557644324e+02 4.853439813844643291e-01 -2.796126439885896175e+01
3.258835668276502702e+02 4.283819903165637655e-01 -2.753161467071083024e+01
3.264020975101760200e+02 4.570884039618883232e-01 -2.802365688507394736e+01
3.265722342501695152e+02 4.629902484802637108e-01 -2.815610818028665818e+01
3.263166247091835999e+02 4.819381316466170850e-01 -2.785942368807977232e+01
3.253886920927118354e+02 4.307078391189961275e-01 -2.704769416653352110e+01
3.264365445891478430e+02 5.264579011476543391e-01 -2.738896785389752253e+01
3.269828659993343081e+02 3.998362504648430016e-01 -2.830776711875754614e+01
3.259550924324827292e+02 3.835216350895138127e-01 -2.784109336052241090e+01
3.266759054557693389e+02 4.491189569726824482e-01 -2.821850429615565758e+01
3.265310482524512281e+02 3.540938725701196499e-01 -2.788260059346357522e+01
3.265091176202917040e+02 4.097664356231689453e-01 -2.829228486632246486e+01
3.266409772431365468e+02 4.419162544817304417e-01 -2.824927371453189551e+01
3.276296067790570987e+02 4.599787321940119189e-01 -2.779612500492147475e+01
3.277411498078750469e+02 5.178369321684208604e-01 -2.741348842503978034e+01
3.270720735474560570e+02 6.102998289378679386e-01 -2.663510854367303438e+01
3.266786541348125184e+02 4.167340474737473710e-01 -2.828356726340016181e+01
3.264577085313547400e+02 3.634100558824600591e-01 -2.785253420795434920e+01
3.270213321746153952e+02 5.062949163442928002e-01 -2.791483646787123263e+01
3.263427228807767051e+02 4.364542124629482434e-01 -2.812017802810163758e+01
3.276075677529065615e+02 5.435940483073061769e-01 -2.714591707289117650e+01
3.274820308711104531e+02 4.681021950476701443e-01 -2.807132711648283419e+01
3.262102525562991104e+02 3.956401670290765060e-01 -2.785639981347691574e+01
3.269181852881805526e+02 4.693831558886181199e-01 -2.819622956892768428e+01
3.272647766486625756e+02 4.514063884903711799e-01 -2.827815075677210643e+01
3.264959277428999940e+02 4.763143690653586226e-01 -2.807289060923207202e+01
3.267559575143545771e+02 5.263080936210642324e-01 -2.769598687129253278e+01
3.260781047157115609e+02 4.481573783601858207e-01 -2.783921687791798050e+01
3.256671134121641558e+02 5.211373655833926311e-01 -2.689751369724935159e+01
3.267690723944675142e+02 4.440916567671269743e-01 -2.832565743843811035e+01
3.265661119554446259e+02 3.922494804300627469e-01 -2.822965901924725429e+01
3.267540896243841644e+02 5.010782247758324148e-01 -2.795554506262988070e+01
3.269431606212407360e+02 4.544476959369409541e-01 -2.827589723027807267e+01
3.275436126914457873e+02 4.527551157628718070e-01 -2.813991784062250900e+01
3.277182824399519632e+02 3.852629853856954778e-01 -2.771602207095872217e+01
3.271119030362208377e+02 4.196294176517747498e-01 -2.832977467225921231e+01
3.263295834303751235e+02 4.147323823599959880e-01 -2.814977081537243819e+01
3.279377273231483514e+02 4.076409017908149135e-01 -2.730099842596431614e+01
3.263357136606106224e+02 5.397428602111323803e-01 -2.723675807898516155e+01
3.265341313585414582e+02 3.757242782632319589e-01 -2.812227525146140650e+01
3.266913630300776958e+02 4.248639269211484382e-01 -2.828080632555134954e+01
3.257317752381719629e+02 5.180141801176880723e-01 -2.692082131689241109e+01
3.278115749873270488e+02 4.494302085729323659e-01 -2.784590877135284259e+01
3.269958691083078293e+02 5.132144714086397386e-01 -2.782437227074934682e+01
3.267946822736555532e+02 4.668899628852026251e-01 -2.821806370377581530e+01
3.275678814198349187e+02 4.720840012098989624e-01 -2.805219563640608982e+01
3.272870709335361994e+02 4.130146564386952268e-01 -2.831739095261806227e+01
3.268396707090311111e+02 4.869836305417792888e-01 -2.807380948193674897e+01
3.265299717288179977e+02 4.240410939158054671e-01 -2.829651545315218186e+01
3.273362494153272451e+02 4.223219190075299112e-01 -2.817850415905445516e+01
3.264632513427825984e+02 5.111010528178007162e-01 -2.775964023334060471e+01
3.270272321594288769e+02 4.127848177554843123e-01 -2.834009871094224309e+01
3.265828203694842387e+02 3.907204699398977854e-01 -2.822020559161055431e+01
3.273854370348996667e+02 4.008402014256513546e-01 -2.812675848925463029e+01
3.270959781560002853e+02 4.062513977725148440e-01 -2.830446617115376640e+01
3.264981640316314042e+02 4.109825957065776914e-01 -2.829518303561106052e+01
3.271872404075975282e+02 4.597110073183727774e-01 -2.824440300070130405e+01
3.269243780371068056e+02 4.987809921009909164e-01 -2.796804368331869028e+01
3.272126409064052837e+02 4.376286144433527148e-01 -2.831772799754946490e+01
3.270077266598470942e+02 3.960147208348090420e-01 -2.828995345715683030e+01
3.268872637798597225e+02 4.816487105599411844e-01 -2.811297937782581258e+01
3.271236966753636466e+02 4.338330548595783487e-01 -2.832537754073158354e+01
3.270362461609652200e+02 4.969787116900221680e-01 -2.799716820475591561e+01
3.274410450608720566e+02 5.065978322406216039e-01 -2.779730381589996568e+01
3.262521628853314155e+02 4.615006272116475294e-01 -2.801617789890205401e+01
3.262901204568956928e+02 4.629376325317338114e-01 -2.800253784611661700e+01
3.264704741947811613e+02 4.721865037881836091e-01 -2.810500549039985074e+01
3.273650645466290143e+02 4.674996820797169272e-01 -2.807093380723278742e+01
3.260760693387679794e+02 4.729689356976065628e-01 -2.768652512727908643e+01
3.266773086197900398e+02 4.387060508079155818e-01 -2.825596566370227691e+01
3.268977040267874372e+02 3.931394123842136268e-01 -2.828271519597018369e+01
3.268708173483414043e+02 4.206966761117154618e-01 -2.835634326910523484e+01
3.270046437142260061e+02 3.933739037915315873e-01 -2.827724479282539960e+01
3.266745620436269633e+02 4.333206280150674883e-01 -2.826976648325873498e+01
3.268206800700694430e+02 4.117282566230943686e-01 -2.835061375408179529e+01
3.266669509047997053e+02 4.396943493538136849e-01 -2.825398633501069767e+01
3.267913858397366766e+02 4.689561138142721575e-01 -2.820558566360159247e+01
3.266453557503928096e+02 4.435313623456433318e-01 -2.824328872057412099e+01
3.271551572616664316e+02 4.229743086800389351e-01 -2.833079981630644184e+01
3.266914213072205939e+02 4.560993156925910452e-01 -2.818399112611907853e+01
3.271451985647255469e+02 4.101794039367879785e-01 -2.831418817796656384e+01
3.269265101202014421e+02 4.143024258365987089e-01 -2.834828040623129652e+01
3.266738078278416424e+02 4.338514147086261485e-01 -2.826868720609584074e+01
3.268604231831754419e+02 4.059271901173086561e-01 -2.833536416896334842e+01
3.274763149688167232e+02 4.422971213300782023e-01 -2.816738564297019920e+01
3.267967175115200007e+02 4.413787516491620710e-01 -2.833241511103339860e+01
3.271833163976858714e+02 3.785670093506606770e-01 -2.814431045219657435e+01
3.271174610777246698e+02 3.843690207335311304e-01 -2.819189309663505227e+01
3.270380250905584489e+02 4.155427749912011248e-01 -2.832646888879481395e+01
3.267559087975846523e+02 4.166511978450313514e-01 -2.836068819319859458e+01
3.266406469768561465e+02 4.393957342981155145e-01 -2.825730542604181750e+01
3.271410514970112899e+02 4.261093303418216904e-01 -2.833115924927191998e+01
3.266835528493897982e+02 4.682875695744001532e-01 -2.811285528767058040e+01
3.267951034959518211e+02 4.211240890652743207e-01 -2.836074316750385904e+01
3.271283009395046975e+02 4.401637371719395730e-01 -2.831389814690113482e+01
3.268701404733866411e+02 4.464289807398850174e-01 -2.831228338263854027e+01
3.270380361758382151e+02 4.542327772267885644e-01 -2.827060416819593769e+01
3.267631911422542998e+02 4.170690359230648792e-01 -2.836062594384286584e+01
3.269409027427716978e+02 4.417406877723980552e-01 -2.832341718867481717e+01
3.266879877343118892e+02 4.432619821612928668e-01 -2.824033876364612894e+01
3.268219628762682305e+02 4.082018825593342060e-01 -2.834340701580981658e+01
3.270154357576066104e+02 4.354290197758530212e-01 -2.833464310370355932e+01
3.264185176091477842e+02 4.096623834727351476e-01 -2.813352406435975084e+01
3.267077022771211432e+02 4.317028345166425973e-01 -2.826992165775007138e+01
3.269577242874768785e+02 4.223824260076287640e-01 -2.835146799294633624e+01
3.271433804956243989e+02 4.547077995751068191e-01 -2.826715813836887392e+01
3.268340157313011787e+02 3.976612275125594453e-01 -2.830797361443820748e+01
3.266837420475758904e+02 4.156395460397811492e-01 -2.828246439227367048e+01
3.265862134889927120e+02 3.783784960840460010e-01 -2.813881276749044247e+01
3.265231793348659721e+02 3.916318780465997684e-01 -2.823074667011082184e+01
3.274554575853720166e+02 3.308107852935791016e-01 -2.729023248704237048e+01
3.269830333464753380e+02 4.238337202255231251e-01 -2.834977599185886277e+01
3.268047757254688008e+02 4.265491838700939953e-01 -2.835867585812336245e+01
3.266785451789144759e+02 4.100806282076800979e-01 -2.827667008163639295e+01
3.269255075785927716e+02 4.299104866758558519e-01 -2.834864410441053906e+01
3.265343929267287422e+02 4.383242588520655514e-01 -2.827013883639915548e+01
3.269193878409460012e+02 4.201039558725352951e-01 -2.835336823511349280e+01
3.268306627733796290e+02 4.341416709809124419e-01 -2.834755811283674731e+01
3.268686287100856589e+02 3.957627049907508354e-01 -2.829739211063967019e+01
3.266137918749979008e+02 4.323221060121857362e-01 -2.827744891133218275e+01
3.267014584683726639e+02 4.135679199051424115e-01 -2.827904242030896498e+01
2.833918016152404107e+02 5.062504960628311235e-01 -7.708468344792223093e-01
3.142796243687532183e+02 6.502365413233830438e-01 -5.656321909961821603e+00
2.895686805347078803e+02 4.025363858252847260e-01 -2.009743230991923202e+00
3.803154275935056603e+02 6.141180765491656146e-01 -2.611814292820093364e+00
2.811822870274253319e+02 2.450808353020953456e-01 -6.328822719828539611e-01
3.506410611933797554e+02 6.783244142211690419e-02 -7.755201386160333332e-02
3.217620508681865772e+02 2.557289235703045227e-01 -5.820430907774058582e+00
3.783770192922689262e+02 3.708530690560593590e-01 -3.687789416069693349e+00
3.518030844303009417e+02 5.727361396855074060e-01 -4.362317940662014393e-01
3.386251590199146335e+02 1.644649654169937081e-01 -8.530294813126390041e-01
2.858789418007335712e+02 1.696610365798462573e-03 -3.533173695112568957e+00
2.907895526427787445e+02 3.957564236980355421e-01 -1.947858393571445523e+00
3.555220266970370631e+02 2.816324945911412581e-01 -9.283242253262304899e-01
2.875634628177834315e+02 1.216640159815045863e-01 -1.162227659644721744e-01
2.645239704154405445e+02 5.242157130444639046e-01 -2.783403824282072225e+00
3.132013239811385574e+02 6.575938363738179637e-01 -2.534791839581044037e+00
3.204250667353026643e+02 5.159369691405520930e-01 -3.942594876307630614e+00
3.223772593863049565e+02 1.569283418244339645e-01 -3.891008952446073810e+00
3.017372404573428639e+02 5.488967438374009467e-01 -1.540706480535075329e+01
3.684976364277820267e+02 1.329957573028626161e-01 -1.399853880452639387e+01
2.729557511649512662e+02 3.677205244604230816e-01 -6.682487323841505011e-01
2.741488179968345094e+02 5.602600469017969820e-01 -4.890919451056138456e+00
3.108566024649160795e+02 6.413507084139588033e-01 -2.280649052604330762e-01
3.726625704507624164e+02 4.769660853924813648e-01 -2.422941913262442792e+00
3.054036673763226872e+02 7.636139131532545532e-01 -4.511410176515099124e+00
2.966300813039210880e+02 3.469224008611964671e-01 -3.715539989549195621e+00
2.685999836665096723e+02 2.709685557602560801e-01 -5.902865366685242643e-01
3.589767913074305170e+02 3.322257327976442798e-01 -6.662812491907494028e+00
3.025000069432070404e+02 7.192978727166430275e-01 -1.519076936053570037e+01
2.667391021083341229e+02 6.703236467322113423e-01 -2.822595238743239587e+00
2.989694654909798714e+02 1.057554791848496906e-01 -1.207454436031171197e+00
3.284008835075863431e+02 1.878611268809976531e-01 -1.905815579132229587e+01
3.318559334983518738e+02 2.780038469443885663e-01 -1.882885928505149664e+01
3.846324169286648953e+02 4.090265340831029661e-01 -4.063331060705804632e+00
3.436301976832463652e+02 5.012691680914830306e-01 -2.270137240501361564e+00
3.532893662268548383e+02 3.798700130365330052e-01 -9.961730928089724824e-01
2.997872572185021909e+02 4.535181849482046168e-01 -1.514611291387645586e+01
3.720015519665575425e+02 2.186851049978277561e-01 -6.135249458224356189e+00
3.616820998767032052e+02 5.570979153166548681e-01 -6.961022656886330928e+00
2.697305485098796112e+02 7.859938921097149311e-01 -1.429886642522818718e+00
3.763294050342158812e+02 2.317489170917600705e-01 -5.369735985193851313e+00
3.188974714133842099e+02 2.939703059325430856e-01 -6.728294958533370673e-02
3.696995697307103228e+02 4.225191547898863309e-01 -6.553806616802159368e+00
3.744831098585070777e+02 5.984602523399324969e-01 -1.203885745481451330e+00
3.356805850363049331e+02 3.183749246310353387e-01 -1.088969281697255020e+01
2.711958134098698565e+02 9.542802899802536876e-02 -2.629135633495404800e+00
3.626900315477466279e+02 2.347769649350773258e-01 -1.532179555345644850e+01
2.801833562725500428e+02 1.155602958456861257e-01 -1.173667993893492967e-01
3.178640839618095697e+02 7.937397081849563163e-01 -1.940873729629913336e-01
3.638635376906239571e+02 7.521860151682481233e-01 -3.195836014573191886e+00
2.718711661225477201e+02 3.854223782029411183e-01 -5.179801538518282733e-01
3.327764425117380824e+02 4.619228764892111538e-01 -1.851697791703386997e+01
3.837850186589759005e+02 6.373837733289295926e-01 -2.131595028095254030e+00
3.490042804424613223e+02 8.681078248697472396e-03 -1.025643065557000633e-01
3.795153031860659212e+02 2.137539010205382339e-01 -6.616371313029573820e+00
3.089056041620231667e+02 7.694183514933937429e-02 -7.381309416812925628e-01
2.624184035988957930e+02 2.570189162895287205e-01 -1.952879140806404457e-02
3.074314303141643450e+02 4.712041929258283801e-01 -1.844781311173891547e+00
2.649286808420937973e+02 7.333869714760464786e-01 -4.018115973598441748e+00
3.654138245885013134e+02 7.715114717420903379e-01 -2.824715727251673858e+00
2.978764375957203470e+02 4.934696043600184101e-01 -1.215905678400340229e+01
3.709616192722537562e+02 6.242697745728077452e-01 -2.698593947771212420e+00
2.766742819102673820e+02 2.068025482727379460e-01 -1.121212246592158346e+00
2.889907026955979745e+02 1.010765614031321064e-01 -2.052966295935030883e-01
3.572657800308741685e+02 5.838927725226404908e-01 -1.590152800117609289e+00
3.161943542922306278e+02 1.462456727499786835e-01 -2.313423276834079889e+00
3.858932933926559485e+02 6.202989531321532191e-01 -2.271593306229994003e+00
2.926205646962200149e+02 1.709669320831627148e-01 -3.155672169136614635e-01
3.460737377225849514e+02 4.466146821444716974e-01 -1.770733337978588562e+00
3.595760337907114490e+02 7.466328518435605410e-01 -3.359096956667520395e+00
3.889615867700897525e+02 3.388588056029513407e-01 -4.292804652194409876e+00
3.364867127821928534e+02 4.368157179178440153e-01 -7.414807994561077642e+00
3.250980182656128932e+02 2.158081887273437596e-02 -1.389733089081433004e-01
3.118140889178679345e+02 4.996458085573698971e-02 -5.227014120669707525e-02
2.618400697273226569e+02 7.427132179765192355e-01 -1.907017073581183775e+00
3.565515833575842635e+02 4.240179887155068883e-01 -1.115722925876906357e+00
3.415750627000919053e+02 1.832777174962609001e-01 -3.084754767486375115e-01
2.941228261045324643e+02 6.890723642309048991e-01 -1.735885371584047654e+00
3.397543578105222082e+02 5.867903594970021175e-02 -4.943808952635059262e-01
3.040842116177000207e+02 4.471423026563807468e-02 -1.823118750725438719e-01
2.596460196518436305e+02 6.962950392530331545e-01 -2.364949881125654740e-01
3.666365619972015679e+02 5.846159871590194124e-01 -5.418956952690828999e+00
2.751548347641235068e+02 1.972959044846822607e-01 -1.808389203273984780e+00
3.820311013322040594e+02 7.099585145536317921e-01 -2.089779545674581129e+00
2.955341490091122978e+02 6.040993401521665973e-01 -4.513983554503375295e+00
2.818762628152124421e+02 5.366544876339720549e-01 -1.118029874517511235e+00
3.771759452113165594e+02 3.532502473814644883e-01 -3.698255046811306901e+00
2.848540864420142498e+02 6.832447591974080137e-01 -1.194864289526259782e+00
3.339075084403229425e+02 5.358709785308007900e-01 -1.528424664594593985e+01
3.470317709920814195e+02 3.247237054014172064e-01 -2.173788610168545965e+00
3.300691113458080963e+02 7.764543604864370119e-01 -1.529247032973555065e+01
3.280017528141559069e+02 7.202689713534073945e-01 -2.434430253331467853e+01
3.445352269579801145e+02 1.395897563544976350e-01 -2.058693479737764065e+00
2.777261544985790920e+02 8.284508698462302034e-02 -1.888804061509211429e+00
3.081785024861107445e+02 3.637362966582721735e-02 -4.445525866903310419e-01
3.404737751368874683e+02 3.112302410651904827e-01 -2.152725111265946512e-01
3.259564551648711017e+02 6.769011130934341480e-01 -2.490542775265760866e+01
3.501330061461551963e+02 2.969563629496500129e-02 -4.466419921703398618e-03
3.873313020733351095e+02 3.023370077271607115e-01 -6.204998665927517365e+00
3.232277349100338597e+02 4.871301430551889244e-01 -1.572288679729780547e+01
3.451784846951582040e+02 7.300773576404208098e-01 -8.411831182827704811e-01
3.266762906349169384e+02 4.318965828000984608e-01 -2.827248446353656774e+01
3.268092911507388294e+02 4.004317013243557932e-01 -2.832057869298867914e+01
3.284868547678584605e+02 4.930115735756119277e-01 -2.532451678030957254e+01
3.268695880514839587e+02 4.376260327837889763e-01 -2.833814159716378356e+01
3.269250064305502974e+02 4.223592393924184840e-01 -2.835337256630428016e+01
3.267187840344660117e+02 4.249266954503250204e-01 -2.827816581573546273e+01
3.268721687784580467e+02 4.347967215071338321e-01 -2.834401484919380820e+01
3.268753388253787193e+02 4.237155167772779230e-01 -2.835603863072652331e+01
3.277276431464758844e+02 3.957657596831479219e-01 -2.778364209515659411e+01
3.269618150090191193e+02 4.068455386020706221e-01 -2.833173657670851853e+01
3.268157579128131260e+02 4.173682912280082258e-01 -2.835786418882085869e+01
3.267971514984631085e+02 4.187478982146745077e-01 -2.835981952628218394e+01
3.267637933030612203e+02 4.400387070112473653e-01 -2.833790641439982139e+01
3.261056561433625802e+02 4.740682503676130199e-01 -2.767345958395000238e+01
3.267414829885785821e+02 4.098558365053819874e-01 -2.827022569376789107e+01
3.267322015436877791e+02 4.201430944351793872e-01 -2.827912818863912037e+01
3.266360589608926261e+02 4.061628168306187781e-01 -2.827308405181852891e+01
3.269657775958887669e+02 4.315099677585887972e-01 -2.834423182662456142e+01
3.266997418157014863e+02 4.243162709367130359e-01 -2.828045345706876290e+01
3.268195560409272389e+02 4.386563109902784641e-01 -2.833843005752719790e+01
3.268185462167613196e+02 4.089583112259109754e-01 -2.834532050911000667e+01
3.358375640527528958e+02 6.427757304231449531e-01 -8.913144652928606249e+00
3.266979437803397559e+02 4.146657182652669360e-01 -2.828038644811293167e+01
3.268857053932932786e+02 4.181697128952868159e-01 -2.835439169235889878e+01
3.195759417824841080e+02 2.910483602901930422e-01 -6.117325442291147164e-01
2.675963738123901976e+02 4.527321202620109286e-01 -1.421904258931938836e+00
3.869122848833845865e+02 3.000346098089029523e-01 -6.276112602272673868e+00
3.543999983896948720e+02 6.517486625043431570e-01 -1.118813153268830574e+00
3.818503187845571460e+02 4.245118176039816560e-01 -4.609130471963081455e+00
3.471664618727226070e+02 4.150952339651603484e-01 -1.455360761986851381e+00
3.223398596227534085e+02 2.424930422800284091e-01 -7.023456305229584196e+00
3.415387768836643545e+02 3.171015089509611196e-01 -9.154721121117650462e-01
3.336487816435843570e+02 2.406102401173525890e-02 -2.717553331222110485e-02
3.802083137856122903e+02 4.601293265904218832e-01 -3.934684370221055882e+00
2.656003033629120864e+02 4.476789027675420751e-01 -1.632116749759936258e+00
2.802244255735931802e+02 5.544157314017138516e-01 -2.865982030450902940e+00
3.814193238916720929e+02 7.704969264898271497e-01 -1.817601399586223909e+00
3.665585837056284504e+02 5.782855347437788618e-01 -5.534510797319293296e+00
3.268697346493288478e+02 7.408165224296291429e-01 -2.447326674900597610e+01
3.239382801568482364e+02 2.874731675040602674e-01 -1.678599202955049918e+01
2.943702728686149612e+02 3.602158690555211651e-01 -3.990316955849776415e-01
2.903173437392560459e+02 5.905768904027260957e-01 -3.102771601628422360e+00
2.835360212129021420e+02 9.718743381922416436e-02 -1.253515955439893803e+00
3.445644374583680474e+02 2.563157151536240574e-01 -2.781453121756245928e+00
2.774827942710329012e+02 1.593241083344500986e-01 -1.065768747998571797e+00
2.597539672774643691e+02 1.227015552893123279e-01 -4.115701704427741914e-02
3.585094819177469958e+02 4.009498321528432996e-01 -4.345743722701895351e+00
3.770400297867672634e+02 1.489085469846234411e-01 -5.873207905108413840e+00
2.727979316450363285e+02 2.312296800871314062e-01 -2.282062465926022743e-01
2.705515934095469106e+02 6.398568257811928506e-01 -1.780563203767296043e+00
3.641065997468719502e+02 4.643291628994244968e-01 -8.797891435650646130e+00
3.776489228736215864e+02 6.769314306121749780e-01 -9.028354109535409178e-01
3.371746521636604257e+02 3.896625655723819359e-01 -4.978124789357553759e+00
3.605229378977577994e+02 4.893007051616813374e-01 -7.577682981795459405e+00
3.068837576517708499e+02 5.179677080971575309e-01 -2.532569250685291262e+00
3.126355542489213235e+02 6.089736090051794948e-01 -1.475509899399538805e+00
2.741346474217309606e+02 6.927669162430172278e-01 -6.040564294319956673e+00
2.931594669169696772e+02 3.603713483238934340e-02 -1.489225326540906114e+00
3.286192981150316541e+02 1.778991446180822888e-01 -1.757565050812825191e+01
3.487829463292692367e+02 7.032139656681548612e-01 -7.518510775694282888e-02
3.190478070310740009e+02 6.564943858511038677e-01 -3.866939920977918166e-01
3.658252647928622991e+02 6.033477888008299539e-01 -5.123529806237963946e+00
3.693136250709227397e+02 4.754052890441313739e-01 -5.878478343885435109e+00
3.733524794033233434e+02 2.204236863206714137e-01 -4.389780655593265912e+00
3.209757177640377108e+02 5.458874300898438614e-01 -6.085155063956177557e+00
2.714075401491651292e+02 6.025446543079794604e-02 -3.605856874269776302e+00
3.035058126973478920e+02 5.425981403684345672e-01 -1.106283660161917659e+01
3.853952526028225520e+02 6.646207328391304792e-01 -1.965816528998068469e+00
3.742443643571592702e+02 2.035759882264971399e-01 -4.794892793567237632e+00
3.459882980588750456e+02 1.627087751602120380e-01 -2.663398174124694595e+00
3.577126337371735758e+02 7.243363910785215465e-01 -1.474071449895760777e+00
3.139812638459147820e+02 3.442555592161178346e-01 -4.618775152477160084e+00
3.061940708441557035e+02 2.732887152695979149e-01 -3.581095792018818891e+00
2.660724046062486536e+02 1.363456829272502169e-01 -1.050638819129537493e+00
3.403885362028505597e+02 5.730563495051780309e-01 -5.091497201639073600e-01
3.378677274990588444e+02 3.059457555260752804e-01 -2.028507423259764408e+00
2.616980590545234691e+02 5.048512817328990598e-01 -9.274027458328206741e-01
3.296435365899243379e+02 7.648525132470521681e-01 -1.733120933833284028e+01
2.763070006440929660e+02 1.731128797892529936e-01 -1.194758646272100489e+00
3.706795431803680572e+02 6.719921381040198927e-02 -6.783716738462226559e+00
3.149858401838847612e+02 5.338571442248180032e-01 -6.082282628032674054e+00
3.513711699875136674e+02 1.288061788141911801e-01 -2.162641106769360999e-01
3.524242784501867618e+02 3.704529117818807227e-01 -6.983996693827985158e-01
3.312932770566240492e+02 6.250360617771928418e-01 -1.610504392343045055e+01
3.276264902619428199e+02 1.938243598737262041e-01 -2.057699872206385194e+01
2.986707939316788156e+02 1.305659965792319369e-02 -1.528343705686719112e+01
3.715992578357484035e+02 7.889430867614292131e-01 -1.247933087575397559e+00
3.172778614186970572e+02 4.383828706154333510e-01 -1.431034597391797059e+00
3.076192475731510854e+02 1.145550011636884968e-01 -1.492270043839889260e+00
2.863221610094925609e+02 3.565039456836310849e-01 -7.489820174097991945e-01
2.636959540698479145e+02 7.793702193662604971e-01 -3.894787599623657837e+00
2.979493830585494720e+02 7.358166909190553273e-01 -1.642805157191923371e+01
3.251931410944114873e+02 3.241224587417146918e-01 -2.535347980744349883e+01
3.391390265743812620e+02 1.848354941675090790e-01 -3.989802916758113938e-01
3.609567487155164827e+02 2.091306524390785793e-01 -1.227168910298172122e+01
3.163641051078362239e+02 1.912031266262368204e-02 -3.294438389122165134e-01
2.851812702853850965e+02 7.525145842614963110e-01 -1.131850103265295449e+00
3.018888612607804021e+02 7.930346093693149134e-01 -1.785015814805394996e+01
3.538106900282538163e+02 6.472884736565938102e-01 -1.169744408145225067e+00
3.094804820797787102e+02 2.661666155263686662e-01 -3.891575032531622846e-01
2.959685207007663621e+02 2.368703648209703749e-01 -5.489693791905504439e-01
2.812130970942085924e+02 1.264595423380643346e-03 -1.707132493946166729e+00
2.907023050191787092e+02 3.964575221355857160e-01 -1.951520349632290818e+00
3.859975008514615524e+02 3.291623869262346735e-01 -5.640805005185447918e+00
3.348916312391298788e+02 1.078731895438225924e-01 -5.557333031585407923e+00
3.039825847944586030e+02 7.151404880026364097e-01 -9.095687769203109951e+00
3.431293062439003165e+02 2.534445895768011048e-01 -2.180449878128010166e+00
3.632413261588163778e+02 9.284463593759256783e-02 -1.121183481006172755e+01
3.682010469482900135e+02 8.150696328254168621e-02 -1.092420907067926983e+01
3.322644345370052861e+02 4.178414936462529483e-02 -1.633332736338769964e+00
2.877078466274040807e+02 7.508597630497115816e-02 -3.573851026225691868e-02
3.557410207597696399e+02 7.486087990966341366e-01 -5.637971982292101503e-01
2.630285029221117270e+02 5.621513589746158779e-01 -1.885022896686182614e+00
2.689375473211926533e+02 5.261386793079351198e-01 -4.041455189270036219e-01
3.491602220861475416e+02 4.236594125640563147e-01 -3.947900425846237460e-01
2.779560569268505787e+02 6.194467201401663292e-01 -5.400257932117825455e+00
3.884646839420561264e+02 4.879067872025474178e-02 -4.925052931339708451e+00
3.112041111222312111e+02 3.399986773640184534e-01 -1.437220525584200770e-01
3.008556818905794330e+02 3.800865815731747643e-01 -1.110608887975306835e+01
2.825404124379641644e+02 7.061160401927644159e-01 -1.452345138014706327e+00
2.886746566481717196e+02 4.844802662137281946e-01 -2.449938830186093597e+00
3.828833811447200333e+02 5.006878390137995405e-01 -3.302378527307782807e+00
2.955716943614835941e+02 5.927738332868698334e-01 -4.414506083232238254e+00
3.762063517934876700e+02 6.810636803910110615e-01 -8.935479162977810752e-01
3.276124572304016738e+02 4.786257332471736681e-01 -2.770188533610170367e+01
3.276538510568879019e+02 4.688800820933481939e-01 -2.775826094577422865e+01
3.269003097810998497e+02 5.651584999385238506e-01 -2.720973156032085782e+01
3.271871543398510198e+02 3.958165390805513661e-01 -2.826056634325610517e+01
3.263928091355148808e+02 4.309619392301094476e-01 -2.812763994326290629e+01
3.273460545534535981e+02 3.546526228068513364e-01 -2.770816485752031966e+01
3.269458478184026262e+02 4.960150287548078518e-01 -2.799179547165945792e+01
3.265011359934998154e+02 5.426910423280285611e-01 -2.738876299913106038e+01
3.270021288297372166e+02 4.437962361533394073e-01 -2.831374574950852008e+01
3.263554284981940441e+02 4.405213459388085950e-01 -2.810549897045032708e+01
3.276032979032314074e+02 4.008530515757833257e-01 -2.779974993647025272e+01
3.270595305369679977e+02 4.672611030970417190e-01 -2.820732743091937067e+01
3.331104357057582774e+02 7.109469312240062067e-01 -1.441957252112447385e+01
3.263383928788103958e+02 5.011880989354297045e-01 -2.767919109795052179e+01
3.235811036160421850e+02 3.162769688574480487e-01 -1.577206904736781468e+01
3.226573653628744296e+02 9.275645266764154240e-02 -1.605865893280697509e+00
3.273634023008683585e+02 4.570104231399083616e-01 -2.811889696763266144e+01
3.264523208122089954e+02 4.608691038952175134e-01 -2.799526720796623280e+01
3.255889298247643637e+02 1.433271412460610517e-01 -1.474371424975157474e+01
3.304647120467729451e+02 2.180713502118012126e-01 -1.536132323371294817e+01
3.236982906087443439e+02 4.134344395828671859e-01 -1.704389693063741973e+01
3.274592564586205867e+02 4.116011332280195001e-01 -2.816482474916073997e+01
3.282867531457606560e+02 3.772388674042936874e-01 -2.637601892419122152e+01
3.165357835206617665e+02 1.328752221341001627e-01 -1.784744210736184167e+00
3.276857646455298436e+02 4.148760234425502569e-01 -2.785127734832782309e+01
3.272254459662354975e+02 4.273236996707112656e-01 -2.832927814308287751e+01
3.210158791696528624e+02 7.186302982895048652e-01 -6.111022488713163447e+00
3.271536130137711211e+02 4.673177872586140591e-01 -2.820573215009116907e+01
3.267300470146836915e+02 3.742365823527387669e-01 -2.808945054073306480e+01
3.327271229285097434e+02 5.419193991395481191e-01 -1.737924926875110287e+01
3.636297603129420395e+02 3.062657437138214256e-01 -1.422914198021765486e+01
3.265350488192848957e+02 4.364719530223955535e-01 -2.827513851349016960e+01
3.270073082899153292e+02 4.496222170651408279e-01 -2.829277847699646031e+01
3.673215525166906446e+02 3.534228882709460340e-01 -1.137296822642306893e+01
3.263656636616804008e+02 6.236168396629047095e-01 -2.601016823000206557e+01
3.266728427789832949e+02 4.312951868209035644e-01 -2.827393126236572130e+01
3.270035052744322002e+02 4.873783606851065375e-01 -2.806203478309054233e+01
3.274305881844152282e+02 4.618200860727086354e-01 -2.810044153460742322e+01
3.271456281276493883e+02 4.489425678584020307e-01 -2.828880883499373411e+01
3.269820467907410375e+02 4.299327084592855508e-01 -2.834536947326537870e+01
3.271902939335221276e+02 3.723652314033665256e-01 -2.808678750550227932e+01
3.309435167031814444e+02 6.770103537851732689e-01 -1.538308142011622870e+01
3.281033952776076035e+02 5.636593413470943892e-01 -2.568103008623226557e+01
3.267671604058741082e+02 4.514610405653311509e-01 -2.829842563575320469e+01
3.272756018800731113e+02 4.298550678068719932e-01 -2.832689735336442993e+01
3.270617543044714921e+02 4.473842915852742630e-01 -2.829520719615855384e+01
3.263512345339687499e+02 4.607357937861302766e-01 -2.800865016020300402e+01
3.582946366656722148e+02 1.289407191487667026e-01 -3.519651038683467625e+00
3.264621380527835868e+02 4.207621355162218801e-01 -2.813220898429889161e+01
3.528405608553333650e+02 2.110274139685759387e-01 -4.762044343656854917e-01
3.272831762771489252e+02 4.249291348319965689e-01 -2.832865279698465955e+01
3.268421464783430679e+02 4.049071941468712632e-01 -2.833355665870654505e+01
3.267749178631897280e+02 4.538050482124794671e-01 -2.828786629401658814e+01
3.268775898128379254e+02 4.498146207222759596e-01 -2.829919325329010604e+01
3.269613339601309008e+02 4.325953582494461158e-01 -2.834284328190683055e+01
3.280788684929192982e+02 4.526014133535359862e-01 -2.731866710131408027e+01
3.269642635502229950e+02 4.649929106340220386e-01 -2.822022000187736168e+01
3.267185682406853857e+02 3.999719840098219237e-01 -2.824720935685446221e+01
3.270066419440802292e+02 4.011714946736283927e-01 -2.831132394229253890e+01
3.208184568680684947e+02 7.766600461708557113e-01 -6.089504891816391208e+00
3.271849384978708599e+02 4.223635158958906621e-01 -2.833005298273731043e+01
3.272115231365301611e+02 4.556575279298197834e-01 -2.826215284918299275e+01
3.216538804137291550e+02 7.192276874998498881e-01 -8.825633959318675892e+00
3.266977156459598177e+02 4.040575586312252776e-01 -2.826184617450447334e+01
3.265958254493973527e+02 4.167971739798543296e-01 -2.829143963451283739e+01
3.270893713628796604e+02 4.348207849524725055e-01 -2.832452571790881635e+01
3.267841589993837488e+02 4.460598336302469824e-01 -2.831824138682997472e+01
3.265236479595248511e+02 3.859403330618265127e-01 -2.819849590232991687e+01
3.270923195716151213e+02 4.229300168539256166e-01 -2.833190126689920518e+01
3.265765223199562115e+02 4.469674982427476184e-01 -2.823647513950633936e+01
3.270111206102736787e+02 4.279175886902682469e-01 -2.834578298814993502e+01
3.273532708707676875e+02 4.062479770695038295e-01 -2.814672815575626430e+01
3.267302736251768920e+02 4.353912295567548552e-01 -2.825987108314156870e+01
3.301526127512975108e+02 4.991012578822352497e-01 -1.807252829332496091e+01
3.269258445637586306e+02 4.617143565008257622e-01 -2.824065536043311653e+01
3.269450342886764247e+02 4.270408579956884165e-01 -2.835034118538782266e+01
3.268577228792680671e+02 4.184979088345097686e-01 -2.835621081183379744e+01
3.271635383561565504e+02 4.268829346529610658e-01 -2.833055649661577036e+01
3.268663034929854803e+02 4.151411060841429523e-01 -2.835282850242095876e+01
3.271740471254013300e+02 4.464141507232261552e-01 -2.829654492856533565e+01
3.270462434636565945e+02 4.351760697329654093e-01 -2.832465965961984722e+01
3.271798651311100343e+02 4.129555798362563590e-01 -2.831946416238012176e+01
3.270309412851444222e+02 4.092833197532072531e-01 -2.833334364091135882e+01
3.268055189997323282e+02 4.243543215428007276e-01 -2.835980495692519909e+01
3.270022120549818965e+02 4.151259762012390886e-01 -2.834478891978008619e+01
3.268113443442573498e+02 4.429399486757403803e-01 -2.832699615725499243e+01
3.272028527878035220e+02 4.112399808992187045e-01 -2.831547146097454615e+01
3.269282327927224401e+02 4.163786840504616338e-01 -2.835049330073433893e+01
3.268390298714693358e+02 4.227204765259059416e-01 -2.835828756568021802e+01
3.269046087052015537e+02 4.167438423661720681e-01 -2.835221010507848760e+01
3.271682360669501577e+02 4.260493492395078796e-01 -2.833068885273957349e+01
3.269059949188080623e+02 4.288556263323612949e-01 -2.835094042589750885e+01
3.270040271128768268e+02 4.320696977567548558e-01 -2.834120377039393901e+01
3.270545304502899739e+02 4.279812694992786715e-01 -2.833195852135584047e+01
3.269804354789736749e+02 4.131111246719649244e-01 -2.834341355363059023e+01
3.272063490944493083e+02 4.244471239648461292e-01 -2.833010566365199878e+01
3.271178214311299257e+02 4.439786385098689614e-01 -2.830452530688351231e+01
3.268853106998146814e+02 4.470091444741194353e-01 -2.830938460086204955e+01
3.270126427296074212e+02 4.398506931235740547e-01 -2.832457221391331714e+01
3.270703063821487717e+02 4.253042424289445456e-01 -2.833249503338110387e+01
2.642570503983249637e+02 2.039431706922389953e-02 -6.099422864250792387e+00
2.854382761612299646e+02 6.804762747928683186e-01 -1.037143430071809425e+00
3.673035855764080679e+02 8.044317564966806111e-02 -1.134034995872913498e+01
2.995144461311766690e+02 3.026875540916779822e-02 -1.114705905287786614e+01
3.442106525092549418e+02 1.463228586256651309e-02 -1.140130710446388973e-01
2.623097880296215862e+02 4.387664885893264866e-01 -7.469379995161141705e-01
2.870512505760891031e+02 6.472896383986705138e-02 -4.521727799670604009e-01
2.782808494977156215e+02 5.892348858565629732e-02 -2.493390469100432494e+00
3.099107938722829658e+02 1.919798640199024131e-01 -2.754287291637420587e-01
3.251624122423693279e+02 9.294593656999286524e-02 -7.526616698486781942e+00
3.742980339553638487e+02 3.677532442382771549e-01 -3.036197788114181062e+00
3.592725674716485287e+02 3.325882095068932818e-03 -9.620652990478700817e-02
3.735494717941615477e+02 3.148206317531415110e-01 -3.415827552574859816e+00
3.374820940337850743e+02 1.645059786972117299e-01 -2.875227538882410006e+00
3.319014040847413298e+02 3.254945051662808675e-01 -1.933878773901736281e+01
3.372374055927796235e+02 7.761509977273726157e-01 -3.266752158013572327e+00
3.126575134285718036e+02 7.084779737312747461e-01 -1.324919935541736704e+00
2.830172486784204580e+02 3.505319369019911369e-01 -1.676080287570450023e-01
3.350230102438821405e+02 7.297850706995028247e-01 -1.080303259813642214e+01
2.885330649872791469e+02 3.792240103380901672e-01 -2.102987376065129865e+00
2.691842632243044591e+02 4.114478053642368072e-01 -2.537526741825393284e-01
3.053210296769510705e+02 5.855797181612116820e-01 -5.281446185641874180e+00
3.621946673845261557e+02 7.126391914563843244e-01 -4.428048075257770222e+00
3.231185564478684000e+02 2.456573346579976891e-01 -1.043062086656613019e+01
3.181791697866319168e+02 2.213773032625429293e-01 -6.398669849228798556e-01
3.807093826384117961e+02 5.204945280150695686e-01 -3.578374137863449267e+00
2.972847288192814972e+02 5.648296308226716800e-01 -1.025111082695105758e+01
2.746339680559245835e+02 4.257700020478123459e-01 -3.969224329605072654e+00
3.788373301282516650e+02 5.158594952204594852e-01 -2.547437761653951860e+00
3.884043357090179143e+02 6.293184013017886214e-01 -1.919726031532652977e+00
2.773141700539375734e+02 5.285138241830450445e-01 -5.003969130691417355e+00
3.695398682607785759e+02 3.967850793860822067e-01 -7.613707719342051483e+00
3.007656003662622766e+02 5.720064254488760325e-01 -1.735570495792210011e+01
2.902353801725406584e+02 5.427084477452036593e-01 -2.882043483861413957e+00
2.815395493672738212e+02 6.036144772076089682e-01 -1.698090417895330440e+00
3.066947107521353928e+02 1.342003710449367615e-01 -2.210356609433440145e+00
3.514623320092719609e+02 5.494818361662510142e-01 -3.318659750235507522e-01
3.821959292444568632e+02 4.401221941770102619e-01 -4.251954108617891137e+00
3.105734708554419967e+02 7.926650782029484033e-01 -2.574907230492509136e-01
3.521260000966755115e+02 3.014613385070600837e-01 -4.951069505909189705e-01
2.651446509163336600e+02 2.926694438806269893e-01 -6.930498362054740014e-01
3.716876398604772476e+02 3.076314051108920977e-01 -5.735760959394100134e+00
3.237016001231554583e+02 6.738552608894995410e-01 -1.661989724824475800e+01
3.430216580142889597e+02 1.374630061431641737e-01 -1.080142154829145218e+00
3.276243112938684021e+02 1.689889912618412204e-01 -1.828540647134854424e+01
3.604227026700248189e+02 1.170360225645365598e-01 -7.599820960143612858e+00
3.707071088340546794e+02 7.475675289245184985e-01 -1.788102283978740381e+00
3.619081806926763534e+02 3.686748351473179142e-01 -1.157908005597508172e+01
2.734242339479837369e+02 7.850972950608255951e-01 -5.018412671136925240e+00
3.837202852052368485e+02 3.937895632098733362e-02 -3.107559705922764426e+00
3.404387004988258809e+02 1.513057601150798182e-01 -4.313259169774541490e-02
3.080289431425845805e+02 6.599972307153832984e-01 -7.392632969160205514e-01
3.766479380016379537e+02 1.947689834176172807e-01 -5.727491011797352982e+00
3.134987814181184262e+02 4.990951563082198783e-01 -3.459629078406178948e+00
3.564682325143965613e+02 1.093972118286486994e-01 -4.443534115927586514e-01
2.752222063613598380e+02 4.059761085990836738e-01 -3.487940896455496986e+00
3.199408946346031826e+02 7.544626082172471992e-01 -2.230428415694396538e+00
2.907957809954799586e+02 7.274047165506963841e-01 -3.411924368234144023e+00
3.035282252381156809e+02 6.435269583471123767e-01 -1.124698582229548194e+01
3.416251091222874265e+02 4.757691672649588810e-01 -1.256572353881917348e+00
2.961180378571095844e+02 2.788511460763916094e-01 -1.467716884216912154e+00
3.801291363452745031e+02 3.878994743143340806e-01 -4.906611196243485296e+00
3.341063950879832873e+02 4.818015807779070236e-01 -1.516416355520069459e+01
2.794676273289270512e+02 4.193444603873806575e-01 -2.581804080213633057e+00
2.939004563661584370e+02 5.826019020892823086e-01 -1.414362138853524575e+00
2.614828767131887162e+02 7.363568542459152377e-01 -1.616519514414672898e+00
3.645596295847448118e+02 4.630281031666165226e-01 -8.618320672776373925e+00
3.173347782702151108e+02 2.828661994100559185e-01 -1.573660009170354090e+00
2.706240113013742530e+02 4.588796002325921941e-02 -2.719889093187547680e+00
3.145211190247333661e+02 1.797222565808533346e-01 -3.543442980478840543e+00
3.844755426788209434e+02 4.645756094572019435e-01 -3.464740608910902964e+00
3.393083530510875789e+02 5.961876268865518025e-01 -5.725611078519515784e-01
3.864839024302470989e+02 6.655605947564793290e-01 -1.966479723257946288e+00
3.259225186200221174e+02 2.691138140374610965e-01 -2.487595869844633256e+01
2.720537607139249303e+02 6.350415169176970576e-01 -1.850709814888635396e+00
3.297184877956487412e+02 5.050044990706796799e-01 -1.998612511930406654e+01
3.663924045599934516e+02 6.197019348511407788e-01 -4.837760327913309233e+00
3.534938527596962103e+02 5.571293740134545258e-01 -1.179217362437418481e+00
3.878936304118670932e+02 1.035172930575632144e-01 -7.315859819097848771e+00
2.827151295202497181e+02 2.140218102759935681e-01 -1.391029310585999157e-01
3.021862952002164207e+02 2.592442727851758111e-01 -7.275299546966433439e+00
3.760610604998157100e+02 2.397894442154235028e-01 -5.274725371663024909e+00
3.211220087973439945e+02 5.030784234592101944e-02 -2.941720881177676272e-01
2.608460300291820886e+02 1.203529815202673964e-01 -4.333849187331890729e-01
3.499476248457471002e+02 1.580445505537918238e-01 -6.672499447589023136e-01
3.481086512978961309e+02 7.035875745882409493e-01 -1.537143460390374694e-01
3.571651802560635360e+02 6.132889651808626219e-01 -1.149094766796342704e+00
2.862058455271425714e+02 4.559748973029560393e-01 -1.058645491955155560e+00
2.957057596852753250e+02 3.350310879035215406e-01 -1.574703708443200956e+00
3.329685193412955186e+02 7.737217821064185097e-01 -1.351389361377297327e+01
3.042045117074894165e+02 3.526436063406560573e-01 -7.263683512164606171e+00
3.545301842391897367e+02 2.547961619105131303e-01 -9.189573357143780985e-01
3.464597056981395440e+02 4.892563052108305222e-01 -1.484175737799819483e+00
3.283420973425679676e+02 2.247830817747503707e-01 -2.170177728423748675e+01
2.679330466674044828e+02 3.390688343246947567e-01 -8.784415465891800556e-01
3.153899195800211714e+02 6.927785880192092183e-01 -5.124883259386099787e+00
3.467894934293661890e+02 7.932476060178511590e-02 -1.533962055862749141e+00
3.656786752654605834e+02 6.538669378626323914e-01 -4.281568243216624658e+00
2.929044511665451864e+02 7.662152089523205367e-01 -2.690016221058543877e+00
2.672160322952416323e+02 2.046066523317010000e-01 -3.343640294658911105e-01
