2.854751869097119652e+02 2.750674223241650895e-01 -1.264562097132754026e+01
3.061308583309573237e+02 6.371775090682492149e-01 -3.625322314099444637e-02
2.365146592214585155e+02 3.039423785838446523e-01 -3.027904533175252433e-01
2.744405436193075047e+02 1.914433390537142177e-01 -1.562177830482839036e-01
3.372287307607061848e+02 7.917328751912430240e-01 -5.930023398352126662e-01
2.458122887510888575e+02 4.641124485894105277e-03 -4.992423046482851845e+00
3.261950060325387994e+02 4.907584880432507290e-01 -1.664692165551977299e+00
2.637505616595544211e+02 7.100147252750103888e-02 -2.573885483510836458e+00
3.026741560585571165e+02 4.040807062575713093e-01 -9.968563342580903930e-01
3.211145159553249187e+02 3.281754799841271053e-01 -6.601723678164121090e+00
2.989480999551566356e+02 4.481058674380203333e-02 -1.200767184323848769e-01
2.926722178196034747e+02 5.225058637550200613e-01 -5.381919380300375977e+00
2.390958224399100516e+02 3.262729092144524556e-01 -3.106487321659932022e-01
3.094042107889187037e+02 5.398723764024914162e-01 -5.321631023898428792e-01
3.362635120701452252e+02 4.650720473492898077e-01 -4.267136781216689934e-01
3.009178192734332811e+02 1.768997327018699203e-02 -4.821484599184420183e-01
2.327086440746308256e+02 7.285178664064356768e-01 -3.788871444085812445e+00
2.799002553891284037e+02 7.030301026159863076e-01 -1.267618337239893034e+00
3.330208500062185522e+02 6.487414216251449206e-01 -3.853514306096258446e-01
2.962334304805237934e+02 5.093616899851355351e-01 -4.256060501573191712e-01
2.702285038453855464e+02 8.841913293365261106e-02 -4.148601592613850864e-01
2.709152388621078558e+02 3.288095095201319651e-02 -4.112810524235467335e-01
3.410675322871999242e+02 5.987626946982897991e-01 -2.739643306594097619e-02
2.480408386607164175e+02 6.934329183644519778e-01 -3.813755123912999867e+00
3.419725625718361357e+02 5.787490099087019280e-01 -4.245854346090999210e-02
2.506479309173788010e+02 7.949920452548264738e-01 -6.638722727883868302e+00
2.336380246459587511e+02 5.495544727967306420e-01 -1.604175597593280544e+00
3.272893729729943857e+02 7.523826845266327057e-01 -8.183520375295795235e-01
2.359230787043138093e+02 4.726221523690866677e-01 -6.358847075010782834e-01
3.341995962606754915e+02 2.702342931036089690e-01 -5.943405557347271051e-01
3.353064624515098444e+02 1.619405828645683054e-01 -1.758572613297019860e+00
2.346735076336233874e+02 6.702308795940372654e-01 -1.210782464403302949e+00
2.875651172953650985e+02 7.659879298317930907e-01 -1.651262804982395949e+01
2.382528788792518242e+02 2.457626830669521201e-01 -1.409760616480268736e+00
3.149021595062527012e+02 4.517694789420101387e-01 -2.581042336088197331e+00
3.034694015237660096e+02 4.272733333184606241e-01 -5.668802446326577371e-01
2.662076283301645390e+02 2.485765325665112990e-01 -4.389823896036750384e+00
2.617948547185542338e+02 5.698092733839530410e-01 -5.099861365898913368e-01
2.610723196949716112e+02 5.608259357267323525e-02 -2.311702868434959868e+00
2.576853348624116506e+02 3.652072372101959896e-01 -2.177425019855813382e+00
3.309776650855890239e+02 3.378597533649461138e-01 -1.608831910962849276e+00
3.445691722694306236e+02 1.336952851246723806e-01 -7.980324152704519891e-01
2.306870037688538559e+02 8.368044883259678768e-02 -1.644367449011159721e+00
3.076091433126676975e+02 5.646528616278646551e-01 -2.283100797395443415e-01
3.383284116638255909e+02 4.162417816222018785e-01 -4.483617653797865588e-01
3.171972081175837275e+02 7.716665305988933410e-01 -2.104454301203200206e+00
3.233970799948020840e+02 3.703294158543548598e-01 -2.673894814471222681e+00
2.470285703355036730e+02 4.584494269631676500e-01 -1.840549175795615389e+00
3.136109350699769607e+02 2.100691008983299468e-01 -6.093810226732607305e+00
3.277812138145789618e+02 4.326234222650884309e-01 -2.722063617259820489e+00
2.885856322677901744e+02 2.161603485152552295e-01 -1.645926297323829601e+01
3.424764735870556933e+02 7.157324774625231090e-01 -7.300474572214749047e-02
2.840144205055822795e+02 6.011601707923625026e-01 -5.729630187747290826e+00
2.410988259086103085e+02 7.405795832198745765e-02 -2.401359297695788708e+00
3.053578253542222569e+02 5.913765398130613749e-01 -8.637736283931718440e-02
2.400747217951740424e+02 2.260172566271140271e-01 -1.142193907943179543e+00
2.429093499425577534e+02 2.864114048430797532e-01 -1.362036384083719076e-01
2.899439335686965933e+02 1.451375242763698059e-01 -9.123921233565033262e+00
2.733791177841866329e+02 4.459113501015677383e-01 -8.582760149050848719e-01
2.916005218813180591e+02 6.225622105835212361e-01 -1.221767450741365835e+01
2.532467103962574129e+02 5.295223494485545856e-02 -1.685319468160885181e+00
3.300587098090533118e+02 3.492861901447268935e-01 -2.311579477411772388e+00
3.239682444437544291e+02 1.959434053171772994e-01 -5.632184933353082457e+00
2.561767278893514685e+02 1.056103951609346919e-01 -2.858535837863196427e-01
2.766745541058743356e+02 7.485618976861394547e-01 -1.240958367321779998e-01
2.946045672072266939e+02 6.852377085588007288e-01 -8.055867819825194287e-01
2.866854325068640037e+02 3.863340461899739675e-01 -2.150210085842573804e+01
2.664131526099910729e+02 7.426716184851949176e-01 -1.434685278019961707e+01
2.983170255090926162e+02 3.980422618618197905e-01 -8.168568674489797843e-01
2.819458428958382115e+02 1.150342483203534577e-01 -1.975408484780533547e+00
2.786421879738961707e+02 3.104418373095328421e-01 -2.756701817078041739e+00
2.604281265895262436e+02 5.187410430875311063e-01 -6.908448046741135773e-01
3.199558156456920415e+02 3.556049062270391636e-01 -5.234695701950188074e+00
3.130644335653782377e+02 5.033434486710934852e-01 -3.777223335784119396e+00
2.830197095346858305e+02 4.113790427614920642e-01 -1.980718929693065400e+00
3.167951708145121756e+02 6.290811155450355407e-01 -2.810872734989232402e+00
3.216589723373785432e+02 7.118587317672755432e-01 -3.038240236903835267e+00
2.648734997111002372e+02 6.117133933975157367e-01 -7.304992316454543833e+00
3.115680438728223294e+02 2.914481153877818698e-01 -3.934153366222801207e+00
2.492360817407289915e+02 1.741989305899033780e-01 -9.458899119564854185e-01
2.966009290476677052e+02 6.639261985339470762e-01 -4.870045984102121528e-01
3.390040981691961974e+02 2.689269342461762108e-02 -1.342344262074265604e+00
2.441000165547028473e+02 1.407472123613198733e-01 -4.866170553143210897e-01
2.724193277747704087e+02 2.389791095470582549e-01 -1.451693672603210139e+00
2.807050482302012711e+02 2.049811916852223304e-01 -2.635955061153503642e+00
3.083627101333740939e+02 5.584996273958834356e-01 -4.233940260959320190e-01
3.000809085710235991e+02 7.257274841235746843e-01 -3.001626267428246231e-01
2.592396241664208674e+02 3.176907775328338124e-01 -1.153540545998809952e+00
2.551497905329482307e+02 1.797631120509103342e-01 -2.860669186293592903e-01
3.454316178083910245e+02 6.405158108234115799e-01 -1.051111319996116400e+00
2.452849751376259917e+02 5.344055529420645989e-01 -4.463046349714336336e-01
2.680370112906714439e+02 2.611830593033415138e-01 -5.187803499730707202e+00
2.538585873464187443e+02 3.788674387725948223e-01 -1.353348244560111935e+00
3.106649100075401861e+02 1.239360269094828965e-01 -1.960438222133747743e+00
3.192750986777040225e+02 7.782177851033442728e-01 -2.036998423015479620e+00
2.758301465565831450e+02 1.299264110086078942e-02 -4.728196839941163632e-02
2.935452859563113748e+02 6.770828351523866528e-01 -3.249218551876799310e+00
2.513214511209403383e+02 4.872437531433315705e-01 -4.623426592950293568e+00
2.690945840468609163e+02 1.548961194228312688e-01 -2.387091928299177379e+00
3.285406993986260318e+02 9.875449361781502011e-02 -3.289894974587832532e+00
2.929409600815006911e+02 3.045246191574256800e-01 -3.999845210490953651e+00
2.578497704616227111e+02 3.721374704696207569e-01 -2.311329035081058692e+00
2.657946355563499878e+02 7.980189464442574154e-01 -1.400644613773346236e+01
2.726507134172183555e+02 6.487189525424339465e-01 -1.363950118465907302e+00
3.081342653701498193e+02 6.920379107614083036e-01 -1.496114041021864016e-01
3.285469128771981104e+02 2.296191427331505663e-01 -4.345066168879413659e+00
3.241685564643804582e+02 5.998664223437365495e-01 -6.554252825642534752e-01
2.526048529187831377e+02 2.495280238464042677e-01 -8.284327731121152727e-01
3.204142042529224454e+02 4.341531361950212720e-01 -5.101494915125674545e+00
3.142635149488802995e+02 3.253896887131106364e-01 -5.007107868992977551e+00
2.462384599844538968e+02 7.387409931844928224e-01 -2.429628844892336659e+00
3.060088922950576489e+02 5.719346630310592206e-01 -1.918675698201830968e-02
3.121673033750302011e+02 4.128712113162048003e-01 -3.755191368848715960e+00
2.450464793207666503e+02 1.613148874984635661e-01 -9.058957754255803074e-01
2.536154857679630368e+02 1.095434422598157015e-01 -5.509259782766670055e-01
2.901881150221848884e+02 6.362271933089791442e-01 -1.678906180088237576e+01
2.752271700041084728e+02 2.950328091724317425e-01 -7.184323832648004116e-02
3.265535261060940115e+02 4.518942914608244377e-01 -2.237673290098375567e+00
2.611366863471470197e+02 2.795396816872500745e-01 -2.453881044285868840e-02
3.274444190141057334e+02 5.281434796084609751e-01 -1.946343245724680981e+00
3.038134802759544755e+02 5.832625628030752019e-01 -1.532109260025268094e-01
3.355169906023642739e+02 7.077739801476534698e-01 -4.412607536489955851e-01
3.050856146010457906e+02 5.144442012915148021e-01 -5.621044533987382130e-02
3.434893943958913951e+02 6.769190542406080535e-01 -4.034861922159593828e-01
3.026678682222272982e+02 2.386628181055108766e-01 -2.417289758779319619e+00
2.588448609083943666e+02 1.010247798367657768e-01 -1.244853168417066502e+00
3.008608961652456628e+02 1.855081270757882039e-01 -3.198700834528973580e+00
3.090345876923864807e+02 1.698240139351751832e-01 -1.710840683110237181e+00
3.180301790777135693e+02 6.004701111314389994e-01 -2.398928973185973756e+00
2.418656366649406948e+02 5.880995503678980718e-01 -1.335131197449960005e+00
2.814165222576769452e+02 2.104181724130370079e-01 -2.684614056953454675e+00
2.488935023792699894e+02 5.083229478282445118e-02 -2.737151737042398114e+00
3.413697005036481187e+02 7.145973587996703458e-01 -4.294810503633891136e-02
2.619817057049153846e+02 5.279657162433113449e-01 -5.219157687189297512e-01
2.352997888794274957e+02 3.841005932640034204e-01 -4.806133336193303962e-01
2.785445067409206104e+02 2.580533065709249979e-03 -2.081424321286873713e+00
2.515208589595378328e+02 6.418592664817615034e-01 -6.690401763220735987e+00
2.867423385036562422e+02 7.726348904043320864e-01 -1.572414798726401486e+01
2.407725197906002279e+02 1.355784484335930407e-01 -1.202818641605368111e+00
3.404051014260299439e+02 2.898870989232542328e-02 -1.239340863089827938e+00
2.733600736657774064e+02 3.443883611999778438e-01 -8.514183920171780606e-01
3.439098828297420596e+02 3.020763462220087958e-01 -1.338788464407275169e+00
2.439038443684030710e+02 2.693352597433530393e-01 -5.571123105037184553e-01
3.237153370609672152e+02 3.426076251995497923e-01 -3.197283575747228657e+00
2.315979094794486173e+02 5.527307414512306893e-01 -5.584008884798628003e-01
2.943287190091191974e+02 4.013259056429510085e-01 -1.088320039059337718e+00
2.329006943943149963e+02 4.234802667211430283e-01 -1.903989217078237317e+00
2.510502013812538280e+02 4.980373837533453862e-01 -4.436340791080863433e+00
3.152944669587951125e+02 7.868500288388395880e-01 -4.566831685663489404e-01
2.498934404734325767e+02 3.145728388314293911e-01 -1.830305995774705208e+00
2.317357711249644012e+02 4.850503202307394068e-01 -4.239313345314962289e-01
3.399619646014345449e+02 6.172076915289501642e-01 -1.375646487120849026e-01
2.595607698355292428e+02 4.034973463879967803e-02 -2.526468849656840376e+00
2.757129490875645956e+02 6.833887031171549387e-01 -1.657772821061974378e-01
2.679325758473266319e+02 6.062508971161273408e-02 -1.221502186838841375e+00
3.372365746933102173e+02 3.645863198175155473e-01 -6.126678627709896130e-01
3.306432991127038008e+02 2.057739868326729366e-02 -1.157625037319593431e-01
3.166931178582144639e+02 4.432219712624776986e-01 -3.901154501624288340e+00
2.852015328070491478e+02 2.616892104074712289e-01 -1.062812792339049217e+01
2.374138519735986108e+02 5.602270216988848306e-01 -4.587998687896601147e-01
2.717138681140801282e+02 3.289720086410498068e-01 -2.349029428243341044e+00
2.394526909734044580e+02 1.073382072068006232e-02 -4.146411762361154274e+00
2.985345950842987577e+02 1.522967438115967465e-01 -8.926054273152624896e-01
2.427717515179319321e+02 6.149715202049901297e-01 -1.538158969955814470e+00
2.798511156731424876e+02 1.982019695572457552e-01 -2.108054984759940353e+00
3.339239533474428754e+02 7.332358624085256738e-01 -1.958579910250463074e-01
3.071019250683705195e+02 7.626643556879701968e-01 -6.924774277952701340e-02
3.254951363124492900e+02 4.950092276612458320e-01 -1.230709565710622622e+00
2.838926168965116972e+02 5.495986914293221615e-01 -4.956595067210180616e+00
2.344448480403409860e+02 1.391194346006199567e-01 -1.875510161156365374e+00
2.472156225505085843e+02 6.646525091167432286e-02 -3.444812105685253645e+00
3.314257917627583083e+02 4.767684775346882065e-01 -1.410416026234927456e+00
3.007137428672947408e+02 3.779533725983076631e-02 -9.339211923288189832e-01
2.905197914818186291e+02 6.620077027338711062e-01 -1.636565997937675832e+01
3.349813921417728579e+02 1.776166850505036532e-01 -1.516454797846392255e+00
3.192280656712373457e+02 3.954669478914208391e-01 -4.533694073658384838e+00
3.130749911617176622e+02 7.456569791785551404e-02 -1.603042708874448330e+00
2.550257260204954264e+02 6.978142190106759735e-01 -1.636584022651808162e-02
2.921640530776602418e+02 7.503655419093121504e-01 -7.853860380933722851e+00
2.875767612614139921e+02 5.429378515005806038e-01 -2.042920532781482734e+01
3.210870336429449026e+02 5.070633498532205463e-01 -4.870844088407308092e+00
3.456364341119298729e+02 1.508815939000252293e-01 -7.776913319180773776e-01
2.650838168517370264e+02 4.576438708548704049e-01 -6.588831138781839236e+00
3.100686375985963537e+02 7.786297578679473030e-01 -2.458188985863705989e-01
2.374686426588355346e+02 2.032370024767196637e-01 -1.318556980040154869e+00
2.809803971763004711e+02 3.553004810824271220e-01 -2.632058901248773619e+00
2.992642161091361004e+02 3.830725737551968213e-01 -7.588309159641479784e-01
2.562871212800315561e+02 1.137558366270425281e-01 -2.169908990574823116e-01
2.692957670964993895e+02 2.465301982708605344e-01 -5.229764262228955296e+00
2.666015616559369619e+02 7.550791900068173357e-01 -1.397418580567486401e+01
3.224256987132555423e+02 4.281474972813001378e-01 -3.316666920972097365e+00
2.703510599640464989e+02 1.216289502439167197e-01 -8.573431251771189698e-01
2.828748610540861250e+02 8.022304226354505519e-02 -9.250869134522166082e-01
2.884857620998178049e+02 8.843247713825178047e-02 -5.417307415184130726e+00
2.973807724578812213e+02 6.666260438829062496e-01 -5.876903255467673670e-01
3.321124365907610354e+02 6.292419403987822291e-01 -8.327759203772862051e-01
2.628590663627426807e+02 7.259217860376182552e-01 -3.532552776495001989e+00
3.378157025626215955e+02 2.820516771882907725e-01 -9.571822585667753014e-01
2.959010267822725382e+02 4.683345432368549166e-01 -2.523069469551143529e-01
2.775480562396540449e+02 2.181650442722106176e-01 -7.070754848205375032e-01
2.860716177952633643e+02 6.760327888460717638e-01 -1.395292380695392254e+01
3.437428999452641847e+02 2.680535099012681943e-01 -1.360609478683508122e+00
2.325626915481892922e+02 2.448624695697191322e-01 -3.109632806717591569e-01
2.568417584420599837e+02 5.841494770823695282e-01 -1.783269005323057099e+00
2.964245989885002928e+02 2.106673852341685027e-01 -1.920438216347022387e-01
3.215355562816370139e+02 3.882587288740335651e-01 -5.984553802246749932e+00
3.219536289146032573e+02 3.023334568337806005e-01 -5.443183411762612778e+00
2.699690323845392754e+02 6.490246886616267696e-01 -6.412522847296464157e+00
3.108697103237519741e+02 2.745721960058724043e-01 -3.114000595523339410e+00
2.611041733107498430e+02 2.029454049478274236e-01 -1.909034630020611523e-01
3.023671614792732498e+02 2.329382666608688715e-02 -2.138030265968935861e+00
3.037139400140615066e+02 6.608614252073554685e-01 -1.361298804178303345e-01
2.797020611919545559e+02 4.808420076515297348e-01 -1.993059386343196238e+00
3.288366170081497444e+02 6.887027604966302619e-01 -1.558333910746661166e+00
3.414446309377929651e+02 6.207928118084746760e-01 -1.617726056924641276e-02
3.255588831648854011e+02 3.055950807671314329e-01 -3.314302060683223861e+00
2.914973300439992272e+02 5.408278910325479139e-01 -1.325493112629417425e+01
2.816994366506429515e+02 7.115902393771831314e-01 -1.268409265803778663e+00
2.787747755237579099e+02 4.916919819375265566e-01 -2.074896395627297885e+00
2.853137626820590071e+02 2.532312976526628345e-01 -1.126833828367178292e+01
2.641138181820099362e+02 7.331177918727036502e-01 -6.351563415937111046e+00
3.063522393706575713e+02 7.840176477454056936e-02 -2.920799281219535803e+00
2.675681879252452973e+02 3.946223549693785859e-01 -8.483035105816986388e+00
2.500734019481697032e+02 6.045337502282709385e-01 -5.323233424187073126e+00
3.240593890192595268e+02 4.263103748773487967e-01 -2.055056181479455013e+00
3.234693543528452437e+02 3.266559672881021448e-01 -3.276495766477296456e+00
2.774371467784612264e+02 6.872427258721508503e-01 -2.620537943681073775e-02
2.803623962461734891e+02 5.606170195980617610e-01 -1.603492516481203278e+00
2.939312608807429115e+02 4.173470741971876397e-01 -2.273882821277759980e+00
2.511952996630976997e+02 5.819524473909644113e-01 -5.556976627180722161e+00
2.694944595654623640e+02 5.546225995980367252e-01 -7.695398285797908855e+00
3.066279110110895090e+02 6.704517925285495838e-01 -3.069788119832149442e-02
2.880709193619669577e+02 4.679162689298244082e-01 -1.951535021018511529e+01
3.198826352980493652e+02 6.962719888606312413e-01 -2.674404556726515114e+00
2.387722847844592025e+02 3.783699212238430531e-01 -1.292906703000613333e-01
2.344339761474930128e+02 4.438826735637625420e-01 -2.916990245927466585e-01
3.139071363469927292e+02 5.300849337096246172e-01 -3.669038843536163164e+00
2.336309791406702061e+02 7.533878624580032657e-01 -2.145647368926097975e+00
2.655063068618457010e+02 4.105563633310700955e-01 -7.584600352051221961e+00
2.888468125972628400e+02 5.231688337808015898e-01 -1.752910185893721717e+01
2.671994205435437948e+02 5.710181261179755330e-01 -1.147142257303971391e+01
3.265164151727597641e+02 2.347594021215090587e-01 -5.021340800345786448e+00
2.846431308033344294e+02 4.382062026031890989e-01 -9.315166924460216435e+00
2.748860212031661376e+02 6.280577044892523553e-01 -2.581201203932389499e-01
3.386514155162513475e+02 4.514644952898427821e-01 -3.218494467204818243e-01
2.724055531695458399e+02 1.361082971609299253e-01 -9.203299896776309108e-01
3.398339644550813432e+02 5.994167830684971054e-02 -8.850830414241310784e-01
3.096486777100413974e+02 3.336842005791024746e-01 -1.403714821138376090e+00
3.181922643403898405e+02 4.989005155611161979e-01 -3.022219550200579974e+00
3.123368688820677335e+02 3.710870753470972283e-01 -4.214568005760220615e+00
2.576613801018689855e+02 6.356465305457099646e-01 -3.161423542649389518e+00
2.457686309211713933e+02 5.078763072639586040e-01 -9.251142395540576935e-01
2.733598562999752062e+02 4.731406002111955833e-01 -9.362541750612103364e-01
3.309977078805583233e+02 2.439273369671115729e-02 -1.605213271586111989e-01
3.016555440126194299e+02 6.126506764887882373e-01 -5.116015717551383180e-01
2.365008573213915497e+02 7.810875793570823955e-01 -7.776492302057602668e-01
2.307278181519039038e+02 6.478265570567349751e-01 -2.549558283333522857e-01
3.335666847071273082e+02 2.160913704545117664e-01 -6.858240086462950025e-01
3.371892565782786733e+02 7.755539947271192780e-01 -5.816196779842047748e-01
3.005810419046651987e+02 1.133203622904061236e-01 -2.608072298533319344e+00
3.152055147292826405e+02 7.100612603418414437e-02 -1.905820078274799823e+00
2.403070116335818511e+02 1.812673328739243250e-01 -1.408457121597967765e+00
2.519248975025371067e+02 7.138988694288972425e-01 -7.466022196795038646e+00
2.535040789541697279e+02 3.528883593898185511e-01 -1.877569891453863660e+00
2.992343928214754101e+02 7.969374614174036253e-01 -1.880151357344648222e-01
3.364122546343221529e+02 7.626176586711498340e-01 -5.407239414184984438e-01
3.046101434326888011e+02 4.754666550359600008e-02 -2.854080272034889898e+00
3.326536153158180582e+02 7.390479809077872275e-01 -6.725013634244578764e-01
2.547088324824611334e+02 1.922401398887420010e-01 -1.542268912421023153e-01
3.454697555951294135e+02 3.639048601264258664e-01 -1.270923915785595160e+00
2.454259657212267598e+02 3.481330441354162364e-01 -3.053298951705495368e-01
2.928255377669656809e+02 5.977278930777357724e-01 -4.827789573142618806e+00
3.174572410044202684e+02 3.172609257865474652e-01 -4.750604173961662013e+00
2.417683034624330674e+02 3.422648611581700084e-01 -2.932256819202944120e-01
2.896426909163457708e+02 7.897535783861053815e-01 -1.451825002313722202e+01
3.129174611606401299e+02 7.496497219758024855e-01 -2.414749743414123628e+00
3.284869665330720636e+02 8.405888422818515171e-02 -2.881993699115532159e+00
3.297294230207112946e+02 5.136979745030209044e-01 -2.047686752387963161e+00
2.600932297373778397e+02 3.230278918419517142e-02 -2.513689146372686700e+00
2.718574535508596455e+02 2.828302329645259738e-01 -2.209922429708544911e+00
2.587701367585371486e+02 2.577639742017354130e-01 -1.269406564516348590e+00
2.435184185130523531e+02 5.288147456768298865e-02 -6.166585838285018051e-01
3.163243871368722466e+02 1.840967610716719161e-01 -5.077988960102015170e+00
2.975734253550218114e+02 1.728689283980278935e-01 -6.354401387727314221e-01
2.556101798048627813e+02 1.092088741339126146e-01 -3.446507238045133370e-01
2.425826322116301128e+02 9.817828042618996498e-02 -1.743507337289008197e+00
2.827146055361874915e+02 4.626088201005222889e-01 -1.488650045589403392e+00
3.352886611781709689e+02 2.307801351860904182e-01 -1.231350529443755004e+00
2.763188836456672561e+02 1.527504072410223457e-01 -7.846726633649751814e-02
2.917190360635965476e+02 8.781304241890537307e-03 -1.751564407408917612e+00
3.408193520716487228e+02 1.277200167515425422e-01 -8.247278604147452175e-01
2.961067213006793963e+02 5.506551235132839395e-01 -3.916019567281773250e-01
3.432246367790519344e+02 4.001245361612364437e-01 -8.524803307430143251e-01
2.616840629709509471e+02 1.355945257691243133e-01 -5.713695730700626418e-01
2.486712191408650483e+02 5.111840755419594373e-03 -6.043208905865285807e+00
2.471806704749735388e+02 2.907594103551833231e-01 -1.194604551356247324e+00
2.359746987587969613e+02 7.211436027019083594e-01 -1.203735667528274211e+00
3.082910469790726893e+02 1.679543397729106324e-01 -2.480547062299766736e+00
2.376630578243543823e+02 9.517314939251969585e-02 -1.778294425659844746e+00
2.638026758388561461e+02 1.512362161022489104e-01 -2.346445323510703562e-01
3.269985155854047889e+02 5.927489660039981199e-03 -9.596660059728430170e-01
2.683056003044630415e+02 7.996540484873387866e-02 -3.891971156832865208e-01
2.319079681284459582e+02 5.801005237157214056e-01 -9.540986234024912971e-01
2.599384161476086206e+02 5.548274103663878298e-01 -1.024764226805284340e+00
2.440226775683854896e+02 2.647007275942281912e-01 -6.225230043659688572e-01
2.993560655761983185e+02 5.413379256779715654e-01 -4.092029019102001453e-01
2.961564726354682762e+02 8.399943419759874075e-02 -8.472160184180439410e-03
2.769066957211728663e+02 2.887919934726783100e-01 -8.399910976600249990e-02
2.903146138367153526e+02 5.444458782602880076e-01 -1.747731503435876377e+01
2.998731985952022683e+02 4.309595852224676893e-01 -8.567527776409930018e-01
2.704644326350787651e+02 1.672751992622271699e-01 -1.626542024671299602e+00
3.083796492283530029e+02 3.668203153248354442e-01 -1.363417652352796106e+00
2.482303511893217092e+02 3.928172380391165563e-01 -2.536570956236816166e+00
3.392713300536279917e+02 5.042278966117447192e-01 -1.685189012917640283e-01
2.749972736614870996e+02 7.788314987175648518e-01 -2.179453329375631299e-01
3.433052562867561051e+02 1.844608200959241828e-01 -1.265108973718708452e+00
3.070531030119827278e+02 1.230505903740777840e-01 -3.108446686861972452e+00
3.341534907677146862e+02 5.635034158278939831e-01 -1.016235721460899549e-01
2.489928808517124139e+02 7.448782646852488698e-01 -7.327448708518167209e+00
2.634141836731234889e+02 6.932416223074061579e-02 -2.258472702230341245e+00
3.436808488138684083e+02 2.393596434449209998e-01 -1.390681403710866126e+00
2.619315551542764524e+02 6.179104477606824908e-01 -6.894480226362296182e-01
3.357694697340668313e+02 1.316866899301487037e-01 -1.995651933920030929e+00
2.893118516048903075e+02 2.449725335298107431e-01 -1.699389376353617820e+01
3.457644258199814544e+02 2.107528735897380434e-01 -1.249400972170288115e+00
2.728868800179836285e+02 3.230951205162706508e-01 -1.097144731112393412e+00
3.016159466512398240e+02 1.077698550167129066e-01 -3.440840580235749790e+00
2.465768301920628573e+02 3.371292511618520504e-01 -1.097328444468414821e+00
2.915848665990128552e+02 3.731038702709079113e-01 -1.111453227403126576e+01
2.788276583282244587e+02 6.559396158312327252e-01 -1.534349830823885208e+00
2.337610189722244627e+02 2.556940605678748035e-01 -1.166311375864284017e+00
2.663200251242062109e+02 1.554571711533758449e-01 -1.370406354185059961e+00
3.145517104670686876e+02 4.002828341569396042e-01 -3.891526456154512648e+00
2.944370343678057793e+02 2.179657412301145847e-01 -7.386818658917264635e-01
3.261189568552978244e+02 4.719211141215645111e-01 -1.822580538582413201e+00
2.719320096138789040e+02 3.596133121771785124e-01 -2.261264958861012087e+00
3.112591241518660468e+02 5.979655591528427738e-01 -1.962838484082395807e+00
3.238070295111274390e+02 3.919219052639351664e-01 -2.479350679528554924e+00
2.529026740274289580e+02 6.845202971966384276e-01 -5.233081269187197293e+00
3.125968792751214664e+02 6.670405011744121593e-01 -2.585653167213391779e+00
3.045731718936768289e+02 3.461262720510666080e-01 -3.996235100457524170e-01
3.178342986322680304e+02 5.869923043556269926e-01 -2.561205224193492835e+00
2.514116754787082186e+02 3.794760239734360496e-01 -3.055873385693208544e+00
3.023284172263912524e+02 7.233073658414014284e-01 -1.199205723733623025e-01
2.364722769445000381e+02 4.862369098737983619e-01 -4.616410611242464102e-01
2.398318360223843513e+02 1.123579834024958368e-01 -3.792161904998378574e+00
3.041662604390311344e+02 6.116385161455461378e-02 -2.876113636487087177e+00
2.506357047783802159e+02 3.844005383641608403e-02 -3.373001946027822218e+00
3.304239333486711985e+02 4.777391071243217713e-01 -1.908872232156843651e+00
2.540782847443246624e+02 7.757064019220298867e-01 -1.471900293739408783e+00
3.201712115481550995e+02 7.154164192112324461e-01 -2.630591340015957957e+00
2.472978425930908486e+02 3.152938781972185467e-01 -1.161011670040786647e+00
2.641844535441259723e+02 7.290749552534352418e-01 -6.319266248282527698e+00
2.411950854469289709e+02 6.414592303847195254e-01 -1.542592939594130241e+00
3.243971658804097729e+02 1.400092927407075860e-01 -5.734056264423830207e+00
2.919976936355646444e+02 3.113192081930380439e-01 -8.099729273913313321e+00
2.848563558456439182e+02 1.028158127636364522e-01 -2.535853813867773532e+00
2.971710061701367067e+02 7.646078203674395724e-01 -5.147185517032346613e-01
2.738966146387009530e+02 4.442136976547785832e-01 -6.733480303364135500e-01
2.455003726789628899e+02 6.758445605733661710e-01 -9.113990262971294332e-01
2.589250026303008099e+02 6.324690339804542871e-01 -3.101180229802534605e+00
2.834129062842724807e+02 2.402973735536274164e-02 -8.626433329454140653e-01
3.326108506889813725e+02 6.092583130730234720e-01 -5.441788326034713297e-01
3.311276914949165757e+02 4.538062600518659728e-01 -1.542827988711402032e+00
3.226708589266303875e+02 2.148601746159333956e-02 -1.145068714801583898e+00
3.054701738036918073e+02 2.569008420471322052e-01 -8.844122884074486768e-01
2.803631649331754261e+02 6.996739450428698381e-01 -1.249724246751428680e+00
2.981833074855883297e+02 2.820930065955927213e-01 -9.702140937960010980e-01
2.387551689077209573e+02 8.863372745519638995e-02 -2.961082723454828258e+00
2.350691048865302264e+02 3.351672084385982076e-01 -1.476356704043691737e-01
2.696043315184944618e+02 6.616282423148027725e-01 -7.350292513930498650e+00
3.106299959271775606e+02 1.783455582213966106e-01 -2.729786747716207440e+00
3.403798275894505991e+02 2.965442972930083521e-01 -2.839425797109130234e-01
3.186387906323664083e+02 7.991609204937344391e-01 -1.549450901239144862e+00
3.383028155200031506e+02 5.192398106308399042e-01 -4.346889861993644133e-01
2.575756094277550119e+02 5.220758760768147155e-01 -2.739645142967134461e+00
2.761595028318856180e+02 6.272185113581422167e-01 -1.513470220210780537e-01
2.565099686095241509e+02 1.330828624933954457e-02 -1.004285823046239035e+00
3.418339332445088417e+02 4.331876944502635607e-01 -2.185063204784397362e-01
2.864164710115553589e+02 4.175732910332393688e-01 -1.962719835450758765e+01
2.306692426701254419e+02 5.428588593176060517e-02 -2.347207826930520547e+00
2.357828530015509614e+02 5.343384027632673838e-01 -9.806073376418756871e-01
2.557906514219565395e+02 2.785227224481098829e-01 -2.020308285471423826e-01
2.605343754846618367e+02 4.937811554607618447e-01 -5.701187542223793425e-01
2.795936689939157986e+02 1.502223422532787955e-01 -2.298727088700448284e+00
3.288324510132989644e+02 4.115724649669181279e-01 -3.045452399185918591e+00
3.150062742298162561e+02 4.625094790571814274e-01 -2.139123247251913273e+00
2.375693253811469106e+02 1.978867908882864790e-01 -1.406872535665626867e+00
3.163328833598835672e+02 5.032026976956136544e-01 -2.842310416865414524e+00
2.422539814626884151e+02 5.696544914758970846e-01 -1.113837084090640639e+00
2.878457407247074116e+02 2.242321739194369778e-01 -1.776849645157153290e+01
2.813500800026416186e+02 6.058492105595523203e-01 -1.704541633606942774e+00
2.844465475273132711e+02 7.410088938006036408e-01 -7.787980535448698838e+00
2.657613875915682229e+02 7.099908821559102190e-01 -1.302834731230841392e+01
3.345973328251706107e+02 4.610201025541205144e-02 -1.611905517776782926e+00
3.098292516838178585e+02 6.894976625607602827e-01 -3.123137889812524493e-01
3.213602890352672716e+02 2.044967146653299261e-01 -6.660013148571014341e+00
3.367634156278683690e+02 1.709122767569959678e-01 -1.709847569538427869e+00
2.932329642695730172e+02 7.561052084802191153e-01 -3.844106813209502427e+00
3.283636416616811857e+02 7.846481139943258798e-01 -1.089934231850767432e+00
2.931427568586004213e+02 2.854098971699911558e-01 -3.465363241232620517e+00
2.909488248453948245e+02 5.803499818824704448e-01 -1.567921822861595160e+01
2.898790539167728184e+02 4.672102317799211590e-01 -1.837626324388476462e+01
2.827459236961096281e+02 1.958136131996819906e-01 -1.105557211047299759e+00
2.577805699992431983e+02 4.805174357185173495e-01 -2.724509574791623479e+00
2.875091142034963241e+02 4.859408912712938622e-01 -2.119344985504095646e+01
2.951517930736205244e+02 3.083737750737061134e-01 -6.698352686023416325e-02
2.636859197980970180e+02 7.063791227163149777e-01 -5.666337045463758493e+00
2.917177096159485927e+02 5.213113345417114131e-01 -1.100582891843485456e+01
2.873132921295291453e+02 2.540351273727343151e-01 -2.015002730722006419e+01
2.839103230591256875e+02 2.994791148188940544e-01 -4.388456646705218844e+00
2.831326809140382466e+02 5.105215311332893524e-01 -1.955655270674571344e+00
2.558067485462728143e+02 7.263511307497378944e-01 -3.963633663847868638e-01
2.737249920813274002e+02 7.878310531968140129e-01 -6.968474067614182088e-01
2.637962445344285243e+02 7.986451853678523394e-01 -6.135075760016788671e+00
2.891890111316266143e+02 5.644086838730798528e-01 -1.700912719826578368e+01
2.864362491902786587e+02 3.773606712325179302e-01 -1.985019283921542765e+01
2.915241786876142100e+02 3.861247957266260022e-01 -1.241576377492916095e+01
2.894449090385932664e+02 4.423838923017099356e-01 -1.865899391905518812e+01
2.683919907484201417e+02 7.710519749114027599e-01 -9.996018233988651858e+00
2.906614655364755322e+02 7.369370352217784470e-01 -1.555158474526563062e+01
2.986644106877402578e+02 2.925394347607048195e-01 -9.350395294204918439e-01
2.857195985275490102e+02 1.974763202813546170e-01 -1.114627749793496037e+01
2.981413798132361421e+02 1.823659931595395245e-01 -9.293290929725878113e-01
2.906189534045764162e+02 4.013162800477595993e-01 -1.684687287979248183e+01
2.914104247656686653e+02 4.762908928250025875e-01 -1.305204021073550003e+01
2.876309215357439939e+02 3.810593578754603028e-01 -2.152181003284182026e+01
2.859743560345052629e+02 2.623415193865350492e-01 -1.550777124138150498e+01
2.854983899468919049e+02 4.457530923550289126e-01 -1.339882475110619886e+01
2.866564330743319715e+02 3.823961584465269681e-01 -2.073335827339379023e+01
2.801439845227569663e+02 4.533520807926778584e-01 -1.835418961925666004e+00
3.256872869762810865e+02 2.828069871752962317e-01 -3.821147999100804604e+00
2.945435740315701878e+02 4.842449856605305358e-01 -8.883072181753106644e-01
2.690754483625033799e+02 5.308193238671282677e-01 -8.513354983220738248e+00
2.861378278666217057e+02 7.111461855004904686e-01 -1.341120946941654779e+01
2.860581024665441987e+02 5.744793053784912340e-01 -1.549994726652276000e+01
2.875995138513405891e+02 4.951134833678592639e-01 -2.064942085865462928e+01
2.921972222574856346e+02 6.732202064927966800e-01 -7.906279139322730742e+00
2.847309448632778413e+02 3.828469997989418228e-01 -9.921428171980386068e+00
2.839036452585323786e+02 7.134594723861393817e-01 -5.472137921742067590e+00
2.907896930031349711e+02 4.923071012464184659e-01 -1.648724368586297118e+01
2.874375931587055675e+02 4.726607949843786294e-01 -2.163725465183182450e+01
3.170932826435868037e+02 2.859099549195122658e-01 -5.263611806907427138e+00
2.850746915438201086e+02 6.505399866166352574e-01 -1.050141022767718013e+01
2.695989787929141812e+02 3.576559747482181972e-01 -6.713696665933012397e+00
2.878783213247688764e+02 6.798919768062019475e-01 -1.733002798724350768e+01
2.964680131218268571e+02 5.947583839805832273e-01 -4.675475121972326731e-01
2.566190529822157487e+02 4.498673357791609928e-01 -8.519955933600412701e-01
2.866362321522065031e+02 5.603787834392444100e-01 -1.858422072178514739e+01
2.877042056029686137e+02 5.213569648104101617e-01 -2.030770136209050136e+01
2.438949013004169899e+02 4.931299543395871732e-01 -1.184713433141783234e+00
2.884267513748339979e+02 5.332432620975691151e-01 -1.778650539098490668e+01
2.877491828637977278e+02 4.887191604029232916e-01 -2.022749434582563666e+01
2.941905428120011265e+02 6.075511085194258420e-01 -1.763545553837108537e+00
3.297673197283501167e+02 2.495986882289961128e-01 -2.704963635404733946e+00
2.895248986125672559e+02 4.203972568013478739e-01 -1.876248520746083415e+01
3.192892629423666904e+02 3.485286023423241342e-01 -4.986124740999593463e+00
2.878976456268392212e+02 4.102210527810037366e-01 -2.099660724941983503e+01
2.865928117057084705e+02 4.362684471681172460e-01 -2.038330531619037345e+01
2.873847584810828266e+02 3.740509814445712178e-01 -2.219732620691616631e+01
2.882735024649158504e+02 5.095354634316077158e-01 -1.851335013386696460e+01
2.891905493723308496e+02 3.954617110887991838e-01 -1.900391761493242271e+01
2.885528755708167523e+02 4.921052497656169256e-01 -1.821684885587665192e+01
2.888240015597177717e+02 5.142923471438329841e-01 -1.773217992040990154e+01
2.880234761043340654e+02 4.402700477989734407e-01 -2.029468500215336491e+01
3.265257120071040617e+02 3.342418343689655957e-01 -3.612325641630323769e+00
2.882610241627099299e+02 3.598529492157991894e-01 -1.999543858649597894e+01
3.034081690497930026e+02 4.632060719376016045e-01 -4.331706375478192594e-01
2.908605200342854573e+02 3.007048315340826172e-01 -1.460831990426169114e+01
2.873359597717351335e+02 5.023780063268347140e-01 -2.128027501996055904e+01
3.072556329735364216e+02 2.128614805712875091e-01 -2.443224527777246635e+00
2.905371601851848595e+02 4.218741159783239714e-01 -1.749447168227801086e+01
2.867674261468046666e+02 4.937104048648569554e-01 -2.043824361514978705e+01
2.914520421563417472e+02 6.933598305710098053e-01 -1.308282468019894473e+01
2.870931217574845391e+02 5.159583207863128740e-01 -2.106060043489994271e+01
2.875337111969241164e+02 5.007234816415914169e-01 -2.101088086242455333e+01
2.872102656161492860e+02 5.054542997923500147e-01 -2.133970688799843174e+01
2.868375908033631276e+02 4.229958000795689954e-01 -2.183022395781547687e+01
2.878343493446171806e+02 5.038221239218636516e-01 -2.003832875896195276e+01
2.876705831864754259e+02 4.442807112573416983e-01 -2.120947634291701789e+01
2.883277498941806130e+02 6.733407557813643196e-01 -1.578391656157765865e+01
2.887037447798960557e+02 4.198830703741522341e-01 -1.903865856414387991e+01
2.885221429716034436e+02 4.864227048756712413e-01 -1.855037217802405536e+01
2.879392919527404615e+02 4.085613876386694487e-01 -2.054234506296850071e+01
2.871365862058491984e+02 4.133669229431431447e-01 -2.226702937212959199e+01
2.880055439205966081e+02 3.481852906503980494e-01 -2.062835620340805320e+01
2.880953690110691241e+02 4.976321136271907308e-01 -1.911112931721243768e+01
2.892545488129195519e+02 3.855300439947882407e-01 -1.904863576207180031e+01
2.872237260053772161e+02 4.357385695449018659e-01 -2.211133135286887708e+01
2.895948119542004520e+02 4.260627158522305447e-01 -1.874258183357783736e+01
2.740513966761523079e+02 5.963605787909683764e-01 -6.322932694140025456e-01
2.888031710898948177e+02 4.493945380680617885e-01 -1.870372112513781104e+01
2.862569845586784822e+02 4.992718098908488500e-01 -1.761785620352050330e+01
2.884965337786906616e+02 5.742210409968504514e-01 -1.709354116593012307e+01
2.869360639455809405e+02 3.038946888816697056e-01 -2.141941837441385843e+01
2.883157976729302732e+02 4.368930388335585113e-01 -1.951529863390639363e+01
2.870906042830381466e+02 4.681584507068647927e-01 -2.169300468992715025e+01
2.884874537805629302e+02 5.040624339825483524e-01 -1.827184700714263954e+01
2.877262844024252786e+02 4.076843335465898943e-01 -2.146105338494559689e+01
2.879226740656267225e+02 4.314315411642971054e-01 -2.036630264941884860e+01
2.881396363246571468e+02 2.948544312119635857e-01 -1.971045835409151081e+01
2.869747888288451350e+02 4.165504420111094674e-01 -2.184342063235565590e+01
2.881857269761196108e+02 3.776449458525403813e-01 -2.029230170878288320e+01
2.876073542433705938e+02 3.722631594504047792e-01 -2.151605983624155627e+01
2.857352432297399787e+02 7.051320710088285759e-01 -1.213277019658229072e+01
2.872948594451986537e+02 4.490358987090365961e-01 -2.188038714053944389e+01
2.877477782825385475e+02 4.527976785077580946e-01 -2.113595742064537575e+01
2.868191117135589820e+02 3.201160746557564774e-01 -2.120898400345159018e+01
2.871341095331150655e+02 4.353215815509324793e-01 -2.212353547647022012e+01
2.895426203090495392e+02 3.927709079609388865e-01 -1.885064677096798036e+01
2.871950681319665364e+02 4.597226834347616364e-01 -2.189404485319513327e+01
2.885733374437106136e+02 4.074064990425687594e-01 -1.930736766376112712e+01
2.888247201076395640e+02 4.007265626661460356e-01 -1.922534708818149696e+01
2.875338910455450900e+02 4.733790981605867643e-01 -2.133870711527691810e+01
2.881422677314610610e+02 5.852968559132530890e-01 -1.773515739933533553e+01
2.890437775417111652e+02 3.606687514858035182e-01 -1.916997475956010888e+01
2.876414167291884496e+02 5.079603121531320875e-01 -2.048550008041204862e+01
2.876117938572813273e+02 4.134918176390561806e-01 -2.142608624980112353e+01
2.886054216888834389e+02 5.189327186017328453e-01 -1.778739047899709647e+01
2.873469730959644153e+02 4.873801917964657449e-01 -2.146903855244301340e+01
2.883997853197273002e+02 4.517055402709780343e-01 -1.902804317546757318e+01
2.868448920205001968e+02 4.300566940026918639e-01 -2.177164607660627382e+01
2.874786649931848501e+02 3.798056313402956574e-01 -2.191358962194571802e+01
2.892903329589618124e+02 6.646827355489561828e-01 -1.542422822738369348e+01
2.868912317391291253e+02 5.696415146447416644e-01 -1.984225637482251159e+01
2.865644767967887674e+02 4.445463355309456910e-01 -2.030580372055285210e+01
2.879843304696146333e+02 5.322440098234564321e-01 -1.910059714855887947e+01
2.876623575269106823e+02 5.399606050364594845e-01 -2.003933608149360168e+01
2.876362909476187042e+02 4.285593979420181387e-01 -2.133327835990985122e+01
2.872463143659242633e+02 4.035543415122294642e-01 -2.229903473576400685e+01
2.875798285607905882e+02 5.523105155765917207e-01 -2.029081302228745542e+01
2.881769746575972704e+02 4.157800437594779130e-01 -2.008429932213872249e+01
2.874589138825753025e+02 5.038241735374381358e-01 -2.096868257055793094e+01
2.879762676588713362e+02 4.899957421508375766e-01 -1.970469720570332228e+01
2.878211670203631911e+02 4.711138195512897808e-01 -2.044911072565890819e+01
2.880754867834780839e+02 3.923397708054865984e-01 -2.022646050159996278e+01
2.874756213310612338e+02 3.903075437569172301e-01 -2.190844120195183109e+01
2.880680542292217865e+02 5.008955957596954445e-01 -1.906014788560079865e+01
2.868486833089105517e+02 4.853467509672121927e-01 -2.115325330608084897e+01
2.873997341671319532e+02 4.062944143234537009e-01 -2.215844837677852297e+01
2.876784319768166824e+02 4.630513293490324256e-01 -2.102828141378749649e+01
2.870836131422998392e+02 4.528670703351309057e-01 -2.186115398620490780e+01
2.874936430589964402e+02 4.768984864617371588e-01 -2.129827834372323636e+01
2.867498042478395632e+02 4.471135656297711702e-01 -2.103779738052843484e+01
2.876107064356238538e+02 4.803767573595110196e-01 -2.083043220029423281e+01
2.868225523362859235e+02 4.352404003092715801e-01 -2.113732190421546875e+01
2.867455366659652896e+02 3.825731506780889468e-01 -2.149348632461356701e+01
2.873139917643437116e+02 5.341946841400101453e-01 -2.084069387642473714e+01
2.872833985024431627e+02 3.979693697346554648e-01 -2.231323395092002926e+01
2.877063656228204422e+02 4.789745466483406600e-01 -2.085363832183896093e+01
2.883372099694549888e+02 4.841817700787484080e-01 -1.890395224336363000e+01
2.866932891200244740e+02 4.704968118048677983e-01 -2.077697159276846506e+01
2.878973158622336541e+02 4.019110805564338751e-01 -2.103773914174793802e+01
2.871854563763307624e+02 4.759515007218558802e-01 -2.171605594235102288e+01
2.867742696696424787e+02 4.425178707328538685e-01 -2.107917249145050675e+01
2.872154206316440650e+02 5.262217411129022082e-01 -2.104646899748699695e+01
2.867554711326180268e+02 3.871345660246028331e-01 -2.147779501349003795e+01
2.866667077642418917e+02 3.958332051517816641e-01 -2.067370558310854634e+01
2.869390665829273530e+02 4.044989818558688000e-01 -2.192393606672802520e+01
2.871025801057228364e+02 3.467833719000713577e-01 -2.217629203684843020e+01
2.873360430861538362e+02 3.375503075687057430e-01 -2.199267705321323518e+01
2.875989428732088982e+02 4.574752472537313430e-01 -2.108010520534361376e+01
2.873544487469808359e+02 4.410648171093631831e-01 -2.194710759879712114e+01
2.871193108452267779e+02 3.799481389951965271e-01 -2.227765037729788489e+01
2.874000337701118042e+02 4.807705126227781456e-01 -2.154614779265950730e+01
2.879313841756236911e+02 4.466753778445113898e-01 -2.021987683289250270e+01
2.871381092193847735e+02 4.036473536798862449e-01 -2.230983491528813190e+01
2.877678734018878686e+02 5.348928125117561327e-01 -1.959202142559639626e+01
2.877035284020894892e+02 4.773323213453126157e-01 -2.087249200354028744e+01
2.875268026816535212e+02 4.111549683795043819e-01 -2.184578342871247258e+01
2.876784429324343932e+02 4.550407803636699611e-01 -2.110963368452864586e+01
2.868970383362839129e+02 5.386316240633413077e-01 -2.035104063836345745e+01
2.869071113833988989e+02 3.419317789883561387e-01 -2.190100820464267528e+01
2.874531645409190901e+02 5.054007620904247267e-01 -2.094794995577575136e+01
2.871501538892862868e+02 3.723253358149645198e-01 -2.234250541525951306e+01
2.876009783657231083e+02 4.094142677868781721e-01 -2.185454835120818373e+01
2.871338566933800394e+02 4.133691406086164033e-01 -2.217188079323109307e+01
2.870452239716058216e+02 3.299384581496285773e-01 -2.203426941316484644e+01
2.869580131601748576e+02 4.029916753083843672e-01 -2.192682242685576099e+01
2.877592822395392886e+02 4.491984620026794883e-01 -2.067876528246837964e+01
2.877603281452543342e+02 3.403464222278137497e-01 -2.136980391139503510e+01
2.870243572807196415e+02 4.049716273816297840e-01 -2.223330555018612742e+01
2.876076562993398511e+02 3.861182279176430532e-01 -2.151695435968576220e+01
2.878563514906554701e+02 3.361060854969870060e-01 -2.093559168204927445e+01
2.874012445717717696e+02 4.115250246280652835e-01 -2.213646441163143308e+01
2.869689916573079245e+02 4.166751466985177399e-01 -2.184398942086781759e+01
2.874455262694676776e+02 4.409566973036576631e-01 -2.165137513778976697e+01
2.873090133959789227e+02 3.589421852092373744e-01 -2.215190213522047458e+01
2.870967633527948806e+02 3.266918187156888087e-01 -2.198685929410875772e+01
2.866292091962332620e+02 4.180732647666293156e-01 -2.053774041499733016e+01
2.878037615893754264e+02 4.755758302847411523e-01 -2.039496839771337733e+01
2.873465711117650585e+02 4.207317683877516146e-01 -2.209070214960222955e+01
2.876160486007493660e+02 4.448098793116472827e-01 -2.120124340395659956e+01
2.870989213601653773e+02 3.846837004744471655e-01 -2.227795425369572513e+01
2.872123063091714243e+02 4.603963718844347186e-01 -2.188536868974922101e+01
2.872271484189223543e+02 4.278775847725502790e-01 -2.216967714395972422e+01
2.866503052072206401e+02 3.805487084862537728e-01 -2.074104217153625385e+01
2.878032278024003290e+02 4.098975506397488089e-01 -2.099036545694506728e+01
2.869543858413254611e+02 4.434812902813660696e-01 -2.162161795910273554e+01
2.867377073759481618e+02 3.977851878872665781e-01 -2.144061816478026472e+01
2.872385204921039872e+02 3.790625918098302072e-01 -2.234071781215920538e+01
2.869533683575529039e+02 4.014150589238501543e-01 -2.193545960123716299e+01
2.868920412831174644e+02 3.674336275279797559e-01 -2.201104266688343714e+01
2.873259763726979941e+02 4.177993068916652231e-01 -2.210796470973805228e+01
2.872985227600453300e+02 3.815593083489127180e-01 -2.220844251836353322e+01
2.874924888538371306e+02 4.105600365572580346e-01 -2.184796472127992217e+01
2.871664264102407174e+02 4.033150514545141840e-01 -2.230816925609854806e+01
2.874854227337162911e+02 4.081659183475567776e-01 -2.185823223279840022e+01
2.869238844400538824e+02 3.649393485198270670e-01 -2.199915429144540369e+01
2.868445204246022513e+02 3.647236165385672191e-01 -2.201820615957485572e+01
2.869080778302151202e+02 4.219653086911913653e-01 -2.182100340906522717e+01
2.872245032262729865e+02 4.435780527614159308e-01 -2.204576659817514539e+01
2.872558333140103741e+02 3.952125866830524803e-01 -2.232325849853733502e+01
2.869782718058070827e+02 4.057803367677447759e-01 -2.190768887690142819e+01
2.870465446809030254e+02 4.351150216018830341e-01 -2.203318007819972735e+01
2.870138443815569076e+02 3.661311153371001326e-01 -2.228121400429956722e+01
3.052611993557013648e+02 5.122299010258587471e-01 -4.304893311682429780e-02
2.873385532241237570e+02 3.992397117509143833e-01 -2.218409718038166289e+01
2.872806839866084943e+02 3.977140305909404039e-01 -2.231423122964560335e+01
2.871994003651162757e+02 3.804097799585135498e-01 -2.234536996996630620e+01
2.869049894228875814e+02 4.288471046630801253e-01 -2.176733158949329194e+01
2.872458381720414309e+02 4.379782563209039248e-01 -2.209108215438406475e+01
2.871521336193842444e+02 3.962108773860145705e-01 -2.233162483682776411e+01
3.046375689506276103e+02 4.664480265540630888e-01 -1.287255524670098961e-01
2.871566049809769083e+02 4.130137708443674116e-01 -2.226681071963871261e+01
2.870926059203401906e+02 4.125533276494592894e-01 -2.218360054684561078e+01
2.872360023375606488e+02 4.037835587523645464e-01 -2.229926323690266443e+01
2.871951604806557725e+02 3.999381213370296062e-01 -2.231664738559979355e+01
2.882155588160151751e+02 3.946774705400790673e-01 -2.022939836750713738e+01
2.877268364165561252e+02 4.307566652862353518e-01 -2.132282852403712781e+01
2.873822268645913596e+02 3.678113572985626245e-01 -2.218294497925979414e+01
2.873933906076551352e+02 3.980614815377219173e-01 -2.218496213534552197e+01
2.872073024064662263e+02 3.672796374661717600e-01 -2.232478853205721236e+01
2.872652262682108812e+02 3.880585246153442358e-01 -2.233482117524572530e+01
2.869266747374016973e+02 3.745602223379618789e-01 -2.200723486571216014e+01
2.870372639016974290e+02 4.134976380328212464e-01 -2.218782353759049641e+01
2.872062079757560582e+02 2.988672517743031221e-01 -2.153924479152112070e+01
2.872939426378284224e+02 3.661483066925366736e-01 -2.231199931342633391e+01
2.869796553784124740e+02 4.165381908069333838e-01 -2.184231465954400164e+01
2.875597850935928363e+02 3.839183937101317001e-01 -2.191461319669609864e+01
2.874429819458328552e+02 3.645382794509319235e-01 -2.216918370195064014e+01
2.871713926256254013e+02 3.837089356062214907e-01 -2.234806906526334203e+01
2.874467855172808868e+02 4.011707069970655848e-01 -2.217402581014281182e+01
2.869749539175248856e+02 3.786268798482181897e-01 -2.199362049097277350e+01
2.869374027501449405e+02 3.499775640941270582e-01 -2.194323923779713681e+01
2.876683271627925365e+02 3.237290964633587897e-01 -2.118903001290217958e+01
2.871365728919082585e+02 4.194361418646734285e-01 -2.223345656715960672e+01
2.872084810918372000e+02 3.908915835617108314e-01 -2.233688197921810570e+01
2.873464931356803049e+02 4.008090529893468812e-01 -2.217927589280974487e+01
2.874262887985847215e+02 3.891478269788450350e-01 -2.219976269962727500e+01
2.873081233978696787e+02 3.931644023599124016e-01 -2.219907215579375404e+01
2.874536826421018532e+02 3.202637522481199817e-01 -2.177033478531217625e+01
2.872089053346548440e+02 3.837457143584427910e-01 -2.234410499693419894e+01
2.872679116317710850e+02 3.961458246521026294e-01 -2.231971269181996576e+01
2.874844192341555527e+02 3.453925740042807502e-01 -2.177724666501539375e+01
2.871191497515262654e+02 3.735849398096884322e-01 -2.227546267059968343e+01
2.871631079123471295e+02 3.679087222950531144e-01 -2.233126373987676416e+01
2.871015407961466508e+02 4.025034774011680416e-01 -2.223050038812827012e+01
2.871713622687981911e+02 3.829698915360815747e-01 -2.234830373237301160e+01
2.871903682347378890e+02 3.659461493154791412e-01 -2.232266277649965147e+01
2.870441436494763821e+02 3.706296655938087214e-01 -2.228494094046726914e+01
2.872335719160569170e+02 4.260081320092368173e-01 -2.218189489058044472e+01
2.870286646584357300e+02 3.588563075537425928e-01 -2.225499179342293132e+01
2.869982876528083580e+02 3.980380436662870891e-01 -2.226499597368505334e+01
2.871726543807399139e+02 3.778117523629899166e-01 -2.234697103730935908e+01
2.871512026132768369e+02 3.919457501454712833e-01 -2.234101795191486417e+01
2.870027226941626850e+02 3.939603620505895409e-01 -2.227670248051276403e+01
2.872115147420155381e+02 3.825222173074080967e-01 -2.234416002971859072e+01
2.873145049690922406e+02 3.662866995286046534e-01 -2.218136345930897235e+01
2.871953293797554352e+02 4.029229368873610828e-01 -2.230661786349948628e+01
2.872828046760230905e+02 3.844153165573691577e-01 -2.233592562545271321e+01
2.872376044340014687e+02 3.788255656886160838e-01 -2.234069498385174057e+01
2.872573059110270037e+02 3.949803297517220368e-01 -2.232364556238756848e+01
2.870666082059420887e+02 3.859592265107355535e-01 -2.228202135830008856e+01
2.873120724751169064e+02 4.021458515284303536e-01 -2.217650524028605830e+01
2.468713456423594437e+02 4.929461328789023766e-01 -1.969880978983869380e+00
3.150840548492789708e+02 8.049222338381697983e-02 -2.259006182992529421e+00
2.529050945463160076e+02 1.539588878470562749e-01 -6.510180520743531485e-01
2.710991851929355221e+02 6.589017006023933920e-01 -2.963838488737865262e+00
2.431937974762393537e+02 7.478846356291093400e-01 -1.629837705451260943e+00
3.006848329211592272e+02 6.497223934952324476e-02 -1.806622709427039508e+00
3.118827560424749663e+02 3.760105083637056422e-01 -3.855041651251961188e+00
3.434965764078209531e+02 3.223397153021054784e-01 -1.174260068682755787e+00
2.410673763837284866e+02 3.051308757714358277e-01 -7.631445601291481085e-02
2.441462457720292036e+02 5.065638561724425948e-01 -1.345857776650290827e+00
2.575799450543519242e+02 7.545023664522241269e-01 -3.213426322775084554e+00
3.024445105964696268e+02 3.169718907172614508e-01 -1.839937757682355901e+00
2.449503800563537652e+02 6.834164465952357048e-01 -6.412501385215073624e-01
3.410017836282975736e+02 2.461429472658684114e-01 -5.462652336703435196e-01
2.948196359534719022e+02 5.388034984147207496e-01 -4.384655197907274538e-01
3.164524515707337855e+02 3.492618585661910191e-01 -4.461348053178260997e+00
2.617440784030824261e+02 6.131970074711682317e-01 -5.839551919115205658e-01
3.062675213502932365e+02 4.516831081682138316e-01 -1.415318891366404708e-01
3.428538760111806027e+02 1.609670241261845769e-01 -1.112469425524480027e+00
2.661909349529111068e+02 4.739247785863538454e-01 -1.125176958502077440e+01
2.611579873261512716e+02 5.192215895792386959e-01 -4.416847615840516772e-01
2.815818457964762729e+02 2.111002356497949095e-01 -2.492260277699471782e+00
2.877479279141995221e+02 5.276661023668427486e-01 -1.969520055098911726e+01
2.642756447911964415e+02 7.176826455191025467e-01 -6.485215447580011450e+00
2.801092264978873914e+02 7.996226187897712556e-01 -1.047666402344601844e+00
3.181129060457050741e+02 1.973828357502095954e-01 -4.482065217616280073e+00
2.333956840543563658e+02 6.654249943829237957e-01 -2.706596187456502101e+00
2.976872570608113051e+02 2.609838977935406007e-02 -1.683676624121435358e-02
2.707485023130885224e+02 6.439026562051324287e-01 -3.486152941848142728e+00
2.458598784072263470e+02 1.694562144551120253e-01 -6.693918761902233339e-01
2.775231419952530700e+02 7.080671116055601289e-01 -5.780872231789141447e-02
2.904092672775893789e+02 1.828669308223638268e-01 -1.100388929744793742e+01
2.685838968689653825e+02 6.230372513204185392e-01 -9.584073971119448032e+00
2.315888967440756119e+02 6.782976780276765982e-01 -9.474621789171414621e-01
3.110673874354728241e+02 1.168290958979541216e-01 -1.891882433093792892e+00
2.743179090971543701e+02 7.026302274292887118e-01 -4.914253374095037263e-01
2.551047620655924391e+02 7.366224774402336806e-01 -1.455904742823205256e-02
3.325504844484009936e+02 2.318599837072609360e-01 -4.144176475620235389e-01
3.451768857544751654e+02 3.691804701635973407e-01 -1.249621150711604844e+00
3.319120308758821238e+02 6.911512044635680363e-01 -1.010032938103605726e+00
2.597403615919920412e+02 4.358597628713652417e-01 -9.663513758841272283e-01
3.240148478862041657e+02 7.809215303719430068e-01 -2.360190639148732894e-01
3.395635775803055481e+02 4.679235269874459924e-01 -1.068058600069333730e-01
2.911989493762337133e+02 5.880543907042499185e-01 -1.500703731740594726e+01
3.144167683761696139e+02 4.175256342422158373e-01 -3.716643268670976052e+00
2.344222837012235061e+02 1.310295027573520621e-01 -2.258717609651794689e+00
2.317362625941843532e+02 3.363795553624820273e-02 -4.325216407824181708e+00
2.378509701427383618e+02 1.366020894675895603e-01 -2.178888354871567845e+00
2.786177474154944775e+02 1.502472826214162338e-01 -3.175641180648710815e+00
2.513033029958022553e+02 6.071820802268081962e-01 -6.004964066381805132e+00
2.858448420795397737e+02 7.611846276376909026e-01 -1.143599371716753410e+01
2.929432988043704427e+02 2.026381568641658915e-01 -2.721108773027717032e+00
2.677605712272463165e+02 4.424349255174558349e-01 -9.257541325120424602e+00
3.342357370412682371e+02 1.221437136722303418e-01 -1.713024435264864254e+00
2.582239658453891593e+02 2.847257660601338891e-01 -1.748678787352704322e+00
3.268462169897156286e+02 7.756735419551635813e-01 -6.305425826243756804e-01
2.765305303463653672e+02 5.607006887727457312e-02 -2.716010160142366958e-01
2.558994881544089424e+02 2.968689461865924306e-01 -1.846998919533924255e-01
2.501302880622286864e+02 5.656981697981549040e-01 -4.934873929744511223e+00
3.067733460809541270e+02 7.351790946519426440e-01 -6.685044899563710730e-02
3.036118033973467050e+02 4.622348449783337393e-02 -3.065622132333113203e+00
3.347165922085612237e+02 3.665034589427718648e-01 -3.676790205001008727e-01
3.044687781413229573e+02 6.339834379029521960e-01 -1.811076194476310408e-01
2.866295109750462302e+02 5.452342995638814749e-01 -1.883976363709690816e+01
3.209082257108888143e+02 4.841767613443827278e-03 -4.113008080059070148e-01
3.195069154685290300e+02 7.851011639084457538e-01 -2.073318372405620114e+00
3.089909417391172042e+02 2.181089888264194365e-01 -1.813619906361819245e+00
2.996786547214009602e+02 4.003182974991867926e-01 -8.613463971870768399e-01
2.797374757825468805e+02 2.766711482901171304e-01 -2.396623667127785406e+00
3.381700439618691689e+02 5.836421545089350849e-01 -4.867250849444903493e-01
3.289113315844568319e+02 2.554345256424751520e-01 -3.898127396782980814e+00
3.275710719293562079e+02 1.040882332394929555e-01 -3.944008988297230900e+00
2.831767055769648778e+02 4.591985313486638964e-01 -2.392695445043510283e+00
2.538208907751313745e+02 5.559659445318269055e-01 -1.968175130264957717e+00
3.081126179847700541e+02 2.598303686315329153e-01 -2.232504928587184079e+00
2.885970877597861204e+02 2.942772848688468557e-01 -1.909348685648154742e+01
2.842649773814528089e+02 2.352982063368003196e-02 -5.225489766652208212e-01
2.969128616491024104e+02 5.723519489360316959e-01 -5.458785993613324283e-01
3.126761788982158237e+02 5.144718598820621769e-02 -4.111265357384338293e-01
2.748024624498113440e+02 5.281923532119870979e-01 -2.449916176021643965e-01
3.359113123286064138e+02 9.339852548795524179e-02 -2.112230648488278906e+00
3.261217655098922705e+02 4.135381962930324007e-01 -2.390617587312215520e+00
2.959631416592809501e+02 3.557127086371010272e-01 -2.481152920297281794e-01
2.367597732343333519e+02 1.260221167037701984e-02 -4.807062047030593033e-01
2.666130144808748810e+02 6.558146224631054011e-01 -1.335207751177383351e+01
2.921069215389617284e+02 3.361298441125493142e-01 -7.537359497283962817e+00
3.184940749303987673e+02 2.699461496045574282e-01 -4.520520018495068904e+00
2.483332447657472244e+02 2.378009189496569642e-01 -9.040693695087377302e-01
2.726069217960186961e+02 3.355552934983058178e-01 -1.376866687377433784e+00
3.376728105061766882e+02 7.581324915364175132e-02 -2.058722941949667540e+00
3.017011433551328992e+02 6.257219836555854009e-01 -4.773233380685656946e-01
2.399344318125024813e+02 1.860998583886914748e-01 -1.901542366113997629e+00
2.499311096143710529e+02 5.002922849791301418e-01 -4.328678482539377370e+00
3.220371688493462443e+02 3.848581951659603151e-01 -4.789198438383284184e+00
3.414735016553361220e+02 1.006962284156327492e-01 -9.073608447686631884e-01
2.358881914226905394e+02 5.961637298698209131e-01 -1.044008816366084336e+00
2.395087024555827213e+02 4.877352627712002731e-01 -1.457413485277692933e-01
2.639418954359441045e+02 3.992243644904765465e-01 -2.632360132862555879e+00
3.231322671520147196e+02 7.269785006969710084e-01 -6.949754375534352713e-01
3.308034986524509122e+02 4.298096412824725654e-01 -1.772616758839403284e+00
2.874575616515097636e+02 4.079048904845266055e-01 -2.185888651924211246e+01
2.940642156439906785e+02 7.230987344282132634e-01 -2.237537255228850164e+00
2.870754971059675995e+02 3.970351147348964993e-01 -2.225498831183513815e+01
2.872694365141790058e+02 3.568197408067452225e-01 -2.227664599252298672e+01
2.870021704935202820e+02 3.632164709686127035e-01 -2.227515664435880183e+01
2.868416965857763898e+02 3.695808845051063440e-01 -2.202583055131374934e+01
2.827157065544837451e+02 5.952417853881519783e-01 -1.373878002925938091e+00
2.871040663648809073e+02 4.030527543385600819e-01 -2.222780013220199891e+01
2.872288007922356314e+02 3.316859911429418384e-01 -2.207570110634853577e+01
2.873021073625196209e+02 3.852853055645271141e-01 -2.220798994399917348e+01
2.899722971390772273e+02 2.897294462552030825e-01 -1.696862981567323558e+01
3.206752724242188606e+02 5.286741639307344087e-01 -4.402025243353896222e+00
2.855645218421764753e+02 6.291676009425110072e-01 -1.188746665385763635e+01
2.871567273651735377e+02 4.025756301705665230e-01 -2.231181708138947783e+01
2.868699371090004320e+02 3.409211516667935982e-01 -2.190279162480810271e+01
2.953392317880999940e+02 2.777963058829508447e-01 -3.311739382288105688e-02
2.920107070970012160e+02 7.654565542304343495e-01 -8.883891734064825130e+00
2.873885088928485061e+02 4.056815587613893381e-01 -2.216121282314424690e+01
2.870552213335388956e+02 3.612047382442148402e-01 -2.225921229136362456e+01
2.872032453834577836e+02 3.814685310514151495e-01 -2.234510230719973123e+01
2.874067447463845610e+02 4.122779121439354433e-01 -2.213276819539841966e+01
2.871011354932314816e+02 3.745862803907535898e-01 -2.227950516976730100e+01
2.873996682907944091e+02 3.505408588659204572e-01 -2.209856307714072798e+01
2.870781906155257843e+02 3.544841618899376989e-01 -2.222642291450700824e+01
2.870613369442399403e+02 3.472749362769249615e-01 -2.218697428138523620e+01
2.885354700539621717e+02 2.787852058181126136e-01 -1.895840476041222900e+01
2.873326872633838889e+02 3.676177595100355577e-01 -2.218468456827981683e+01
2.873500867968246553e+02 3.827138330733992899e-01 -2.220640281934256421e+01
2.872938369767783797e+02 4.024188102824352575e-01 -2.217633560367196566e+01
2.843303435856184933e+02 5.074987885091255535e-01 -7.662057722286818695e+00
2.873439394748349400e+02 3.682024187536532267e-01 -2.218587658542112706e+01
2.910530004120424223e+02 6.190011330307806370e-01 -1.486416138395452258e+01
2.663616586613947561e+02 5.760050069298326969e-01 -1.295674427973517062e+01
2.873081868533144529e+02 3.965761526869044928e-01 -2.219207658329419530e+01
2.871766058441831433e+02 3.679336325950446906e-01 -2.232988845398804045e+01
2.871408514184336696e+02 3.710047809398255847e-01 -2.226847273247106074e+01
2.873067584138354960e+02 3.736379071306523136e-01 -2.220013606329882805e+01
2.872564610982690283e+02 3.656221329701522249e-01 -2.231447212270346014e+01
2.871419387311585183e+02 4.019754144281955099e-01 -2.231542077240191446e+01
2.871754987143560243e+02 3.914810834920540716e-01 -2.233932941840968311e+01
2.871159732381112804e+02 4.012154146396060828e-01 -2.223310821714488128e+01
2.898691367169398632e+02 2.533457850064287364e-01 -1.612700347454158489e+01
2.872550328156794990e+02 3.885177452131731712e-01 -2.233536384427071297e+01
2.871332771179981478e+02 3.988517852278627984e-01 -2.223880935023156624e+01
2.872685071116475228e+02 3.771918147446489677e-01 -2.233624015088122050e+01
2.871930002749857636e+02 3.982963710511181477e-01 -2.232178336936118157e+01
2.871724519108787490e+02 4.001715634078307215e-01 -2.231825678794613665e+01
2.870708956109791643e+02 3.614842646609477406e-01 -2.225742879555743414e+01
2.873485536336187920e+02 3.751300796191877063e-01 -2.220069368789473074e+01
2.872192838026170421e+02 3.970361179397661755e-01 -2.232252673315887037e+01
3.227738399217268466e+02 7.236037816498804842e-01 -1.168487711425022280e+00
3.159403118545229177e+02 3.791944062669047599e-01 -3.073639464318748349e+00
2.882017671406216550e+02 3.004565809483050187e-01 -1.981510187738384587e+01
2.962675268873193772e+02 8.509354219001183384e-02 -7.993096804247036904e-03
2.739958724553862339e+02 4.358548737454767674e-01 -6.049090025112585645e-01
2.603022933878399385e+02 4.076023967508821122e-02 -2.534800745249345955e+00
2.720438083830634355e+02 3.277342048481854953e-01 -2.041557685578809789e+00
2.860049316218080548e+02 7.791134600847792191e-01 -1.177634074378766549e+01
2.769514149229733562e+02 7.415434209299843760e-01 -5.665389811129367681e-02
2.754394978673869900e+02 3.419916532980281088e-01 -6.905351241549546881e-02
2.325777499480148549e+02 3.711482399721431902e-01 -1.059103380972832520e+00
2.609159205980507181e+02 4.004133176638635661e-01 -2.186416814440692302e-01
2.995339945043795069e+02 6.427163088538695446e-01 -2.822401816874736680e-01
3.155267694317378755e+02 6.790728687683218467e-01 -7.794502635497884135e-01
3.374581951944966249e+02 1.524217796512464529e-01 -1.847375169409519069e+00
3.176362281291243903e+02 5.801612782384156786e-01 -2.737742374899376330e+00
2.485332504069623667e+02 5.618494234314167501e-01 -5.098534657484393051e+00
3.276170841277941577e+02 4.164668555394224758e-01 -2.800158533759184554e+00
2.687089987092959404e+02 1.256992368867727028e-01 -1.122125176752236886e+00
3.243257607493882233e+02 2.532490748761683230e-01 -4.629794716661100651e+00
2.463522053189870462e+02 6.321604893921373147e-01 -2.183503946372300941e+00
3.038785599276603193e+02 7.513763674591338315e-01 -2.095014992500565110e-01
2.328797190907301342e+02 4.905408581396753509e-01 -2.399323444004318073e+00
2.450664842417979514e+02 1.754736386877384438e-02 -3.446033750359366987e+00
2.393304494196556220e+02 1.011460143480600871e-01 -3.203695600638043928e+00
3.285360213808710341e+02 3.315470919945591177e-01 -3.693633718181507319e+00
2.560842745643686271e+02 5.190244377168465872e-01 -4.148410281709481451e-01
2.699029069078373482e+02 3.260627824264603764e-02 -8.529466688124451856e-01
2.525107760132326007e+02 1.453502359617065698e-01 -3.255204660901566682e-01
2.873314067515103716e+02 7.096404203099482277e-01 -1.803237353634590079e+01
3.125923729015814843e+02 2.225161620810234275e-01 -5.177765971938188549e+00
2.823038152353032046e+02 6.982819701842388760e-01 -1.030692852318806807e+00
2.511076108961386808e+02 7.645504382535120991e-01 -6.886014229381235197e+00
3.302900292867183225e+02 6.988636078173986188e-02 -1.070130651687342782e+00
2.440754604079642149e+02 1.675867590945605556e-01 -4.496203455679811389e-01
2.496537617858357976e+02 1.275416631862140437e-03 -1.479177321074038431e+00
2.762995650099937279e+02 2.714607015069374074e-01 -1.454114501914841127e-03
2.620686095045380171e+02 1.855640871922236423e-01 -1.260020593174181192e-01
2.781012300016854510e+02 5.990335186518585403e-02 -2.051064047295988679e+00
2.410177644561529462e+02 1.153456179158789396e-01 -1.482364714145338214e+00
3.251632089032456179e+02 1.520828770303011418e-02 -2.047353875034054305e+00
2.547587865314744136e+02 2.130928885385522387e-01 -1.643483686461090776e-01
3.268479812977255961e+02 1.780963140650033694e-01 -5.462575664969782530e+00
2.924032971878469311e+02 4.740406572568856558e-01 -6.767537435997845741e+00
3.407036403762196528e+02 6.069754270627181203e-01 -4.095621044112560116e-02
2.900978016872564922e+02 1.975560271044861649e-01 -1.285019398619047948e+01
3.030068995559916516e+02 2.589471231015522679e-01 -1.943686050223615513e+00
3.104030432249506362e+02 3.041847844920011479e-01 -2.465067304446701524e+00
3.015577463250981509e+02 4.473227508164571709e-01 -1.258391379604967941e+00
3.445164677248670273e+02 4.843033765819870218e-01 -1.055240014680389748e+00
2.799338705725831460e+02 4.661509973776507554e-01 -1.837807011693384451e+00
3.448171351329734762e+02 7.726309759805413124e-01 -8.495882512196987202e-01
3.082608169960382156e+02 5.880498408010790268e-01 -3.486470480115442250e-01
3.183937105204003615e+02 7.331981779471772320e-01 -1.751417355028200395e+00
3.342152668185023003e+02 5.374017766024022924e-01 -9.368002427022449619e-02
2.645272009222262000e+02 2.918691674864850039e-01 -1.518961743169667145e+00
3.319113213161571139e+02 4.154323645844930635e-01 -7.748001414091574279e-01
3.210316641152896864e+02 7.590865341549539735e-01 -2.885973356874394824e+00
2.977261535111458102e+02 1.351125687182270496e-01 -5.668712651864367125e-01
3.382900671612944734e+02 4.489687774066453141e-01 -4.243972233936613159e-01
3.416542181795122133e+02 5.022330622126366384e-01 -7.653113344226819548e-02
2.340566508980560059e+02 5.519753783484558918e-01 -8.646844348225265486e-01
3.398521290345840384e+02 6.645387810194699485e-01 -1.864280096312705415e-01
2.514355692944355951e+02 7.130322781083312522e-01 -7.129517307257077441e+00
3.201404369490703630e+02 6.842196284290824604e-01 -2.820439239362005690e+00
2.916192716853250886e+02 6.309788534927796011e-01 -1.222095755044062493e+01
2.810763224958730575e+02 2.853490966645106930e-01 -2.815789646520382661e+00
3.347445937014679203e+02 3.572112165982482823e-01 -3.926993903654041884e-01
2.423167795584434998e+02 1.405162532837089528e-01 -1.174510236126502294e+00
2.573294434449198320e+02 7.707099499563770106e-02 -9.631196919322940198e-02
2.406926529508087924e+02 6.512146041092167215e-01 -6.602191771336056725e-01
2.667612546637678861e+02 5.047642588221366022e-01 -1.136693706687404593e+01
2.843508099850847657e+02 7.996998548991713918e-01 -7.572602034803338711e+00
2.358149069868125594e+02 9.246857865869280435e-02 -2.419560127596292187e-01
3.223975378801369516e+02 4.276963780332110332e-01 -3.315762728296048234e+00
3.144608327719049612e+02 5.563136678338046481e-01 -2.610059234128367045e+00
2.629025172181208632e+02 6.107552895270820237e-01 -3.501859155931802636e+00
2.539795994619397845e+02 2.477766941417738900e-01 -5.306760480821374193e-01
2.949002487446217629e+02 1.066087507378539190e-01 -2.713968042953960880e-01
3.320819163205026143e+02 2.243039555350596626e-01 -7.538181934569050391e-01
2.367216974420316546e+02 2.568780389130392861e-02 -4.061018463901949760e-01
2.475588874802483019e+02 6.171503135078773017e-01 -2.417893251894088102e+00
3.116461651928244692e+02 6.898708805785978004e-01 -1.977001680637527681e+00
2.960305910304023200e+02 3.844644646907156016e-01 -2.672975963697338253e-01
3.096150725681743552e+02 5.323581279032760794e-01 -5.659890126862192616e-01
2.378212717075554110e+02 5.207215197951803320e-01 -2.836078005682467484e-01
2.933055859650429511e+02 2.726388219221577147e-01 -3.027322423288616005e+00
3.059475020610498746e+02 3.627516291099198709e-01 -3.934937151933280974e-01
3.365474276846587713e+02 2.320568050254503412e-01 -1.270057203992312367e+00
2.316679006705089705e+02 5.708794860101216173e-01 -6.105624805476145278e-01
2.716085479488410215e+02 2.035622078646091571e-01 -1.763476036722928741e+00
2.830849693845382262e+02 3.184851294477624717e-01 -1.827807626705893584e+00
3.053042848785332808e+02 4.859546272517665383e-02 -2.823489481475534024e+00
3.074760215341620437e+02 6.583790434483010046e-01 -6.973776786235275083e-02
3.006369456922692507e+02 5.982011138851356380e-01 -6.897570282087506222e-01
2.675088949415635398e+02 4.565794822412843068e-01 -9.629882509020314174e+00
2.586825028218052012e+02 1.703641908500374835e-01 -8.625173312583431784e-01
2.651344318158592728e+02 3.444119141714618859e-01 -4.173840574603737252e+00
3.433983694831812841e+02 3.924020270299681812e-01 -9.735979785190645996e-01
2.858179133078456289e+02 7.884201903374280507e-01 -1.113445070269801640e+01
2.804935197905394944e+02 3.746968981110754826e-01 -2.252042953405653858e+00
2.880321294416768865e+02 5.509894525563003853e-01 -1.881934966926913688e+01
2.869589028265472166e+02 3.798794879017013959e-01 -2.199642588461072279e+01
3.075053293240810035e+02 5.771243701634343193e-01 -2.032035381287390363e-01
3.134264665728757109e+02 1.346446421513995684e-01 -4.578543106184933542e+00
2.874669424597570924e+02 5.389647101568064702e-01 -2.048368688015078831e+01
2.882379462616286219e+02 3.291447622318111610e-01 -1.988882685575457643e+01
2.879542991878604994e+02 4.172216034956590658e-01 -2.048524970449505389e+01
2.891691981971356427e+02 4.459542646750602746e-01 -1.861800297027502182e+01
2.891719977860993254e+02 5.854790182447974223e-01 -1.667791961955722257e+01
2.890694675992383509e+02 3.813495056419090590e-01 -1.913958809942054984e+01
2.881578829884538777e+02 3.933720115545273344e-01 -2.023002462502165955e+01
2.549070123287774834e+02 4.594513483501438955e-01 -8.740754716187319751e-02
2.889946810907259760e+02 2.943484015868865211e-01 -1.878453997350035110e+01
2.888148516288211454e+02 4.203924871227798232e-01 -1.904506944049673223e+01
2.877047837227431728e+02 3.127811846011432917e-01 -2.102955749005194619e+01
2.885557351128568371e+02 4.072402820099155218e-01 -1.930693352083496706e+01
2.841584148958791047e+02 3.669657814251360839e-01 -6.521009279390506563e+00
2.834581794956855560e+02 3.858843604199999611e-01 -2.807135288351138236e+00
2.819745186906849312e+02 5.410982852141170696e-01 -1.426874312635820319e+00
2.883789025388184655e+02 1.290562947929353999e-01 -9.783167571059708578e+00
2.911951318205469761e+02 6.621230985598632879e-01 -1.397005058290613277e+01
2.906415142222643340e+02 4.187497784192446004e-01 -1.695350930162056358e+01
2.866117189884732852e+02 7.083664773674234194e-01 -1.602891073035721803e+01
2.871890919194443654e+02 6.488133352513015817e-01 -1.907373911268901523e+01
2.879657771578605434e+02 3.529775062754981207e-01 -2.064439203520674582e+01
2.873861170273466996e+02 3.979028078540424729e-01 -2.218566917535761007e+01
2.884933602164958302e+02 5.458918408222123153e-01 -1.758049664991861860e+01
2.883967325321738713e+02 3.141654722901046082e-01 -1.953811935171131253e+01
2.873698936259959282e+02 4.333887820988652217e-01 -2.200631220466000926e+01
2.927686348972417818e+02 4.411983533393499801e-01 -5.255522146738357492e+00
2.885449978862072271e+02 4.688505837663539677e-01 -1.856750194111694086e+01
2.875742676095097181e+02 3.695643274206484863e-01 -2.189945887328345719e+01
2.877161722253061384e+02 3.626101875789618512e-01 -2.149836687006725455e+01
2.443085078643016743e+02 3.524920159481925719e-01 -9.930105621648426251e-01
2.894269085552222691e+02 5.704519620930724733e-01 -1.706414848781178151e+01
2.902553659427496768e+02 4.518279251542329233e-01 -1.817763300360189405e+01
2.878998136033578135e+02 3.884222546024091449e-01 -2.108312206759260121e+01
2.900540407761570236e+02 5.398406954725324391e-01 -1.775457955934216869e+01
2.885856160636020036e+02 4.310137581166587073e-01 -1.906733867635634638e+01
2.877773045791827826e+02 5.036503269961004614e-01 -2.003463359933928700e+01
2.877719373344400537e+02 4.867118917257249322e-01 -2.025525899426612852e+01
3.186329154394211400e+02 4.988481304297368024e-01 -3.226900654665979307e+00
2.887701278823009261e+02 4.388525981564006528e-01 -1.883299676354625518e+01
2.876725429504612066e+02 4.645727566078283188e-01 -2.101183266627976565e+01
2.871026655000533196e+02 3.312258096463595591e-01 -2.203831258332328957e+01
2.707981376122586425e+02 4.894857637177862930e-01 -3.487972045081477734e+00
2.881703965462033921e+02 2.703138109073965345e-01 -1.913419255788380724e+01
2.869820690349436063e+02 4.047423051672924266e-01 -2.224155699955088039e+01
2.873247372247865314e+02 5.261101172132051085e-01 -2.095654981031301745e+01
2.883328266180114952e+02 4.433070530529796827e-01 -1.944401307072363849e+01
2.906304930575615799e+02 3.318799756939865286e-01 -1.599902068272265865e+01
2.885311810121455096e+02 4.513915244598443732e-01 -1.904718933214548571e+01
2.873413422131584412e+02 3.382679020530988123e-01 -2.199955053328155330e+01
2.889211128937365629e+02 4.840983404175688287e-01 -1.814542571774957835e+01
3.069460870970468136e+02 1.897892028820747645e-01 -2.339337951363728241e+00
2.879592700762938193e+02 4.852886068993338964e-01 -1.976509010053624138e+01
2.878721906155606121e+02 4.390249756847132701e-01 -2.078476128364152942e+01
2.882859358308283504e+02 4.717152200502839898e-01 -1.907422839738192621e+01
2.871159096568046039e+02 5.103307273310848657e-01 -2.113818831373695772e+01
2.874173822294437173e+02 4.443146263955548014e-01 -2.191768541655481783e+01
2.813341551576123720e+02 1.805739484785675586e-01 -2.807652040162784246e+00
2.871824224241270826e+02 4.207711020876139796e-01 -2.222081268476088312e+01
2.932280033508763495e+02 3.188261867295065222e-01 -3.355301137773047504e+00
2.875608431690860129e+02 3.833077865614300528e-01 -2.191475440458024693e+01
2.877972762288416106e+02 4.038333282746090491e-01 -2.102075185484888209e+01
2.880259177150065284e+02 3.564780123133259870e-01 -2.066022254370628630e+01
2.890913765331755485e+02 3.059178428462166477e-01 -1.879862122533022628e+01
2.869107736608562504e+02 3.297360330990506960e-01 -2.179331353299300034e+01
2.867745414182111858e+02 3.918287559674269449e-01 -2.145524865160569661e+01
2.877976920190651526e+02 4.532204485383733439e-01 -2.064213451469359484e+01
2.879317643498930011e+02 3.204058548225887648e-01 -2.039921416169093504e+01
2.883727563695538265e+02 3.172292558581779609e-01 -1.979464266365822667e+01
2.871750625957408261e+02 4.863132594666869091e-01 -2.159219364752527071e+01
2.870176803225746198e+02 4.349640307174760245e-01 -2.203934114849023729e+01
