8.062391253610960007e+01 7.644483599385084593e-01 -1.117341374925061359e+00
7.312605987314549338e+01 4.581032376601665845e-01 -9.676558687088520072e-01
7.384097612927003240e+01 4.032461262917803602e-01 -3.753945695874112004e-02
9.905015758939293846e+01 6.094299216843070965e-01 -7.103717279129024842e-01
7.403104165546524484e+01 4.998721739049249990e-01 -2.618799720166709033e-02
8.402600446699852910e+01 5.735610024423514197e-01 -6.093102167364764732e+00
9.578606538559856176e+01 7.200728601584668320e-01 -4.919817292013847765e-01
6.827611936136104021e+01 2.300818882362454798e-01 -4.361582365818451379e+00
9.727704000003329554e+01 7.472718675293101853e-01 -7.104972857585861723e-01
8.916447092512834161e+01 1.725810091363160284e-02 -2.461374018221201831e-01
9.518368121405134730e+01 6.125433465384061416e-02 -1.427956198675824073e-02
7.920457744654923715e+01 3.649009684103978746e-01 -8.624566404136078113e-01
7.874003543242575631e+01 3.985566303352452988e-01 -7.223117025212498765e-01
8.468331994607655133e+01 4.891436699178328684e-01 -5.780486932555890078e+00
7.131692351046926603e+01 5.894390078078396433e-01 -4.281377708564192197e+00
8.812808331895797664e+01 5.191117887904234118e-01 -6.538179579226842675e-01
8.180711858784005130e+01 9.813627754007693549e-02 -7.173019022478364981e+00
7.593242253394271302e+01 3.298213696051005561e-01 -1.326513542891364916e-01
7.532494129272998862e+01 3.432865271242482863e-01 -1.954667041330798161e-01
9.530023993953504657e+01 2.971630195418324960e-01 -2.224160710601916224e-01
8.933879461575241976e+01 1.672312921749724568e-01 -4.898365576139901423e-02
6.746108512979731131e+01 6.346776302307934048e-03 -1.793266593673622733e+00
9.886612977587111573e+01 6.860401153835012922e-01 -6.716575104707711574e-01
7.666481776547306026e+01 4.319301483516614915e-01 -9.273888649785819172e-02
9.814585086407788594e+01 5.936905364133716612e-01 -6.312850567099517196e-01
8.832990137853141732e+01 6.451578624959732056e-02 -2.792825017370297869e-01
7.341529936131054512e+01 2.120370335516111870e-01 -2.256512192085582402e-01
9.936145274753332046e+01 2.055195040728938771e-01 -1.884269640493752007e+00
9.409500554456306531e+01 3.910019295330244837e-01 -1.311315036001790280e-01
8.607194715069005042e+01 4.379789874154623175e-01 -3.153984529202691789e+00
7.198715376046713743e+01 4.697639198531178839e-01 -3.320906686039601485e+00
9.207754244392616272e+01 7.786349916174610530e-02 -7.418748351244610836e-03
8.983382872272402153e+01 7.911830489306130865e-01 -1.099064503833237644e-01
9.709975093788742129e+01 5.655505905898093877e-01 -5.664366861127217989e-01
1.001365712258482432e+02 4.485639532072569491e-01 -1.080614997353734896e+00
9.277118457048605649e+01 6.398740910486497846e-01 -1.414375396232814552e-01
7.756446153896544615e+01 6.678886299866731990e-01 -2.094687501730189416e-01
7.045176499407959625e+01 2.841471475275644809e-01 -5.421129542500806586e+00
7.053608121256831964e+01 2.348559464187336965e-01 -5.237098819184832443e+00
6.811658480110713754e+01 1.344964287164902295e-01 -3.501832069367092792e+00
6.952623566666376576e+01 7.775386793192458068e-01 -3.895962196050775095e+00
9.855959323287551399e+01 1.688247604300876226e-01 -1.063131630759256652e+00
7.256156126017012298e+01 3.108719408234514869e-01 -1.767073902480504000e+00
8.786028130520456614e+01 5.106284466997519367e-01 -8.580457394289074946e-01
7.092300293515411624e+01 1.198404508005876806e-01 -3.659458146443989701e+00
8.200922665544953816e+01 4.454781587847216895e-01 -5.845463493103430608e+00
8.251822756129709546e+01 1.434008827787961737e-01 -1.023735038244344686e+01
8.706883491225191563e+01 3.744941337718006857e-01 -1.709355883211880922e+00
6.868598208623140522e+01 3.224758475878134467e-01 -4.877761143679501643e+00
9.972905499564055276e+01 2.941866185546466173e-01 -1.489150684805909730e+00
9.466869454087581914e+01 2.450279918635677179e-01 -1.761108201439763876e-01
7.513601756083448890e+01 1.851325952214177006e-01 -3.937960015514548884e-01
8.367720440877887711e+01 5.343816557555308711e-01 -7.112633584007956422e+00
9.436328899319360630e+01 7.120241263622031358e-01 -1.586880307435509785e-01
6.781170776690719038e+01 8.482615248248619177e-02 -2.245059446368026013e+00
9.779793170891787213e+01 6.970225542230540361e-01 -6.723883072432607078e-01
9.149421716916845071e+01 5.546877431082718468e-01 -1.652426027074579973e-01
7.577669431713486858e+01 1.920065048623129100e-01 -2.121755266123193373e-01
8.684188079713044317e+01 1.562408238725372656e-01 -2.177882178451036488e+00
7.631829950485609970e+01 4.085127713806320782e-01 -9.668258484789588048e-02
8.729400917646630376e+01 7.289000833960789238e-01 -1.194979017397757026e+00
9.654892599318586122e+01 6.186659577293907031e-01 -5.813713950303743827e-01
6.684060263073263286e+01 6.033439594064232692e-01 -2.719541854160223870e+00
9.386243936475452188e+01 9.166301270836879622e-02 -1.618466773709275816e-02
8.487994547966945902e+01 4.177805281396749226e-01 -6.177943397469816134e+00
8.548865596384686683e+01 3.570538621012345204e-02 -1.976222034759950619e+00
7.888975330007468756e+01 7.964786734071966912e-01 -5.332376716891937818e-01
9.174110366060820354e+01 3.173757381868221317e-01 -8.759314048634761485e-02
8.117435092093757021e+01 1.233114700607753494e-01 -4.309215263609244673e+00
9.041947734206809173e+01 6.496052173105286709e-01 -1.192954989172205910e-01
9.329904561994699463e+01 2.712014029683736394e-01 -5.761684567482496661e-02
8.304541552805210358e+01 5.134150894002349752e-02 -7.208710315102655919e+00
7.178982336725354685e+01 5.513594870737764664e-01 -3.528804412138159208e+00
7.804960767005147204e+01 6.904224940583522097e-01 -3.834347477524090997e-01
8.440428992055718993e+01 1.804976378123446801e-01 -1.116150625096982019e+01
8.279948061770458878e+01 5.392653117544901065e-01 -6.787247735646182889e+00
7.468589404650855101e+01 1.501830470501231973e-01 -4.368391303755326249e-01
6.926529553258512806e+01 1.543913822227237047e-02 -1.583784375391654953e+00
9.079178241624545365e+01 3.490185901167800475e-01 -9.673119231357718562e-02
7.425900544943242210e+01 2.227332652000768298e-01 -1.800362009503496119e-01
9.602231162665451336e+01 2.481200353689372029e-01 -1.360439259228827524e-01
9.256264696041745310e+01 2.729431990251072193e-01 -4.792653404154616215e-02
8.003320769763543296e+01 6.637316165094648834e-01 -9.005214511013109879e-01
8.651564833355593009e+01 6.403031798153817622e-01 -2.176493040036236337e+00
7.744619333429372432e+01 7.682528674713159367e-01 -1.679626740556027509e-01
8.035549802932543173e+01 7.430061567953383239e-01 -9.729179325560817215e-01
7.696514491338523101e+01 6.747419337222368974e-01 -1.006376516095064816e-01
7.979304659090180962e+01 2.841476509920448645e-02 -5.910462223729621156e-01
7.820513181084233167e+01 5.252158922087514226e-01 -4.700039294314228844e-01
7.250005906610280704e+01 4.752732938586414213e-01 -2.097687157042083417e+00
9.102459018820661640e+01 5.804686362981139602e-01 -1.571453671724404588e-01
9.303810045642347859e+01 7.074593542259097756e-01 -1.089938259032176698e-01
8.341101540497723477e+01 3.804088180710520350e-01 -9.500168595841486763e+00
8.872894417362826402e+01 2.574101595855337044e-01 -1.887361713368949367e-01
6.893442734376176873e+01 6.318372627820090237e-01 -4.081376143901835896e+00
8.120365439060121560e+01 1.043051576800202995e-01 -4.123882210911079760e+00
8.998350717739594984e+01 4.838221104794138694e-01 -1.227824842196068994e-01
8.554835695796590755e+01 3.532999401673269646e-01 -5.066943605574965481e+00
9.668014792710427230e+01 4.420524388740351696e-02 -4.459647578988008565e-01
6.993916700314130708e+01 7.590674728841603214e-01 -4.106256446643679503e+00
7.797555921588151762e+01 1.635180231932927553e-01 -4.463560240491723508e-01
7.458113460521779814e+01 1.784140845500563066e-01 -3.750052114847990947e-01
7.131880342866728029e+01 5.548428890690323412e-01 -4.356746383858769001e+00
8.038744676199851824e+01 2.419612487974286130e-02 -1.090211503284838956e+00
8.554167410703857399e+01 3.855287963290477404e-01 -4.688405159991817506e+00
9.816738082475373517e+01 2.473254599814763144e-01 -6.887528224661636500e-01
7.919662134620837435e+01 5.226381295283759609e-01 -8.049273336273234936e-01
7.529935532852492486e+01 2.044128545133649666e-01 -3.373000259963250813e-01
7.112892138061910430e+01 6.549742122693342772e-01 -4.472320884026393273e+00
7.281300722584504115e+01 5.515064999345071772e-01 -1.599660067403998687e+00
9.303157403685719373e+01 1.311479175360640362e-02 -1.229056989079789358e-01
8.283097034837230410e+01 7.532990669840688991e-01 -4.850095742756381334e+00
7.376854009955985703e+01 5.917266841950146183e-01 -1.878463476080273198e-01
7.723070222402506602e+01 4.983053280064171919e-01 -1.513830587134304961e-01
7.664920383778486723e+01 3.983966001299767967e-01 -9.219942422087305800e-02
8.233053540835692274e+01 3.199431045751643943e-01 -8.587296364256991055e+00
9.633457170209109677e+01 7.498196339645674113e-01 -6.476477920157874824e-01
9.004099131748183993e+01 6.880666069635302806e-01 -1.144052632679381371e-01
7.919924825472399732e+01 2.398784394269933284e-01 -8.876467662389132540e-01
9.115870387760105586e+01 2.974133876892795514e-01 -7.438562160784062405e-02
8.919483987863355878e+01 1.239410764073703847e-01 -5.897181170122151733e-02
8.689795887557886545e+01 3.500331684290161616e-01 -2.236241415100057583e+00
9.958293319669462562e+01 7.416013919943140742e-01 -6.486087419634177786e-01
9.614898099255073305e+01 6.399387493619896894e-01 -5.647236360740631733e-01
7.000659979743781491e+01 9.810866135966893331e-02 -3.828047588147815539e+00
7.057362822414576442e+01 7.075470778873037547e-01 -4.482087424729277458e+00
8.775443001747932215e+01 7.551321889002250709e-02 -4.207754575394280216e-01
9.514878039789664399e+01 7.943787020049501990e-01 -3.473351655991783749e-01
7.020171274563891473e+01 6.765565366919358281e-01 -4.462080944503381552e+00
9.042428013042483315e+01 2.570393647837282969e-01 -4.822758995781538383e-02
8.397226085557753095e+01 4.444095037583235541e-01 -7.936588963960936383e+00
7.596153327454716475e+01 2.658996583528052127e-01 -1.594737086536861248e-01
8.157327032531517830e+01 9.174887530428504911e-02 -5.947998987675903848e+00
9.996740497516864821e+01 7.751344756881418663e-01 -6.126522029381334944e-01
6.870412452901892664e+01 2.809380816494089564e-03 -2.195585198551620820e+00
9.940735055893787830e+01 7.604772248095390541e-01 -6.499685138117539118e-01
8.217451029122211992e+01 5.819551365771891138e-01 -5.016234818541929208e+00
8.115290696294887596e+01 5.085473684743428979e-01 -2.731613950347948627e+00
7.693062120177049223e+01 2.316738427467679440e-01 -1.251796894426324414e-01
9.358762615822040232e+01 4.638708600301562623e-01 -9.057577215692599881e-02
8.685463993197248556e+01 1.648726752361572012e-02 -3.502902680744018338e-01
7.333421248569314344e+01 7.870666267808129613e-01 -6.868256620226969034e-01
7.954793661422245066e+01 5.652189096032799176e-01 -8.272979293812575685e-01
9.176949252342967611e+01 4.765393332634892953e-01 -1.545507840577373670e-01
8.489481994117195995e+01 3.761078178969881058e-01 -6.835117204474140173e+00
9.136673781404007855e+01 2.720358254702066603e-01 -6.157186188250477615e-02
7.171647100666052665e+01 4.658037533958234722e-01 -3.680331932273843698e+00
8.742082088429772568e+01 3.784633888815645136e-02 -4.611902456280669305e-01
8.573456211010106642e+01 4.294076656509910328e-01 -4.260652295759277841e+00
8.008082157084436403e+01 3.573644377713696141e-01 -1.134096090317753713e+00
9.790372689951331608e+01 4.011812937321445616e-01 -4.885868082284074432e-01
7.208860007736114994e+01 4.833976173453422565e-01 -2.907137305106171965e+00
9.581542637916868443e+01 6.453135191674939097e-01 -5.165903197839666339e-01
6.902707943273334479e+01 4.215818338544252142e-01 -4.838866345443822325e+00
8.856324545347442267e+01 2.165278219733999809e-01 -2.603494197708604574e-01
7.294375700276977170e+01 1.381753649387713334e-01 -3.874373025228169398e-01
8.943885750108704258e+01 6.811213997173105605e-01 -1.806042267686968905e-01
8.849253564537019656e+01 4.130488525591914928e-01 -4.139396521070863311e-01
9.395053344245880567e+01 3.670395415365983460e-01 -1.288374929962332049e-01
9.862458549292082921e+01 5.161751204411706428e-01 -6.917681311658595567e-01
8.596368763135461677e+01 6.108577562351733548e-01 -2.936989391580926423e+00
6.753407146433653452e+01 6.022032593268176193e-01 -3.396701543581055471e+00
6.928747867229567703e+01 2.940688373065132866e-01 -5.307945970051369144e+00
6.959914790517849781e+01 6.367280807005500087e-02 -2.820755506163306059e+00
8.371206462470600229e+01 5.328582416134307609e-01 -6.917994881531978280e+00
7.754475618386560143e+01 2.522954878750339747e-01 -2.760367418355827995e-01
9.736039914453553479e+01 1.296545063973611189e-01 -3.368723299169180119e-01
9.554780052583841155e+01 7.795021804512380914e-01 -4.361325780746991843e-01
9.713598920660075464e+01 1.482620676933030235e-01 -1.442138699071536523e-01
9.902478648546099294e+01 5.415228223960283360e-01 -7.414132163447987311e-01
9.473388494246600544e+01 2.855649480924414840e-01 -2.008890124536348298e-01
7.435380019879102065e+01 6.704968357771262655e-01 -2.976474663389167604e-04
8.298551524905198562e+01 7.300586230054587622e-01 -5.186400632412895284e+00
8.437541655802664309e+01 6.598650406881019226e-01 -4.836237235517863553e+00
7.570003532440814809e+01 3.288340532470552802e-01 -1.608130494399181432e-01
7.834478293374620250e+01 6.276948418514822770e-01 -4.557155291433344080e-01
9.334874752979649770e+01 1.134786973700992463e-01 -1.045322574597543422e-02
6.831753224142326530e+01 4.740417266602788698e-02 -2.214130962004845493e+00
8.062049099521242113e+01 6.581357738731245799e-02 -1.715584576354116431e+00
6.792502112635270350e+01 5.745039258171463770e-01 -3.831367670742464426e+00
9.207824848093906667e+01 1.079557643271302353e-01 -2.310340657569775243e-03
9.854101836881326903e+01 8.201371906136162293e-02 -1.813367342036670937e+00
8.966397409526784656e+01 3.393350464328931393e-01 -1.013628277478309248e-01
7.406812100457602810e+01 7.208923342753733587e-01 -5.990963362486217275e-02
6.715167026856020982e+01 1.844101995947937944e-01 -2.339746656012978487e+00
7.885854347870082393e+01 1.525369657964666947e-01 -7.037573662513896267e-01
8.818637660531322808e+01 3.232091692362147328e-01 -6.052916616120185278e-01
7.223010709085713188e+01 5.196568399508694203e-02 -8.328041055173446283e-01
7.633175157653934662e+01 2.131263233158561532e-01 -1.208452125144029582e-01
8.454982441611663546e+01 7.157427733070362841e-01 -4.384807754805096991e+00
8.348729039409536767e+01 4.941018462081452900e-01 -7.655170271712067986e+00
9.078731756113697315e+01 7.026216497719423026e-01 -1.313777126131012163e-01
9.259052238519355171e+01 1.694044422001181049e-01 -4.298543887772651555e-03
9.666670610661645924e+01 3.717403207450966085e-01 -3.034247703585589706e-01
8.136666481567374376e+01 5.920513938211849903e-01 -2.585543939412214609e+00
6.748553851093808476e+01 1.967702921378448044e-01 -3.016535030691599673e+00
8.649045385768653205e+01 4.537543322256998302e-01 -2.634399838667914384e+00
9.223651937427807468e+01 4.376828421177610950e-01 -1.358518655411579401e-01
9.432133762159699586e+01 6.235338900863190981e-01 -1.475027916002799866e-01
7.490842163693665157e+01 3.086136561785593480e-01 -2.075150698593779264e-01
7.478197208802491502e+01 2.445559103144433477e-01 -2.488248569654771813e-01
9.220339220706551941e+01 7.886920651317146369e-01 -1.783738736856876617e-01
8.674879341337475580e+01 1.455427306402073684e-01 -2.141982087923981037e+00
9.379689625721172774e+01 3.853211646532866963e-01 -1.024437820673974320e-01
9.804424135049472966e+01 6.697436284826770170e-02 -1.190024664355439077e+00
8.510353095968574166e+01 2.979383432943993326e-01 -7.423314125280984221e+00
8.783180727309630242e+01 5.902821443254176181e-02 -4.197884476088843964e-01
9.168694269334919511e+01 1.406318608657973201e-01 -3.041679635546495029e-03
7.750710073898095231e+01 4.193300947234509524e-01 -2.474391579221311699e-01
7.079985074640727305e+01 4.634671656007741669e-01 -5.029297813976042697e+00
6.709785976790121254e+01 5.572646820101853082e-01 -2.892234817137009362e+00
9.715607776709236987e+01 1.658378880505652908e-01 -1.360796549535970290e-01
8.593679145236762906e+01 6.782389810020732490e-01 -2.600872096061204619e+00
8.129937887577573008e+01 2.337565936186908333e-02 -2.300354516395628046e+00
7.265824461075412444e+01 1.116200767920273035e-01 -4.920415194633793732e-01
7.704650844383385788e+01 2.485809083288024190e-01 -1.630677636968527466e-01
9.850896427659313304e+01 3.556956694100842920e-01 -6.844528074620608304e-01
9.583671026420472572e+01 7.080326513480672546e-01 -4.834335340023491190e-01
8.009257609214002116e+01 6.580509567375205648e-01 -9.007029595805923217e-01
8.840175619078958391e+01 4.385553771649232657e-01 -4.030698077701393434e-01
7.899012914085548687e+01 7.722249852371019241e-01 -5.921572260542701249e-01
6.765138683153092813e+01 1.725756982224734282e-01 -3.068020797490192741e+00
8.055777384533277541e+01 1.908607800213838190e-01 -1.724543119170053540e+00
9.755702145785748769e+01 5.719080659491371232e-01 -5.836975272185406238e-01
9.147022782779063732e+01 4.807156289720006526e-01 -1.563013281786563013e-01
8.445511918801688012e+01 5.129737950846021688e-01 -5.991044348374920503e+00
9.538316816643524021e+01 7.830731107154245141e-01 -4.412414093811811711e-01
8.559388555905864848e+01 5.835522627442791821e-01 -3.459465233463003386e+00
7.354518832490749958e+01 2.379312713125539269e-01 -1.344227476438571711e-01
9.636824329087153274e+01 6.199400339277285621e-01 -5.445932315282905334e-01
8.797793480241824682e+01 2.699656408522342899e-01 -6.074998419803062655e-01
8.228933712237821396e+01 7.124097246886471613e-01 -4.366376802743754837e+00
9.398797346705916311e+01 2.635423424974663309e-01 -1.008746989219082985e-01
7.554228269636647042e+01 2.211267962323895109e-01 -2.780613572667166578e-01
8.690164884732348582e+01 1.187733381519654463e-01 -2.043604291001877016e+00
7.856269540922104966e+01 2.268069978281493371e-01 -6.653683816035907972e-01
8.549935726636843469e+01 4.654438404599303691e-02 -2.844332281718290112e+00
9.881841511876871209e+01 6.257432915357309389e-01 -6.811043792691984233e-01
7.036521869377118321e+01 5.001850490045648412e-01 -5.016512576959088143e+00
8.966955754531772982e+01 4.046538168572165195e-01 -1.371621176659532648e-01
6.797736682137563946e+01 7.347232790518124501e-01 -3.436003173124605237e+00
6.853757300695093591e+01 2.001621276093842328e-01 -4.631730014129506579e+00
7.801621934088196042e+01 9.231924686083972653e-02 -4.194283705904049975e-01
9.921594066363493880e+01 3.374577298472162395e-02 -1.941522469465016387e+00
6.727551737463080883e+01 4.296313862531834227e-01 -3.234792592789854204e+00
7.961676320275532248e+01 6.148465932267863643e-01 -7.996860814874041656e-01
1.000788859017822432e+02 8.722715495132947472e-03 -5.344277786516439255e-01
7.517512261188889511e+01 7.481358943892897351e-01 -9.149357553007736454e-02
8.930345035815919630e+01 3.657595737697368343e-01 -1.678631806189110620e-01
7.107866918312289783e+01 4.431432022375987323e-01 -4.793581873405110549e+00
9.668930057887759233e+01 1.209676606916751385e-01 -7.489818820072349781e-02
7.243892785330555739e+01 3.685430217263132580e-01 -2.192736465529348422e+00
8.737483181540660837e+01 5.000880146381676827e-02 -5.009153223129606536e-01
7.318950122367137112e+01 4.884552178378703258e-01 -6.390859577931233826e-01
8.315630773682170229e+01 5.103295411073365262e-01 -7.363825081148238638e+00
7.295393003779877006e+01 5.901885219665546911e-01 -1.178360265595975065e+00
9.775303791263797848e+01 6.918645302034702738e-01 -6.701116852564427129e-01
9.504423654983661152e+01 3.141064717166270892e-01 -2.142974460449283969e-01
7.838625104065570781e+01 2.903316732321486460e-01 -6.232349988708110189e-01
7.921060232556256153e+01 3.998139547233994229e-01 -8.553938449687664702e-01
9.455770555558287072e+01 7.583994632146695558e-01 -1.641778382766792832e-01
7.399336895862475671e+01 6.810509974390215326e-01 -6.475053139932106239e-02
9.300007974388574894e+01 4.521620580827436786e-01 -9.708180950066011561e-02
7.144796715367888851e+01 3.487778493864277518e-01 -4.147495065228582689e+00
9.018593828671919255e+01 1.961189940683814859e-01 -2.080791796422356080e-02
7.431417415942601679e+01 6.537627207797319651e-01 -1.817015379144120834e-04
8.341077510182446986e+01 2.090460133335608206e-01 -1.261992911170864673e+01
7.524517750600911370e+01 8.500651535116790503e-02 -4.282760824116862985e-01
8.199625029831470613e+01 6.478077966937982879e-01 -4.133940625562703808e+00
8.179457255201242560e+01 6.677258276932687003e-03 -1.303053326047152627e+00
6.949170370889461879e+01 3.240235330282343895e-01 -5.324223234902500934e+00
8.879339218369136688e+01 5.346912333540608797e-01 -2.765045096281811277e-01
9.472194458777046577e+01 3.296022526769163408e-01 -1.905237093208834165e-01
8.117571437167121928e+01 5.452990034824347632e-01 -2.673284544962074794e+00
7.161837204418064573e+01 7.212222870707454270e-01 -3.783095677637171139e+00
6.834378189896968081e+01 3.367009861445167118e-01 -4.583339116424760107e+00
9.058055738350134334e+01 2.651390981033947131e-02 -3.131384863801206508e-02
6.892770452193265385e+01 2.771759004263667503e-01 -5.143407971580954197e+00
6.954092746431277305e+01 4.117372792736606613e-01 -5.077188428103921680e+00
9.114629684926903508e+01 5.430040928047853432e-01 -1.512691521867958744e-01
7.596939456303393001e+01 6.373915690090485864e-01 -9.972794197566199614e-02
9.224786013610524549e+01 6.043006145048900324e-01 -1.628778512441829140e-01
9.598924666255268789e+01 5.211583996279828268e-01 -4.594375943890252612e-01
9.050596053880185821e+01 3.831991130299259307e-01 -1.043374575392667369e-01
9.289444324178845136e+01 3.067251090788478685e-01 -5.981916859998512304e-02
9.929350596331909173e+01 4.680628198129641593e-01 -8.601995915468029219e-01
7.684888401611355846e+01 1.308681360549195927e-01 -1.157904068812843773e-01
8.460353148249684807e+01 5.996852259737159851e-01 -5.012932544648341704e+00
6.999156886848687975e+01 5.618557391348636409e-01 -4.715820049749875231e+00
7.782433198155175091e+01 7.993978023072723094e-02 -3.787150177864513911e-01
8.282691565252137877e+01 1.597089789807389915e-01 -1.217307886933449623e+01
9.965962226126472956e+01 7.936506090492858601e-01 -6.203825948327778006e-01
8.391797583127780058e+01 4.770334209396653868e-01 -7.401853348923951970e+00
7.205028026972163957e+01 2.847099640164548195e-01 -3.016894620553662421e+00
8.621625751943550142e+01 7.029939888107392676e-01 -2.224211842917926507e+00
9.338756033704166271e+01 7.638215727863589821e-01 -7.822192134682008635e-02
8.889056063010851005e+01 9.766777437490925529e-02 -1.170812932888655039e-01
8.044222460289439880e+01 6.679033906259799203e-01 -1.159952922724489355e+00
8.359725024044229258e+01 7.428380842719866095e-01 -5.132428080771039625e+00
7.634819116197623146e+01 1.807654061411903823e-01 -1.099954174384685374e-01
8.701763919235162348e+01 3.558675699618845667e-01 -1.761589556161585746e+00
9.491823540438107898e+01 5.475337299214734221e-01 -2.555156037460639129e-01
8.030531294069703563e+01 2.671369935110216587e-01 -1.502990719514440521e+00
8.256123467442397157e+01 4.404372660772842285e-01 -7.327704955030391432e+00
8.344441219922374842e+01 2.389317245483381716e-02 -2.931246354152594602e+00
9.090694120568791448e+01 7.811860024146528581e-01 -1.320974510870854823e-01
8.747216630909605328e+01 4.372647970114147409e-01 -1.224117348849594666e+00
7.876158233249596208e+01 7.178499717966877469e-01 -5.584462230864704058e-01
9.850919849176599996e+01 1.967776723163741799e-04 -2.045231113114992783e-01
9.374449989287738561e+01 7.664756583991352290e-01 -6.674355600367946895e-02
8.538987698855359554e+01 5.103739396887779778e-01 -4.519025062845988039e+00
7.839817306051232038e+01 6.095859389871570722e-01 -5.286675462413027438e-01
6.823686074895327636e+01 1.650956686712293231e-01 -4.131827062460464717e+00
8.434277809699243278e+01 8.639898916582963717e-02 -9.399813914892925837e+00
8.191857902791085166e+01 3.756007759534846918e-02 -4.083353477085827521e+00
8.482062124541852199e+01 6.941049661897795708e-01 -4.203717316136899029e+00
8.171082388465899271e+01 9.676077054504883534e-02 -6.028069454786892045e+00
9.911530996199644505e+01 4.652686666556963835e-01 -8.633081877064106013e-01
7.014844407999977705e+01 4.174178369321698140e-02 -1.983577124892342392e+00
8.320194841403453268e+01 3.801744110824252787e-01 -9.416661612407802195e+00
9.335970821194084124e+01 1.586350170465929826e-02 -1.015759422460737887e-01
6.689535978262942706e+01 2.778956181740587783e-01 -2.361186532361851942e+00
8.133625483530326505e+01 5.623150700312091743e-01 -2.632462428819723588e+00
9.140631043446947501e+01 7.200688110517909912e-01 -1.686479152645370128e-01
9.807801183375327980e+01 6.292532843508986673e-01 -6.465682782264975392e-01
8.244436518900349142e+01 4.262804019800746080e-01 -7.480878340941559124e+00
7.817219954441397078e+01 1.357423385509191338e-01 -4.917179481174194233e-01
9.966351951748561078e+01 2.080208719725782918e-01 -1.865611071290921519e+00
6.727004808950785275e+01 2.163773479315720116e-01 -2.622547612487955426e+00
7.488348357588189685e+01 5.162805742370290413e-02 -5.313667880781757225e-01
6.962383245396526377e+01 3.492405481883701923e-01 -5.320709051888613317e+00
7.157882071090908482e+01 2.860635168350152413e-01 -3.790523079492494674e+00
8.016336349162526176e+01 5.142603355415003019e-01 -1.075174516545450265e+00
9.649861862445970928e+01 4.493384222740860467e-01 -4.166469915055532880e-01
9.941656241576944808e+01 4.213066289063696068e-01 -1.013344397042216016e+00
6.863675522147573815e+01 3.877397012555459654e-01 -4.762183686626991985e+00
6.781108712705399455e+01 7.005785056583411219e-01 -3.399297801798128127e+00
9.270230731217321818e+01 7.521001337401573839e-01 -1.330281870491604179e-01
7.984359628482333449e+01 5.582915287441160279e-01 -8.798533662798957433e-01
9.204736806844753971e+01 4.921679607706089254e-01 -1.499984798033031641e-01
9.073377744164386627e+01 2.305451013413597483e-01 -3.472861268375647403e-02
7.084815827743267391e+01 1.495684598215908934e-01 -4.291081429894875399e+00
7.232805092055870944e+01 7.879031404427278007e-01 -2.390478596259047794e+00
9.044627599806713647e+01 8.898324160056050869e-02 -2.044633449374676920e-02
7.359347814326437742e+01 1.915269056664387348e-01 -1.226369058438560866e-01
9.589879541457057144e+01 7.293786132049305815e-01 -5.764824756099840020e-01
9.246629479272129970e+01 6.330862510325435677e-01 -1.637729672852920315e-01
7.195669475269455972e+01 7.730573533931011099e-01 -3.109848287737611905e+00
8.981896874998402325e+01 4.760752774567934553e-01 -1.224399337797443810e-01
9.775153750022825250e+01 2.629797273644169375e-01 -3.258891075705553919e-01
8.895328064060123552e+01 1.167616543986064459e-01 -8.980271192334648989e-02
8.809715778628088856e+01 6.344572389208970320e-02 -3.350518128368371040e-01
8.951305623266205203e+01 6.447593062969533273e-01 -1.495783062699661548e-01
9.742575185026730367e+01 1.260206504581039832e-01 -3.439764053157663426e-01
8.367482050724804310e+01 3.105128836509879475e-01 -1.077858490745195930e+01
7.615890448842843341e+01 7.942964270189136755e-01 -8.594586011701066397e-02
7.441474467139690319e+01 4.088891458957024660e-01 -4.920690441735833115e-02
9.682090810769742006e+01 7.050001986796319287e-01 -6.765887442804862095e-01
7.413887143965290250e+01 7.721748434245656600e-02 -3.911100569014401840e-01
8.512000144442247063e+01 6.219581480529577933e-01 -3.975722450748449877e+00
7.521770478072470212e+01 6.070990766307737818e-01 -1.211389458882649733e-01
7.283636784195567770e+01 5.715700087038814159e-01 -1.574126196424513235e+00
8.391159764968831780e+01 3.254802801000169499e-01 -1.021613590312079189e+01
6.920578457307189524e+01 1.382301109317426169e-01 -4.689997178401737798e+00
7.900304494430599789e+01 3.433276600111069832e-01 -8.701253073695686124e-01
7.740724463035708425e+01 6.790473437290803771e-01 -2.103958243381721660e-01
8.831853327841982093e+01 1.996128721872819367e-01 -3.889413981028586598e-01
7.061025485894739973e+01 3.034550786119142307e-01 -5.310600838482153030e+00
9.006026150761340432e+01 1.823715732907034426e-01 -1.623689416996296556e-02
9.180076012495779025e+01 3.154656358782558789e-01 -8.630587802057278213e-02
7.300443703332507539e+01 7.401055148534444461e-01 -1.013698770768706181e+00
9.319073568133097751e+01 5.037581751876335501e-01 -9.975490357982329248e-02
8.564852036892463616e+01 5.913495473239497313e-01 -3.412797597340607503e+00
7.713078966772380340e+01 6.638217992262270828e-01 -1.265258686574974589e-01
1.001381982685906991e+02 5.761618036746630755e-01 -8.043618827847941466e-01
9.447015119281917350e+01 2.904999962472349928e-01 -1.768050155550106028e-01
7.569176525440116166e+01 5.945982527213620195e-01 -1.295864087302620038e-01
8.649254305319772129e+01 3.291423255241681112e-01 -2.826354872861037926e+00
8.865163239695075958e+01 2.066193611324342594e-01 -1.564005892743806636e-01
8.777897102251012029e+01 5.362741967850847002e-01 -8.223759475077769832e-01
9.394859968619888946e+01 3.962897749855348595e-01 -1.027076076960536100e-01
9.720979419154937773e+01 4.056214741119182898e-01 -3.877644894811670961e-01
7.658805575449035530e+01 2.550405459661204133e-01 -9.849869958736927333e-02
9.604938978923006232e+01 2.333159582257261500e-01 -1.167812504794750184e-01
8.062416836772241879e+01 6.815264560250910986e-01 -1.374712474221681857e+00
9.525727558098253667e+01 3.193737435248239498e-02 -1.511532400158426548e-01
9.469770932217703319e+01 5.292816664240541646e-01 -1.886699469287365094e-01
7.631123221435935022e+01 3.733579212508434386e-01 -1.013442988731343697e-01
7.464956597268714233e+01 6.675375239930687599e-01 -3.873914424364081899e-02
8.590476029700502636e+01 7.517614758149636645e-01 -2.305566919644934654e+00
6.893454444234411937e+01 7.016676152228196184e-02 -3.050526721077729597e+00
7.128114083066932949e+01 1.563339777533084840e-01 -3.583745404376760924e+00
9.883854403148177425e+01 6.511366550212214221e-01 -6.773853308352427716e-01
7.759122612613961678e+01 4.861264570591882772e-01 -2.550486751281924036e-01
8.662579996371293589e+01 5.276361820391651802e-01 -2.292246329031097485e+00
7.947195053419554256e+01 1.750072920938451071e-01 -9.212378838330670394e-01
8.088317315657657502e+01 4.611091614008580031e-01 -2.260211601081778987e+00
7.332099447569231643e+01 2.463691543758131930e-01 -2.445002805918338740e-01
7.032375642553923001e+01 3.622495765732698381e-01 -5.384292223320244375e+00
6.788000852287812847e+01 1.108286233708086349e-01 -2.897193029019250687e+00
8.341208555447940398e+01 2.119288206100463923e-01 -1.258168410537116877e+01
8.286327626310209382e+01 1.859552502632141335e-01 -1.218694290530556401e+01
8.323234182329613873e+01 2.899507761001586803e-01 -1.118252838953009309e+01
8.326908297974698314e+01 2.533083915710449552e-01 -1.183408677471308046e+01
8.335706959918940129e+01 2.070672273635864313e-01 -1.264444395898461693e+01
8.422427511609288331e+01 2.457885503768920954e-01 -1.085522012141661818e+01
8.345172803850161358e+01 6.951432228088379184e-02 -9.281292345463524995e+00
8.340487085080094687e+01 3.028376579284668413e-01 -1.094540453308762906e+01
8.375175467204039137e+01 2.934940338134765514e-01 -1.087924149580830147e+01
8.328111180243963929e+01 1.259928822517395186e-01 -1.251326734024134524e+01
8.440769862286599334e+01 2.039651870727539062e-01 -1.085317252815546496e+01
8.400657186817151967e+01 2.500133275985718107e-01 -1.137827079955530607e+01
8.239710296189210226e+01 2.071014642715454102e-01 -9.350733023582169068e+00
8.282766970718752475e+01 1.935011982917785867e-01 -1.140828408273733707e+01
8.417150259132841938e+01 2.454599142074584961e-01 -1.085197255893305446e+01
8.247063761058312537e+01 2.549546241760253795e-01 -1.012986626099283605e+01
8.436009143625368267e+01 1.730073213577270619e-01 -1.121992464120851984e+01
8.327589831579254565e+01 2.613917738199234269e-03 -5.246260109644874658e-01
8.415357495932501308e+01 2.490265607833862527e-01 -1.077460653964840631e+01
8.374454905980368835e+01 2.744943380355834850e-01 -1.128252178017042340e+01
8.408638925526241792e+01 3.018465995788574552e-01 -1.027360776605587844e+01
8.264283918175195254e+01 3.428383350372314897e-01 -9.102187201796750671e+00
8.336143963128687062e+01 2.174438714981079268e-01 -1.250296152430882657e+01
8.282189694836931437e+01 3.600625991821289062e-01 -9.423491435601798472e+00
8.367494092869785050e+01 1.076008439064025934e-01 -1.189848059656985413e+01
8.396915401574818816e+01 2.248559991193408436e-01 -1.186732555821076751e+01
8.376532747277208557e+01 1.511798050700702278e-01 -1.256046201475273172e+01
8.322793305476295700e+01 2.201510851559259074e-01 -1.233063668075840447e+01
8.348091095000074802e+01 1.449283838565413596e-01 -1.282365676975003765e+01
8.293711671386199669e+01 2.001866111740248921e-01 -1.210510227076957257e+01
8.369005812750754103e+01 1.711003098096303410e-01 -1.287960005436961630e+01
8.414736386699472348e+01 2.652457494437444052e-01 -1.042963803446522242e+01
8.274007538905939896e+01 1.748241194718866132e-01 -1.143867724374674744e+01
8.322511288310002442e+01 2.220942687354877654e-01 -1.230555180924975112e+01
8.351407329918197320e+01 2.304332255608402547e-01 -1.230626107319524998e+01
8.428420918878686052e+01 1.285080810742235957e-01 -1.106754784126782809e+01
8.376532954184594360e+01 1.893076412232901351e-01 -1.275589700953522510e+01
8.299602861029291034e+01 2.038894003072922456e-01 -1.207235693294916778e+01
8.306365944329490958e+01 2.697654749730422075e-01 -1.125899447352855098e+01
8.473526049708033270e+01 1.808424544174016269e-01 -1.027973939191778641e+01
8.339640506891009863e+01 1.756606101989746094e-01 -1.291690727398956184e+01
8.329111266686729209e+01 2.145086526870727539e-01 -1.239780285734042131e+01
8.340489240581892716e+01 1.276216026289486716e-01 -1.253990630461921008e+01
8.328940196077572011e+01 7.397461389553440514e-02 -9.750866329374380470e+00
8.365199118515953103e+01 1.255861279424148325e-01 -1.249400426110982210e+01
8.325734452569489008e+01 2.566990375518798939e-01 -1.177714559792983984e+01
8.326477801007841606e+01 1.668410539627075417e-01 -1.268927403231189466e+01
8.355232242890409111e+01 1.040554594544693123e-01 -1.174993848018839593e+01
8.424268819144811005e+01 2.109910726547241377e-01 -1.152081368721809440e+01
8.393658362975024545e+01 8.474164144201387638e-02 -9.900674070940038263e+00
8.344122902496552285e+01 2.010377407073974665e-01 -1.271759537472039803e+01
8.329780045412611855e+01 2.124655230764368463e-01 -1.242124081068568664e+01
8.359419677438853569e+01 1.620801941754811126e-01 -1.289365782309914366e+01
8.338147977653079579e+01 2.059712898119817059e-01 -1.265853587716432571e+01
8.382716896604620160e+01 2.097537513080670601e-01 -1.210926175997640541e+01
8.348571940617547682e+01 2.366711065534982950e-01 -1.220078888513134352e+01
8.308384778978438590e+01 1.696470818933869806e-01 -1.270799120404135962e+01
8.313660274349327040e+01 1.732758684615632871e-01 -1.270128902395594039e+01
8.374953657850034006e+01 2.367745421117929405e-01 -1.204196385090695465e+01
8.370072225326626381e+01 1.303728328483668708e-01 -1.259886839780801360e+01
8.349548227122230060e+01 1.273362437841842609e-01 -1.254080157467952539e+01
8.330849281859448752e+01 3.040386052109890214e-01 -1.092070320706769948e+01
8.334849235630173325e+01 2.477515848609427584e-01 -1.192464056933525285e+01
8.384964964091776096e+01 2.806742201282384497e-01 -1.116376257191724264e+01
8.366556297901625783e+01 2.770474315232178131e-01 -1.145377212746924656e+01
8.303107068183895478e+01 1.421361557001590836e-01 -1.254468443439638747e+01
8.318423613790193372e+01 2.344054460525512862e-01 -1.213410076246079328e+01
8.395513043616355731e+01 1.613768502590357257e-01 -1.259124373904311867e+01
8.281794689793758835e+01 1.871466082409773968e-01 -1.142466216454222483e+01
8.398858703726907038e+01 1.501095478448831733e-01 -1.200920030280344797e+01
8.378732556928356701e+01 2.798288345336913951e-01 -1.117460499438726274e+01
8.315176505937945706e+01 1.244349241256713923e-01 -1.218885947145104787e+01
8.423887194380225196e+01 1.816025018692016824e-01 -1.192387191853231343e+01
8.276111965110423796e+01 1.939348101615905873e-01 -1.141777862820890910e+01
8.414266321002786242e+01 1.373684644699096624e-01 -1.192693440115218806e+01
8.350339260613017700e+01 1.522244405414002466e-01 -1.288667673399282521e+01
8.367824316089878778e+01 2.297199404438945436e-01 -1.216456973119164076e+01
8.353567518454495655e+01 1.686203427265956512e-01 -1.288268550193536477e+01
8.313475101637341425e+01 1.862489989735842399e-01 -1.265709439380958656e+01
8.351066762581774583e+01 1.966732618422595003e-01 -1.276460942964408041e+01
8.375783250717283579e+01 1.630788253360859474e-01 -1.289717991963091670e+01
8.315734520472804547e+01 1.635294869540661333e-01 -1.269304337230065549e+01
8.353732183362450314e+01 2.422954555567022883e-01 -1.210501754174133815e+01
8.340194032300793481e+01 2.598279011585284404e-01 -1.172358708958030782e+01
8.392037818012721573e+01 2.436589081533243606e-01 -1.149557580378159471e+01
8.321193872420380444e+01 2.274120993590090234e-01 -1.223407598805662566e+01
8.380382261555381262e+01 2.355317801759902463e-01 -1.207019892431578079e+01
8.329349789200813348e+01 2.575338051560479569e-01 -1.176290159119267464e+01
8.384896404584767993e+01 1.750423077261565319e-01 -1.252831419504637012e+01
8.388273773425912339e+01 2.170888983843499431e-01 -1.199400268017973303e+01
8.284575540757747092e+01 1.726141329408700242e-01 -1.220848786482594761e+01
8.324244738926984155e+01 1.294047081220295048e-01 -1.259474946675062768e+01
8.305208691527560916e+01 1.796227602171898419e-01 -1.217781887671921304e+01
8.331962845554964758e+01 1.051556072607975900e-01 -1.180065956255455362e+01
8.346449381954872138e+01 1.269781792140169674e-01 -1.251901887925709467e+01
8.385954096571953187e+01 1.265498911920316660e-01 -1.225265630590537036e+01
8.412886156930181869e+01 1.462328076932981336e-01 -1.200633413084596768e+01
8.301575512576837923e+01 2.336153112590464431e-01 -1.177036123376127108e+01
8.412507406383448938e+01 2.009739262699116180e-01 -1.166034369123753756e+01
8.393427674640449254e+01 2.466167092265009186e-01 -1.143735154457133696e+01
8.325819032717389234e+01 1.835436603122515276e-01 -1.266184534282331242e+01
8.337890213866522515e+01 1.358108644783837249e-01 -1.270527980300680859e+01
8.304247583026908330e+01 1.972166314533021769e-01 -1.211247120541352373e+01
8.373162883942046619e+01 1.970494763684921546e-01 -1.266889670727995387e+01
8.331455440912040444e+01 1.588027497455627435e-01 -1.292850295590693399e+01
8.367763531520459708e+01 1.799123653566053749e-01 -1.283145201845014860e+01
8.385761305412151501e+01 1.787467257804453702e-01 -1.250161494041095267e+01
8.336816104053687582e+01 1.904108012439989506e-01 -1.282348474673111483e+01
8.362651080972172224e+01 1.472821558898560756e-01 -1.283570761903022195e+01
8.342705944044166699e+01 1.574082192919913359e-01 -1.291842633488644232e+01
8.365491767889743358e+01 2.101928764995954213e-01 -1.248561427093704523e+01
8.351340069318759163e+01 1.578752159896139595e-01 -1.291608437886598537e+01
8.334898434263055833e+01 2.015404200371921639e-01 -1.271106512872558447e+01
8.365940092450108523e+01 2.108873354235655528e-01 -1.247553814590271060e+01
8.356240954687920919e+01 2.207640549546689979e-01 -1.245908164666267481e+01
8.369911816121621939e+01 1.958650198022736932e-01 -1.268092571422604209e+01
8.355297914420746963e+01 1.396276699885673211e-01 -1.275562604889964291e+01
8.319897615989043516e+01 1.669700120874277327e-01 -1.269569670558452756e+01
8.342215959453410790e+01 1.617967621438576309e-01 -1.293139318981885033e+01
8.376274408868644628e+01 1.928415499646606024e-01 -1.271898678194899013e+01
8.391393055985159322e+01 1.649769380498481708e-01 -1.258177817171114121e+01
8.372171773575246334e+01 1.531286825230979698e-01 -1.287385137493401821e+01
8.320513859583147109e+01 2.152557679322534279e-01 -1.239219099207497443e+01
8.325414241974171148e+01 1.409793154944166405e-01 -1.249984994787534021e+01
8.340224153820184938e+01 2.028920316882206198e-01 -1.269594296517234433e+01
8.358513910816274972e+01 1.749396569433742388e-01 -1.285833672471498978e+01
8.363995943248060883e+01 2.046798149524224897e-01 -1.256391924325597209e+01
8.339837422184584170e+01 2.016739881156096870e-01 -1.271000990210066206e+01
8.324773230916474631e+01 1.844971055108250713e-01 -1.265817238957377810e+01
8.374386177887670613e+01 1.523816134823746116e-01 -1.287016245799521030e+01
8.362840833428722931e+01 1.548936444264355505e-01 -1.288065292327368283e+01
8.342783124645411874e+01 1.791219716624475877e-01 -1.290086159809637145e+01
8.341690735490938380e+01 1.523651286837372776e-01 -1.289246537253391089e+01
8.340699980052681894e+01 1.851706642807587899e-01 -1.286443442685834349e+01
8.332619952943123565e+01 1.830484800290196057e-01 -1.287961656918603559e+01
8.374225831856743696e+01 1.948943638366042452e-01 -1.269483269058629205e+01
8.338457954826237994e+01 1.572888142309374071e-01 -1.291997291559249028e+01
8.380265065579099826e+01 1.892522501857238082e-01 -1.239232929806572336e+01
8.358239692853281610e+01 1.557417269176323005e-01 -1.288305671946775810e+01
8.340224646607272518e+01 1.928295609964628121e-01 -1.280179539089573026e+01
8.330428589835280206e+01 1.728250595583189775e-01 -1.292861096901883045e+01
8.311326582058296708e+01 1.764342252740056238e-01 -1.269752279599901357e+01
8.383673960600833652e+01 1.671317867493443965e-01 -1.256848184715560457e+01
8.320856781183825035e+01 2.278700787306613407e-01 -1.222777806998809247e+01
8.331223953124307968e+01 1.587396979712626388e-01 -1.292840716209099305e+01
8.338197274457056096e+01 1.739849669376286878e-01 -1.292319938461879225e+01
8.350153687042842421e+01 1.679933135580015113e-01 -1.293180723017318634e+01
8.346834005025891656e+01 1.266890713347745556e-01 -1.251173313024870737e+01
8.371773776820906221e+01 1.939586129620293198e-01 -1.270396591476941950e+01
8.387060054485343130e+01 1.952031851203412105e-01 -1.232747999729139288e+01
8.357305627983571128e+01 1.489423678629370751e-01 -1.284827299147823432e+01
8.362193446384331708e+01 1.512088563170935762e-01 -1.286301526613781654e+01
8.331699025927532887e+01 1.646682669894828921e-01 -1.293867096298440522e+01
8.349725142220309237e+01 1.482949591025995717e-01 -1.285612678304144474e+01
8.360092084383674660e+01 1.759953604190767629e-01 -1.285313946287639375e+01
8.355432726544388800e+01 1.606715522727042433e-01 -1.289222070899357320e+01
8.336871655760901945e+01 1.659089461158517187e-01 -1.293711319722664221e+01
8.354356558670968980e+01 1.747586999588313095e-01 -1.285762220638744502e+01
8.350838226824066624e+01 1.942931384411883400e-01 -1.278798298269733102e+01
8.340463404498900957e+01 1.846092419643889926e-01 -1.286836902695558749e+01
8.322109400466440832e+01 1.859799775823280932e-01 -1.265259346417613351e+01
8.355815464364246736e+01 1.803186861303951449e-01 -1.282303897803734039e+01
8.350103586233534259e+01 1.602489597314354919e-01 -1.292446786468266673e+01
8.351061570958098912e+01 1.587109537917694990e-01 -1.291928017384385186e+01
8.370984321470336909e+01 1.571531787013362436e-01 -1.288891235482977038e+01
8.370592043958490081e+01 1.738310746607419355e-01 -1.286856850222896043e+01
8.363838116294310510e+01 1.845713222301484935e-01 -1.279310345785421532e+01
8.350066668791149027e+01 1.605483982520883868e-01 -1.292527361865542979e+01
8.352600150015427971e+01 1.527427416232463864e-01 -1.287041284098544836e+01
8.334536703403489355e+01 1.539230740563042876e-01 -1.290578604071605540e+01
8.348657703016453979e+01 1.690438194619869605e-01 -1.293129757030190596e+01
8.334870910218553774e+01 2.070601546558515915e-01 -1.264440341050940297e+01
8.338888729808704170e+01 1.421152705232922586e-01 -1.279696585716513901e+01
8.381372538191655508e+01 1.935356023978895001e-01 -1.234204697840324272e+01
8.377979370326383446e+01 1.895058605675107588e-01 -1.275471397715273270e+01
8.346717256649930050e+01 1.758522073584466716e-01 -1.291461301479137269e+01
8.325755305773611781e+01 1.622692460781439971e-01 -1.267933886871420945e+01
8.343648414860739138e+01 1.768555014454710750e-01 -1.291122483949397726e+01
8.339776700359917072e+01 1.881932480895745774e-01 -1.284178359361742672e+01
8.341206983093684357e+01 1.627687147605729190e-01 -1.293339213698108914e+01
8.348175156421596910e+01 1.560989125499197827e-01 -1.291004792855232708e+01
8.332650161821614176e+01 1.837454625578317235e-01 -1.287501544084614835e+01
8.319575446446695821e+01 1.645229437025946817e-01 -1.269170109981544492e+01
8.335605549548826332e+01 1.610982969217395200e-01 -1.293272028518952510e+01
8.336927311917629879e+01 1.648784225700072881e-01 -1.293691013846132165e+01
8.367303946943729898e+01 1.837443937155162632e-01 -1.280184043850815989e+01
8.327942967037132860e+01 1.585805714919205356e-01 -1.292933252270462674e+01
8.351231152141477310e+01 1.731014267690407782e-01 -1.292255829874630635e+01
8.344980449418960688e+01 1.718058258972986474e-01 -1.292755503815425300e+01
8.354953675072562191e+01 1.851406963870180222e-01 -1.286310012162264371e+01
8.349890063944432939e+01 1.785287933841029906e-01 -1.290244561206159979e+01
8.339452678681216469e+01 1.932741298951502484e-01 -1.279765863254900005e+01
8.341481856180173793e+01 1.596589212308163197e-01 -1.292666007483205526e+01
8.323141058906485057e+01 1.762214375491039375e-01 -1.268840812179004729e+01
8.336489018681736241e+01 1.868921268634465005e-01 -1.285213559040715481e+01
8.332868015048958910e+01 1.544751958920838053e-01 -1.290966344556412260e+01
8.351392946090714986e+01 1.545650034669825423e-01 -1.287805245937963861e+01
8.358210751124445892e+01 1.562693834676992799e-01 -1.288468781814239428e+01
8.327641008859026783e+01 1.567464235058707300e-01 -1.292284002981744884e+01
8.336400497799208154e+01 1.768896772062334144e-01 -1.291252493747767183e+01
8.338810112765749238e+01 1.798720508791753214e-01 -1.289762233655843637e+01
8.341055852706689677e+01 1.604628977341516771e-01 -1.292898797782840603e+01
8.333938719757850322e+01 1.631215617493314562e-01 -1.293665003271142311e+01
8.330148092530529880e+01 1.661445755014132053e-01 -1.293933072122459826e+01
8.339453842336926925e+01 1.781608281049960052e-01 -1.290616772333593687e+01
8.330489995407118897e+01 1.567588818696402375e-01 -1.292157201742042716e+01
8.376452420254199183e+01 1.624200530838247891e-01 -1.257451375280294847e+01
8.352168048836617231e+01 1.669857522141566797e-01 -1.293161152929084245e+01
8.346008212340323951e+01 1.763096162151196744e-01 -1.291297547653242717e+01
8.349729068777719476e+01 1.542505626221696569e-01 -1.289963658789312007e+01
8.344420290462723244e+01 1.713892009423363394e-01 -1.292864826789077881e+01
8.324121142133631679e+01 1.670650827982238240e-01 -1.269182126347940454e+01
8.340210229750951498e+01 1.587875825939892849e-01 -1.292456358789188009e+01
8.341502686106719011e+01 1.745956148110147099e-01 -1.292038117257725993e+01
8.342715091244214420e+01 1.804926260629249046e-01 -1.289363235512493588e+01
8.340458244216657135e+01 1.830784810607495317e-01 -1.287853360754603571e+01
8.353011539610979241e+01 1.762220431525897968e-01 -1.291174595992123564e+01
8.327133895411736830e+01 1.570400954065510890e-01 -1.265462897416403898e+01
8.335695362830770705e+01 1.462199819451595884e-01 -1.284536449536096470e+01
8.353475367509699367e+01 1.545138541205219040e-01 -1.287811923151251392e+01
8.346401470785207266e+01 1.797869084381263916e-01 -1.289681326242470405e+01
8.336953406864942906e+01 1.723715306672664593e-01 -1.292827759030271118e+01
8.327738808588321717e+01 1.722335646786265495e-01 -1.269008931498180814e+01
8.353666877924996470e+01 1.681506071677870140e-01 -1.288403007186477822e+01
8.354591632082556885e+01 1.711651433179001980e-01 -1.287435145214976373e+01
7.823814735867833292e+01 4.886029861025652510e-01 -4.722617345507170716e-01
7.386052328484304041e+01 1.118892259937501743e-01 -1.401949812869826284e-01
8.861306314769554149e+01 7.406827583400416026e-01 -3.751822375481855265e-01
7.199306769528782013e+01 4.766814124091626192e-01 -3.310198875826847686e+00
8.452731461663574919e+01 6.353192558059511663e-01 -5.080384242913707382e+00
6.702680626976358269e+01 3.361215323537026234e-01 -2.811978574657278074e+00
9.033817849854742121e+01 1.336992091014360673e-01 -9.382931125740458581e-03
9.728878255981999246e+01 2.854215575565969831e-01 -2.539606109802174383e-01
9.848617687719254832e+01 2.497690207428565623e-01 -9.280694486343761263e-01
8.468488921637236899e+01 4.357990666458277929e-01 -6.534959350456731819e+00
9.318304609591747578e+01 4.407519338509672813e-01 -8.807826509513984325e-02
8.197935221102332548e+01 6.117073360593893172e-01 -4.277572491966746604e+00
9.404682379089351230e+01 5.859033980087777760e-01 -1.046542733243908119e-01
9.443184182316568354e+01 7.814080095681967819e-01 -1.702039593520545957e-01
8.610609066907221631e+01 1.690375608096033322e-01 -4.443928575868097752e+00
8.411883591730664023e+01 8.012810287571950352e-02 -9.542109933450388937e+00
9.905303713474611982e+01 3.316250058795284783e-01 -1.032551355048459074e+00
9.000493367336960659e+01 2.900999734169022459e-01 -7.065114385809902198e-02
1.000405459235773975e+02 3.113911477182684448e-03 -3.520892000396380617e-01
7.662209675787522656e+01 4.486995364281999854e-01 -9.316806775782088268e-02
7.443611832108300064e+01 1.921387208302354210e-01 -2.930898679067297508e-01
7.073124818559936955e+01 7.522977082353673461e-01 -4.387312432611206958e+00
8.178700242561012601e+01 7.738170706971644330e-01 -2.764427853404479496e+00
6.909305354464454751e+01 3.588244836665430149e-01 -5.101679345962502055e+00
6.809642958406740831e+01 5.978923195809168201e-01 -3.873411805636840288e+00
8.148859226268159262e+01 2.222839604464148522e-01 -4.673329079318190082e+00
8.627799652694476151e+01 1.766901798297502157e-01 -3.579033252427092027e+00
6.998426437637913011e+01 4.132268464324644341e-01 -5.233344726101466726e+00
6.833918551441811928e+01 6.236191824574187637e-01 -3.880337366320595116e+00
9.381418905752001081e+01 6.842169669880040495e-01 -7.916142208114139434e-02
9.928166292929100223e+01 3.440078529460988688e-01 -1.174644414117266056e+00
7.984436469529197211e+01 7.108575942951805837e-01 -8.077654488449148573e-01
7.724851715074474612e+01 4.014899041713351213e-01 -1.872997287973683089e-01
6.869907501466518340e+01 2.587888981326953997e-01 -5.010719497938562306e+00
7.762593042952912015e+01 3.713307402263543722e-01 -3.080696784730769244e-01
6.738542812662596759e+01 2.989296227056132405e-01 -3.143009121550206064e+00
7.809031499987972325e+01 4.855022530664273583e-01 -4.739914218206386920e-01
8.244226739512680524e+01 5.804996099057170289e-01 -5.579513335087974646e+00
7.995918090198725281e+01 6.855395855202311983e-02 -8.814942598470179025e-01
9.209249029315861890e+01 5.090788728900644822e-01 -1.531031169840710304e-01
8.347624019616277735e+01 3.194540200652105089e-01 -1.063454333079448766e+01
9.636545335574896853e+01 7.133619929308868679e-01 -6.202321982348817375e-01
8.763742952016728793e+01 3.682227669956711358e-02 -4.173242307732882850e-01
9.175985148341781894e+01 4.653542068492604322e-01 -1.514821379799789203e-01
8.497338228042872288e+01 1.550979385256551907e-02 -7.733427690408281041e-01
9.580935242695464638e+01 5.503327965868695104e-01 -4.426340713914226899e-01
8.372129121589800604e+01 5.284635276871195719e-01 -6.978022171985299060e+00
9.095772250792191471e+01 1.588051140015032114e-01 -5.273410840274881002e-03
8.108276691262383906e+01 7.455005807078188829e-01 -1.612627689363919536e+00
9.552933983648190974e+01 1.792251830515663794e-02 -3.937880206824638241e-01
9.477265310403325316e+01 5.592149364230887265e-01 -1.931497206069253403e-01
8.024714492919947872e+01 7.882172477944981992e-01 -8.476171702704948796e-01
7.480919867261405898e+01 2.305642240503226470e-01 -2.707834915464845671e-01
7.559762381394374131e+01 7.685349570887634041e-02 -3.302904932697490747e-01
9.591533962710434480e+01 3.091028184319175587e-01 -2.310145874626968188e-01
9.284346310630759547e+01 7.007266253730961569e-01 -1.379406302956255603e-01
9.058192628597043949e+01 7.281676645141552662e-01 -1.173619185698603351e-01
7.140482755846682039e+01 5.408127294794529138e-01 -4.391908573210875133e+00
8.284615166851303059e+01 4.990865926310758538e-01 -7.206795395364042456e+00
8.959242603382702441e+01 6.912529815395910271e-01 -1.419185134181201458e-01
9.127554017094402639e+01 3.274484356310687905e-01 -9.414023713471829369e-02
8.804155464142837673e+01 6.587994518724111792e-01 -6.973514609316602275e-01
8.729211568886590555e+01 7.922012500797696033e-01 -1.097637938238775979e+00
6.763658309695574644e+01 6.658859872280984415e-01 -3.326030923254464255e+00
8.908823972963368476e+01 1.513875412792140551e-01 -4.599748805933401991e-02
8.955200174811309921e+01 6.233822741720124183e-02 -1.489383219655632529e-01
8.690926980952463055e+01 5.100486252531843956e-02 -8.279623219543174040e-01
9.235888454674957870e+01 9.935985530184121561e-02 -3.478216608955366287e-03
9.964134488912333154e+01 5.184096908244623103e-01 -8.602389565508109515e-01
7.312551162959650242e+01 9.481779800510403700e-02 -8.524903696472280190e-02
9.807507063333645192e+01 1.603198378484300413e-01 -7.747778265103441031e-01
7.330150123399639028e+01 7.656753711453357925e-01 -7.024966939005156119e-01
7.875564124373407537e+01 1.393168260636908073e-01 -6.197900092846025943e-01
7.920877149396801542e+01 1.891865518906820087e-01 -8.213538802340049072e-01
7.892433088143512521e+01 2.723726098910578819e-01 -8.535662894050981553e-01
7.531430099014100676e+01 2.646951446351545334e-01 -2.546273606770101394e-01
8.841362717267466564e+01 6.773143049736223276e-01 -4.047333594368723308e-01
7.629648173881861339e+01 1.208950585018925827e-01 -1.107841996372855575e-01
6.962486556870848631e+01 4.313154367397281641e-01 -5.071072784812420409e+00
8.300242793928245533e+01 4.623258041916223360e-01 -7.969343791586185333e+00
7.372598134594213093e+01 2.403559726930842300e-01 -8.272265226279039430e-02
7.611212303552244407e+01 6.315656133232749880e-01 -1.004379693928007106e-01
9.873347581504299342e+01 3.648933880347299819e-01 -8.341136236478813304e-01
7.101625009917806608e+01 3.961689657016287391e-01 -4.879366028255384791e+00
9.521762594637303323e+01 6.555277440947394618e-01 -3.764695241376186385e-01
7.179807312692415167e+01 2.386241901167137636e-01 -3.325732759197972399e+00
8.665436234815120997e+01 1.169441424120528233e-01 -2.677496240768682867e+00
8.532838134780271844e+01 5.713491288833602022e-01 -3.959639404568404686e+00
7.690470791719904753e+01 3.893456490145564275e-01 -1.090453547956601321e-01
8.585028748779166108e+01 3.780922443826396639e-01 -4.175247667695404452e+00
9.774422013350626059e+01 5.673426117252409195e-01 -5.958248290617786935e-01
8.071223635215510228e+01 4.287046903410923759e-02 -1.845510095913242443e+00
7.513732321120724578e+01 6.042811120915900780e-01 -1.003261367951627375e-01
7.036439197238711074e+01 7.276466965285841582e-01 -4.398837352640411424e+00
7.219010267306137507e+01 4.209685920488930311e-01 -2.999467893795179751e+00
9.337838669481583054e+01 5.228396806792144913e-01 -8.815088178077880310e-02
9.695644634567976539e+01 6.433562425890588798e-01 -6.252585161470862740e-01
6.937253216017256818e+01 2.108283977027460565e-01 -5.293583399488156260e+00
9.672892043979807397e+01 2.027994595103511655e-01 -4.573890795550732830e-02
7.284680491157931215e+01 3.060895718137967084e-02 -5.446990479366529136e-01
8.345982062936209900e+01 1.676047385512892118e-01 -1.293346921263800375e+01
8.336433527686375555e+01 1.729703561106755161e-01 -1.292674465629420943e+01
8.333478705449729773e+01 1.708264404708915440e-01 -1.293286500260274074e+01
8.345595738161462407e+01 1.642324006444910445e-01 -1.293331334007205591e+01
8.342418869850516217e+01 1.759270733679194065e-01 -1.291527190449882312e+01
8.334518792125336972e+01 1.676920217419919923e-01 -1.293712291863909059e+01
8.345528711514995734e+01 1.667180775452748454e-01 -1.293401089323716491e+01
8.343662908699955949e+01 1.672743408335090609e-01 -1.293443275573683238e+01
8.360690658137613696e+01 1.669426926250502374e-01 -1.288907044444476924e+01
8.346213343073341662e+01 1.650804107691643541e-01 -1.293361604472909221e+01
8.345024534933523341e+01 1.600336412921627427e-01 -1.292614397906938528e+01
8.342540136742300660e+01 1.616949821718350611e-01 -1.293106720423727296e+01
8.341437969579345690e+01 1.643600446453531427e-01 -1.293497960543330549e+01
8.342057154304197297e+01 1.598954860634911601e-01 -1.292707150206329025e+01
8.338914560091666317e+01 1.586137907720903406e-01 -1.292458025732228677e+01
8.339801725913693531e+01 1.602535548931146581e-01 -1.292899992884320248e+01
8.343536788084917077e+01 1.592819454578417449e-01 -1.292462487978751717e+01
8.338544279942264836e+01 1.744283412884197748e-01 -1.292163834003128997e+01
8.334639851176478942e+01 1.755173129662788156e-01 -1.291851749078296585e+01
8.340350742293091457e+01 1.699809078224805148e-01 -1.293251980446085803e+01
8.343704277391086066e+01 1.552593795517390740e-01 -1.290822257133577367e+01
8.341753615090405560e+01 1.750837923686107134e-01 -1.291859938891031412e+01
8.332442555981765508e+01 1.684768088711204870e-01 -1.293699176005412177e+01
8.344697829611237694e+01 1.636252904837779687e-01 -1.293308543424243773e+01
8.329659739663742357e+01 1.639247306754000044e-01 -1.293896697995315392e+01
9.981069579102754119e+01 7.176971663447755112e-02 -2.957747904094803371e+00
9.412705082097056675e+01 3.624928761691130763e-01 -1.268329667327054711e-01
9.530006274373400288e+01 1.877493101233668749e-01 -1.214918968700898771e-01
7.414642300638452355e+01 2.677470250023820109e-01 -8.055558321080526218e-02
9.164914623045730480e+01 4.171713419762099750e-01 -1.349757369713588673e-01
8.385120138260157319e+01 1.393176841818504208e-01 -1.246974224569431300e+01
8.982629905134402293e+01 4.241170925326607222e-01 -1.188409727637304292e-01
9.488296055085945113e+01 5.820183001289873648e-01 -2.675684817869426468e-01
7.384640170403798720e+01 4.945417626135452105e-01 -9.573984024837113582e-02
8.841652201790668641e+01 2.244389571736949973e-01 -2.619098819991039773e-01
6.829347038105385082e+01 3.231916062379753402e-02 -1.860470209526098317e+00
9.280523256437405166e+01 5.420403985027401061e-01 -1.190099235003155981e-01
8.671451754340715468e+01 2.480292021922649026e-01 -2.657525997132208495e+00
7.691164416931010805e+01 5.145846000511977020e-02 -1.976005846796184684e-01
7.585389041102121155e+01 4.518610079938941045e-03 -9.061356677426098127e-02
7.646561285095292249e+01 2.869442254748048593e-01 -9.507150513644371803e-02
8.226479920230318044e+01 2.415068859162087245e-01 -9.242019369403228879e+00
9.012750176876102159e+01 3.563390984274175111e-01 -9.538970300925873891e-02
9.700605590034936654e+01 2.991092121171274876e-01 -2.166387181654435001e-01
8.642689661226366127e+01 5.191509344990351549e-01 -2.309157476332402315e+00
9.950162071998749980e+01 5.906427662233147968e-01 -7.502101913350673890e-01
6.859315225767569757e+01 4.369567253554015318e-01 -4.539110250033319360e+00
7.824249988566573677e+01 4.872303120154010125e-01 -4.722820362115532355e-01
8.040941008984489713e+01 6.199039668721229024e-01 -1.181212312991790858e+00
7.730324009501059379e+01 7.051953730188669223e-01 -1.655679186730318053e-01
8.935962214676925441e+01 7.503940883347954838e-01 -1.647683108618155090e-01
7.195983891291371037e+01 6.692897808316435881e-01 -3.306355404501243100e+00
9.426016364216205545e+01 7.842726397055750642e-02 -1.027006097837587437e-02
6.696938539297519810e+01 7.729926225244696525e-01 -2.672904731473984885e+00
6.762183176409031660e+01 4.570207981542900172e-02 -1.623274058708468415e+00
8.755262145646818794e+01 1.580996243915810950e-01 -8.012867026353368560e-01
7.663543540741181914e+01 3.851591917727408831e-01 -9.211450639181938127e-02
9.807525309298787874e+01 7.198296946812878794e-01 -6.819739343640092155e-01
7.882575565259314487e+01 5.933668141621043501e-01 -6.621368050657984172e-01
8.345832474470074658e+01 5.228641213977537339e-01 -7.319219427979209769e+00
9.785977688250514461e+01 2.947923987465862761e-02 -1.299715499099342919e+00
8.411350795213574827e+01 7.007869604856115098e-01 -4.818075313328560760e+00
8.421703074608193162e+01 2.933867207694875190e-01 -9.834337794307300484e+00
9.237260819330475670e+01 1.328997055312690634e-01 -8.620592118082718571e-04
7.618628739854877097e+01 4.519356043771182718e-01 -1.072162341956694742e-01
8.611997755989499126e+01 7.768669147512987649e-01 -2.235641068585425995e+00
8.858897753994779123e+01 2.321650740888309139e-01 -2.711013363834844370e-01
8.088706523180960062e+01 4.971196871551668561e-01 -1.782849806477000643e+00
7.241476262334614944e+01 6.812464509342105456e-01 -2.184524314444266757e+00
8.692024883320026163e+01 1.632401180740139790e-01 -2.197992347337109020e+00
9.150430611784236135e+01 6.747456171152690363e-01 -1.797554084982920519e-01
6.924551571659131355e+01 3.364567903298334994e-01 -5.229774110826786782e+00
9.047482548498808796e+01 2.179844584914168437e-01 -2.792608196112151414e-02
9.584062407810081652e+01 6.627049898453363230e-01 -5.292021694979128776e-01
7.990414608237203709e+01 8.426865119950070759e-02 -9.351837922218944055e-01
8.510894477929593904e+01 7.957886208402658035e-01 -3.229275129821703505e+00
7.090434240189449611e+01 3.776562694001645015e-01 -5.089646377701340541e+00
9.727057124122569576e+01 2.020900927183938711e-01 -1.475645206869106718e-01
7.431895890859351539e+01 2.158009165914064401e-02 -5.813582003513052543e-01
9.867882379096039358e+01 4.129703378770522848e-01 -6.887276540275678594e-01
7.959154891033685431e+01 6.930081100750931089e-01 -7.630149446852387829e-01
9.079588486023490645e+01 1.091740792501161572e-01 -3.208603415917666169e-03
9.620630571213612825e+01 6.521353390140376405e-01 -5.740425345157206261e-01
7.778536558429000536e+01 3.966695195221330295e-01 -3.897847623092119407e-01
6.722939089652115285e+01 4.053500183691837733e-01 -3.205377387289333857e+00
6.812937417858745448e+01 3.200155706088130270e-01 -4.406862843993562429e+00
8.899571120813240555e+01 3.462420544186204374e-01 -2.224228856672542110e-01
9.308123139960008530e+01 1.823340131101256478e-01 -2.175218495765206955e-02
7.171932458147007594e+01 5.547941233856311660e-01 -3.844796977330231513e+00
9.206422831786967720e+01 7.380272636777029938e-01 -1.798622795692558229e-01
7.526871002353345830e+01 7.649078093234127351e-01 -1.057922313763218214e-01
8.289425661373091714e+01 2.086741000063880025e-01 -1.204421240834418150e+01
9.845687152388649110e+01 6.013549590363957975e-01 -6.566164132473033543e-01
9.996075092437720855e+01 7.254081735073678594e-01 -6.492171121445340365e-01
8.165109384847215779e+01 5.305000890142169689e-01 -3.945364742068036001e+00
8.550741195441301556e+01 6.143333080528372570e-01 -3.248109363094728419e+00
7.498061597932331779e+01 1.007497026170564025e-01 -5.486064751687373953e-01
6.968295566243988048e+01 3.096633681011112249e-01 -5.448557183447851671e+00
7.008056904937905074e+01 4.712200446358242312e-01 -5.056759559943110993e+00
8.479293077510233445e+01 2.783903682666532542e-01 -8.618148177556154366e+00
7.029050053958550848e+01 9.155706593246962233e-02 -3.576766434507110848e+00
7.799696705080610570e+01 1.168502223821635683e-01 -4.165630985191640101e-01
9.894033941134543397e+01 4.611415339300640182e-01 -7.804254655922180373e-01
7.342012438390206341e+01 5.508771330802021415e-01 -3.683120753992162322e-01
8.560947226248438824e+01 1.493135926704032834e-01 -6.351022673785094774e+00
9.492004393148732788e+01 4.433325523307249938e-01 -2.240605447657775806e-01
8.216526316955608422e+01 2.618550273568731601e-01 -8.008336331254774620e+00
7.315422061379445040e+01 3.315039195708874842e-01 -7.025845282091182087e-01
8.259698636836502317e+01 5.833979305546654892e-02 -7.404294039569882635e+00
8.813478719984495058e+01 1.739425189827162876e-01 -3.592485607417107429e-01
7.126876336881592522e+01 7.580331653557317306e-01 -4.120238107930410898e+00
9.101616333516824398e+01 1.211959283789621478e-01 -3.124095184482444422e-04
9.672631835668184408e+01 6.295024283624389705e-01 -6.151303722058466539e-01
8.086064719934861955e+01 1.468445478882171931e-02 -1.302047216264395457e+00
6.908737067419529865e+01 7.306182210599290183e-01 -3.806543814301631468e+00
8.782979753450973703e+01 3.174440691087494493e-01 -8.306156597891085624e-01
9.377903647968881273e+01 5.673499077850822081e-01 -8.615215669922252073e-02
7.908669237516298267e+01 7.843082723024461522e-01 -5.863655829433265243e-01
7.281016846569171719e+01 6.466784986958653558e-01 -1.470672253287464759e+00
7.921609769591439942e+01 4.742206076763484379e-01 -8.274567800619565539e-01
9.341183040151275918e+01 1.924962447977377200e-01 -4.381422832950727930e-02
8.148114932854409176e+01 5.073595124506403709e-01 -3.334667736117580272e+00
9.655200741893463601e+01 6.382071826653434865e-01 -5.989539868451709825e-01
7.462839758631639597e+01 3.757804442864418615e-01 -9.861311623523610903e-02
7.053432468857147342e+01 5.755856216441204154e-01 -4.812119163908319841e+00
8.331007032176968607e+01 1.947909639987494002e-01 -1.259003689193397868e+01
8.340139495993365415e+01 1.862399398438067122e-01 -1.285676294658885155e+01
8.349307158718011124e+01 1.806976675987243819e-01 -1.289143298369747548e+01
8.356503653509258811e+01 2.647427558898926003e-01 -1.168904733569759458e+01
8.370720039154900860e+01 1.335526881623814444e-01 -1.265922553316344334e+01
8.332278756715416534e+01 2.313331127166748102e-01 -1.217599302518531523e+01
8.311960462573404129e+01 2.107509613037109597e-01 -1.244797737784095126e+01
8.373839869805834724e+01 2.173995733261108454e-01 -1.238012763429543561e+01
8.390790362528424851e+01 1.596445322036743331e-01 -1.258830366872151174e+01
8.356991435027779858e+01 2.367474706283169972e-01 -1.220274707505476641e+01
8.419140404949413892e+01 2.084774747571764564e-01 -1.155362608324328022e+01
8.382508665729049824e+01 1.230921983718872154e-01 -1.216964353425640155e+01
8.326552527458981956e+01 2.412486314773559792e-01 -1.202870943693282513e+01
8.441350227537732565e+01 1.862210035324096680e-01 -1.110057522468119195e+01
8.409613572208844801e+01 2.023694515228271484e-01 -1.163417158527080453e+01
8.322304883576637735e+01 1.682282686233520508e-01 -1.269474271613534633e+01
8.369731225319192447e+01 1.920781970024109109e-01 -1.272343759617987935e+01
8.318024782648333826e+01 3.253454685211181752e-01 -1.034119105795552507e+01
8.403905612831235317e+01 2.585600137710571400e-01 -1.120423191386660200e+01
8.433023168981037543e+01 1.706218365375872792e-01 -1.123164056547695822e+01
8.269057451605503672e+01 2.523598532349153323e-01 -1.095188718654798166e+01
8.302490776916512516e+01 2.777010440826416238e-01 -1.113633895448924527e+01
8.295287277997742592e+01 1.678740382194519043e-01 -1.218590681725721758e+01
8.287819199521337055e+01 1.342762112617492676e-01 -1.187359664927804559e+01
8.286115995807696777e+01 1.754239678382873702e-01 -1.220690763923243516e+01
8.394680309237385529e+01 1.492350485892592615e-01 -1.256223364185514235e+01
8.396256327371563088e+01 1.834433087602157508e-01 -1.247107127898713763e+01
8.345227169100222397e+01 1.533442207419759007e-01 -1.289672976268243509e+01
8.357664267118697410e+01 2.117841450830360572e-01 -1.258656738237508499e+01
8.302959380228818986e+01 1.645521208765609866e-01 -1.216412484552932050e+01
8.289659996080247595e+01 2.111159822281229170e-01 -1.202251988590612086e+01
8.307083029828892506e+01 1.974657388946483294e-01 -1.210777150479140474e+01
8.352919850799986534e+01 1.947067022510635403e-01 -1.278401285444673618e+01
8.397648846435005510e+01 1.621409177780151478e-01 -1.259217803556958692e+01
8.362114975732481525e+01 1.601765155792236328e-01 -1.289312916880442117e+01
8.303265806256095516e+01 2.088125500124699274e-01 -1.202932064908362619e+01
8.400713787799540455e+01 2.342044229017361534e-01 -1.169608068175822346e+01
8.342045005452339979e+01 2.761336811489880083e-01 -1.143751750316749849e+01
8.319786879576423644e+01 1.217146978938422469e-01 -1.210873586184610673e+01
8.373072215711540878e+01 9.024864435195922852e-02 -1.073519557177271011e+01
8.328587377146035919e+01 1.901374262889011790e-01 -1.262397862715917896e+01
8.378770679024677293e+01 2.267861485729510962e-01 -1.222632692922035424e+01
8.350327757311748655e+01 2.381900072097778431e-01 -1.217536307672402884e+01
8.395276888593508602e+01 1.971827029533232134e-01 -1.231120960949221477e+01
8.375457468047831355e+01 1.994433522224426381e-01 -1.264094695417879954e+01
8.279909201449169132e+01 2.495925724147811386e-01 -1.097224601257732779e+01
8.411336662016466903e+01 1.351901723116989695e-01 -1.189586215898530419e+01
8.317089572716047030e+01 2.437134981155395508e-01 -1.199115806764604386e+01
8.317116565285778051e+01 1.263354301452636885e-01 -1.223319121231536499e+01
8.271466302726109632e+01 1.399154910932712825e-01 -1.117561799148559309e+01
8.330544107564678313e+01 1.356969823135666109e-01 -1.270930867403531472e+01
8.327693953805841431e+01 1.948787820718523578e-01 -1.259138107065217049e+01
8.380852807932896553e+01 1.593971610069274958e-01 -1.258057792319524104e+01
8.350359543504001181e+01 1.754170346447357087e-01 -1.291539401909318663e+01
8.332074043168555022e+01 1.629443691868442956e-01 -1.293714475358041760e+01
8.311205173082119302e+01 1.709633242347492754e-01 -1.270528878658574001e+01
8.367777214125005969e+01 1.796836543851468571e-01 -1.283305535100399730e+01
8.382710333141683634e+01 1.675026110497821741e-01 -1.256625931765709581e+01
8.377320921353495464e+01 2.074775877425693305e-01 -1.253413285633947716e+01
8.356450626005327820e+01 1.996704808136228748e-01 -1.273340531289610666e+01
8.390005397203631787e+01 1.427512650655209103e-01 -1.250957859994519339e+01
8.327757432764458656e+01 1.947371006011963113e-01 -1.259241913318797046e+01
8.360951349780037845e+01 2.216958616921569369e-01 -1.229831514159310757e+01
8.394738768751147973e+01 2.196281828537272607e-01 -1.195843696523944466e+01
8.349491183459612387e+01 1.965063068557128256e-01 -1.276626915433735121e+01
8.302467746649051605e+01 2.268728723745356557e-01 -1.184957905207232898e+01
8.358069533741242196e+01 2.268911838531494363e-01 -1.236535740429946451e+01
8.384263293904062664e+01 1.402572099302571151e-01 -1.248038119190589690e+01
8.300203445200180852e+01 1.820542833196312771e-01 -1.218017309941644299e+01
8.311606672990390621e+01 2.376265881634102850e-01 -1.171283510287023866e+01
8.298695916036535891e+01 1.524147078996979376e-01 -1.209570944980516494e+01
8.353735951632850742e+01 2.294695854187011885e-01 -1.232271856758841366e+01
8.305815927022038636e+01 2.041603646079859224e-01 -1.206379175553035843e+01
8.320153155628686648e+01 1.724757313728332575e-01 -1.269655372726808018e+01
8.315608878276755433e+01 1.595899754928396530e-01 -1.267957444087013563e+01
8.359771060603249282e+01 1.515785266046374424e-01 -1.286497104374098654e+01
8.357682632626030284e+01 1.411651984314477859e-01 -1.277458200653722109e+01
8.373696336278278807e+01 1.823004154226518514e-01 -1.281650515563633164e+01
8.378171192483679874e+01 1.621246820777731135e-01 -1.257638717948823626e+01
8.359066305047817025e+01 1.655260599325351356e-01 -1.289113896530011871e+01
8.396622029017926536e+01 1.506665361385993163e-01 -1.257104614806048737e+01
8.336363679242734293e+01 1.646390268807036428e-01 -1.293700361991970382e+01
8.350945789823526866e+01 1.837788491474116048e-01 -1.287270229543936217e+01
8.366382891556953894e+01 1.790949931944785800e-01 -1.283647149829262979e+01
8.342895389016894114e+01 1.571619707687611778e-01 -1.291734251043689241e+01
8.340903763882613475e+01 2.007962293696714251e-01 -1.272005396875095329e+01
8.306989986925864855e+01 1.597124902307790750e-01 -1.268895664003923862e+01
8.346561575873577965e+01 1.967932826919453204e-01 -1.276328952454155008e+01
8.354786552747390260e+01 1.752466159888094177e-01 -1.285515405628752461e+01
8.355447099658681509e+01 1.591506723335399665e-01 -1.289057177827599254e+01
8.326094030215892872e+01 1.690986653564470477e-01 -1.269180557648734897e+01
8.339081214179668677e+01 1.035139081970921221e-01 -1.171564051339488799e+01
8.329717679948996079e+01 1.616085656401770876e-01 -1.293606536961244657e+01
8.336835521244489655e+01 2.024775505065918024e-01 -1.270042927664479038e+01
8.314434447553121288e+01 1.498874876508911047e-01 -1.261671894795094850e+01
8.351592970381345538e+01 1.966260790824890248e-01 -1.276509542989016310e+01
8.338577152610970700e+01 1.862546535186690999e-01 -1.285677805848311017e+01
8.355689218573422750e+01 2.244650577923171242e-01 -1.240264175948820302e+01
8.345902448916208982e+01 1.384385881873347046e-01 -1.274084224839580060e+01
8.365047922436602335e+01 2.009884813091961375e-01 -1.261426290219786139e+01
8.355413593546077777e+01 1.526968893243587644e-01 -1.287045377891068654e+01
8.358442511600134139e+01 1.949010161260262552e-01 -1.268497640483058930e+01
8.353742705403458046e+01 1.353172148108655326e-01 -1.269313791849554107e+01
8.368837631950442812e+01 1.486982470722294503e-01 -1.284666044310918309e+01
8.336873965794237051e+01 1.530323108088480488e-01 -1.289931845716211356e+01
8.339885423834189737e+01 1.958228358906544675e-01 -1.277292452426074654e+01
8.346793717443125615e+01 1.560735051376194171e-01 -1.291062672979393255e+01
8.340077986407666799e+01 1.810012951669342507e-01 -1.289117462535426739e+01
8.368233655988325381e+01 1.734293514679951242e-01 -1.286959621962092903e+01
8.348678961799112130e+01 1.591211303865249782e-01 -1.292176925717337177e+01
8.333755638437554580e+01 2.018554068915111854e-01 -1.270732286083610774e+01
8.345825276148026717e+01 1.666078023557052978e-01 -1.293393310885648084e+01
8.345316131175118812e+01 1.956162151994753351e-01 -1.277510527297432752e+01
8.361930601778158234e+01 1.482077811084021868e-01 -1.284297972479863681e+01
8.356360780008793654e+01 1.651868087460341972e-01 -1.289087941319993469e+01
8.357844068104347457e+01 1.347510213182905037e-01 -1.268299312209822283e+01
8.332507293495064005e+01 1.875661288948668737e-01 -1.284714660496426752e+01
8.356964936622874518e+01 1.548069860990598789e-01 -1.287964858834245163e+01
8.378281811664453471e+01 1.745436166848418902e-01 -1.252513989624122104e+01
8.351400969106148864e+01 1.496804891579099905e-01 -1.285305424321111900e+01
8.342584605767842731e+01 1.450032712705714433e-01 -1.282820008727657779e+01
8.322565226747140343e+01 1.824584811034562215e-01 -1.266896832537397088e+01
8.330067078907916311e+01 1.570513141364317800e-01 -1.292294634347520166e+01
8.366895284638398778e+01 1.580938192853452440e-01 -1.289061649101740770e+01
8.352960046345060618e+01 1.633136949533492421e-01 -1.289181192263166587e+01
8.350104682481217822e+01 1.777958360904225710e-01 -1.290578954022783620e+01
8.336556980804661521e+01 1.709579394522525164e-01 -1.293175333988878073e+01
8.350786079008615559e+01 1.842666254882407983e-01 -1.286951945959524757e+01
8.340243466712834675e+01 1.606632923255380263e-01 -1.292981838493038182e+01
8.355415321376838733e+01 1.529093354951389094e-01 -1.287147232482944581e+01
8.337061331788127916e+01 2.272121120906849812e-01 -1.235354195867328286e+01
8.326721665893948909e+01 1.592284609191114420e-01 -1.266630506998843764e+01
8.333082728461727129e+01 1.586886965792809467e-01 -1.292743039286460061e+01
8.373914654433470162e+01 1.659482284984340195e-01 -1.289444225680192702e+01
8.341461772933394059e+01 1.615110004826846302e-01 -1.293115349775222001e+01
8.334540433066592868e+01 1.208970595755280847e-01 -1.237173549260762684e+01
8.341139399498747764e+01 1.567852782065997097e-01 -1.291661945266199396e+01
8.357832607173611450e+01 2.046590498777004774e-01 -1.255974407885636168e+01
8.340822626967505471e+01 1.694009420643584340e-01 -1.293327308722435376e+01
8.344745206263912962e+01 1.542721455554314502e-01 -1.290241642291748825e+01
8.349769385446572301e+01 1.691685628272442676e-01 -1.293079275589555266e+01
8.338342669134000573e+01 1.734349974916872261e-01 -1.292489874957164808e+01
8.343565828631032844e+01 1.652087369242572490e-01 -1.293464120632112291e+01
8.350667088947443517e+01 1.514262877511456662e-01 -1.286348322155260249e+01
8.346563517107155405e+01 1.655439614990182884e-01 -1.293364868973237769e+01
8.318435238439496970e+01 1.705128093867211425e-01 -1.269902977784214571e+01
8.329275757681115522e+01 1.757089659129351666e-01 -1.268433392409496285e+01
8.354339584052262069e+01 1.659537776117007146e-01 -1.288911426614883915e+01
8.348684950676113203e+01 1.665590664094488693e-01 -1.293293746570142311e+01
8.330621016658622580e+01 1.458868590020684919e-01 -1.284524975339554587e+01
