2.322140680118154705e+02 3.247673719339982945e-01 -4.185109738739257179e-01
2.240904548819077604e+02 3.125200145313145605e-01 -4.420612839631929525e+00
2.151989618987956590e+02 6.385713392803035182e-01 -5.350192926237613555e+00
2.700333636875877801e+02 7.168108757446507440e-01 -4.537408596762666058e+00
2.143511441105098356e+02 7.467232966014686335e-01 -6.022285981146171530e+00
2.713152022351191590e+02 5.213514067356345150e-01 -5.271095567132137560e+00
2.435851518326986422e+02 5.403397551217770101e-01 -2.384977343988928311e+01
2.980564278034187851e+02 1.889043203284973271e-01 -8.121305046984414133e+00
2.094493990241810195e+02 5.870283512863042757e-02 -3.617503999763354572e-01
2.915099862376382589e+02 3.914071229397200757e-01 -2.925021114306065595e-01
2.838498329538133476e+02 7.959204811405928837e-01 -5.275222314662154632e-01
2.012999889934640976e+02 2.428163410559611712e-01 -1.543649213464765579e-01
2.069696938079068502e+02 7.845487110099145234e-01 -3.158258921800241481e+00
2.895234854100276607e+02 2.515370290115599983e-01 -2.027527674986768336e+00
2.062594511668948769e+02 2.828261779171892809e-01 -2.708260627422210298e+00
2.032603954026126587e+02 7.099803541952359742e-01 -1.125193671362388237e+00
2.799374519594088611e+02 3.868188469986429123e-02 -2.699769986492705609e+00
2.626935549901493800e+02 6.944917568434844091e-01 -6.186686621878780823e-01
2.467934565159959561e+02 4.253729025178116796e-01 -8.798320340675298112e+00
2.404799822872846278e+02 1.065540604138980191e-01 -6.196354560618487994e+00
2.407881850245581461e+02 7.645729088423651731e-01 -8.783475389892421603e+00
2.275766918159937404e+02 7.744164400497910439e-02 -9.924689236044789142e-01
2.017022355110044884e+02 1.552694828627686763e-01 -7.183817442436135625e-02
2.519617632782263854e+02 3.710064944807729415e-01 -4.133123377108263719e-01
2.488686640237644667e+02 7.719231078144040969e-01 -1.403878344507204945e+00
2.782435554552300800e+02 1.332052875790849522e-01 -7.076501518711673988e+00
2.505449818367741557e+02 2.582328529918832549e-01 -2.361562812650902232e-01
2.454322395637828720e+02 7.787328741219611272e-01 -1.249186169274463154e+01
2.723664346183169869e+02 3.037958887400825647e-01 -7.081882424844445190e+00
2.387766547526146041e+02 4.446099384825143996e-01 -2.325534875755054909e+00
2.956840805130796070e+02 2.238190384613671646e-01 -3.771227049341868032e+00
2.693549712988643137e+02 6.584821376096506862e-01 -5.121772121988801274e+00
2.810968334526451144e+02 1.411319089701076057e-01 -3.595966382217782087e+00
2.194849256326125442e+02 1.671746450695688058e-01 -7.677290426998772954e-01
2.283520096417182685e+02 5.633542618023574811e-01 -6.754534434159100709e-01
2.884249013132741766e+02 4.031951831971999356e-01 -1.150455145927682832e+00
2.757682546287256855e+02 2.954162622623553447e-01 -4.464972500688205059e+00
2.163066172879325393e+02 1.255764227237085862e-01 -7.088338239417798503e-01
2.868038891708378628e+02 1.609623477227746860e-02 -4.020838938949827801e-01
2.080875363329780043e+02 3.321415024880751687e-01 -8.850158102912143721e-02
2.198280657670075300e+02 2.023995535919972388e-01 -1.405676049185411891e+00
2.116683860401038544e+02 5.858481841995274442e-01 -7.886678019096315495e+00
2.929537204194997457e+02 5.733310857438430608e-01 -8.310373361991751917e-02
2.546283707900956870e+02 7.028364301127562053e-01 -5.053142873881900227e-02
2.861238382858339833e+02 4.643135757436743782e-01 -7.189932653913547744e-01
2.649472244687144666e+02 4.913849352788742242e-01 -1.218741979310032475e+00
2.219765686128400262e+02 1.382759201382775111e-02 -1.530370722197223810e+00
2.045069088325166433e+02 3.942662430104013627e-01 -1.826767793243508908e+00
2.509999338211608801e+02 6.488525157490082629e-02 -9.933405261503438499e-01
2.006302502243898687e+02 1.181182428796002937e-01 -2.800402797014046041e-01
2.769024699232796820e+02 2.260417742384609463e-01 -5.380217528426502582e+00
2.228731959113848973e+02 1.745421084027160286e-01 -3.148678368204120837e+00
2.531298020895249010e+02 4.170393464050245469e-01 -2.162209368290932410e-01
2.587936103370757905e+02 4.574883734177401795e-01 -3.701409295638694030e-02
2.789982118086018090e+02 5.141774919183348530e-02 -4.389073524676240012e+00
2.582148166600877062e+02 7.549168617701639272e-01 -1.022533518365218407e-02
2.358947872657005860e+02 7.348704400997466690e-01 -5.651289616254568521e-02
2.729434173421220748e+02 6.219046093747401249e-01 -3.468849454880525318e+00
2.479765755902913327e+02 4.506925249945363254e-01 -4.164568903929639632e+00
2.952413774965423272e+02 5.303263085704428281e-01 -1.690114455761233092e+00
2.208097005909891379e+02 6.142672288677594183e-01 -4.507165542076939424e+00
2.970086241972034031e+02 6.032205413123569171e-01 -3.846257424942006509e+00
2.418770355004802184e+02 9.711751896119870386e-02 -8.025792998891473573e+00
2.132805717525023681e+02 6.852577618986838148e-01 -8.642647723083850764e+00
2.656292572326031518e+02 6.491286791239921916e-01 -1.297948931995971389e+00
2.313869123925403528e+02 2.444396386453549785e-02 -1.693954697787448449e+00
2.247412735250199205e+02 3.396634225022336206e-03 -3.536306228151235409e+00
2.328390843557789935e+02 3.051372626041692904e-01 -4.129209139104459414e-01
2.572905717597529929e+02 2.694841833329448266e-01 -1.155427062984424186e-01
2.544795226560663366e+02 6.456042838095407133e-01 -7.025329466147134383e-02
2.992545418435613556e+02 5.459169235340033399e-01 -4.304150533674783397e+00
2.305908200261161767e+02 3.805464722315943793e-01 -1.099734012083325024e-01
2.743315125358582804e+02 2.140340491666246625e-01 -7.595286174417586800e+00
2.171843082377558289e+02 2.334389461196156312e-01 -1.805525758363426769e+00
2.344704470773193918e+02 6.253290338228953971e-01 -7.214182407311063583e-02
2.114522933888221132e+02 9.532893543491405275e-02 -3.059497892156480270e-01
2.749543172189450502e+02 3.392212334867936718e-01 -4.749385868696252011e+00
2.260760069055732231e+02 7.227808355588369871e-01 -4.422859925432618411e+00
2.101354832152316590e+02 7.428227026619815820e-01 -6.416489100214115560e+00
2.370955240042353296e+02 4.728436949876971274e-01 -1.448209185651066599e+00
2.670884064150919244e+02 4.839937773648583796e-01 -2.410897055318752980e+00
2.347813289140342192e+02 5.081423608125773539e-01 -1.014074740433562605e-01
2.935676604285526423e+02 5.155447769240567579e-01 -3.215355345155764821e-01
2.619043869315508459e+02 1.974998817431454778e-01 -2.168787327218240912e-01
2.459863704890535985e+02 6.705157099499348128e-01 -9.562755301222278348e+00
2.918124288577190555e+02 4.459721153385070441e-02 -8.415804614328828981e-01
2.441130733678770639e+02 1.796624879173878142e-01 -2.159501148331182208e+01
2.287863137443975177e+02 4.384636943552427946e-01 -4.380839650560123810e-01
2.639322307313626084e+02 3.624201504125463824e-01 -8.496552766296607828e-01
2.609499704517886016e+02 3.546634031388353758e-01 -2.824943880170552868e-01
2.679585767267242318e+02 6.750403914780974679e-01 -3.280312631456656636e+00
2.824907801716127551e+02 5.768622300210871634e-01 -8.280291197097615630e-01
2.598419653598763261e+02 4.983940208121757087e-01 -1.442829034717644232e-01
2.561474519552923539e+02 2.727169677352661581e-01 -6.050261122504205918e-02
2.848174174970117747e+02 4.081126282432354646e-01 -2.204965688036867044e-01
2.378619089338998265e+02 5.999300585156553955e-01 -9.419054859863537077e-01
2.898245475397197310e+02 5.586427998311273013e-01 -5.200268583405609490e-01
2.826404571087682598e+02 1.463668128800182655e-01 -3.011362402026683593e+00
2.183613012183381272e+02 3.452906090115242521e-01 -3.914019027721153954e+00
2.055790501597848561e+02 8.745807163484442537e-02 -6.506336588090332329e-01
2.171071960847111768e+02 2.519573395684096551e-01 -2.058500206595449633e+00
2.492046451089499044e+02 2.948720005184158888e-01 -1.260478873539323752e+00
2.809010612522844212e+02 2.449651620081096937e-01 -2.414428486214453606e+00
2.641735287712769491e+02 7.079921786455772859e-01 -9.530572324574858589e-01
2.589805068443670848e+02 2.113551299898374369e-01 -2.121068423505723943e-01
2.254389063609200150e+02 4.085599912388773736e-01 -4.387297215565651776e+00
2.317758666001651591e+02 3.884047386208304142e-01 -3.075518722442927011e-01
2.833759773553738341e+02 3.358914718395702437e-01 -9.176988351554653534e-01
2.536023350313408855e+02 7.210361415131333329e-01 -2.092370426338946154e-01
2.127288036576943000e+02 6.822932416802900413e-01 -8.304392957283923238e+00
2.510256984145314050e+02 7.459690443491762135e-01 -1.104627445592006207e+00
2.934418723577634296e+02 1.081152960787314099e-01 -1.028243837634096325e+00
2.701956938321002326e+02 3.092228588604764017e-01 -9.295052204639926430e+00
2.681846527641409921e+02 7.756415611641672703e-01 -3.301271729311857861e+00
2.845560078300707687e+02 3.222789062855191955e-01 -4.210712603807773569e-01
2.433869922966914601e+02 6.559716488783196020e-01 -2.092844229693507785e+01
2.330653261601513861e+02 6.672982873401843949e-03 -5.521665772157934304e-01
2.057286008609128203e+02 1.641817392034758960e-01 -1.272169667689841299e+00
2.991214163800287906e+02 2.698702017660183361e-01 -7.866501776606853014e+00
2.728282714734014576e+02 5.587216110652140633e-02 -1.785051513807546009e+00
2.220541232467235204e+02 1.808479293219638628e-01 -2.872435645196663945e+00
2.438387749222601997e+02 7.033401534776519970e-01 -2.009995939839670598e+01
2.766341107463045432e+02 3.146383681071898697e-01 -3.611573222026446039e+00
2.664637464882534346e+02 7.750652731257817729e-02 -1.423539628048885453e+00
2.353979136749352676e+02 4.343466654104617963e-01 -3.160561262215458855e-01
2.050312339348350577e+02 3.651247272544855815e-01 -2.465280626979679646e+00
2.201294049531784367e+02 5.581451586473924475e-01 -3.913300439380524853e+00
2.016006910142205300e+02 4.184111501427688617e-01 -6.414939421614127557e-01
2.818027562095635972e+02 4.884906385806896956e-01 -8.934190058152650105e-01
2.721397509757848070e+02 7.925088706727542176e-01 -2.786292664350052739e+00
2.305539374454371000e+02 4.526903577152818214e-01 -1.585149832725539221e-01
2.938105341821744219e+02 6.631994080254391966e-01 -3.713981714393271849e-01
2.178390460703070630e+02 5.421063809501904807e-01 -5.649184144896898907e+00
2.142208719128800283e+02 3.685084299486602877e-01 -6.658206516240153583e+00
2.117984900859258346e+02 2.264114913156171915e-01 -3.460704148458289886e+00
2.797798082493395668e+02 6.932113983871981411e-01 -8.908783305100146377e-01
2.554691998086601359e+02 6.094136741729212492e-01 -2.231952555979179950e-02
2.556839391212694181e+02 1.566221428513069613e-01 -6.189327096273943007e-02
2.449927120362769131e+02 5.119010794777066886e-01 -1.902756946114383751e+01
2.873093873417327018e+02 2.629431172285502938e-01 -2.325585144772069235e+00
2.791941311927137690e+02 7.122762656552206195e-01 -1.028988300533939304e+00
2.880464510608881596e+02 2.350336001736799130e-01 -2.354299769425449718e+00
2.101186610742461767e+02 7.166529957671219364e-02 -3.549414304818732657e-01
2.526575233351632619e+02 2.834781906513288499e-02 -1.096443897550603230e+00
2.667808365628600313e+02 6.032478086169247578e-02 -9.326582796989297819e-01
2.780286810760891854e+02 4.840745756634864394e-01 -1.652584036026425229e+00
2.744984508841578759e+02 5.861818906289204545e-01 -2.235452060850619205e+00
2.273150168876920816e+02 3.524783668351181842e-01 -1.461110243160300470e+00
2.863087739018213256e+02 4.472826861508802931e-01 -9.465761986424469088e-01
2.031850452368744016e+02 1.218442490638656055e-02 -1.977250913416343181e+00
2.384313513499404849e+02 3.512429413600188788e-01 -1.860720345013161081e+00
2.457426411232117971e+02 2.014325121491842285e-01 -1.434408904989331823e+01
2.277036913528147011e+02 7.560912506143790957e-01 -1.347130413699473062e+00
2.710331896728161496e+02 5.484047562159400924e-01 -5.282086314793531301e+00
2.356297680526511726e+02 5.956014369552369292e-01 -1.564151184849705278e-01
2.165109434570961753e+02 3.433763129681872139e-01 -3.213635066149703956e+00
2.467776790256661741e+02 5.140052353056774326e-01 -7.989411658116773118e+00
2.763802757002661110e+02 5.018835081966617206e-01 -1.453967503916324899e+00
2.191396705351225194e+02 4.668520178199314086e-01 -4.080236025297097058e+00
2.147551430678875874e+02 6.061521611310305424e-01 -5.698801860847680700e+00
2.841665462440395231e+02 1.685477589969568979e-01 -1.329474833926885369e+00
2.911056471461782849e+02 6.736433667148244986e-01 -1.608837475617857782e-01
2.339742387701992072e+02 1.451938744407963999e-01 -2.223984815256602465e-01
2.894711680429031162e+02 1.969034205308970442e-01 -2.380335156713449418e+00
2.899797785394338234e+02 1.601274625409128058e-02 -8.455676825417103304e-01
2.618654617355746268e+02 2.766979604827748407e-01 -3.264506030057356956e-01
2.578915927439207962e+02 7.334870777019943944e-01 -3.192949464955389775e-04
2.412316117704096143e+02 4.261957960428171543e-01 -1.452493049603853414e+01
2.650652366690159170e+02 9.044676246879368442e-02 -1.267282244195294894e+00
2.950027124733938422e+02 4.733168316682291321e-01 -1.437672188596305523e+00
2.751256160370216435e+02 5.223728861215043429e-01 -2.099696996407800942e+00
2.567791958972148905e+02 5.625964711132780405e-01 -1.796600295905339054e-02
2.924366366284093601e+02 4.590852248022962989e-01 -1.775283004664915398e-02
2.228133227343955696e+02 3.830672125142270401e-01 -5.460175745961427296e+00
2.077744968271481980e+02 4.027027301148327076e-01 -3.485700432561951168e-01
2.076624898113627751e+02 6.704648093859327806e-01 -1.131691821710147483e+00
1.998607898802783609e+02 7.644787299560245053e-01 -2.098541798517445045e+00
2.967598243644415561e+02 8.700059239262059041e-02 -4.281172616261621933e+00
2.311161378815127136e+02 1.021596620073391554e-01 -7.873934413603731475e-01
2.018930743104227190e+02 3.001251855592544371e-01 -2.751822850190896452e-01
2.689386350831134109e+02 6.259138883931671948e-01 -4.807241200357345257e+00
2.500677891142300666e+02 1.401690353129086686e-01 -8.914183650328100228e-01
2.087171965134159564e+02 7.822648376527494563e-01 -3.795782112709180645e-01
2.266045225022546674e+02 7.374258798059841746e-01 -3.553609868774215474e+00
2.112740565626288571e+02 6.429991651191464541e-01 -8.427777203941213102e+00
2.208884934198103451e+02 5.694382728149239847e-01 -4.524579249112074208e+00
2.397231069019430834e+02 7.872062377681641188e-01 -3.586598529322338802e+00
2.291490183746882110e+02 5.832337225966520711e-01 -4.162853101548544266e-01
2.628562005525965333e+02 3.966371572999848882e-01 -5.838372730537870758e-01
2.984829039176815968e+02 5.352160720806663496e-01 -4.614675312396904872e+00
2.390919860337294551e+02 4.601099747325590461e-02 -1.416262458565164639e+00
2.371574504033987978e+02 6.355404493142371436e-01 -7.821551921871212620e-01
2.525775573198144457e+02 1.327147307612329963e-01 -1.971160338624387831e-01
2.476925637554734863e+02 6.207206878995923383e-01 -4.190999440658026209e+00
2.959669105837708116e+02 1.212117392981016395e-01 -4.050709215802175578e+00
2.605203233540702286e+02 2.237815153691912196e-01 -1.349398081307805197e-01
2.037307179824819343e+02 1.186792125646589924e-01 -1.547078612904562722e-01
2.237873537932906345e+02 2.872907147696316943e-01 -4.413822513090120303e+00
2.420257356424075397e+02 3.612815077315852802e-02 -1.221237812608949591e+00
2.614677367534493442e+02 1.874851457433782953e-01 -1.733271249186034979e-01
2.792099315513119109e+02 5.657377053171581682e-01 -1.208979177876865263e+00
2.453182581113359504e+02 3.839712069521817317e-01 -1.901177798129012331e+01
2.803391775266146624e+02 6.773203656484722002e-01 -6.679711501442293642e-01
2.827168263715469720e+02 5.934581641865385171e-01 -8.029117949336757043e-01
2.525895173244074670e+02 4.733158619962636315e-01 -4.513007883639700291e-01
2.924159857506299431e+02 6.182645222414595576e-01 -1.200356501559635830e-02
2.036134473467203065e+02 8.887776098945238124e-02 -3.962408386828686346e-01
2.185591717116491850e+02 2.103607154782565769e-01 -1.562431280967337965e+00
2.969452382033695699e+02 1.160800366252973670e-01 -5.774588956514241644e+00
2.775698957891980285e+02 1.212530015137034262e-01 -6.907767749337966556e+00
2.002036034637552007e+02 1.802226572114940806e-01 -2.713140705241434344e-02
2.963562932470254623e+02 3.447862820603376233e-01 -4.471635525581437953e+00
2.189671665097413609e+02 6.687684974637911894e-01 -4.976148445539661402e+00
2.239811022806938468e+02 2.585481863508721778e-01 -3.938590857633183617e+00
2.253414982911480706e+02 1.661514752789846894e-01 -1.952965014302554314e+00
2.666381097054750740e+02 3.270193155418714137e-01 -2.614361405301146135e+00
2.306418449685053247e+02 2.789689691316712405e-01 -4.258695464228584582e-02
2.610239132756973390e+02 7.335362050825527946e-01 -3.697603035970267182e-01
2.430708335404703462e+02 7.922599524845952423e-01 -1.761276352671900369e+01
2.994540583616230265e+02 2.184257203364675104e-01 -8.237760802747899902e+00
2.902552275405756177e+02 3.215024089896167947e-02 -9.207476611952930545e-01
2.717125134294363420e+02 1.084158003571313450e-01 -5.125911756934776520e+00
2.926013534733421011e+02 2.545941747943005207e-01 -3.179801864387301058e-01
2.748196205606679996e+02 7.432774561061404883e-01 -1.151850288235797048e+00
2.490893846445138422e+02 3.651246778750936173e-01 -1.149249447475013008e+00
2.840066582251391765e+02 1.995259180724697767e-01 -1.136406527702941593e+00
2.528642955068845311e+02 4.665860642154731619e-02 -7.629394729664884522e-01
2.696055328008561673e+02 5.219752301933439087e-01 -6.516855877080364401e+00
2.136606352741563342e+02 4.264529908102515643e-01 -7.960086424130733640e+00
2.975923692679413648e+02 1.566522654372199952e-01 -7.541870268967540092e+00
2.571419807427490127e+02 7.629967743003388536e-01 -8.108272006751184383e-03
2.733114815198460974e+02 7.274438880193040413e-01 -2.740596104528063570e+00
2.475845224468706078e+02 4.358177634716110527e-01 -5.953230837488581173e+00
2.220215889595292253e+02 5.688608482593329740e-02 -7.993181745587020492e-02
2.013347952053534868e+02 6.476860705739821977e-01 -1.216238446153387942e+00
2.873095121734451709e+02 6.680546510506819857e-03 -1.046755130541139750e-01
2.021430849331832746e+02 1.076484835407201870e-02 -1.717064715349803095e+00
2.499302539605281481e+02 7.529849007990524479e-01 -8.870303992206890475e-01
2.333282804588332624e+02 2.681496221454597317e-01 -3.542359068070874417e-01
2.823059460025042426e+02 7.174347937969520472e-02 -3.366968930133328097e+00
2.644626221343622774e+02 4.163234155045688611e-01 -1.176130326640792978e+00
2.350739039570912325e+02 2.393435083945038844e-01 -7.342360343057082739e-01
2.908527289478693660e+02 7.884079681068723033e-02 -1.156641605734526790e+00
2.337193802313150002e+02 7.054846173584854441e-01 -9.305652657325229338e-02
2.200836515068834558e+02 3.353582468635553093e-01 -3.200921247432126471e+00
2.096425715355108537e+02 5.498353423726444200e-01 -3.968142518243698902e+00
2.373043670833985459e+02 5.544852006337841477e-01 -1.067993970400772152e+00
2.647191230775591748e+02 8.479984793236573781e-02 -1.091876148436998761e+00
2.711472878254235184e+02 4.541502902493597116e-01 -6.458129376751108985e+00
2.118701289406347712e+02 3.942225986205673549e-01 -6.631296683500803368e+00
2.387222546454304961e+02 1.752417369567738081e-01 -2.387712693501160999e+00
2.059949126840175495e+02 5.704982568946285193e-01 -4.280169825412554196e+00
2.882774264998220133e+02 5.296847585636647038e-01 -6.094099789335255535e-01
2.411131896946035340e+02 6.135467326484113082e-01 -1.187353699346775748e+01
2.300104603171820088e+02 1.402410218391089980e-01 -1.025575087963894599e-01
2.739133687646643693e+02 2.870595075231240356e-01 -6.885670972916677179e+00
2.772871441674535617e+02 4.053022609005940691e-01 -2.247961609154260909e+00
2.633684006053840108e+02 5.454931865438544109e-02 -4.718396370871129064e-01
2.887240350770535997e+02 4.874603310680899471e-01 -7.454761785118780848e-01
2.684190221688172642e+02 5.895880021278915306e-01 -4.642583511239194216e+00
2.229287059603271643e+02 6.279178275168266765e-01 -5.803776692218029609e+00
2.210284560687092039e+02 4.569332359280476874e-01 -4.656324780159907917e+00
2.398039308050563250e+02 7.819184142382754610e-01 -3.597545122355075176e+00
2.600736085606684469e+02 3.058357696025460482e-01 -1.324473185083886173e-01
2.478059673794860771e+02 1.000883314401624091e-01 -4.187018860480637983e+00
2.100236605418803322e+02 2.413950496427530457e-01 -2.468613912391594223e+00
2.076236393482627136e+02 2.504774493507108679e-02 -1.136508835420761310e+00
2.320214587731108509e+02 4.114692871395768115e-01 -3.765369578630453629e-01
2.852770772358525733e+02 1.491497103518841516e-01 -1.723836181167659243e+00
2.165702611837254494e+02 2.949544564047851813e-01 -2.742464388185668067e+00
2.664056256365471427e+02 3.544521540056813080e-01 -2.311084216876016839e+00
2.686643237208970731e+02 7.033958218045848199e-01 -4.354833688809041981e+00
2.576172289723060089e+02 7.888164518100492240e-01 -1.255405618664250924e-03
2.111824122692496246e+02 1.843097485189827967e-01 -1.910905778569167879e+00
2.418577065225531157e+02 6.595146304323490360e-01 -1.491756996571083427e+01
2.272255641709446650e+02 7.139139701423300455e-01 -1.908379174552297997e+00
2.285535059920421759e+02 6.913121289778680900e-01 -5.774239448073391623e-01
2.756542481740625590e+02 4.924801529257371024e-01 -2.087879717019001546e+00
2.943389902344662232e+02 1.343933091647630806e-01 -1.718157289034444313e+00
2.624588303497815218e+02 3.402656265873478802e-01 -5.063780563551707470e-01
2.559290640189891519e+02 2.283839813243093431e-01 -6.287746791153817072e-02
2.150133310642366951e+02 7.693824700568776542e-01 -5.321573869730927164e+00
2.358394336119928880e+02 2.033223820615399635e-01 -2.318587588935703270e+00
2.807925660585275409e+02 5.766546313926845801e-01 -6.216524807564551836e-01
2.536733092082282042e+02 6.012842370172013506e-01 -1.794020906908801449e-01
2.951941895780834102e+02 4.437298768468254662e-01 -2.029630736864162621e+00
2.082937961510102127e+02 2.960614199670703051e-01 -3.766100641650560465e-02
2.045227549240304086e+02 5.183332864240179916e-01 -2.256929369049078371e+00
2.292716611606419406e+02 5.000369011518007722e-01 -3.873141226980796326e-01
2.167266745224034707e+02 5.362982291810606261e-01 -4.384319499379213170e+00
2.439346978512718351e+02 3.728712661033708464e-01 -2.699675899124115119e+01
2.260010330941968277e+02 5.085392586633211698e-01 -4.090283706079074655e+00
2.463759482704541313e+02 1.814998575736568101e-02 -1.794848456541899839e+00
2.509293537287710194e+02 3.887390761260470229e-01 -4.708895618388930782e-01
2.862174339584087193e+02 3.164639949408467601e-01 -1.637536860117052351e+00
2.588197412042775341e+02 6.485925397579805907e-01 -3.030828149809804140e-02
2.056659078999091435e+02 6.871089391892590825e-01 -4.392505047870295165e+00
2.384846945978623296e+02 4.654367995620840026e-01 -1.803471391075630148e+00
2.554259518103917230e+02 7.475521564243047257e-01 -2.268289145580133434e-02
2.136382360861830136e+02 6.381691083505194317e-01 -8.315648137360813763e+00
2.545902881874186789e+02 1.450007529769677950e-01 -6.710200276111458195e-02
2.588205594157190603e+02 4.048587645915532329e-01 -5.302625581313729491e-02
2.818534082325822965e+02 5.169053569283927896e-01 -8.260209265931806044e-01
2.410400354946506525e+02 1.199494673834163375e-02 -1.461861318898344531e-01
2.426153496141493804e+02 3.549454219735548310e-01 -2.444288271744390428e+01
2.122812172961307908e+02 3.981808893228156454e-01 -6.810166709427184273e+00
2.725313090488730836e+02 1.353005485551613679e-03 -2.366521785278637990e-01
2.389679113619331474e+02 6.092630401798381223e-01 -2.069134529839421699e+00
2.047779789759790106e+02 7.554201350447088403e-01 -3.328244568736073994e+00
2.000462368865244684e+02 4.645167237000866201e-01 -8.682562535909875701e-01
2.858881693919603322e+02 2.756882382484907024e-01 -1.688938548555685149e+00
2.684143882171064774e+02 5.478616629639015967e-01 -4.352736685052767562e+00
2.756787555072271516e+02 6.798581436176232007e-01 -8.134447935884242531e-01
2.878760456059256967e+02 6.020158713957437513e-01 -4.337274060791581065e-01
2.238065111747001765e+02 6.916771527764362659e-01 -6.064573107989353673e+00
2.866785052619038083e+02 4.629400049093925773e-01 -9.478554379672645691e-01
2.570667590939187335e+02 7.296183425165390091e-01 -8.657637542778868003e-03
2.956506358312673797e+02 2.822561527352001054e-01 -3.505681774621995039e+00
2.546657564837377095e+02 3.034083291033996543e-01 -5.250433975417405363e-02
2.356000917851252723e+02 9.250928038477651549e-02 -1.489300007230048184e+00
2.735706711557775748e+02 2.052850236693230246e-01 -7.722698922641813013e+00
2.011738909191579978e+02 5.313640296316928247e-01 -1.027794338099892624e+00
2.495877263227896492e+02 7.120997775391098017e-01 -8.443174557643218225e-01
2.079897431288245571e+02 8.606374123327981129e-02 -1.590288893680757709e-01
2.074948782274797736e+02 5.854530705728301365e-01 -1.429263186115475426e+00
2.983737653239392102e+02 9.813061323291288884e-02 -6.572280346051739386e+00
2.456408740493194216e+02 6.618974611229069271e-01 -1.234667060119155479e+01
2.277755377380578921e+02 7.213462527348345477e-01 -1.338488359675477968e+00
2.853116731060712823e+02 2.552200723984408559e-01 -1.189616457385264114e+00
2.798735592768092033e+02 5.383481898701494295e-01 -1.017060718736244151e+00
2.402534413512375124e+02 5.562701838208836819e-02 -2.841370430836571259e+00
2.333350857448639886e+02 5.765322164372549407e-01 -2.224277270859477962e-01
2.645805423626670176e+02 4.115265031085180158e-01 -1.175765838347793579e+00
2.935376293235133289e+02 2.140995498914234352e-01 -7.237728044056922494e-01
2.027782688357457062e+02 1.667146811981252141e-01 -2.222868640412772531e-02
2.019353101883764623e+02 7.687845442177563271e-01 -1.012406174033877670e+00
2.176792640172837707e+02 3.442911406914714867e-01 -3.793803968687975647e+00
2.640378643077465313e+02 1.053004875833524479e-01 -6.829050187179231957e-01
2.908478319050879009e+02 4.194526708820089933e-01 -5.727668198595654570e-01
2.527408640337190207e+02 6.313225080990858551e-01 -5.082355353258753983e-01
2.994010054476976279e+02 6.697222849630173058e-02 -5.574675480692095952e+00
2.104557861175179312e+02 4.448206019658711985e-01 -6.854311180935600767e+00
2.659890183159752723e+02 3.724859289417826180e-01 -1.907665236063667891e+00
2.293589591235597425e+02 1.175376691951375563e-01 -2.151385170439676364e-01
2.063801080282028977e+02 4.270937909649946684e-01 -3.570449165570302341e+00
2.972135561152875880e+02 3.887132323151570312e-01 -5.799300015365830063e+00
2.806394729907142960e+02 3.313707267046404614e-01 -1.510322031068757509e+00
2.628627872540307635e+02 5.722963893782107014e-01 -6.698162652412270601e-01
2.784502855545420630e+02 7.624551531297854012e-01 -8.736930654543464403e-01
2.153263204945342011e+02 2.286553674692150817e-01 -3.472708013049147890e+00
2.483652129095636667e+02 3.422640949682451833e-02 -2.262009421177386681e+00
2.438218660295818836e+02 1.259265582831900487e-01 -1.655700716678531847e+01
2.607641247345753186e+02 2.182740247586869298e-01 -1.429876131459395794e-01
2.519470585765249666e+02 5.003074233271743720e-01 -6.348844928723651471e-01
2.512807310384810364e+02 1.991744241890612555e-01 -1.784451882270484124e-01
2.368752517558158956e+02 3.633070246195536646e-01 -2.194622521074611754e+00
2.195974226973335703e+02 1.409311206448249087e-01 -4.329054695092866001e-01
2.326292007102289858e+02 3.073082895991298136e-01 -4.322810356016111855e-01
2.274943214123790938e+02 5.100285087533187323e-01 -1.442624888746787848e+00
2.473289871372563766e+02 4.905178991148141932e-01 -6.452023413131831475e+00
2.138203014895660488e+02 6.167209029761336891e-01 -7.979939090149288816e+00
2.045637675529607122e+02 6.818779386633093686e-01 -2.925884698815178542e+00
2.448832394257836711e+02 2.871262696246065435e-02 -1.808524000013443489e+00
2.311445134342929464e+02 2.584976121235478264e-01 -7.858663826439220290e-02
2.693769343966768588e+02 5.979922521995700846e-01 -5.617882912606989798e+00
2.248320586224772342e+02 4.393500017673521163e-01 -5.079158193431020152e+00
2.948937756080498502e+02 3.248962774386433550e-01 -2.088434173298169938e+00
2.199098590001700018e+02 5.604231549622130937e-02 -3.489601129713978400e-01
2.731326661367616566e+02 6.320846528774752837e-01 -3.258419782924470098e+00
2.577592929522494387e+02 5.645852463802835119e-01 -3.919350841550522241e-03
2.503527346463861534e+02 1.757770812441561137e-01 -4.022386313448838013e-01
2.707915403852639429e+02 1.315558933963252020e-01 -7.248196376878075498e+00
2.843359189485293541e+02 7.071852773202211839e-01 -2.686915203272812747e-01
2.115109232634407590e+02 3.804727670020043306e-01 -6.570533522442606689e+00
2.302760049389581525e+02 6.717524963397181192e-01 -3.192079929031452767e-01
2.377352392995952073e+02 4.486925747990133662e-01 -1.439628967789079672e+00
2.363389656145193953e+02 2.449078536364694691e-01 -2.765290507364333905e+00
2.896232268520183197e+02 7.424167384969864170e-01 -2.725231631879035388e-01
2.211684558205816984e+02 1.800700682037776335e-01 -1.925031914685503720e+00
2.260282623137953522e+02 2.353227738423554760e-01 -2.429291283627752041e+00
2.563227601888852405e+02 4.860289468107556465e-01 -2.515250614823124134e-02
2.423357324271186144e+02 1.590959535654938306e-01 -1.757119660661440363e+01
2.832253780370639333e+02 7.891347775245050045e-02 -2.643031175630198515e+00
2.174015081608080209e+02 4.788675682709939152e-01 -4.706952476407970209e+00
2.135780944167597681e+02 7.497879808249291456e-01 -8.179553761049016103e+00
2.698819638539720813e+02 1.873452570624516977e-01 -8.926854116099574910e+00
2.603315969487841812e+02 4.300047238245784109e-02 -1.124107709305621240e-02
2.921404505541713661e+02 3.361590897685740043e-01 -1.454692329392811845e-01
2.163201337740537156e+02 5.576714320125633062e-01 -4.435623207496782960e+00
2.926615291602360003e+02 6.464599303832621047e-01 -4.118222817181344669e-02
2.230059732632064424e+02 6.978912643630817980e-01 -5.836105807490577391e+00
2.751415531088709940e+02 7.814280715047652315e-01 -8.231121394977076733e-01
2.091053501381347246e+02 1.838235384884286117e-02 -6.732471335381385869e-01
2.792347218714565997e+02 7.927966202717843247e-01 -1.003080939210011735e+00
2.226178624890476669e+02 5.211145976165107996e-01 -5.759152879733887787e+00
2.769135232164171612e+02 6.534941689140766341e-01 -6.919699193213508792e-01
2.892247240136634900e+02 2.891713666825612150e-01 -1.836952018265500142e+00
2.341667260238348831e+02 3.168384436949794325e-01 -3.174938640914737320e-01
2.667986667951932418e+02 7.891843717708031392e-01 -1.695074854979101042e+00
2.625225179776392110e+02 2.691628770411172988e-01 -4.352989351934583584e-01
2.405727938926818581e+02 3.596081621962483599e-01 -1.116212235848808376e+01
2.467534650434744776e+02 5.623714637639016800e-01 -7.551825388227272562e+00
2.439978163225134722e+02 4.759427487362545839e-01 -2.452013496054984287e+01
2.409605464285756682e+02 5.108379647907824728e-01 -1.197881883831938588e+01
2.445192571603121507e+02 3.743343419225052537e-01 -2.385473699490496458e+01
2.470140327692571418e+02 3.377772437462235877e-01 -8.422229174952427400e+00
2.466920840706476099e+02 3.811976805622304121e-01 -1.031770091460556493e+01
2.394543306399107792e+02 4.075003712847564685e-01 -4.918378482081532610e+00
2.394199418381846840e+02 4.731639011883949641e-01 -4.358052691528941480e+00
2.465257357040213151e+02 4.417727115541457694e-01 -9.674843222833022338e+00
2.422277636524521824e+02 3.237303788440593078e-01 -2.333140815768794596e+01
2.432289016090147697e+02 7.372957542506066719e-01 -1.915227622361892656e+01
2.492677916579777673e+02 5.696692855562993651e-01 -8.665284141859017630e-01
2.421708557385121026e+02 3.466411445814495673e-01 -2.158117044828165021e+01
2.419477795972397871e+02 4.535197417481752757e-01 -2.015491063246503600e+01
2.376077481389064587e+02 5.181056469424046851e-01 -1.184624953795072821e+00
2.120511427284101273e+02 4.955630135412107951e-01 -7.386743935766683755e+00
2.493989761717640761e+02 3.565818069988992978e-01 -8.226694406059296139e-01
2.399776992664167494e+02 5.368717976319062890e-01 -6.749821267997774044e+00
2.483326215432103652e+02 3.934914556018547227e-01 -3.595104923933140739e+00
2.352620041776266646e+02 6.249916432874783601e-01 -3.669128772893277129e-02
2.422409098316721554e+02 6.793086117690094738e-01 -1.678537100266172644e+01
2.462431244729655759e+02 5.090168498596805424e-01 -1.007198074651139663e+01
2.423891905269467770e+02 3.928384358472212234e-01 -2.255068300256292346e+01
2.397130720726170807e+02 6.992842302881214778e-01 -4.216884029126989120e+00
2.442213702421419157e+02 3.479439303661029381e-01 -2.649174736497904803e+01
2.432468568045603945e+02 3.280877696152603717e-01 -2.753550209076884769e+01
2.433271087015066314e+02 3.753574074780778314e-01 -2.736040301808063901e+01
2.435129235444043729e+02 4.595164238958333036e-01 -2.573653310874238187e+01
2.452669339239060378e+02 7.023121583148150826e-01 -1.325816366324689533e+01
2.439375885888497351e+02 3.866714178810213287e-01 -2.681599302085663084e+01
2.452352835074975985e+02 3.210238273086502558e-01 -1.921866197496181528e+01
2.428998459525487874e+02 3.947578681088173558e-01 -2.604178570274953231e+01
2.444796089429349308e+02 3.023628551211585691e-01 -2.393204614495426341e+01
2.423562202431130856e+02 2.933944614174624488e-01 -2.323922046428128851e+01
2.434722214039453831e+02 4.297746539993809178e-01 -2.635535168508830850e+01
2.742320908479651962e+02 7.941526803375311694e-01 -1.491622258606296825e+00
2.425382127993597976e+02 4.402214058887526926e-01 -2.303313309657790953e+01
2.005873315358066122e+02 5.412002020983063266e-01 -1.158080478079514197e+00
2.445212121014138802e+02 7.580188387841597653e-01 -1.758723260702614510e+01
2.415716766389557790e+02 3.551150327774700299e-01 -1.839035720899002158e+01
2.425181402731673188e+02 3.359354157264127783e-01 -2.465256715141513411e+01
2.438102659502793017e+02 2.522730363502305728e-01 -2.695519207500698045e+01
2.630876518574396528e+02 4.965413760242560759e-01 -6.614018904310130509e-01
2.440081479227832801e+02 3.844845651273649523e-01 -2.607522391718908494e+01
2.423896139196797890e+02 4.186817642986547239e-01 -2.211502439948086263e+01
2.420024953691097096e+02 4.040648019351544828e-01 -2.098090864874485817e+01
2.132387968448428808e+02 4.432351359803183843e-01 -8.278526803964650682e+00
2.442885485170019138e+02 3.430973135749390002e-01 -2.537084810130160406e+01
2.460068187005939819e+02 2.545693516637205778e-01 -1.428723294820210121e+01
2.433288671221561117e+02 3.407450671632347161e-01 -2.776185079891493501e+01
2.437096152204705106e+02 3.536332607269287442e-01 -2.760586440057817370e+01
2.430444260491962893e+02 3.493166685104370228e-01 -2.669421450754314407e+01
2.434899617444244484e+02 2.588427066802978516e-01 -2.725891355166061913e+01
2.438857677609437076e+02 2.887078285217285489e-01 -2.715269300137104835e+01
2.442392575611708594e+02 3.988184928894042969e-01 -2.486552462345720116e+01
2.433160704961197496e+02 4.153761863708496094e-01 -2.665080762961483529e+01
2.425514674237197141e+02 2.841250552308619004e-01 -2.461356288489794863e+01
2.433580579256389456e+02 3.408320426940918413e-01 -2.776205026419788524e+01
2.432330613463299187e+02 2.501536130905151478e-01 -2.678334618717359561e+01
2.426187042404898477e+02 1.198103308677673368e-01 -1.406913715546904342e+01
2.445778019253200171e+02 2.910392372728901611e-01 -2.387395588661722812e+01
2.437477756806433149e+02 4.775730609893799050e-01 -2.506870070775176629e+01
2.442673014953533936e+02 3.693362377525019613e-01 -2.519699900263632131e+01
2.439675568672540180e+02 3.114060878753662220e-01 -2.733434991429277261e+01
2.429128091715944038e+02 1.651502847671508789e-01 -2.022562736803180172e+01
2.436693266131860298e+02 5.221478462219238947e-01 -2.429475027056316705e+01
2.428798497920989803e+02 3.623208284378052202e-01 -2.656853754289811320e+01
2.177840706145668719e+02 7.694312205141533578e-01 -6.288094902335564562e+00
2.430153452667223632e+02 1.277379751205444391e-01 -1.650783100653151436e+01
2.428489808974161974e+02 3.121168648143772817e-01 -2.593825565066675054e+01
2.435744072304799204e+02 2.466454505920410156e-01 -2.691383680644897325e+01
2.191432247516453344e+02 7.867325664754534209e-01 -4.742643880828455671e+00
2.429884010548229298e+02 4.193778514862060991e-01 -2.553744593308961086e+01
2.426632692496185655e+02 4.266354560852050892e-01 -2.448086952006061523e+01
2.435426859846682248e+02 3.327389478683471791e-01 -2.782164252580451702e+01
2.440394279481006947e+02 2.939653873443603405e-01 -2.635086168507928761e+01
2.437469434974911451e+02 4.268832206726074219e-01 -2.610006156939743960e+01
2.436320036769736248e+02 3.210365718308240135e-01 -2.778121184870735405e+01
2.433328682150551856e+02 4.704609870910644864e-01 -2.543065906363325368e+01
2.428000572405878472e+02 3.638621568679809570e-01 -2.555600796435077982e+01
2.205531607140464416e+02 5.534755371311681632e-02 -3.006546948492030968e-01
2.442498422789649339e+02 3.002568960189819780e-01 -2.527324251654366805e+01
2.432689255561307675e+02 2.926622152328491322e-01 -2.751288339265431659e+01
2.433839959852479069e+02 4.979445457458496205e-01 -2.476812390212463910e+01
2.703056727496139047e+02 1.390706423360165978e-01 -7.892215714124665382e+00
2.434455312194780561e+02 2.640300273895263561e-01 -2.737866357630381842e+01
2.425203460691300279e+02 3.766955184208082841e-01 -2.419775333484817637e+01
2.429176840150303462e+02 3.456795440627345450e-01 -2.675728019948147463e+01
2.435943914897216018e+02 5.041406154632568359e-01 -2.471631092656635431e+01
2.443603455433945442e+02 4.092615127563477007e-01 -2.477923344326438126e+01
2.431203668022987188e+02 5.266665935516358088e-01 -2.365796467409751003e+01
2.438440982626812854e+02 5.706898212432861550e-01 -2.299037923645509096e+01
2.424649171897048063e+02 3.306488037109375222e-01 -2.470664946003854467e+01
2.441010184848531424e+02 4.663505554199218750e-01 -2.474378258366000694e+01
2.241465060132187830e+02 6.519226823759067813e-01 -6.124818066163764563e+00
2.439695924921313690e+02 2.714437800872236406e-01 -2.690801458317098493e+01
2.446663544023303984e+02 2.874172687530517911e-01 -2.387416441407302159e+01
2.447084984542726147e+02 4.525872230529785489e-01 -2.142370268252443211e+01
2.442994109886885212e+02 1.943080186843872126e-01 -2.278019958101218734e+01
2.433954093079311747e+02 4.348514556884766069e-01 -2.624443100388785766e+01
2.432238896057627926e+02 3.182406425476074219e-01 -2.757433280782833052e+01
2.437477006545138636e+02 3.802857160568237638e-01 -2.728351197296382580e+01
2.434684191566551021e+02 3.485642910003662331e-01 -2.769732698463471721e+01
2.440323273272951212e+02 2.627326488494873269e-01 -2.673409504089694622e+01
2.438365052959950958e+02 3.273555040359497070e-01 -2.730850803010926953e+01
2.440898569803222244e+02 2.693790197372436523e-01 -2.599444502955846303e+01
2.427943219807889079e+02 2.564677476882934459e-01 -2.539001299953045532e+01
2.432384307449232494e+02 3.851294517517089844e-01 -2.686382355147698320e+01
2.424945544150525052e+02 3.990703582763672208e-01 -2.384558250259232892e+01
2.429438918080022631e+02 2.457598447799682617e-01 -2.606035788113043949e+01
2.441140580684023291e+02 4.726593494415283203e-01 -2.462322087269068760e+01
2.442350164201073994e+02 3.889569044113159180e-01 -2.498350444986411034e+01
2.429392816202421272e+02 4.593319256357533686e-01 -2.465027293448030932e+01
2.424901080430493892e+02 2.814824342727661466e-01 -2.461171104824619604e+01
2.435675051669740583e+02 4.584591865539551225e-01 -2.576687444428472773e+01
2.428781762159334221e+02 4.539380073547363281e-01 -2.478803107747954115e+01
2.430506188496723325e+02 2.546030044555664396e-01 -2.628270441565686255e+01
2.439131613812770638e+02 4.687307834625244474e-01 -2.529586093932960722e+01
2.440120071464391174e+02 5.345350265502929465e-01 -2.330678678708456175e+01
2.443965970552469003e+02 4.955622196197509988e-01 -2.332483260833998884e+01
2.443879329177909767e+02 5.016579151153565119e-01 -2.320477562525082149e+01
2.429269868128901066e+02 5.413561826249078113e-01 -2.263797024812440384e+01
2.449033472375717508e+02 2.917190074920654186e-01 -2.241995369054564691e+01
2.447103260210831763e+02 3.722321033477783425e-01 -2.234397536259954720e+01
2.425884659582393397e+02 3.891543149948120117e-01 -2.397898169666802559e+01
2.434152071070551244e+02 3.449011522284415876e-01 -2.772979946258531214e+01
2.438517460824365912e+02 3.576790094375610352e-01 -2.713768386407842570e+01
2.438448810734326742e+02 3.400161504406344903e-01 -2.726479389118480157e+01
2.431163214502187202e+02 3.291372108444063915e-01 -2.754175300523756675e+01
2.430817994457659381e+02 3.197510897303032507e-01 -2.689799443554713676e+01
2.434471513911726390e+02 3.702962398529052734e-01 -2.743703613527821616e+01
2.439158888043547506e+02 4.176619052886962891e-01 -2.630968077390586046e+01
2.433799265212031457e+02 2.994256959696004472e-01 -2.783682149058161315e+01
2.441494825524096086e+02 3.040761470794677845e-01 -2.647298457888021872e+01
2.429008954691883559e+02 4.631028505911873872e-01 -2.456816365230477572e+01
2.444677016227127524e+02 3.490729002294900019e-01 -2.398722637660371504e+01
2.437072250801749078e+02 2.696462414364065863e-01 -2.736574442625877879e+01
2.433519964122380657e+02 4.540283578260020936e-01 -2.581443315655646131e+01
2.437437077358606530e+02 4.066093179197818319e-01 -2.684893213304055948e+01
2.428436391142918751e+02 2.903690847977475342e-01 -2.587381080033251379e+01
2.443778698699518372e+02 3.365816831588745450e-01 -2.542958422785075356e+01
2.436781916545245110e+02 3.701600464007279712e-01 -2.741355795171340048e+01
2.434864821510213915e+02 4.106448054072972531e-01 -2.674868193828974583e+01
2.435600150555560504e+02 2.526953220367431641e-01 -2.709650562206681457e+01
2.438101871107611771e+02 2.952505518519888961e-01 -2.720014514326741661e+01
2.432942541525463866e+02 4.820470472110902072e-01 -2.515332329348120055e+01
2.435862910354434803e+02 4.706806182861328347e-01 -2.549450971300344548e+01
2.438962405715845989e+02 4.760067420153071827e-01 -2.513570791355298795e+01
2.437302756699713200e+02 2.332073488654206883e-01 -2.627056900256398464e+01
2.432331128918926879e+02 2.587170305269066439e-01 -2.700838633838845837e+01
2.429687013550578740e+02 4.193940302250972474e-01 -2.554084447667834112e+01
2.434989738675037074e+02 3.006299228450077243e-01 -2.784536342261793607e+01
2.439979042738905264e+02 3.255207651321401219e-01 -2.735271854178840911e+01
2.431495003177978447e+02 3.539496472170736152e-01 -2.732362317409609531e+01
2.446659834554708368e+02 3.646380045784373691e-01 -2.400439762055054871e+01
2.431069661344446615e+02 3.343169285832099380e-01 -2.751042564610941454e+01
2.438572040804749577e+02 3.977309959615208945e-01 -2.663060963668968029e+01
2.435684175338519140e+02 4.006616348806982808e-01 -2.693083435469172926e+01
2.429804108557429743e+02 3.793226366897856083e-01 -2.629514656542574969e+01
2.433259454834037285e+02 2.927879835179151291e-01 -2.750793274053641113e+01
2.431555188457106738e+02 2.976863523871599027e-01 -2.755447480687887918e+01
2.439914568873149676e+02 2.694311187081304126e-01 -2.687309261865419074e+01
2.429967938631801303e+02 2.738657435140939844e-01 -2.667767536801293460e+01
2.436268369357995596e+02 3.016299057471518719e-01 -2.774244208051439742e+01
2.441372011588105124e+02 3.233103841061326644e-01 -2.653218729340528625e+01
2.444173083762566989e+02 3.218173195842024548e-01 -2.545142189232198859e+01
2.438381007867337189e+02 4.408487857360642304e-01 -2.585339017988727051e+01
2.439330650612001818e+02 3.683055984490622436e-01 -2.704951643164005048e+01
2.437515305037982216e+02 3.599238137354235367e-01 -2.754657783940950821e+01
2.444730463281944992e+02 4.746593932501139701e-01 -2.248387561862390882e+01
2.435965468090680019e+02 4.481462981802615264e-01 -2.599648749659030145e+01
2.433643045398277707e+02 3.686818432771300502e-01 -2.745723013315875605e+01
2.430399094618892093e+02 3.201395887978326082e-01 -2.690547289156238975e+01
2.437946041066943224e+02 2.762189340611243549e-01 -2.749493632750060002e+01
2.436869968984736943e+02 3.671831430076631930e-01 -2.745250311190991965e+01
2.440483772014940769e+02 3.731458919585510792e-01 -2.622002103287553609e+01
2.433312425747224950e+02 3.062731904259567983e-01 -2.756662543536278420e+01
2.435000309929704372e+02 2.757370732875853991e-01 -2.759711415404021650e+01
2.435166594178149069e+02 3.621442749205202594e-01 -2.754719169634643805e+01
2.440595169405937384e+02 3.676795273165829325e-01 -2.627952351417929577e+01
2.437330059313298989e+02 3.261780340759910524e-01 -2.778524775523104395e+01
2.430814955660888756e+02 3.202483155713972685e-01 -2.689648632555614682e+01
2.434154238634305614e+02 3.021761402436327626e-01 -2.785051727531456578e+01
2.438989625367334781e+02 3.498117397508826998e-01 -2.721578888975453836e+01
2.436328346880380309e+02 3.422433719013314724e-01 -2.769071481005248359e+01
2.438176855645252772e+02 3.611103633909200639e-01 -2.709615939802366924e+01
2.433450946125018959e+02 3.659968965815219022e-01 -2.749294580669526766e+01
2.428761768373730661e+02 3.783492151649092694e-01 -2.633101093614143906e+01
2.437728037045728513e+02 4.144573086272126949e-01 -2.633146486092708827e+01
2.428782175958447738e+02 3.153465071066801628e-01 -2.592517471199080248e+01
2.411331904930993630e+02 2.686588661835734859e-01 -1.527095881647751874e+01
2.435807481756916673e+02 3.115615839112629848e-01 -2.777128438945189259e+01
2.439731222989231298e+02 2.894625621044344954e-01 -2.718288249036034543e+01
2.431763878309307643e+02 3.741102891203439973e-01 -2.704820924002445537e+01
2.433063680376866103e+02 2.474353210952915105e-01 -2.669404331027022081e+01
2.436580594597310210e+02 3.415513173763806143e-01 -2.769920412088010409e+01
2.432597996955910844e+02 3.212813345311886781e-01 -2.756274513040311902e+01
2.437504221586624737e+02 3.074152150116648552e-01 -2.778475528095068015e+01
2.441994813224564211e+02 3.431090256123795479e-01 -2.650949224284875783e+01
2.440595798443692956e+02 3.360669991846383375e-01 -2.648681328004705193e+01
2.438958296572883455e+02 3.528775728628910646e-01 -2.719082342254958817e+01
2.433382725666496071e+02 3.674593846906235028e-01 -2.747314360512867992e+01
2.437743747885057815e+02 3.087519605887390495e-01 -2.779212976048412997e+01
2.435434300186767302e+02 2.705376732976403353e-01 -2.750950110345747035e+01
2.436006946751632825e+02 3.149318091387682816e-01 -2.777840910354886006e+01
2.432778529823245890e+02 3.314883405910984959e-01 -2.751336747512320002e+01
2.433292540827000323e+02 3.185550267234061317e-01 -2.756347819044776415e+01
2.434836402602833516e+02 3.747513056843750912e-01 -2.737361508339143512e+01
2.435221968019857002e+02 3.680686106221928711e-01 -2.746969081696411408e+01
2.433855440412183384e+02 3.013267277263506627e-01 -2.784615374633249729e+01
2.432435896545181038e+02 3.458520294007766949e-01 -2.740174255201683096e+01
2.435470750608066055e+02 3.241402080336481806e-01 -2.786036524267980141e+01
2.436591661050233597e+02 3.404450998656727845e-01 -2.770685621075212168e+01
2.436320778116818815e+02 3.704983491539624585e-01 -2.740261851126875214e+01
2.433266794099973254e+02 4.307643868334392057e-01 -2.633122382134973805e+01
2.436598814816842093e+02 3.563429852846156654e-01 -2.757172203721132675e+01
2.437431956489589879e+02 3.363754889070104115e-01 -2.774372696930576865e+01
2.434510513432317680e+02 3.154735101368001393e-01 -2.787476472518725856e+01
2.430077120157353647e+02 2.853043971946706003e-01 -2.681464637667409789e+01
2.429173584141901756e+02 3.726261133730719988e-01 -2.641313027720183726e+01
2.435148596166429229e+02 3.428748383974423719e-01 -2.774967023946650357e+01
2.435860933394332051e+02 3.496032194667377802e-01 -2.762534967289695942e+01
2.438892521485895770e+02 3.138896245728768908e-01 -2.732095118581707638e+01
2.433886854757959100e+02 3.660691400378867089e-01 -2.749324935591427277e+01
2.435749074728896346e+02 3.328913994311166191e-01 -2.773737885667275904e+01
2.435110824422901601e+02 3.750434801326140155e-01 -2.736991161539553730e+01
2.437007696580128595e+02 3.113760138320580961e-01 -2.778809870385908454e+01
2.436628933799912886e+02 3.310546294335259820e-01 -2.775831170311452922e+01
2.436297967922349983e+02 3.576434965832891999e-01 -2.755386311916015174e+01
2.438702548825401664e+02 3.547456064764255013e-01 -2.716856527961277479e+01
2.434345177645728597e+02 3.449905061215979285e-01 -2.772952894481689512e+01
2.432212158609246728e+02 3.306242651046059078e-01 -2.752384105498293820e+01
2.435162936519163281e+02 3.506703540682934439e-01 -2.767761541612956577e+01
2.434818550041340472e+02 3.621488246709770320e-01 -2.754631261044861290e+01
2.437280053373924602e+02 2.946062055432973059e-01 -2.770908430067649064e+01
2.436053465531967959e+02 3.028349691014573519e-01 -2.774559527734415809e+01
2.437281482881716670e+02 3.559720909473433337e-01 -2.758521231872247270e+01
2.435923903013888889e+02 3.036925172784681881e-01 -2.774782769697948481e+01
2.439967644518890211e+02 3.611411874095155072e-01 -2.631641458514164711e+01
2.435632902182029795e+02 3.529470657142956824e-01 -2.759131432535778572e+01
2.432976430857036974e+02 3.579782841799185045e-01 -2.726203984306044603e+01
2.437794524980088511e+02 3.431299326466838995e-01 -2.723027686759316879e+01
2.437345837081394393e+02 3.024511964536913955e-01 -2.776179870609775335e+01
2.431951130279798576e+02 2.699322340354926020e-01 -2.724392783077612634e+01
2.435531567565471391e+02 3.302695952875767671e-01 -2.783510972512204873e+01
2.429541599897500532e+02 2.649540717709273352e-01 -2.653449006590118131e+01
2.434260384474717966e+02 3.167496779862457590e-01 -2.787321901286492576e+01
2.433347663498519182e+02 3.337413097063554601e-01 -2.781042455658597845e+01
2.432896614332175318e+02 3.799950944051964097e-01 -2.694490201958281972e+01
2.433053327177366327e+02 3.120046196195833121e-01 -2.757398264129403387e+01
2.433943761750994099e+02 3.203027203788548771e-01 -2.786700999565622183e+01
2.432896028145693776e+02 2.907043545064941781e-01 -2.749607883178271450e+01
2.432971376836202637e+02 2.872258922653969093e-01 -2.746516258213594952e+01
2.436445120279153116e+02 2.996884778085076584e-01 -2.773376767980483848e+01
2.433911202817438379e+02 3.429645768001894912e-01 -2.774575415043891624e+01
2.431256384314045249e+02 3.348432173499092945e-01 -2.750512442462388663e+01
2.433849829194374479e+02 3.305001077494309492e-01 -2.782985859047155941e+01
2.434093562744391477e+02 3.365622561280208203e-01 -2.779460971031810956e+01
2.435173727144738791e+02 3.021109518126956495e-01 -2.785234766900570591e+01
2.435286346398476383e+02 3.062984187255959334e-01 -2.786689238674506086e+01
2.432787104682504946e+02 3.321144784190456778e-01 -2.750939927303112853e+01
2.434394750204475031e+02 3.408112049113239950e-01 -2.776447717890836486e+01
2.437302602234555309e+02 2.810379009753904422e-01 -2.755974585004053168e+01
2.432820069615994782e+02 3.188460260518018452e-01 -2.756739734573282519e+01
2.433516863217549258e+02 3.054723441180940968e-01 -2.786061828661015127e+01
2.434197167325413318e+02 2.770022591730199046e-01 -2.761534919107841546e+01
2.433503615254906549e+02 2.858946517756669192e-01 -2.744663216119587190e+01
2.434376103227365320e+02 2.867498767028331952e-01 -2.773938065631664074e+01
2.431156723213785540e+02 3.400770835128499314e-01 -2.746557828221927977e+01
2.431661293363115419e+02 3.254752405716301311e-01 -2.755549180178135771e+01
2.436218127728303102e+02 3.214777135189226254e-01 -2.777915940870531841e+01
2.434904146822475752e+02 3.257191605764070963e-01 -2.785363945000587549e+01
2.436758973369968544e+02 3.434465793853947457e-01 -2.768823200240348115e+01
2.431503706526806639e+02 3.257780305219519779e-01 -2.755555734106668098e+01
2.433994020526732243e+02 3.054235651697148057e-01 -2.786167195884393522e+01
2.434627193700587782e+02 3.019871871710317346e-01 -2.785075332813440596e+01
2.435245643908645548e+02 3.052032870695989275e-01 -2.786369149726354522e+01
2.435238787595284293e+02 3.039890242296153788e-01 -2.785970049689615635e+01
2.432661195993857177e+02 2.966747530594016080e-01 -2.753834887766431194e+01
2.435701973249454113e+02 2.842971633650990260e-01 -2.771430275496156170e+01
2.433167349392518304e+02 3.214835772159550520e-01 -2.755661864214737022e+01
2.434561864121036763e+02 3.330108257395981708e-01 -2.781807486894678050e+01
2.433531722397225678e+02 3.084275442808239176e-01 -2.786771837976972321e+01
2.435662767316115946e+02 3.190655574765382529e-01 -2.777348854452608862e+01
2.434661177780833441e+02 3.165507374728520062e-01 -2.787435696491480996e+01
2.434789948305572693e+02 3.170047088938465762e-01 -2.787421814617540150e+01
2.432624639925520853e+02 3.064245268973676550e-01 -2.757373248023128554e+01
2.435022604451144730e+02 3.217122381866357461e-01 -2.786639465832056217e+01
2.433646620110942536e+02 3.050632721413588655e-01 -2.785972614837960748e+01
2.435309449655884464e+02 3.016460003176164584e-01 -2.785059784199378541e+01
2.434154705995903214e+02 3.163396262212690435e-01 -2.787331760467687047e+01
2.435202134621358709e+02 2.941818057765741012e-01 -2.780683764646745360e+01
2.435316936676734940e+02 3.113137214999262548e-01 -2.787578246008926541e+01
2.433603450799138272e+02 2.864115040743814844e-01 -2.773428820567829689e+01
2.434285646283737208e+02 3.185971739961886984e-01 -2.787097979206184206e+01
2.433725541271548991e+02 3.179609474065350216e-01 -2.787044292710364246e+01
2.435036332684886133e+02 3.109564174140362902e-01 -2.787488304444453746e+01
2.435223740771277221e+02 3.094504712881074315e-01 -2.787335527908497212e+01
2.432944769059642169e+02 3.317033629072814738e-01 -2.751047017260795258e+01
2.946297634113701633e+02 5.112147960286294035e-01 -9.786831106790403467e-01
2.728391925917141521e+02 1.211808332444538373e-02 -1.604934110610402864e-01
2.845279052938101358e+02 7.991096583199658321e-01 -2.305504455695217003e-01
2.172251791079067118e+02 2.852363252579802610e-01 -2.590718998623762204e+00
2.294450720417693788e+02 1.837771238830896992e-01 -1.044418509125667610e-01
2.451008164989029581e+02 4.080655396466115192e-01 -2.048440355388662937e+01
2.756881813225045335e+02 3.555427842744003919e-01 -3.756172885486276147e+00
2.462579412144877153e+02 1.214467273820434845e-01 -8.530032239965873231e+00
2.479522583661848785e+02 1.672143403335432654e-02 -1.783933884957271676e+00
2.549245032681841394e+02 6.340549912765205964e-02 -1.997845472502810804e-01
2.258781278345745136e+02 4.062623524490828197e-01 -3.875896066690241337e+00
2.143711199585183635e+02 3.654906865728860810e-01 -6.275681840920118937e+00
2.671659162834540666e+02 7.429507016531076147e-01 -2.012571123911393478e+00
2.595809027144451306e+02 2.402207199840393770e-01 -1.530541051249665330e-01
2.615555205030851198e+02 1.081581561593813884e-01 -8.679798608930015813e-02
2.795895830148455161e+02 1.410836789546586478e-01 -5.398749924088880547e+00
2.960082730247373775e+02 2.324583294857136551e-01 -4.475140090304511986e+00
2.032469035088211626e+02 7.099620126480685744e-01 -1.125609812585145031e+00
2.807101154160366150e+02 4.444573847632822816e-01 -8.827081091227445553e-01
2.017883189602050038e+02 4.925419482427131901e-01 -7.125317953264592719e-01
2.400574124091833141e+02 9.252246759249961594e-02 -4.692153252699644561e+00
2.236613793241128292e+02 1.442898122878905620e-01 -2.167718055450750914e+00
2.198060824281124610e+02 2.153352813203921468e-01 -1.606586528575688622e+00
2.039610719123694764e+02 5.900557584407354339e-01 -1.788563152622567376e+00
2.500137416861673216e+02 7.185648739806791419e-01 -8.536862388126900125e-01
1.997642962337335746e+02 5.028496077707672596e-01 -1.187329469999130804e+00
2.878593069593847531e+02 5.518142550417184378e-01 -5.617710617355403668e-01
2.578731701089014905e+02 2.509936853847573590e-01 -1.772505166922552500e-01
2.978881784846024061e+02 2.018123279923534352e-01 -8.157400637873758242e+00
2.120255941819523287e+02 5.438809188184330345e-01 -7.570894372353094148e+00
2.824224182947635882e+02 6.839841539216465760e-01 -7.867462988721605210e-01
2.849352452985218633e+02 3.041525505804252294e-01 -6.414248589729564243e-01
2.900446351614167497e+02 2.731269984525888303e-02 -8.448152999880080838e-01
2.013946779153570787e+02 3.756385936170938411e-01 -5.526882186343271552e-01
2.343205970480772748e+02 3.888345168823265086e-01 -2.325899458655661667e-01
2.683481085389302052e+02 6.237030610688488741e-01 -3.947634434205448795e+00
2.649116071551560481e+02 6.686712420259930401e-01 -1.084387450071092607e+00
2.695542259459058982e+02 5.333809310391306874e-02 -1.782828857242100495e+00
2.373143251541426935e+02 5.275246413743628349e-01 -1.183296876019284349e+00
2.781275999251497524e+02 5.344261513504564576e-01 -1.361347516828005588e+00
2.771793566187989200e+02 4.628208426662763775e-01 -1.677629856874903069e+00
2.068827225996554660e+02 5.967780818912630236e-01 -2.810168791350835971e+00
2.825595125833257271e+02 7.266163982686492107e-01 -7.905491647272425704e-01
2.918793868797909568e+02 7.799928429232324545e-01 -8.522498042770251803e-02
2.246693206673900534e+02 1.877407670601752010e-01 -2.369534519448708298e+00
2.361400163258157932e+02 4.492978035860414332e-01 -1.010786555040702250e+00
2.790122694434008963e+02 4.481008612400269597e-02 -3.842307341500501572e+00
2.662665518760494479e+02 7.014383669523990283e-01 -1.511771811703653601e+00
2.222964816388503948e+02 2.757146906375144702e-01 -4.584709866663631672e+00
2.282759451214122350e+02 6.955643067095447218e-01 -7.007069873766560431e-01
2.306696165178408648e+02 2.312480884444519935e-01 -3.547156712701829417e-02
2.630115505488609529e+02 6.384843853544504011e-01 -6.695961391124078954e-01
2.522215746760710147e+02 3.418489087280873751e-01 -3.253421709418251040e-01
2.869734258837263496e+02 9.618813577724150132e-02 -2.137970569055314130e+00
2.101483716539328555e+02 4.332911306234952242e-01 -5.745119175652646959e+00
2.149405114375440462e+02 2.600893706399962091e-01 -4.397347744921416002e+00
2.945219392254004447e+02 1.171861758337880838e-01 -1.658321722636311835e+00
2.406178629827799682e+02 3.766936593044727388e-01 -1.097685273293208219e+01
2.985510052023705043e+02 7.513419081924030962e-01 -2.868732006648799793e+00
2.080018945272167628e+02 5.833376994339393162e-01 -2.998435739458962246e-01
2.486584965362337130e+02 5.684871705954971377e-01 -1.904631388155203942e+00
2.893615488496014336e+02 7.313881495369963792e-01 -2.773344606654917222e-01
2.698882169107652089e+02 8.302863243576810715e-02 -4.176833724716095375e+00
2.269046573954566099e+02 7.883461569482808073e-01 -2.742689795779609696e+00
2.618194266379191504e+02 7.636679806060453490e-01 -4.775479238119327285e-01
2.639375360005367952e+02 3.451965178245922639e-01 -8.463828430162240180e-01
2.968506137617769127e+02 6.006374474123835627e-01 -3.590280749885148559e+00
2.194345111440040625e+02 3.253684721752261311e-01 -2.944910710019112976e+00
2.533448090750472659e+02 5.149366068070302394e-01 -2.062671711051092815e-01
2.334141536167618938e+02 3.294326453269515176e-02 -2.549087393753099451e-01
2.709400452674253756e+02 7.136451291161853561e-02 -3.235194124640258018e+00
2.422918683334358434e+02 4.292984642310438415e-01 -2.196093631767178422e+01
2.128118921970388726e+02 1.545942239071062818e-01 -2.421034018943269306e+00
2.540222447231718661e+02 4.736698445968026139e-01 -1.143203203054147105e-01
2.235883946118712799e+02 1.941052290787315393e-01 -3.240059841756503189e+00
2.429951499172736646e+02 5.570142539980328378e-01 -2.223643857778443333e+01
2.185584868403697385e+02 2.212778607385108287e-01 -1.772698073980587541e+00
2.383870393381649535e+02 1.343572467680899940e-01 -1.955061767188103428e+00
2.750747702595111832e+02 6.413057263899516469e-01 -1.336188676720424073e+00
2.913579506808600286e+02 2.912435551851462745e-01 -5.085189471115204585e-01
2.319744407340618295e+02 3.178620427842827056e-01 -3.753883995112132776e-01
2.565276958972955299e+02 6.796780236424823096e-01 -1.663208442749286239e-02
2.386496473607323026e+02 3.282429758895014874e-03 -4.591003733756904848e-01
2.574796049126813386e+02 6.310164229911345846e-01 -3.137753126564495933e-03
2.088930061692913682e+02 3.018847205391204658e-01 -6.980430086888933516e-01
2.468166665339840051e+02 4.827351701528370120e-01 -8.290707126290300266e+00
2.443267262580328349e+02 1.669198440187225074e-01 -1.950744431093655606e+01
2.723404407463417556e+02 1.733738337159150822e-01 -7.263030858042782256e+00
2.047503124843769911e+02 4.209856849395032796e-01 -2.174499058531761619e+00
2.856299251183896786e+02 6.155392943049955434e-01 -1.551090416482432954e-01
2.353347507255732580e+02 6.512095397192023682e-01 -2.603084318852178641e-02
2.209103171955610492e+02 4.718023215280460203e-01 -4.480027665780485613e+00
2.300424661961988306e+02 7.730956605342788057e-01 -4.015771305781039580e-01
2.742873538881550530e+02 6.607349076744588601e-01 -2.086081830822706262e+00
2.163724208891319449e+02 7.588195413786621435e-01 -4.702401997388490962e+00
2.115242769511395124e+02 7.942899297479329157e-02 -4.288644032404598794e-01
2.927648414384956936e+02 3.315569140505275070e-01 -1.725296084468411761e-01
2.510692362424780981e+02 5.671216032357470072e-01 -8.749766832454155541e-01
2.063939164191738485e+02 3.957729583607282886e-01 -3.411948101923220289e+00
2.602854012787413467e+02 2.692157429632822119e-01 -1.434758116291922903e-01
2.028414145292742035e+02 4.655098143446804726e-01 -6.211137067088913222e-01
2.480534086258808486e+02 6.616592547794756252e-01 -2.812563643066873009e+00
2.772596854131232362e+02 5.086867685788946103e-01 -1.341479446057841862e+00
2.363765346168759152e+02 2.660206105464309467e-01 -2.866062048139649043e+00
2.688442802189787812e+02 2.966993700239521359e-01 -7.413869826716264377e+00
2.213167184559304985e+02 7.332447968938440308e-01 -4.927907962853608659e+00
2.162047136177111213e+02 5.742920631652542740e-02 -3.304875987109886365e-02
2.493918781566168832e+02 1.451524403213066972e-01 -1.742825908125818168e+00
2.744839598223550183e+02 3.695964379420128010e-01 -5.029219094103641652e+00
2.623018228160546528e+02 1.367619863919534995e-01 -2.166345088903748051e-01
2.178297902505291859e+02 4.631447973051209255e-01 -5.144607397646390190e+00
2.508622947620372088e+02 4.149973194189787162e-01 -5.331475935120152387e-01
2.892675782804134315e+02 9.619262908699711956e-02 -1.773541415786767494e+00
2.942790852585317225e+02 3.602564505334038270e-01 -1.108375508961306322e+00
2.669110613688338844e+02 1.556638297675129456e-02 -3.519744826885427558e-01
2.981797614976345017e+02 3.174843771666899239e-01 -7.378449559866465002e+00
2.267872824213844183e+02 7.004452678789502285e-01 -3.040825023703738417e+00
2.240332319823027092e+02 5.210282276214063257e-01 -5.716302384090173661e+00
2.228657847923281281e+02 4.471182100235733259e-01 -5.653557458314760531e+00
2.172242108589266536e+02 2.217933723446116889e-01 -1.617320495663136404e+00
2.762955991393296244e+02 5.246870281993094853e-02 -3.071157064014806704e+00
2.550239012355733621e+02 6.836941062388612877e-01 -2.619446640747490063e-02
2.372098252711273858e+02 4.220454849681021248e-01 -1.738967987353581490e+00
2.025564433217722637e+02 3.203350140774904875e-01 -2.859404109723792109e-01
2.580705736233192624e+02 1.641724821072362561e-01 -2.642374294957299807e-01
2.828172529341823065e+02 7.871426455709098491e-01 -8.487737552517937711e-01
2.225932455899533977e+02 5.389781208143629154e-01 -5.722413134372623666e+00
2.306521390924326056e+02 6.351932676665886790e-01 -1.994658849176844106e-01
2.955441072732292014e+02 7.216750342024333964e-01 -1.637295354825249794e+00
2.610375504360141008e+02 6.218309889755848641e-01 -3.840020052758982283e-01
2.338912875143963390e+02 7.543319931388664523e-02 -2.573794014031565575e-02
2.900148571798530384e+02 5.988831294878677047e-01 -4.023393701215343121e-01
2.010326065626156549e+02 3.956751343233420037e-01 -6.467103226112362879e-01
2.389276370097709332e+02 2.879078203337334663e-01 -2.946752609829178748e+00
2.778137652605055337e+02 6.945309305550456669e-02 -5.314106701982161063e+00
2.417207028466945076e+02 1.568426236195610002e-01 -1.367470843151473936e+01
2.432056478088842937e+02 6.048947437592053777e-01 -2.170348840528064116e+01
2.059200787079944917e+02 1.754853110947252881e-01 -1.450903738548001032e+00
2.918066100827888931e+02 9.460315135591013114e-02 -7.951666087827564677e-01
2.089368158383332172e+02 6.705107927984104155e-01 -9.383685853894321305e-01
2.049709656167370611e+02 1.172149061292543371e-01 -5.641219562340752391e-01
2.279011533806836951e+02 4.332062628104741409e-01 -9.419275543473795143e-01
2.476016974553820944e+02 4.257904625451921499e-01 -6.019310073850405729e+00
2.845930289639035209e+02 7.687969006967203534e-01 -2.001340309263613670e-01
2.378772331972355687e+02 7.762501994513258952e-01 -5.741295196122880862e-01
2.082097139599457876e+02 3.521317135992902969e-01 -6.393297555829313174e-03
2.295977859976005675e+02 2.625420801394078296e-01 -1.575217620047366651e-01
2.800077502026749698e+02 2.279789116536529991e-01 -3.485663624612082678e+00
2.501019797123574904e+02 6.154324183096866463e-01 -7.407158505511528546e-01
2.328320406347945664e+02 5.761654316418075572e-01 -4.149850988466894375e-01
2.867324927636894927e+02 3.063695939021125469e-01 -2.011719333199601500e+00
2.257866518028433802e+02 5.552637844824891422e-01 -4.657268706755774090e+00
2.536099882172800335e+02 7.366281198492469554e-03 -8.118475657480549446e-01
2.845299608779058644e+02 4.015602406914409173e-01 -1.650355437405183756e-01
2.202991301606057561e+02 2.519370308709387718e-01 -2.499933040248101701e+00
2.397069238016211727e+02 7.423965323248818970e-01 -3.895933684857224133e+00
2.642602952448697806e+02 5.641805099394495704e-01 -9.990415263432775861e-01
2.734865741396204726e+02 5.025045536002086255e-01 -4.157785412812177839e+00
2.966017277100025922e+02 3.902361734330962451e-01 -4.753762028126292449e+00
2.812066762705794645e+02 5.890212377162504787e-01 -5.866375664414663627e-01
2.440178147370333761e+02 2.022980488225571694e-01 -2.411041631710483557e+01
2.516241898296100032e+02 4.883979783405987263e-01 -7.190637743438403895e-01
2.097936174058247900e+02 7.573951546195917262e-01 -4.630562846521683262e+00
2.570115878978704131e+02 6.546627408472345255e-01 -1.045920526749661086e-02
2.817744094012294340e+02 7.998962099778826884e-01 -6.477045873678879406e-01
2.109159167493350537e+02 1.246557572846373196e-01 -3.372912438780158451e-01
2.131437227481403909e+02 6.795069916340282790e-01 -8.639801084625437610e+00
2.724112261631758543e+02 6.291247604768422930e-01 -3.596453840805885260e+00
2.684823724111044498e+02 5.711940428006357928e-01 -4.752901893415871548e+00
2.324332344902733212e+02 2.394174573033507891e-01 -4.215298897516100984e-01
2.527317123437392183e+02 4.498571692136588140e-02 -8.518705774767897365e-01
2.988600821030320276e+02 3.818658684140850967e-01 -6.436729423553761542e+00
2.071684676331286994e+02 7.619564397161653346e-01 -2.173841741023808005e+00
2.297398045318587094e+02 1.346232671787460089e-01 -1.214884836543341229e-01
2.634399170448995733e+02 5.502992932743855370e-01 -7.836456625846628388e-01
2.347972421375231988e+02 3.388559819512652616e-01 -3.359762806097198462e-01
2.704974889509782088e+02 4.530425578872268599e-01 -7.113192405599295220e+00
2.453707059309381009e+02 1.814092277497486583e-01 -1.590951716145382022e+01
2.594684816554586746e+02 7.064668499415085456e-01 -1.249297880299189561e-01
2.881203558138493577e+02 3.344259660966720227e-01 -1.638194915474324054e+00
2.464001432372914451e+02 4.742994609913764315e-01 -1.052378395322009652e+01
2.603770906262284939e+02 2.898322308623676458e-01 -1.725188112124035333e-01
2.187450730222842594e+02 2.107373327358365300e-01 -1.536653618859897152e+00
2.755154713408985572e+02 1.974531754749192236e-01 -6.467130810745923775e+00
2.648045931445909673e+02 5.294776922805332076e-01 -1.189384560361957721e+00
2.414914603305991818e+02 7.148235697017994994e-01 -1.292563492996463914e+01
2.712951344716352651e+02 2.770061911703490254e-01 -8.425768234834674075e+00
2.150435855441213846e+02 1.068760850986439498e-01 -1.324182502298301367e+00
2.039907960683386818e+02 6.458453790702367581e-01 -1.895675244752475841e+00
2.254130574571057366e+02 6.906399219667891387e-01 -5.844640715291874677e+00
2.933588003193790996e+02 8.004940798887602571e-02 -1.063995939720939088e+00
2.793989381663569702e+02 3.415328494771498191e-02 -2.657077587492363335e+00
2.909985343040685848e+02 2.478827145276674693e-01 -1.219199940456875630e+00
2.946726356111331029e+02 7.465538499009486406e-01 -7.000507280927462661e-01
2.565609209603416048e+02 5.150689287492634660e-01 -2.285159572860174029e-02
2.122492612200996973e+02 4.846196275292959932e-01 -7.405904896135699467e+00
2.863476124927952355e+02 3.459127441933046998e-01 -1.601324526347983168e+00
2.141258869400334959e+02 3.120031764874393876e-02 -6.858883913884473715e-01
2.658628407513051002e+02 1.891825944181637631e-01 -1.992741908353794278e+00
2.004150130052947247e+02 1.972471602777416816e-02 -2.243011131451117190e+00
2.441972182747090869e+02 2.185361781271021597e-01 -2.424059775349276791e+01
2.413140751375037212e+02 2.679047786879957260e-01 -1.516440122472233121e+01
2.438361732604368228e+02 4.733482312367151557e-01 -2.517970607091184121e+01
2.407671179160719817e+02 4.099530916359637178e-01 -1.195115928309584774e+01
2.420835072937272514e+02 5.283775803036158125e-01 -1.862604833353152500e+01
2.424199291527237961e+02 5.644810951119864084e-01 -2.026815183011445143e+01
2.460601885016509982e+02 4.256631583486792936e-01 -1.224255066535208769e+01
2.435108319847741711e+02 5.107028806563881362e-01 -2.455136350095026643e+01
2.622123713531243538e+02 4.133323308200833046e-01 -5.108898220550681657e-01
2.400734626828664773e+02 5.968737349383830271e-01 -6.047424424667172005e+00
2.439425669637395231e+02 5.339897824277238803e-01 -2.329773068816239601e+01
2.439931765443926110e+02 4.440627374730566901e-01 -2.513218732059164395e+01
2.429355575814614383e+02 6.229491236269816268e-01 -2.064538930022297336e+01
2.447301400545437389e+02 2.528863994861065279e-01 -2.163852331912246640e+01
2.411916385628587136e+02 5.408999678642709696e-01 -1.290081481499470151e+01
2.449199831689075495e+02 6.677180325981354470e-01 -1.664077751320103005e+01
2.239978357177030261e+02 4.928574967952004116e-01 -5.608215779207676555e+00
2.443954557846176385e+02 5.874787091606803457e-01 -2.044210026845883732e+01
2.432490024062925897e+02 6.546832286132797663e-01 -2.096169816499655170e+01
2.233787484653998945e+02 6.763182846370038304e-01 -5.930795938308986770e+00
2.427253154660550081e+02 4.101853884380254889e-01 -2.479849274446775453e+01
2.406330505510850344e+02 5.108166100573757751e-01 -1.070245870912574482e+01
2.503812505186688213e+02 2.314123806724551202e-01 -2.839321254860641131e-01
2.101245427280333047e+02 6.685666101813624307e-01 -6.467683832985129833e+00
2.427012212247643390e+02 1.796066980332272633e-01 -2.044862040557740102e+01
2.438141675623468245e+02 3.794205458433025924e-01 -2.688390725181055885e+01
2.437012565797279819e+02 3.358957700204653340e-01 -2.774044632394406662e+01
2.433570489101879843e+02 3.771235198802452837e-01 -2.733469574542239044e+01
2.433888893553839807e+02 3.134792409732177210e-01 -2.787363500174060249e+01
2.432369125284865277e+02 4.231655262902407344e-01 -2.612585866297107984e+01
2.431806901050015881e+02 4.846471109451290227e-01 -2.470018681330903476e+01
2.433114212874261852e+02 4.746441432810664662e-01 -2.533093198834276549e+01
2.435068053657499831e+02 4.078127073561884086e-01 -2.680426116647749524e+01
2.424554571662296496e+02 4.420433226245692460e-01 -2.302416363081005457e+01
2.432712953700273601e+02 5.615595175279657347e-01 -2.319430877932005686e+01
2.440304883071878521e+02 4.367819627893184675e-01 -2.527673340145789993e+01
2.421662653343914826e+02 5.560314521969272894e-01 -1.935329277607015186e+01
2.443419641805390086e+02 3.245363627339862278e-01 -2.542148476754382003e+01
2.441111232509285287e+02 4.631738082920053845e-01 -2.480922121860866980e+01
2.429865413454522809e+02 3.977501775974124354e-01 -2.596952282447569615e+01
2.431385561274153133e+02 3.470502747055695947e-01 -2.739923451994857118e+01
2.436651702080960717e+02 3.500144746013289510e-01 -2.763318973622789798e+01
2.439166699612829063e+02 4.095128204564965069e-01 -2.645229004627273639e+01
2.612219857964199718e+02 5.651839151376879533e-01 -3.841792611048003292e-01
2.447477613570537471e+02 3.712802668974850562e-01 -2.237231332031895192e+01
2.442281327875802788e+02 3.411489429386166394e-01 -2.652849010869039859e+01
2.429010718752355160e+02 5.019068356055599311e-01 -2.362421343776985339e+01
2.428272418596167199e+02 4.191685116335641670e-01 -2.458978211607202624e+01
2.438815289080026503e+02 3.058208315989816573e-01 -2.729054290404531002e+01
2.448427320476671696e+02 3.190716649507162606e-01 -2.256497325392050257e+01
2.443008168196684835e+02 3.052253791856711640e-01 -2.533258463545600847e+01
2.440253395076181278e+02 4.015293525664819230e-01 -2.585123616221066811e+01
2.437409250597924597e+02 4.462817211684370067e-01 -2.572208085421947743e+01
2.431702814175998810e+02 3.975751229516131802e-01 -2.664674005613968077e+01
2.438897123282537507e+02 2.986787837165382764e-01 -2.724828912265132175e+01
2.436155259005190032e+02 3.625576257127426927e-01 -2.749759958824652628e+01
2.441592483957794002e+02 3.498285210873249840e-01 -2.645829201284304233e+01
2.436450649146371461e+02 3.121869341420388522e-01 -2.778163059964858306e+01
2.429838036481893937e+02 3.227054517429804870e-01 -2.690775099083588628e+01
2.434442916843877356e+02 3.332318667621012032e-01 -2.781648885043904329e+01
2.436244587044677701e+02 4.419961066858986154e-01 -2.613184759097671517e+01
2.428504099586006362e+02 3.733883596906281133e-01 -2.540593872665990816e+01
2.439103318226912620e+02 4.153058618621453535e-01 -2.635020209248471446e+01
2.439193177637124847e+02 3.892483305802733051e-01 -2.677438242297576210e+01
2.431612585116586445e+02 4.060367848237006472e-01 -2.648482523486665485e+01
2.424938437411846337e+02 4.696430892187639095e-01 -2.241344520826620368e+01
2.441112679296194017e+02 4.031026639482839791e-01 -2.585823992999467791e+01
2.431241850072061368e+02 2.869058800824923483e-01 -2.680428469234656319e+01
2.432927831624799069e+02 4.558547721328133351e-01 -2.577134631229988315e+01
2.427485320399846671e+02 3.658843556152076015e-01 -2.554371458145157092e+01
2.428595274427551658e+02 4.302234330737413903e-01 -2.532878767030177158e+01
2.444179580735716399e+02 3.754576366014726885e-01 -2.520791817265336476e+01
2.447135324617760546e+02 3.669019341138838874e-01 -2.238265436901660976e+01
2.410014514607503315e+02 5.441780022159402597e-01 -1.148582057266645684e+01
2.434762680729183728e+02 2.629998393681884372e-01 -2.735629499375627915e+01
2.434940243335313994e+02 3.268463357920203816e-01 -2.784934690189290052e+01
2.317047885400576206e+02 5.980524801296835946e-01 -3.385256695593465426e-01
2.439167670610764560e+02 3.829769623013261626e-01 -2.686226304803536991e+01
2.435842250437383143e+02 3.223108225496469359e-01 -2.777242701616625453e+01
2.435372900888933998e+02 2.511018016328401825e-01 -2.705061748589969284e+01
2.436741649738133049e+02 3.064955198744038767e-01 -2.777096086228995730e+01
2.433664806855942402e+02 3.715842824021708957e-01 -2.741661477786856338e+01
2.246446851111520289e+02 5.507862973792929662e-01 -5.783421039125848928e+00
2.435228863041571969e+02 3.649073698092755724e-01 -2.751195118418841190e+01
2.438343863007854111e+02 4.275350886245979365e-01 -2.610909103451236746e+01
2.429435645363830929e+02 3.629331717781321687e-01 -2.654790567873817864e+01
2.430806869609425576e+02 3.026411844128358841e-01 -2.690340811775264385e+01
2.441242691787968795e+02 3.487142966530615840e-01 -2.645259096465079551e+01
2.507649221233498906e+02 6.509942952992349152e-01 -9.657232546703297116e-01
2.429770773019055241e+02 2.768520174210437057e-01 -2.672418384208050313e+01
2.440372863399858829e+02 4.012379293223731214e-01 -2.585967891621671910e+01
2.433186900639312853e+02 3.152757876025213957e-01 -2.757035027615713574e+01
2.438689855782316158e+02 3.449565850199858841e-01 -2.724208273967882121e+01
2.437515226942787763e+02 3.146644380614069259e-01 -2.779962253806363393e+01
2.434378455001696011e+02 3.806318060599483966e-01 -2.728255132990867438e+01
2.434047588050558488e+02 3.006681989856007653e-01 -2.784357243926820757e+01
2.432152037429588631e+02 2.949228816684126842e-01 -2.753322491364496472e+01
2.438130845073723094e+02 3.091536166512198758e-01 -2.728746957044124599e+01
2.440813085304324943e+02 2.703855655454887597e-01 -2.601217093794689461e+01
2.442489035163772257e+02 4.160858994116054532e-01 -2.463342126046736169e+01
