2.657653773638443795e+02 4.057854624339074512e-02 -7.882964590707738362e-01
2.447926711407461653e+02 2.988520957559300251e-01 -1.278600591089661398e+00
2.271026760932413993e+02 6.752281540604058163e-01 -1.049524899427978664e+00
2.693046435141787924e+02 3.577991707412264133e-01 -1.314271925701931076e+00
2.357937787902942546e+02 5.212429728170787646e-01 -1.812030550666097195e-01
2.621547303820789807e+02 6.692691039311210455e-01 -4.582224862846642210e+00
2.313145899540794801e+02 1.257203246325584445e-01 -6.778821116450395312e-02
2.542478211767667631e+02 3.754520202821982622e-01 -5.197227468296971686e+00
3.036660381631756422e+02 9.644644032533204736e-02 -6.802101188319998215e+00
2.500280870570571210e+02 6.325410764746929038e-02 -1.734570353736078763e-01
2.321638637236402474e+02 6.881208623028514104e-01 -6.285903561472256484e+00
2.594297843873443981e+02 6.485149812517841672e-02 -2.290038968716290591e-01
2.476830520423135908e+02 9.323969723931872788e-02 -1.736136169162451059e+00
2.428538612741275529e+02 1.756668858253880861e-01 -9.940971147939826613e-01
2.908909214998500374e+02 3.476974200393709857e-01 -5.907298322678898872e-01
2.676934030585006212e+02 2.738959118615542226e-02 -8.181098158338510895e-02
2.792509785240137035e+02 7.635612444077785055e-01 -1.818206087597434362e+01
2.770681587392614347e+02 2.340074126667843757e-01 -1.142921355957301444e+01
2.857121622734869106e+02 5.303228006124530713e-01 -3.254666397129780453e+00
2.290657919618747940e+02 7.696934575134357637e-01 -1.911409358380498080e+00
3.154301876507042834e+02 1.846702373232869399e-01 -4.748101791620348067e+00
3.124026641265693343e+02 7.808774590575744412e-01 -2.589504115097292392e+00
2.894816146797026022e+02 7.124455684065593708e-01 -1.140628394523112432e-01
2.898802093105393851e+02 6.453392368778362309e-01 -1.585133845572455624e-01
3.176670428333644054e+02 4.020693973750232297e-01 -3.435995828117408557e+00
2.507720449290708586e+02 6.529116706922000191e-01 -5.481838449002886193e+00
3.017262612493629490e+02 7.203092591419081314e-01 -6.690879129406864800e-01
2.717822044521337261e+02 5.994226843046731590e-01 -9.949750930199187104e-01
2.415740280691316286e+02 1.826043118164852597e-01 -8.512399132323044126e-01
2.366693830858808383e+02 1.582130984726414225e-01 -1.388025377471571176e-01
3.050654206026698034e+02 6.608406529973044341e-01 -2.585376358018051768e+00
2.584017357240492174e+02 2.287689343508348405e-01 -7.880348391104957884e+00
2.971270310439716695e+02 6.046015862033863320e-01 -4.883268352261070921e-01
2.691159442585351371e+02 7.287811396037944256e-01 -8.055203359754327108e-01
3.365281912040808265e+02 3.369678355123086333e-01 -1.268116571181704177e+00
2.929718639005534442e+02 4.363791725818249034e-01 -4.086819501602790283e-01
2.396103971820746210e+02 1.674348474210896609e-01 -1.527695686599873925e-01
3.096847422464244914e+02 2.850207660161822587e-01 -8.935990965287155419e+00
2.755328579828525903e+02 5.427140027411420098e-02 -2.971249874486797449e+00
2.986523408522518821e+02 5.815109872731010210e-01 -2.866806192184361279e-01
2.480157164533986816e+02 5.452558905806011991e-01 -3.745484213804223472e+00
2.780128606974980130e+02 4.651266445334647504e-01 -1.620918492669527922e+01
2.871342444316691171e+02 3.857493232657825399e-01 -1.291695808267937284e+00
2.550265323349890139e+02 1.390972706775445156e-01 -1.499004488805342650e+00
2.987456037281958743e+02 6.154868440717428113e-01 -2.290842960660582905e-01
3.307563514995490550e+02 4.967744527528428211e-01 -1.055360603185463431e+00
3.336304338564590921e+02 7.536902652973576089e-01 -9.484035595140984931e-01
3.344120144143722086e+02 4.958934491354819452e-01 -1.413123399107720779e+00
3.381130932641452773e+02 3.091577541364832205e-01 -8.995058435161837895e-01
2.518595448731582280e+02 1.095932973238591401e-01 -2.786113378878789237e-04
2.349301835076399243e+02 7.911626389371900769e-01 -1.220034035268581230e+00
2.878917287470986253e+02 2.692319226678196453e-01 -1.041300104409233596e+00
3.291425681884240930e+02 2.881828546568266369e-01 -1.152866771508191057e+00
3.166819074812248118e+02 7.425071652813037826e-01 -1.310566897835077516e+00
3.199191958955227619e+02 4.087516783492621264e-01 -3.235874770572851666e+00
3.189085428043482011e+02 4.299856472564961840e-01 -3.182599198898524051e+00
3.232273461895582614e+02 1.503407770876481059e-02 -1.230191571184266808e+00
3.207189682291470945e+02 2.547445715770403907e-01 -5.685814625239872910e+00
3.108558429202082039e+02 3.162267313673359226e-01 -7.242655963724311974e+00
2.564295933497568285e+02 1.169147953261836098e-01 -1.867309455617994995e+00
2.830237459636231847e+02 2.351163665356068022e-02 -6.705155787061887196e-01
3.023024183065546708e+02 3.663914047267286533e-01 -2.907703604935610642e+00
2.823457718582466782e+02 1.522725131649966049e-03 -2.483903979264959982e+00
3.239399952513204539e+02 4.448336003178432474e-01 -1.160905089013420710e+00
2.462879809361770924e+02 1.942687065252537426e-01 -1.307901214805450074e+00
2.954206677285843057e+02 2.229452633290618102e-01 -1.037385289987551973e+00
2.666722553349213740e+02 2.630700213825510336e-01 -1.798950467876929249e+00
3.142704902446288884e+02 8.167800661887320013e-02 -3.517206917507878838e+00
3.059955563725540060e+02 5.061920713913886649e-01 -4.452913189471326305e+00
2.612763627083729716e+02 6.325726940180356195e-01 -4.277856507154444543e+00
3.080541385187451056e+02 2.751611325675204500e-01 -9.031162910327656945e+00
2.408141841190146977e+02 7.948621221705034490e-01 -6.717789005366377353e+00
2.296769080885750043e+02 5.560591218099033561e-01 -2.008976067894366224e+00
2.533900590108080166e+02 4.773789648610249903e-01 -3.064302218592088067e+00
3.301497891457988771e+02 4.168529946835383138e-01 -1.011841300913273400e+00
2.383234579169701135e+02 2.129701226297369132e-01 -8.929879212523009202e-02
3.219447438675643980e+02 5.386029206805580394e-01 -1.562401550895836655e+00
2.735573008650391671e+02 7.088397452294591394e-01 -1.026220732031466909e+00
2.632046814339440743e+02 5.136017066753325588e-01 -4.111004972152047188e+00
2.840804595191382873e+02 3.253964768198029933e-01 -9.703279980779953462e+00
3.349109367372424231e+02 6.272714861962378485e-01 -9.388999448068863218e-01
3.269482723970433540e+02 2.076233408948195136e-01 -3.912279639926438679e-01
3.273219937520588019e+02 7.020330953396447526e-01 -1.177416058804468535e-01
3.009369216592202747e+02 7.444405884554098352e-01 -3.790736076403407040e-01
3.322965104044903910e+02 6.809659525493245713e-01 -1.045128030500146021e+00
3.116992347214487040e+02 5.846700457856083277e-01 -4.033283134820222493e+00
2.948411214461215764e+02 1.448763395550815847e-01 -7.280887995477651753e-01
2.335865809043325214e+02 4.575195417608081683e-01 -2.650839021525706940e+00
2.433938128357686708e+02 3.979516727235075241e-02 -1.396951088153782217e-01
2.646462238960996842e+02 3.991223945054178657e-01 -2.716839860019365727e+00
2.743549801970523276e+02 6.211016410824571343e-01 -1.865123579688322319e+00
3.250640721281963010e+02 3.337146758637057342e-01 -7.575890281920892866e-01
3.076495964935604093e+02 4.544871631090122155e-01 -5.968642637496261116e+00
2.578359745566241941e+02 5.606597500994072725e-01 -1.577039221867743102e+01
2.800967337606288083e+02 3.770655897518255806e-01 -2.702486709809868515e+01
2.808405080626132531e+02 1.349682422462695486e-01 -1.926672110057786114e+01
2.940024934354550510e+02 4.800116045868640935e-01 -6.842926442024219735e-01
2.715011201502958897e+02 5.699538733654806455e-01 -1.062204410987178216e+00
2.284741811878839712e+02 2.407700604147200441e-01 -1.128465634613260021e-01
3.386555480249476773e+02 7.807007312139188637e-02 -1.564704994087254608e+00
2.634664778272918397e+02 5.041769630845567285e-01 -3.801223663473486614e+00
2.274654693049684795e+02 1.771301028250887519e-02 -9.261902263049243134e-02
2.580832428327861976e+02 4.653004873376778150e-01 -1.427530825286446614e+01
2.656237845435881013e+02 5.753850120189210049e-01 -1.339411941536128969e+00
3.296610696951840964e+02 1.627460032181118066e-01 -2.857051072965973493e+00
3.081272684635566179e+02 6.371125783861141256e-01 -4.201104482649601124e+00
2.953037811472858607e+02 4.907946825222203602e-01 -1.104737757930589703e+00
2.494000236013482947e+02 2.652010715746351728e-03 -2.724972647562645012e+00
2.568735984844719837e+02 4.607149742638985690e-01 -1.583297232240891361e+01
2.336909404941373225e+02 2.388542357707447994e-01 -1.315811663026724032e+00
2.844382501804046228e+02 4.009259709435317731e-01 -8.516267421759746270e+00
3.149858057514788925e+02 5.920143802637787278e-01 -2.437418141463678634e+00
3.009367839843173442e+02 4.492376643955793281e-01 -1.366203298397193455e+00
3.163386598807841210e+02 4.278014573793642583e-01 -3.209688913211704797e+00
2.558012062097285195e+02 5.835968120277290616e-01 -1.686432592121258267e+01
3.248083728253452591e+02 2.880722366027135828e-02 -1.343477978205786405e+00
2.343205482985268873e+02 5.423020309161504793e-01 -2.292175028955106164e+00
2.824373880468822335e+02 7.267755496937947646e-01 -1.835711632910341962e+01
3.042092488621169650e+02 4.110415717065036834e-01 -4.463676853432941627e+00
2.831386625827613557e+02 3.602703344001772501e-01 -1.795256165948591232e+01
2.677144964697649243e+02 3.205472290799780688e-01 -1.257051364661757153e+00
2.993955504337340017e+02 6.292709157115093932e-01 -2.242327000873641507e-01
2.395282131870758349e+02 4.224070801372228345e-01 -2.523586864514590467e+00
2.948012024504942019e+02 1.465253057909038092e-01 -7.332088027872506464e-01
2.910897209500875533e+02 4.863046965232192820e-02 -5.412017672494715548e-01
3.342339697641559724e+02 4.743904321888797737e-02 -3.044079276913746135e+00
2.473988180072807097e+02 5.542960987651784910e-01 -2.483056129362008591e+00
2.931722613645762863e+02 2.694694914608143366e-01 -4.565101158396878689e-01
2.317317641576739788e+02 5.221559909230722996e-01 -5.662740655906328691e+00
2.689792957832253819e+02 3.122355938175706003e-01 -1.382330286224352944e+00
3.226806610120673895e+02 2.269732003616905802e-01 -4.474976732398667778e+00
2.502503896238233381e+02 6.927262718382758422e-01 -6.375310358309038250e+00
2.290983699596276324e+02 6.222340170029042605e-01 -1.330844098141869880e+00
2.730425938940356900e+02 1.763243244871260940e-01 -1.027404733107153190e+00
2.306544447166047576e+02 7.391836644471848627e-01 -5.756266231524621801e+00
3.176335854253594562e+02 1.356683403410851585e-01 -4.611033360034760165e+00
2.325665346841434200e+02 1.717000507107959151e-01 -1.185073804242570805e+00
2.778571815041948980e+02 6.530785253480081431e-02 -6.628133617576231984e+00
2.964896236977459125e+02 3.408073051410525633e-01 -9.863945725461775726e-01
2.768042213056021978e+02 7.879415852453875990e-01 -7.102223046701454656e+00
2.520787410012445093e+02 1.485024009214222333e-02 -1.938635033185780010e+00
3.031943285232636072e+02 8.274395427640146572e-02 -6.077173639012923623e+00
2.357689324544880094e+02 3.763312957977086870e-01 -1.459029720111504891e-01
3.304901204878371459e+02 5.857533484169746840e-01 -6.485060938062041647e-01
3.072332191004317679e+02 2.635130141441767715e-01 -8.671128805459883182e+00
3.191556003436594438e+02 1.360459350226247699e-01 -6.584232552283062923e+00
2.851392985539765732e+02 7.334676189360034293e-01 -4.811648132545442991e+00
3.336371396659133666e+02 6.503635373344616166e-01 -1.119671655307087343e+00
2.553206809425039125e+02 6.960356531618058229e-01 -1.633764544677905306e+01
3.202304535361765829e+02 7.120835206000103446e-01 -9.863201736867455161e-01
2.488421167054036403e+02 4.832152799901341389e-01 -4.763496169066225860e+00
3.215783108037568354e+02 7.676928543501017332e-02 -6.486582147254980946e+00
2.405091941324666607e+02 2.746815390563619452e-01 -2.084584349898070510e+00
3.190466491714662425e+02 5.186297494491314275e-01 -2.310763275566676267e+00
3.273592207692331613e+02 1.995796213491641269e-01 -5.610929196060309154e-01
2.380419544723334866e+02 3.054003817193102766e-01 -3.162136021560722488e-01
2.697679490528238375e+02 6.059164608460636536e-01 -1.026583594200079830e+00
2.808963951997600930e+02 3.983270778596206263e-01 -2.702265323731829127e+01
2.800640569314532513e+02 3.459124792043561381e-01 -2.732453960166915508e+01
2.428203018468914536e+02 2.021947768003896639e-01 -1.291781361405660133e+00
3.374709463819970665e+02 4.352978246145540187e-01 -6.334441173747500375e-01
2.985078235050970079e+02 7.761821960099938300e-01 -1.048616343803939338e-01
2.787301618902502014e+02 2.419298786754097152e-01 -2.174236886416770176e+01
3.284988309775091011e+02 2.198731493501706602e-01 -1.215898949341442270e+00
2.440854607893040793e+02 7.722485123481466207e-01 -5.070176847044009172e+00
2.885556832880325828e+02 1.212043827720115374e-01 -1.023049903340410127e+00
2.638499920224943480e+02 9.787696008465236741e-02 -1.925343818498192361e+00
3.088698392710073222e+02 6.609987899268826572e-01 -4.182428914126165687e+00
2.365376315706395758e+02 6.802859117723242255e-01 -3.752253733597845087e-01
2.598586265694574990e+02 6.130667091123380708e-01 -6.238940335439360219e+00
2.899434695018260300e+02 2.510243805449905996e-01 -9.179157064469628535e-01
3.125346467702540849e+02 5.314874319771399902e-01 -3.709019214894856642e+00
3.045094299905998696e+02 3.271603109075117699e-02 -2.230124059052887020e+00
3.239411793623819449e+02 8.866033555751255679e-02 -3.331512729274865858e+00
3.393895426640505093e+02 3.022443277693231956e-01 -7.455293551112961437e-01
2.923216544368173686e+02 2.859800226788639654e-01 -4.594347649034080661e-01
2.537392714682218866e+02 6.665040131169668314e-01 -6.336838389110360126e+00
2.447695196049549224e+02 3.350142501434139053e-01 -1.407616993388599580e+00
2.263504611016483352e+02 3.841669322297738276e-01 -8.853498917144235758e-01
2.863755070722390883e+02 5.039030861008514384e-01 -2.062202761946094753e+00
3.318953834275713461e+02 1.596933586351135248e-01 -5.727409814657057119e+00
2.456215235955162939e+02 7.956731863034494090e-01 -1.146764258806865389e+00
3.060782965741379371e+02 3.529629396846016842e-01 -6.533644765476418925e+00
2.722846862344034093e+02 1.107731589976088671e-01 -5.030706744182835699e-01
2.712811304183755965e+02 7.089674645829290300e-01 -9.996850528049873175e-01
3.015084059270741363e+02 1.868881339197507874e-01 -4.743425679589463151e+00
2.879974491547318394e+02 4.457879492435284918e-01 -8.440375340307905150e-01
3.357650279312358066e+02 6.773026849397502103e-01 -7.555362393443219027e-01
2.607222831916636778e+02 3.746999187849048840e-01 -3.745516990906108568e+00
3.121000944837011843e+02 5.444028564613840881e-01 -4.069245811055269613e+00
3.370665594948920329e+02 5.959773205724442496e-02 -2.096263549742805488e+00
2.526534763299919746e+02 7.650735823992661500e-01 -2.637079703311819845e+00
3.264209405261550501e+02 4.731339813356363888e-01 -6.166840264998788707e-02
2.756048811424688552e+02 1.135664085211367386e-01 -4.467195788947081247e+00
2.662652474972699110e+02 7.445198310956770982e-01 -6.523717222339061594e-01
2.416537141091824310e+02 2.095514843642051483e-01 -1.208891236773414812e+00
3.105694912600899897e+02 5.651216903740730046e-01 -5.062116399854285298e+00
3.138052463052873691e+02 7.594016177297804315e-01 -2.092861626878097514e+00
2.616967778152999813e+02 2.947034859608219093e-01 -3.072404854758808757e+00
2.745571645025240173e+02 6.436954295205092880e-01 -2.103458890498060008e+00
2.951913580202739240e+02 3.700042825445286621e-01 -1.104644940994992108e+00
3.376977445086758962e+02 6.969646637783107890e-01 -3.386536469402656735e-01
2.542400233526606996e+02 4.101129259577052100e-01 -5.830441138721388583e+00
3.050587340623730483e+02 5.756419726500424661e-01 -3.193526119242223515e+00
2.806777391381555731e+02 5.087562940385769589e-02 -5.948144796515454580e+00
3.143283197322991214e+02 7.345256492694569594e-01 -2.040007518197666236e+00
2.370708943105111643e+02 2.526615253462645705e-01 -1.393696654883751218e-03
3.096179648975489727e+02 5.903496448708577260e-01 -5.054201904827899661e+00
3.015717413299578880e+02 2.952603769364283703e-01 -3.403044143179024594e+00
2.289185292938688576e+02 5.091201695720291021e-01 -5.142853796517203868e-01
2.830873668615131464e+02 5.224441801919165185e-01 -1.687062550249606119e+01
3.300208174169993640e+02 6.697529631351748503e-01 -4.235169333835582806e-01
2.841237214021989530e+02 7.262098143702956365e-01 -9.550455046751832100e+00
2.275517305357081170e+02 3.768956529981546399e-01 -4.247215965019546235e-01
2.760608316030198353e+02 3.718170424583153166e-02 -3.014540617125224031e+00
3.111276160633434529e+02 6.140163558966336144e-01 -4.295771100618757998e+00
3.122426945773818261e+02 6.400685247167579028e-01 -3.240464997795312829e+00
2.301550777960918879e+02 3.184274703194113210e-01 -9.994974001474276060e-01
3.191052574506932160e+02 4.220421857122362841e-01 -3.227653156927013711e+00
2.872397371219179831e+02 7.824811225273559101e-01 -1.427856664188783542e+00
2.680842945920882130e+02 1.658945766367390662e-01 -1.456598265945941995e+00
2.425461228234466660e+02 6.317561882852210653e-01 -5.291598976228963025e+00
2.418665748867865659e+02 6.773251155256332368e-01 -5.537243518581128399e+00
2.704498871743104473e+02 5.579363559246955928e-01 -1.159267102712005615e+00
3.313432479720039510e+02 7.455654996982139515e-01 -7.034630117677356242e-01
2.628090603991272474e+02 4.322725956561404570e-01 -4.001317605983377490e+00
2.447432795936361458e+02 3.514097351734714048e-01 -1.466291967164782051e+00
2.883285690714860721e+02 5.771972746962413803e-01 -6.189473164429392105e-01
3.072045185014960680e+02 7.945635916399242937e-01 -2.843423054640996206e+00
2.974418449730906673e+02 2.566367343213617480e-01 -1.041934744734791307e+00
3.389008744668417421e+02 7.542481575816373240e-02 -1.353696015606362213e+00
3.208937441463335745e+02 2.658316673081314030e-01 -5.470929884842277602e+00
2.789809508424148703e+02 6.056356990002284002e-01 -2.045456157053365942e+01
3.166734528467255814e+02 6.331872736541674929e-01 -1.772058376433209625e+00
3.005971951868542646e+02 1.572119708211122679e-01 -4.396786173781751295e+00
3.321293186296314275e+02 1.318192466202911250e-01 -6.118354080248439963e+00
3.145915607185291947e+02 8.718118297503008041e-02 -3.639121547776407173e+00
2.474997636985942506e+02 4.248188141919096994e-01 -3.079610211515073637e+00
2.383575931954881639e+02 3.032031449677679014e-01 -4.997737619180404045e-01
3.337082776175719800e+02 7.893464861392390786e-01 -9.063424649261274668e-01
2.695619670928759888e+02 4.400034023574422304e-01 -1.224560992140072635e+00
2.666764198748859940e+02 2.258546569653932523e-02 -1.595813300963431769e-01
2.686846669962416172e+02 2.474553908913686984e-01 -1.463735626506412757e+00
2.617719207179454202e+02 1.360380726410661883e-03 -7.910290456377319757e+00
2.777203690822575481e+02 7.436160607776562959e-01 -1.136482139124563773e+01
2.906637467797849581e+02 3.303536164713085643e-01 -6.455551681288133059e-01
3.272867352315084872e+02 1.459853898103523895e-01 -7.666556419739911643e-01
2.961427032266839205e+02 4.504365760031703303e-01 -1.028543361392274758e+00
3.353017900604338593e+02 2.795898856170972446e-01 -2.262872451210018898e+00
2.273401223784261447e+02 1.190250529186389662e-02 -2.303084599694051327e-01
3.079363198269671216e+02 2.828622171390842710e-01 -8.909457179417710648e+00
2.820212115372222570e+02 5.967052021262427841e-01 -2.228408503605993118e+01
3.245583260653510251e+02 5.604289394164928551e-01 -6.275956712132279014e-01
3.231594573594245503e+02 3.585949757891842005e-01 -2.269054054472342319e+00
2.517932830815787497e+02 7.540147673921273608e-01 -2.043044038376496285e+00
2.331736832566096496e+02 5.176916010019878556e-01 -3.286622018873984530e+00
2.327420403611023687e+02 4.674610269590933065e-01 -4.054998085147109244e+00
2.605116592045282573e+02 1.696676098145219469e-01 -1.979707319283393385e+00
2.654143808130021398e+02 7.144900623968877262e-01 -1.259756346822000328e+00
2.794975665121136785e+02 6.852587756036552236e-01 -2.019165879144442854e+01
2.643272136836111486e+02 3.398700448891064929e-01 -3.105768859546744309e+00
3.222345743115603227e+02 1.917683180068229243e-01 -5.433294397205151505e+00
3.262584808578386628e+02 5.330943470603862755e-01 -1.047668503318048977e-01
2.496600784664622665e+02 5.480454742957809877e-01 -6.009630554703829119e+00
2.994943191880429936e+02 4.627409444460313104e-01 -7.424165361316513723e-01
2.533619369857107699e+02 7.163818203545839480e-02 -2.168266213562894118e-01
2.759946741170350606e+02 4.735057733347954323e-01 -6.509958317131999905e+00
2.932675980723017233e+02 2.239389486804649332e-01 -4.531048627480111501e-01
3.034123981899675186e+02 2.121542863728193007e-01 -7.033028222757384817e+00
2.479816063259309544e+02 1.408803340936759241e-01 -2.080855940845762309e+00
2.598902714552315842e+02 3.099171369264777653e-01 -5.093460818747466590e+00
2.351004832633444721e+02 2.000257206912962327e-01 -7.424245214944088511e-01
2.888835437886283444e+02 4.010861109232052302e-01 -6.184168760902872819e-01
2.434387562681432087e+02 1.004509176929069131e-01 -2.512921980824694979e-01
2.356378958436814059e+02 4.941908555103505241e-01 -2.555291559430167281e-01
2.736307320818128801e+02 2.394332465384426956e-01 -1.788257372126086597e+00
3.131746644426721105e+02 6.614480404839528926e-01 -2.673949259061048966e+00
3.255595524366354994e+02 7.104178916520238474e-01 -2.622079783545849807e-01
2.584078667317164104e+02 2.293528568144878599e-01 -7.902041744038296400e+00
2.310953843292685974e+02 9.182179556289092603e-02 -3.704319076178575476e-01
2.984316859772742418e+02 1.173128791069381338e-01 -2.087019396885468669e+00
3.055377089134078687e+02 3.901156469048681630e-01 -5.674560279414668784e+00
3.370193618542301692e+02 3.240186823977673769e-01 -1.225041125881266124e+00
3.341457708927002841e+02 1.095707988715128034e-01 -4.669759179013940553e+00
2.456997187796041260e+02 1.772961811965999279e-01 -8.107133069659373525e-01
2.389215904327355986e+02 6.531933071625629639e-01 -3.608165800743135865e+00
2.555301760509445046e+02 1.966563546733847700e-01 -4.451818490766934033e+00
2.915848425714757468e+02 3.940711539813219755e-01 -4.762130696761838755e-01
2.749170558566456180e+02 3.666731054429380743e-01 -3.961437982232461241e+00
2.405800140796233393e+02 7.636203023523406852e-01 -6.519328916301765808e+00
2.861185587258207761e+02 5.927050617588271175e-02 -6.115028428810211775e-02
2.577026885519005646e+02 5.377623352626526021e-01 -1.600765940095361017e+01
3.031908813478463003e+02 4.755267220105901388e-02 -3.900668499049930737e+00
3.292310043236386150e+02 4.842519709907097125e-01 -4.303987013815967488e-01
2.920159412141936173e+02 2.944537802701296600e-02 -6.010056058596952022e-01
3.168707315022277839e+02 7.736926251605991123e-01 -1.208593095690438934e+00
2.724826797811234087e+02 4.972386907064569872e-01 -8.898097381742501311e-01
2.509422544430781556e+02 6.892324716614113278e-01 -5.075713127762554677e+00
2.563180358471022373e+02 6.182521093799770995e-01 -1.848722931559142424e+01
3.184207862276350625e+02 1.267922221418944784e-01 -5.246452659808888974e+00
2.837032112831339532e+02 1.701248259644112526e-01 -1.068996353304802049e+01
2.897303445458937858e+02 3.803606488084361192e-01 -5.587842045075938069e-01
2.598848893638590312e+02 6.003626682086021099e-03 -4.419968632702680367e+00
3.172383936542071865e+02 7.697987358754426745e-01 -1.208226600370433834e+00
2.376009845550965451e+02 6.719816194867962444e-01 -1.400610892379019479e+00
2.284889000646805641e+02 3.515371236250366405e-01 -1.219993097422368000e-01
2.452259334995461870e+02 1.811842993982859806e-01 -7.879384247384698670e-01
2.955620046953191604e+02 4.385230409772464255e-01 -1.135042212019605312e+00
2.355212718708096418e+02 4.573615921746687629e-02 -7.806011733175963752e-01
2.332576117604763226e+02 6.623497345435630512e-01 -3.493760215462180962e+00
2.760450791580632881e+02 6.928033229095094114e-01 -5.100204480357967363e+00
2.431395687721978049e+02 9.423969666528064781e-02 -1.410677885498773376e-01
3.291524357434003036e+02 3.954884710728481800e-01 -6.526561050012981147e-01
3.227030734181620915e+02 1.620379160827878084e-01 -5.359702795554512456e+00
3.181495094776939823e+02 3.391108712619043952e-02 -2.392233014850654538e+00
2.366804734011040239e+02 5.009867941738549435e-01 -1.703512919314074392e-01
3.390778128137836234e+02 7.792570788793686809e-01 -2.286027473503682017e-01
2.568059739057748061e+02 5.997784252126533433e-01 -1.795600076731186689e+01
2.722299009301203228e+02 7.364951025204895529e-01 -7.454671730380786343e-01
2.323853611808529820e+02 4.489730142434293914e-01 -4.582725157847832520e+00
2.889982826518979095e+02 2.398302569576907239e-01 -1.034809910089633744e+00
2.530573927212830938e+02 2.297997523712045076e-01 -3.727212542527642003e-01
3.334667897645263679e+02 1.910420526910777683e-02 -1.222533071878764366e+00
3.033819027705372378e+02 2.196898424017959539e-01 -6.504158090819701421e+00
2.739369306355872595e+02 3.751839268222729729e-01 -1.915112288985314271e+00
2.304753651691538607e+02 4.879659291668247967e-01 -3.247382228649766667e+00
2.514659954902623156e+02 4.403724978244232258e-01 -2.182260960991316168e+00
2.877905966693357414e+02 7.038119759871385162e-01 -9.796607794500510336e-01
3.294627821052420700e+02 6.858928768736417547e-01 -2.747933756348596157e-01
3.244237467166876172e+02 4.076514140915836748e-01 -1.073256334992248595e+00
2.537514129864574102e+02 5.426171722417549859e-01 -5.147874350632683615e+00
3.065022319281898717e+02 2.738219246478563185e-01 -8.013897515058157950e+00
2.502802470742129231e+02 1.904371557204439236e-01 -1.962971312653379652e+00
3.160819578690204139e+02 6.309240476986173185e-01 -1.852576033819875123e+00
2.686255639759457949e+02 2.906607549968289739e-01 -1.381499652441351644e+00
2.570983691856978339e+02 6.022520544472678150e-01 -1.771300006841239494e+01
2.728802160996706334e+02 7.964273435691660019e-01 -6.558483273151158865e-01
2.852642208585693879e+02 5.704120238328547199e-01 -4.629198222810797958e+00
3.103255672856680576e+02 7.518551951379670584e-01 -3.750681518938907999e+00
3.270063614876938232e+02 1.061240358270016809e-01 -7.677600323596707188e-01
2.481658871705088814e+02 7.650899712036934863e-01 -3.778897311311380847e+00
2.632291948572823799e+02 1.441734601530413884e-01 -2.026916496290865233e+00
2.289301100306336423e+02 6.363367418732663872e-01 -1.096612641995689197e+00
3.308460113474787363e+02 5.813959124412527713e-01 -9.400122319305272978e-01
2.267629090438088326e+02 4.594330962206298885e-01 -9.747590677989933505e-01
3.001249365738373172e+02 3.862572198562417847e-01 -1.411690814229364266e+00
2.848853386844901934e+02 7.148909285001284752e-01 -5.550635431452890955e+00
2.969542661318988621e+02 4.278744187198224025e-01 -7.966248304520708867e-01
2.553849513344263471e+02 3.275505294977154036e-01 -9.541635120287853766e+00
2.679507526229995165e+02 3.003331800367180504e-01 -1.314166031036388738e+00
2.615495097385008307e+02 1.172488662744592541e-01 -9.305305405874129132e-01
2.792725347761409012e+02 6.525238956485197583e-01 -2.027115555434557237e+01
3.346507414369826847e+02 5.542992972694634757e-01 -1.148828101759212128e+00
2.464521758842530801e+02 2.149212059060051083e-01 -1.554956037266922664e+00
2.918961707821726463e+02 8.673432863118483993e-02 -4.775074400455923684e-01
2.434305070714024168e+02 1.394950699504822755e-01 -6.334855987118849230e-01
2.397146461502821069e+02 5.509730941874745325e-01 -3.835588871503625263e+00
3.074911958996877956e+02 4.926075074461677139e-01 -5.318953725622391104e+00
3.216831104716453069e+02 6.155038842524770959e-02 -5.622183736927178543e+00
3.355795784989654180e+02 1.955331689667451356e-01 -2.946764427386124652e+00
2.821613277542484752e+02 1.347099156158109989e-01 -1.784531096850724907e+01
2.702452236955764988e+02 4.736164552406603723e-01 -1.245438615947323857e+00
2.780389455192549804e+02 6.192108938502678406e-01 -1.409909018306883155e+01
2.580814122899098493e+02 7.524975913882321343e-01 -1.614473888152205561e+01
2.344401098779575534e+02 2.879943839838102204e-01 -1.460421800828865191e+00
2.713103269539233224e+02 6.782452003598833379e-01 -1.024660456976806078e+00
3.258884114972462385e+02 1.033163920634397742e-01 -7.430390185342420351e-01
3.374600989744427011e+02 3.336645264710581538e-01 -9.572170860875458542e-01
2.665814393755418337e+02 2.485044803846242489e-01 -1.837204529436465616e+00
2.309622976557900245e+02 5.080529802339310841e-01 -4.596123744449988280e+00
3.211706011270723593e+02 7.298821241073923938e-01 -8.158612043080766263e-01
2.805663800448874099e+02 6.408098506753487911e-01 -2.241679105665363991e+01
2.932748009632582580e+02 6.131878663270686758e-01 -3.897865876347875735e-01
2.990005159110893942e+02 3.408850538177001788e-01 -1.227862898679748183e+00
2.607330863190353512e+02 1.442197869516323450e-02 -1.527318369446994950e+00
3.363430357163290410e+02 2.033245136021388788e-01 -2.530851461167762384e+00
3.126733397316164655e+02 7.041341581106813630e-01 -2.746702851876070994e+00
2.942294020419503795e+02 4.668950551042320152e-01 -8.021550081544216448e-01
2.865139662908840137e+02 7.805644089999862201e-02 -1.293199621868853511e-01
3.146322806469552233e+02 2.692406560903332080e-01 -5.027428201028107502e+00
2.655352328064080893e+02 1.218671987875800111e-01 -2.299328485102908104e+00
3.087386446615638533e+02 7.878727617004918082e-01 -3.275859504736909678e+00
2.399449211626129568e+02 5.668860433832287882e-01 -4.496622545645014846e+00
2.975730628085395324e+02 2.470209072428821429e-01 -1.108010912499864498e+00
2.921843383550294106e+02 5.150679267974530573e-01 -4.006655736622509179e-01
3.092029667188644453e+02 6.719840163573508052e-02 -5.780472874834087449e+00
2.475925585472504906e+02 7.215929197492734204e-01 -2.417782247883658364e+00
2.637370201163113279e+02 5.232906005736697175e-01 -3.634955184419167651e+00
2.770627442208905222e+02 2.580075642952508463e-01 -1.163684627229025637e+01
2.413273223946026178e+02 4.116128556505814773e-01 -3.948388802746635395e+00
3.045235683004630687e+02 5.870131936159391772e-01 -2.765046943986195327e+00
3.134661448955254173e+02 3.558507339420850513e-01 -4.668572788416302188e+00
2.808119865963818143e+02 3.056597816528376921e-01 -2.753775381310012449e+01
3.122291494071870943e+02 3.128699326418774018e-01 -5.617303355140759180e+00
3.011662791737672364e+02 5.344738521597663938e-01 -1.030675134240067514e+00
3.325962533427396011e+02 3.615468512562080572e-01 -2.850843642046710258e+00
2.494460824575585320e+02 4.168225775591525850e-01 -5.409063722511056937e+00
3.254595056531389332e+02 1.577458552853843177e-01 -6.637155808418362390e-01
3.025985981762345318e+02 4.913799840272463360e-02 -3.925143236974673933e+00
3.194455841427870268e+02 3.000645635013968887e-02 -3.394386479797833367e+00
2.774109335694194556e+02 3.975152007627175132e-01 -1.257110235928577069e+01
2.800963007585384617e+02 3.187014529865108692e-01 -2.742594924005028645e+01
2.742947387652146176e+02 3.742126966075356442e-01 -2.601372607303876094e+00
2.795893337002476642e+02 4.061552425754472728e-01 -2.583505860497333728e+01
2.538605425041194792e+02 1.098972649961168085e-01 -4.330264143875769967e-02
2.750116362057465267e+02 5.445713938561440592e-01 -3.245199410590021483e+00
2.802364748875948521e+02 3.833132940240839837e-01 -2.712153313298488655e+01
2.714202126900324856e+02 5.119094514983872912e-01 -1.088897546867810595e+00
3.187834363117378871e+02 3.084956063383044733e-01 -4.671806086180727569e+00
2.379740615981250187e+02 6.957029984879947726e-01 -2.143211311509359174e+00
2.802769905093302327e+02 3.314333425265402200e-01 -2.754152452528640538e+01
2.814873209728594361e+02 4.440732604279546414e-01 -2.595880586476001639e+01
2.830113394077365001e+02 2.947681974107712044e-01 -1.983893153244692797e+01
2.781919816962321192e+02 3.041091449623201104e-01 -1.918724585909055946e+01
3.144682211078836644e+02 1.737208523086589129e-01 -5.059080005514365652e+00
2.673253822760721619e+02 2.894522964759850634e-03 -4.449030578116857509e-02
3.069282682009844052e+02 1.437754097277759158e-01 -9.162170520411423880e+00
2.753324126022772589e+02 4.471597717184614407e-01 -4.747282791327086748e+00
2.839524830433810507e+02 6.271134377675957605e-01 -1.131701792274450113e+01
2.781380482646058567e+02 5.332816080032150019e-01 -1.679604597368359364e+01
2.840220800373281804e+02 8.105066368331559010e-03 -4.912693900610088926e-01
2.766272983096329767e+02 1.662378863226719738e-01 -7.653765803602571083e+00
2.567392592205330288e+02 4.113512902653126968e-01 -1.477011526308968214e+01
2.750949302420429490e+02 1.542729951143767819e-01 -3.754200402371977052e+00
2.744552503802659089e+02 1.416897621122046314e-01 -2.630305393590024021e+00
2.816014412246966003e+02 3.225537373008426356e-01 -2.700069030669745374e+01
2.782436919678170284e+02 3.821790904286629376e-01 -1.877435492759194346e+01
2.795564067161636217e+02 3.989849737809194052e-01 -2.595267831057556762e+01
2.802174011218864962e+02 6.744721412658691850e-01 -2.138667872166407946e+01
2.811363214685944740e+02 4.119897842407226896e-01 -2.680169262459338242e+01
2.851842076855552932e+02 3.075634323924782976e-01 -3.215917680428207248e+00
2.816085779364314021e+02 5.906534194946289062e-01 -2.336795362072494697e+01
2.814948624343939514e+02 2.667331218719482533e-01 -2.674615550646073459e+01
2.794727473724148012e+02 2.751573324203491211e-01 -2.576465329157054285e+01
2.866006037413074523e+02 3.118876047620625092e-01 -1.244966462964717913e+00
2.840651637013235700e+02 3.350664423354853816e-01 -9.765813337851810161e+00
2.825605408214793783e+02 3.627186949839729668e-01 -2.340500333310546210e+01
2.806627650188007124e+02 3.486150456126334563e-01 -2.750592572900836785e+01
2.799570101605072523e+02 4.893544673919678067e-01 -2.510206592225911848e+01
2.805465456010814478e+02 2.228177309036254994e-01 -2.591692353952925387e+01
2.612865868430370710e+02 3.988790446378534527e-01 -3.685472273267036414e+00
2.798052990687714328e+02 3.340628327387114016e-01 -2.711090643192180494e+01
2.846920865909320355e+02 2.897109100027705497e-01 -6.214245747842697121e+00
2.797706170295460879e+02 3.650328636169433705e-01 -2.687599169469389437e+01
2.784395060025818225e+02 6.680214876646968225e-01 -1.603188260227369000e+01
2.885169724474128543e+02 1.358300673753289056e-01 -1.083347059811123669e+00
3.145399599009123222e+02 2.631884294511671260e-02 -1.606400646424883227e+00
2.823202889019514714e+02 3.799969911575317716e-01 -2.459527402371142557e+01
2.808669831904219336e+02 6.268200397491455744e-01 -2.281148848493532455e+01
2.796569509008978685e+02 5.510311126708984375e-01 -2.296862024673820812e+01
2.802668686857388707e+02 3.275293541388271112e-01 -2.755302230946872299e+01
2.816290877719886794e+02 3.910344895268991205e-01 -2.666982238680897055e+01
2.808138708622574313e+02 3.655058186393864705e-01 -2.735620807858582637e+01
2.807812266551812854e+02 3.152157986982908056e-01 -2.757033152702003775e+01
2.806530965756385854e+02 3.983118846802492508e-01 -2.703035185383595262e+01
2.806546267664232346e+02 4.706386566162109597e-01 -2.586103491356699635e+01
2.807166787511808934e+02 2.703561067581176647e-01 -2.716661345066403044e+01
2.795888577189198827e+02 3.661299373613413621e-01 -2.637334957924461776e+01
2.815185314331866948e+02 3.564075708389282671e-01 -2.692103306163183873e+01
2.814127811847955059e+02 4.234297752380371538e-01 -2.653327928210974562e+01
2.801237556366387480e+02 3.842040748317882004e-01 -2.693288769534330385e+01
2.819205719975032594e+02 3.985269438928916719e-01 -2.614845785157002211e+01
2.810404403220882159e+02 3.483632326126098744e-01 -2.747578362374028060e+01
2.800047554421285554e+02 4.444510459899902455e-01 -2.598057658191588359e+01
2.815141112977724447e+02 3.338895937677765491e-01 -2.698963714253984847e+01
2.811167808451157271e+02 4.046957410887856432e-01 -2.689453573806245501e+01
2.802771861107753466e+02 3.956548929214477872e-01 -2.695685985642987603e+01
2.805378585417007571e+02 3.540825611552977925e-01 -2.747057350661230757e+01
2.515912426538797604e+02 7.641455650329590510e-01 -2.595555054575269693e+00
2.796653631281092203e+02 3.195294141769409180e-01 -2.666488321731281985e+01
2.801961646463969373e+02 3.852887868881225697e-01 -2.709993918709350424e+01
2.816870909785095591e+02 3.659836053848266602e-01 -2.689552478768471744e+01
2.834126474574583199e+02 3.967177893085714335e-01 -1.586111089935933549e+01
2.839503458769884787e+02 4.087769739044084805e-01 -1.194826368347621859e+01
2.811843997685595582e+02 4.813765048980713224e-01 -2.569732421050694526e+01
2.807939805448037305e+02 3.660196022966824003e-01 -2.738307916894793337e+01
2.807892382200513453e+02 2.893830579326129304e-01 -2.741960016484307161e+01
2.808272945636750819e+02 3.251327403713893949e-01 -2.752388509354942414e+01
2.805009499679784994e+02 3.528961631798510079e-01 -2.748021859839807846e+01
2.815501892900895768e+02 3.461953687837246996e-01 -2.697064330063814097e+01
2.794390524581961017e+02 4.371506561510166700e-01 -2.459302592791080500e+01
2.812854479983971601e+02 3.573076986746399064e-01 -2.719466791371422687e+01
2.803693976650809532e+02 3.041366751232231214e-01 -2.752897780053906018e+01
2.806810019362449680e+02 3.317263184453468350e-01 -2.757013706127417052e+01
2.803589811366069284e+02 4.154535252021904213e-01 -2.675788673770962589e+01
2.817252536457106089e+02 3.792711491179629468e-01 -2.628431641117918360e+01
2.806828153045801741e+02 4.049724331744548045e-01 -2.694155571753094947e+01
2.810519663521352527e+02 4.132667408660250508e-01 -2.677761591806305930e+01
2.811959487657574073e+02 4.442670877999665979e-01 -2.633100793830835329e+01
2.799533075670374274e+02 2.987194071797336092e-01 -2.740444819542731025e+01
2.796971804978493310e+02 3.071339884368906592e-01 -2.665957489110589762e+01
2.798515657703610486e+02 3.611947380699496724e-01 -2.690086417875124880e+01
2.814121224732814994e+02 4.235205781530389513e-01 -2.653192873212955405e+01
2.805507102919095246e+02 3.839745181876326185e-01 -2.718264496751137216e+01
2.801505298475065047e+02 3.896387759658381800e-01 -2.704738484042236379e+01
2.803289579122063060e+02 4.370590739409657144e-01 -2.629437442516210055e+01
2.802634670820968381e+02 3.832048926095574792e-01 -2.712084971158812863e+01
2.810750021293975465e+02 3.906016386949980879e-01 -2.705704510539130681e+01
2.802943181156288688e+02 2.280221371867861002e-01 -2.614917947668326903e+01
2.814607632275432252e+02 2.666657036950948467e-01 -2.674108563322408827e+01
2.805713971085347112e+02 3.826957173186709138e-01 -2.719694461403108221e+01
2.808666005651593309e+02 3.565238395318610087e-01 -2.742268646684606992e+01
2.805268481317576743e+02 2.439999255923941957e-01 -2.663840629921331526e+01
2.800477765228042131e+02 3.147074771692752737e-01 -2.743291267615630602e+01
2.800358932182178933e+02 3.208792289667307118e-01 -2.743144645448260022e+01
2.812481591139393231e+02 4.126842168009424161e-01 -2.680149747012332284e+01
2.801891470946621894e+02 2.795583700519345682e-01 -2.735257561249559544e+01
2.808121911177971697e+02 3.932825932802417324e-01 -2.708005261196353075e+01
2.809895771582411612e+02 3.258629145868327526e-01 -2.753045810333848564e+01
2.806638553967532062e+02 3.713753120529079688e-01 -2.733433235135926154e+01
2.800800327901653759e+02 3.766261326201527648e-01 -2.703215025349928524e+01
2.807631761783326283e+02 4.237219476010583574e-01 -2.666721819305804786e+01
2.804424512662624807e+02 3.321417169515896162e-01 -2.758411901161086632e+01
2.803244611611854680e+02 3.619904085668227967e-01 -2.734487130572588853e+01
2.795460960304043851e+02 3.658151242239262579e-01 -2.638666852505374294e+01
2.801206561335553147e+02 3.079998835566328808e-01 -2.741538878272368862e+01
2.812071233852608430e+02 3.361223581620394474e-01 -2.743951776015573785e+01
2.805792288797043739e+02 3.488566720271573107e-01 -2.750404030473991668e+01
2.809102988531898291e+02 3.922407871124414247e-01 -2.709648664116042482e+01
2.799498975375767031e+02 4.156953989987283160e-01 -2.649040198994979178e+01
2.809937281413435812e+02 3.788663442877016618e-01 -2.724458997445936959e+01
2.807067756928157110e+02 2.978169625341936522e-01 -2.749139008171735199e+01
2.805922123778070727e+02 2.929742023693275299e-01 -2.748782552222630571e+01
2.813331239483495665e+02 3.719276920256441854e-01 -2.710121689650850030e+01
2.805500391026607758e+02 3.349256324452709044e-01 -2.757190040209704307e+01
2.806103198411536255e+02 3.432403462219061341e-01 -2.753247338239783204e+01
2.810577262928584332e+02 3.373481217088480921e-01 -2.742483374708354660e+01
2.805324304264927378e+02 3.779119693378336087e-01 -2.725248855111719237e+01
2.806822734715451020e+02 3.118976064446076779e-01 -2.756184121848879442e+01
2.810714698920876344e+02 3.783179487090424509e-01 -2.718140847829901929e+01
2.804685572763587516e+02 3.709226411512023813e-01 -2.732795505645608003e+01
2.810404539892414846e+02 2.990456445978650901e-01 -2.743792377647354641e+01
2.806307598490416240e+02 2.861607718627849906e-01 -2.738643731472018317e+01
2.799231205508004905e+02 3.397520197943405540e-01 -2.737990785488463885e+01
2.811244002619611138e+02 3.703813184514044843e-01 -2.725523477554087037e+01
2.810844930513600275e+02 3.158084523579322012e-01 -2.741956835010770632e+01
2.803398885805973464e+02 3.858669076042324786e-01 -2.708186761600324033e+01
2.808698123238886524e+02 3.827463248644918936e-01 -2.719986720777414746e+01
2.796288655623831119e+02 3.163301474551307169e-01 -2.667797369525109374e+01
2.804579581499847336e+02 3.152833118554514424e-01 -2.759562293772235719e+01
2.804321056981993365e+02 3.673016726180797775e-01 -2.736424535564140470e+01
2.805070249429535352e+02 3.082944428151694893e-01 -2.757732434706152347e+01
2.802184980983689115e+02 3.449390214091822005e-01 -2.748317225053368063e+01
2.800474240305966873e+02 3.358423344005287414e-01 -2.738462335809938963e+01
2.797050669621611405e+02 3.530956731512541191e-01 -2.700107261333557673e+01
2.810007411420616563e+02 3.767366583057740748e-01 -2.726567062755936632e+01
2.808195395737190552e+02 3.561256702931443474e-01 -2.742316872915661818e+01
2.805997267864896685e+02 3.873751041898629843e-01 -2.716490577435414977e+01
2.812093977308946933e+02 3.463073064525743483e-01 -2.740997002797177018e+01
2.804881635032805889e+02 3.620969300257737000e-01 -2.740917361267067065e+01
2.799558166020210592e+02 3.877844925649521213e-01 -2.690632479023233259e+01
2.805651459827215035e+02 3.702134667014873592e-01 -2.733170431072237250e+01
2.808422151099305211e+02 3.315717421960822087e-01 -2.752060288565915513e+01
2.806782634072794735e+02 3.283294824647229326e-01 -2.757553982399867465e+01
2.803135680530032232e+02 3.286635711905778745e-01 -2.754663118202339334e+01
2.800901730538369065e+02 3.328575048454053276e-01 -2.739237645840679036e+01
2.801532182220278742e+02 3.259437253547282087e-01 -2.756509158092662304e+01
2.804432402909284292e+02 3.209323045424954390e-01 -2.759993389416067089e+01
2.801701852140307665e+02 3.367496834638197267e-01 -2.752956667195037355e+01
2.806756739944925130e+02 2.919582187898450143e-01 -2.744423017329753733e+01
2.801297170065653859e+02 3.405747706540812603e-01 -2.734963346943784401e+01
2.807714491338795142e+02 2.868385402946046492e-01 -2.739339264361098714e+01
2.806391862619896074e+02 2.831696810140929554e-01 -2.735201518672295862e+01
2.807302147942602346e+02 3.305298271739427474e-01 -2.757249500685278676e+01
2.808889051950627049e+02 4.117029425104865026e-01 -2.684685497589519088e+01
2.804488422600325066e+02 2.925722671877468151e-01 -2.749032589884503963e+01
2.806351143468625082e+02 3.423162591181861947e-01 -2.753663407889991177e+01
2.802104976075919467e+02 3.535773212831558876e-01 -2.742435512408348330e+01
2.807455895858565782e+02 3.046908284271796497e-01 -2.753307417914577826e+01
2.805038655005809574e+02 3.379421905919129943e-01 -2.756248087192129859e+01
2.805721341563194073e+02 2.936284430481256869e-01 -2.749382922411929187e+01
2.811094919331579831e+02 3.589306196992916864e-01 -2.733680430750422374e+01
2.801675227995800697e+02 3.193113701646601021e-01 -2.757142087487577342e+01
2.808598612895179940e+02 3.510113495780308179e-01 -2.745478367065533476e+01
2.802260350047365591e+02 3.385178905640132685e-01 -2.751728507245754685e+01
2.805470053906149701e+02 3.286715816149405889e-01 -2.758849061737812036e+01
2.803116427579460037e+02 3.329375339625375574e-01 -2.753377895480613091e+01
2.803656923774837537e+02 3.187828138058029226e-01 -2.755599424232617878e+01
2.804515577078410047e+02 3.298973403713629793e-01 -2.758934628600241368e+01
2.806480307080351508e+02 3.689660302934745228e-01 -2.735648296621041453e+01
2.806443889147071218e+02 3.265970272329681290e-01 -2.757714811234259855e+01
2.801950230390375509e+02 3.172324245441770496e-01 -2.756935640193670167e+01
2.803677296565215897e+02 3.379237707189139961e-01 -2.750909869854068646e+01
2.806354998602180899e+02 3.453520300652283548e-01 -2.752274926992461346e+01
2.807400811590517833e+02 3.309690390074679356e-01 -2.757174900439795806e+01
2.805925160554597824e+02 3.347290233298420015e-01 -2.757101001828260678e+01
2.803790016203320192e+02 3.141158134511363720e-01 -2.759660744026197321e+01
2.804964026826411327e+02 3.237487698515899570e-01 -2.759690799373588632e+01
2.805771085203605253e+02 3.382661027300065126e-01 -2.755857285560788128e+01
2.804282272241967462e+02 3.366682838593839100e-01 -2.756999445366546553e+01
2.806108086781009092e+02 3.305745350947733030e-01 -2.757198807901105653e+01
2.802270822665612968e+02 3.023669535422346399e-01 -2.753314248759198435e+01
2.805237677786516883e+02 3.111288604000616020e-01 -2.758501102437544006e+01
2.805948603027396757e+02 3.340946894040959236e-01 -2.756442886191351249e+01
2.806161268050927902e+02 3.259523137847292196e-01 -2.757750012537764661e+01
2.805036336097528533e+02 3.096014307983676050e-01 -2.758156555820607991e+01
2.802562078902315648e+02 3.212675032367654504e-01 -2.756351042381875516e+01
2.807221895791538486e+02 3.290143075869682021e-01 -2.757479454478480108e+01
2.804853479682046213e+02 3.546061573705732717e-01 -2.746859649109638468e+01
2.804411550985732333e+02 3.290933796573890513e-01 -2.759141018394231182e+01
2.950719782290899502e+02 5.575097257003717305e-02 -7.085908780563631160e-01
3.175977032055567406e+02 6.925363060343388000e-01 -1.493433384235679284e+00
3.277086333080553118e+02 6.609580592738804050e-01 -1.322021252513708167e-01
2.926922648912756699e+02 6.396943792114212490e-01 -3.454906800467465455e-01
3.227918504835248541e+02 7.816978493804445094e-01 -6.188482169118671994e-01
2.725729809652866038e+02 4.343175191240107313e-01 -9.059333154665919485e-01
2.315029180110864786e+02 5.407750990913938738e-01 -5.564108793637943862e+00
3.070339837907843048e+02 1.210564423181667709e-01 -8.642476115057938557e+00
2.394996353508984157e+02 3.626411862414115062e-01 -1.968809594219366188e+00
3.364988779830443946e+02 3.211494592282406746e-01 -1.357542519461363062e+00
3.306768378136343927e+02 6.798015880185477311e-01 -6.073109251197205127e-01
3.253771648890988217e+02 7.935527767743679739e-01 -2.690460470042742025e-01
2.530025655515678693e+02 1.980085931864052073e-01 -2.137792126920445568e-01
3.099248948651790556e+02 2.062980293669210846e-02 -7.989677227573128704e-01
2.562741074213670913e+02 7.569747778545126149e-01 -1.976639826878593098e+01
2.632363340576860082e+02 4.197130912085267340e-01 -3.770720157062255051e+00
2.870347716093119743e+02 4.044134968626867388e-01 -1.318977159732832360e+00
3.375497611976958865e+02 7.022614134062066249e-01 -3.788347242480523680e-01
3.062801325536599393e+02 4.512121357150518652e-01 -5.238055076480162775e+00
2.585264641827377545e+02 7.694324534026327767e-01 -1.356278680153106642e+01
2.276281608573759172e+02 4.726254486858200154e-01 -3.735297646074072775e-01
2.302797600982789845e+02 6.717693475749560994e-01 -4.410590225977556678e+00
2.422348562780711063e+02 3.794103007792410942e-01 -3.254740435086306505e+00
2.363942958657437714e+02 6.215458317073830896e-01 -2.729737436018294661e-01
2.472149385070712526e+02 6.273845269077840126e-01 -1.998440503170179294e+00
2.521850003954791646e+02 2.039417663651098556e-01 -3.500836499120816292e-01
2.908082793087338018e+02 9.449996843372751587e-02 -7.664132739861372334e-01
2.379232537058780679e+02 6.037667379888710384e-01 -1.749295219375135435e+00
3.129627747914960878e+02 7.125446544130276116e-01 -2.564004699935233056e+00
2.503171662307687200e+02 4.301753064753345845e-01 -5.423718141330230225e+00
2.320181308171977435e+02 5.989120463409726147e-01 -6.081791154544784916e+00
2.711265026714996793e+02 2.279059954876031524e-01 -1.059814981278626167e+00
2.732240878273083240e+02 3.697039615172363902e-01 -1.214519266543488296e+00
3.182496209580134519e+02 7.880761428993249273e-01 -1.125247873356970851e+00
3.001678263737680936e+02 4.570366423729088634e-02 -3.639313448752574232e+00
2.579209505430351328e+02 7.208382829527358870e-01 -1.601297010712796620e+01
2.463592407983149428e+02 3.894934522867530835e-01 -1.313666136750685887e+00
2.978190559652763341e+02 1.032260077684021005e-01 -1.647372897165148675e+00
2.481825195936511079e+02 2.669601342500134769e-02 -9.153987965046981312e-01
3.198571474820724916e+02 3.436690042229844644e-01 -4.179211989414604922e+00
3.049031272164743882e+02 8.636763962598706379e-02 -6.861627173640312272e+00
2.343670040138050013e+02 3.175071340671739573e-01 -1.677892604621789463e+00
2.604571884516116143e+02 4.681110934387261446e-01 -4.681570392276432457e+00
2.413605209656330999e+02 4.849712884928913947e-01 -4.647090916046211717e+00
3.266795432835825181e+02 3.322543566866883458e-01 -1.035646169739133926e-01
2.768819964051957072e+02 2.825151725568621486e-01 -1.063186232982273438e+01
2.683758611773336042e+02 7.117969622193468515e-01 -6.206783347788480398e-01
2.658816863480657275e+02 6.437071654175728908e-01 -1.050652374603090689e+00
3.137308645374928346e+02 7.637730734006976663e-01 -2.075265693640401476e+00
2.883196279863119571e+02 3.580474093306916239e-01 -8.522680542803554582e-01
2.988409279560877394e+02 5.638099546459588440e-01 -3.153443360702207210e-01
3.147847861776187415e+02 3.935567062699844021e-01 -3.992884376743485841e+00
3.390232574915433474e+02 1.074160367707422403e-01 -1.672772029421071727e+00
2.369763630795825122e+02 7.477504320197607690e-01 -6.724894463699503389e-01
2.700387733797438727e+02 2.930495405357413929e-01 -1.440311788479774924e+00
2.965139886212309648e+02 5.257032157584947685e-01 -7.579170365109078045e-01
3.107015547164703548e+02 5.908261247626425128e-01 -4.844155981642487951e+00
3.344509199365484164e+02 2.404470429701683898e-01 -3.272776221451338508e+00
3.321735052741886420e+02 1.190475481643600564e-01 -6.173179360602983223e+00
2.450402741225156831e+02 5.756687964940374741e-02 -6.769252660980937808e-01
2.555546651075498801e+02 1.463084517788502403e-01 -2.561191524922908247e+00
2.960238171308215556e+02 7.340423741333061969e-01 -7.865821396120343811e-01
2.806565539486177840e+02 2.705664605143018875e-01 -2.717054213016357522e+01
3.210169280657770514e+02 2.498729435277852462e-01 -5.640120890691244782e+00
2.938820535520538897e+02 1.317938025999368934e-01 -4.790810693340072368e-01
2.743854703155499237e+02 4.402511988522668784e-01 -2.406653998914293879e+00
2.494091796241646080e+02 3.010616559694443417e-01 -4.287587884916121972e+00
2.619092122537049931e+02 5.455717128324785170e-01 -4.290691248843797823e+00
2.800906903220056279e+02 5.341824909072063754e-01 -2.413755157043010158e+01
3.289602093861751655e+02 6.986711877106309421e-02 -2.045304274564069491e+00
3.298884497547481942e+02 5.024558500008519113e-01 -5.768233790327669253e-01
3.163639375915971073e+02 6.107380911111893740e-01 -1.910973470946466080e+00
3.329044212822318514e+02 5.579219252655037709e-01 -1.488562940599100548e+00
2.332072214269714721e+02 2.866746259116122533e-03 -8.120541792065255393e+00
3.019089120257363561e+02 3.042526525997271136e-01 -3.495405531615600303e+00
2.832537205395727824e+02 1.667339600508377373e-01 -1.431309626204521734e+01
2.287756377891560078e+02 1.258687720272807023e-02 -3.184245261119998283e+00
3.087082596618909633e+02 2.786575128239497379e-01 -9.252778970528833469e+00
2.781553271711354114e+02 1.885017686374333978e-01 -1.560583022952685717e+01
2.656681700815647673e+02 1.721854971422521474e-01 -2.547621530239302157e+00
2.269379752905315115e+02 1.785760171324068946e-01 -3.064912742254879419e-01
2.902912519742162658e+02 3.457366706571526893e-01 -6.435091889478428140e-01
3.217654461114769333e+02 5.749959282090283397e-01 -1.406420946257586957e+00
2.885353361996085937e+02 1.420824276049133250e-01 -1.101957358979111623e+00
3.040510474933685146e+02 6.877644432999270308e-01 -1.811929087905223001e+00
2.841725442831083797e+02 2.639627835595533267e-01 -9.104318081276254304e+00
2.646761708070721397e+02 5.814157780096135264e-01 -2.373195087676695625e+00
2.862228596030118979e+02 4.885310752364857567e-01 -2.313175066936707047e+00
2.542140005314803943e+02 2.231527448114856704e-01 -1.542094081653955673e+00
3.120932181986822229e+02 6.515202328712388358e-01 -3.392666540910400208e+00
2.753525562377687947e+02 7.904192578591084928e-02 -3.448378186922661293e+00
2.818196587764458059e+02 2.362665210118068682e-01 -2.519311213634574642e+01
3.238156810560228678e+02 4.616735142190578900e-01 -1.296259980455382044e+00
2.408561611778241911e+02 3.613544627480493737e-02 -1.388270870931764156e+00
2.434196081893204564e+02 1.545480407637488118e-01 -8.128488185677303912e-01
2.600791362950716916e+02 2.087619595791443960e-01 -3.119451906399847374e+00
2.673028337052223833e+02 5.067391306017730024e-01 -7.769933441672152163e-01
2.794276373481163205e+02 7.373537503871259169e-01 -1.919496027815389994e+01
3.349781687345598584e+02 4.141562417225764792e-01 -1.516431117865099099e+00
3.021862381062460372e+02 5.175546423245162009e-01 -1.616880994037445785e+00
2.805197483051140921e+02 3.234523105354244477e-01 -2.759627510391683813e+01
2.804664006561934002e+02 3.345452181288969262e-01 -2.757610254802474259e+01
2.761875734052202347e+02 6.035942618349962041e-01 -6.321342216577735762e+00
2.804336202585589035e+02 3.486387528998176055e-01 -2.751039744671355791e+01
2.803789943936720874e+02 3.518942824223908472e-01 -2.749113560121362809e+01
2.745286436711995179e+02 5.721026245096133556e-01 -2.343360495477751826e+00
2.804630565900433794e+02 3.418724265120324235e-01 -2.754657374287713623e+01
2.806077491885712334e+02 3.251975982886095018e-01 -2.757788110732646203e+01
2.805806295729374256e+02 3.391068155226656944e-01 -2.755496122223615529e+01
2.803756515922209474e+02 3.445772542420121876e-01 -2.753570742036507468e+01
2.803664008967285213e+02 3.332620507479516769e-01 -2.752832809286377014e+01
2.804215958153989163e+02 3.191179768570402420e-01 -2.760037919128597395e+01
2.804804982847906558e+02 3.379720134235075779e-01 -2.756317407855587120e+01
2.803921734664251630e+02 3.288395136823527021e-01 -2.759359018287240417e+01
2.805784509520851771e+02 3.334212020787084008e-01 -2.757563858114655631e+01
2.805409401658756678e+02 3.523646847620197087e-01 -2.748250659934412354e+01
2.805832112583766502e+02 3.182816042979772497e-01 -2.759404579672239066e+01
2.804484935927342804e+02 3.505735923038698076e-01 -2.749763673463798952e+01
2.805105431792512150e+02 3.321506482172764674e-01 -2.758171823343504414e+01
2.806018069655439717e+02 3.494846036000935352e-01 -2.750073016693386663e+01
2.805503418360597152e+02 3.514395898736990542e-01 -2.748843678563202175e+01
2.805740160072824665e+02 3.478069086687491929e-01 -2.751061935791930324e+01
2.804892000605054250e+02 3.426117451149228721e-01 -2.754206379599557408e+01
2.806011021134551129e+02 3.164962397557382068e-01 -2.757245392908640014e+01
2.740822329607663619e+02 5.200583728126167982e-01 -1.869407330765969100e+00
2.910554713250021450e+02 3.407396827757951385e-01 -6.044348424459212721e-01
2.659865759793257212e+02 2.477208435081170446e-01 -2.224616455778070989e+00
3.381476794204467069e+02 6.914447181983188750e-01 -3.074982171953246080e-01
3.096955669963301716e+02 1.242549470510170145e-01 -8.511109298945790158e+00
2.872435362642243035e+02 7.593806438400793057e-01 -1.420017543495353252e+00
3.231791038331607524e+02 5.936524144329377028e-01 -1.062904906541964456e+00
3.345407496989245715e+02 2.848318397378394370e-03 -2.814433169631503362e-01
3.032460162059313689e+02 9.527505721128964877e-02 -6.552690109096564797e+00
2.554538245982645890e+02 1.048506005525784296e-01 -7.887325769763910976e-01
3.333230902911031990e+02 4.128074455896484779e-02 -3.552212490174763815e+00
2.349150039746685934e+02 2.118929701408952815e-01 -9.849477183524268931e-01
2.401913053312485431e+02 2.491008658919864893e-01 -1.439566866267645961e+00
2.472551271462781415e+02 7.461920990705293022e-01 -2.052114797830239645e+00
2.301357490262036549e+02 3.306890465230942766e-01 -1.117758773963549945e+00
2.822304395977811851e+02 2.956203834392810426e-01 -2.461545659275034836e+01
3.303761959525321572e+02 1.442118383952200322e-01 -3.948566967975732922e+00
2.268655697714570181e+02 1.805960203351652804e-01 -2.759129000694865441e-01
3.110036046391859372e+02 6.296328314189141295e-01 -4.379333254510459739e+00
2.907033441892132259e+02 7.323297244394740835e-01 -1.870367180444656163e-01
2.438084450789748985e+02 3.696453834397763621e-02 -3.355908111220123891e-01
3.295991962953387997e+02 2.288879238072256614e-02 -1.217938393343661829e+00
2.692128763526166040e+02 5.338175136783265828e-02 -2.266907003909955920e-01
3.210575273911452996e+02 5.054015393006391355e-01 -1.980635770077491475e+00
3.131054524063806070e+02 6.855529145192085227e-01 -2.559761964074765306e+00
3.117269574974375246e+02 4.373588907900679001e-01 -5.178012009077593625e+00
2.354476730630205168e+02 1.414267796147597178e-01 -5.659780835630384699e-01
2.729875586880865512e+02 7.946722936335998133e-01 -6.574640684991849282e-01
3.163291095804449924e+02 5.498570998318536018e-01 -2.318561885329537109e+00
2.646032339181541602e+02 7.608956014974345150e-01 -2.161566111202555263e+00
2.657785152939003410e+02 1.876988401372424176e-01 -2.437954918851675146e+00
2.310572047255171810e+02 4.110261338627476668e-01 -3.606415479699490501e+00
2.565698545560213688e+02 7.003899245881173297e-01 -1.933640907195617942e+01
2.923975805545513253e+02 2.076963203629523802e-01 -4.795331511493017285e-01
2.807033070692260708e+02 6.358484882456636456e-01 -2.251502961900325062e+01
2.962295750664483762e+02 1.283276204047038571e-01 -9.229268909590327974e-01
2.520149651119948260e+02 4.925858221930746739e-01 -1.237366418930358147e+00
2.495829113810322326e+02 7.924658900231784653e-02 -1.979230424254646292e-01
2.758361110710787898e+02 2.709897780600510966e-02 -2.449562850923486579e+00
3.359462471030079769e+02 3.214238707383214599e-01 -1.629200864191166387e+00
3.149778561780570385e+02 7.749926573911851690e-01 -1.616336012631216512e+00
3.010032256732547467e+02 4.840163415111641831e-01 -1.157630193897547510e+00
2.503415277369205683e+02 2.390554625392996568e-01 -3.000247980531095759e+00
2.448880924459678283e+02 2.203077185659947923e-01 -1.016481104313867734e+00
2.989251082075334125e+02 5.713495086099298903e-02 -2.797369883530332668e+00
2.982118349053271231e+02 6.774180523508414042e-01 -1.893945446334625027e-01
2.719487428389418255e+02 3.795160830783032013e-01 -9.539494867406342893e-01
2.289998853754124752e+02 5.230396343141195947e-01 -7.162302801947262321e-01
3.032039705571146442e+02 3.896621074696660081e-01 -3.666159567272487596e+00
2.942792410126489813e+02 3.970591523766965336e-01 -8.212825198762279122e-01
2.775182636214735794e+02 1.182907880424168001e-01 -9.055069303646858359e+00
2.613787877321588553e+02 5.803738618163144514e-01 -4.201580168008496763e+00
2.597092114851670317e+02 6.193185481674903237e-01 -7.053127423236054128e+00
3.196363953908432904e+02 6.587889941537140581e-01 -1.315699750492888231e+00
2.422141993525158910e+02 8.687751134600781022e-02 -6.220238559788322796e-02
3.361099077848171532e+02 3.031675074020570571e-01 -1.767132041694110534e+00
2.416502477805259161e+02 1.622336605489675676e-01 -5.781847986282866447e-01
3.005649447388989870e+02 5.660618575280893516e-01 -6.986861607872643098e-01
3.250431530988415716e+02 5.695934871569673374e-01 -4.976213300697722719e-01
2.694930629275011711e+02 7.918966472163696535e-01 -8.339334796650885728e-01
2.381005152010316408e+02 4.571946086045116653e-01 -1.039384723944475342e+00
2.571841819119379693e+02 5.578763997960040077e-01 -1.689997699061678915e+01
2.543833627176744585e+02 2.767875459608336031e-01 -3.167111185340980573e+00
3.141551301947254160e+02 2.662197359680713582e-01 -5.180756871695195720e+00
3.061423879557008263e+02 4.302301980562300843e-01 -5.365978892897645736e+00
3.275537445186253080e+02 1.531073454178607518e-01 -9.401290065965280940e-01
3.213841047793089842e+02 1.359861120233341047e-02 -1.663533694455018308e+00
2.883314870608126625e+02 4.557309804109874740e-01 -7.120518768865439219e-01
3.290963464567913093e+02 3.060295523325087252e-01 -1.048938800693841378e+00
2.281231989526019106e+02 4.702470991756024232e-01 -2.222949662528069525e-01
2.338441792019335992e+02 6.550089111412003007e-01 -2.997347207234997590e+00
3.172583177118869457e+02 5.383109148655050857e-01 -2.324368991392986139e+00
3.046639584583106171e+02 2.872444909464834661e-01 -6.854970395936879513e+00
2.371396051032895116e+02 6.005049859063107398e-01 -5.443742369054630492e-01
2.607977038072500591e+02 4.460287642883482007e-01 -4.058169637661110940e+00
2.328359917824866727e+02 6.438536756255290872e-01 -4.450947841878796218e+00
2.930359898016118905e+02 1.943466233875849047e-01 -4.429505519595697272e-01
2.745920532074588891e+02 6.402026154986975581e-02 -2.384091557748552415e+00
2.455991563058590543e+02 6.656396177353151034e-01 -1.059839326555964023e+00
2.761834552748833858e+02 4.168994987362876770e-01 -7.578029635078200599e+00
2.841260777404440887e+02 5.339086171832780892e-01 -1.014431389354134083e+01
2.588851701108722523e+02 7.227919293986376781e-01 -1.138832188962435410e+01
3.087447567173991274e+02 1.714158896596752746e-01 -1.002443881962304495e+01
2.628191555865945475e+02 4.047243208059772002e-01 -3.887037605364141779e+00
2.972306539221116282e+02 7.135613914530071211e-01 -3.230529303138248154e-01
2.858349750857108234e+02 3.484030815675674964e-01 -2.412089415753167820e+00
2.482117100059531936e+02 5.893361852730255590e-01 -3.996445988784671055e+00
3.319887821175075260e+02 3.556417518915222509e-01 -2.791673782443949925e+00
2.789769518834443147e+02 3.742459225335501571e-01 -2.341103660598874825e+01
2.525724254042748100e+02 7.775669958640434309e-01 -2.067336298115667770e+00
3.074322329293074745e+02 2.603714198679880076e-01 -8.912145670437233491e+00
2.834367343223937041e+02 2.257068430551978089e-01 -1.450918952833214171e+01
2.795537757869489042e+02 3.624818115731578416e-01 -2.641994449021667535e+01
3.179803461619338805e+02 4.721897256353166927e-01 -2.835206654642952628e+00
2.398183863318706699e+02 7.376500057809735056e-01 -5.335828879907015043e+00
2.708882113063428392e+02 5.021272508059867468e-01 -1.213341293656124753e+00
3.259923158134153596e+02 6.103969831698292658e-01 -1.175331323913797327e-01
2.671183369528636717e+02 3.158823827388186900e-01 -1.364011508179325149e+00
3.385339780377982493e+02 1.000126995798280016e-01 -1.798560315061990877e+00
2.894583327698620678e+02 5.160759235913915388e-01 -2.864130501459896672e-01
3.246720741753216544e+02 7.083931834359636914e-01 -5.054645119887142268e-01
2.812903222182316654e+02 3.962065503283137557e-01 -2.686114808257459430e+01
2.754610407570283996e+02 6.723792584270330552e-01 -4.147477579325773434e+00
2.801058367946845351e+02 3.797724293847399846e-01 -2.699094111331166701e+01
2.775421124752653554e+02 2.421907733117217298e-01 -1.402666492893432704e+01
2.509076623434460203e+02 7.321689170962741855e-01 -5.205279529327476062e+00
2.813217496592111502e+02 4.321275233544368266e-01 -2.639720836668416126e+01
2.883342855033891965e+02 2.462105720288137317e-02 -2.865634661938754046e-01
2.821918906436293923e+02 2.694990739855231410e-01 -2.427616505306711048e+01
2.830357402413567343e+02 7.488716126434766807e-01 -1.443854352153371146e+01
2.845224367439448088e+02 5.738946574657386446e-01 -7.461736986711455799e+00
2.757911653564165704e+02 3.407642314137965256e-01 -6.448513148415526253e+00
2.827755852087627204e+02 4.022498339951781077e-01 -2.157516679702947826e+01
2.824265083793142708e+02 1.745101229015539879e-01 -2.060821945946815958e+01
2.747218566292730202e+02 2.114204644989324811e-01 -3.625497072404828991e+00
2.719543605168535692e+02 6.897451822050726378e-01 -8.813252574765018110e-01
2.794972839045699970e+02 4.214607637805297680e-01 -2.560469503625656529e+01
2.766537394504166514e+02 7.084002757096414804e-01 -6.936130958034156357e+00
2.745041193589008799e+02 1.824995393732279370e-01 -3.144500546166288935e+00
2.805903500028646818e+02 3.522800748441250462e-01 -2.748134328383131120e+01
2.820393340205721415e+02 3.690611524375619901e-01 -2.566199644259878454e+01
2.781954401509844388e+02 3.432341546445506486e-01 -1.909403583993637810e+01
2.859070193813337823e+02 5.903041648083281467e-01 -2.933617529376153499e+00
2.816690284114290534e+02 2.104907713001089309e-01 -2.459343186897438116e+01
2.799829060815828825e+02 2.985758219848618777e-01 -2.739998137060531391e+01
2.865609837215653783e+02 7.380032929176548462e-02 -1.155907192464386418e-01
2.810612968042385091e+02 4.266013622283935658e-01 -2.659100562892290753e+01
2.739853446830853727e+02 7.701095581054687722e-01 -1.252461393017637370e+00
2.884155116277692628e+02 2.507295664572350979e-01 -1.048875135956313098e+00
2.547313884594316562e+02 5.991649627685546875e-01 -1.190360586198660897e+01
2.815018519298359934e+02 3.341812610626220814e-01 -2.698708151775258912e+01
2.808713430219017368e+02 4.232842530631535372e-01 -2.667982722365521653e+01
2.800171728342216966e+02 3.894038207667488427e-01 -2.687713396671193422e+01
2.600703187777922949e+02 3.483777161326728766e-01 -4.915063834676288934e+00
2.818479812000085758e+02 4.652231191705728519e-01 -2.521969209198217499e+01
2.793258861660439152e+02 4.379418530060327774e-01 -2.461056886315230940e+01
2.794126599037700203e+02 3.741256078162309984e-01 -2.556137853768774093e+01
2.821944399308484321e+02 2.738237985098909699e-01 -2.434604547193880464e+01
2.820060234556586352e+02 2.954184370371477075e-01 -2.563858020271931792e+01
2.806557891012431014e+02 2.291235922776136968e-01 -2.607926579803475065e+01
2.572200144154790564e+02 3.586972111383165407e-01 -1.329670428706823593e+01
2.788223219352230444e+02 3.872907876968383900e-01 -2.331802615984100413e+01
2.860639096924198839e+02 1.565761566162109444e-02 -2.534049745606979931e-01
2.826093674840647054e+02 3.663186161520645689e-01 -2.340969720111813501e+01
2.970895955014142373e+02 2.759573553846408900e-01 -9.967111926876346395e-01
2.856620478013787192e+02 2.606708766518643361e-01 -1.725342388463094290e+00
2.798595120105519527e+02 5.011606693267822710e-01 -2.451449434046347164e+01
2.813177573437627643e+02 3.389682421774506405e-01 -2.727072979089090055e+01
2.822024407667636297e+02 3.747487939149756753e-01 -2.458704305785381905e+01
2.850454400104910633e+02 2.635868443746242074e-01 -3.607514095406104904e+00
2.813981914586215112e+02 6.370566252810294650e-01 -2.265265392381763476e+01
2.802000355328659680e+02 2.905399499321080770e-01 -2.746172269429500901e+01
2.753633753008629697e+02 2.947527930966026277e-01 -5.241980246512177644e+00
2.792016984168202498e+02 2.912529987333969950e-01 -2.495826661154655923e+01
2.779914340844860590e+02 2.958794821983580792e-01 -1.749373876587357657e+01
2.803739798800590961e+02 3.843322608230166360e-01 -2.718424395416804629e+01
2.803605500021895978e+02 3.312845230102539062e-01 -2.753545856072718578e+01
2.811532376957759425e+02 3.173923332027212552e-01 -2.742947608130807069e+01
2.802621835180771654e+02 3.502248458044723289e-01 -2.744517841952770709e+01
2.805458553940310367e+02 4.203843215394553745e-01 -2.667473794214407690e+01
2.807389468407031927e+02 3.926429173898608460e-01 -2.710245159358275302e+01
2.799804837448110675e+02 4.046726094640135662e-01 -2.666110506898340660e+01
2.782812678257671450e+02 3.042756222755979567e-01 -1.914452413098679173e+01
2.762442906052993976e+02 2.984473009819855194e-01 -7.969041538370443156e+00
2.804084420234194113e+02 4.216544151306152455e-01 -2.665929782496076683e+01
2.812447985899003129e+02 3.726771077738861293e-01 -2.724608826171074227e+01
2.803165618671765174e+02 3.049815948690671741e-01 -2.753644457682709401e+01
2.795071001223302574e+02 3.745872630474182396e-01 -2.629548404210314416e+01
2.799568068492265525e+02 2.894908919917775214e-01 -2.734572043354756588e+01
2.808968875761859749e+02 3.105767702854669299e-01 -2.749749890521609075e+01
2.807912534284906201e+02 2.996560335159301758e-01 -2.750384391092495662e+01
2.837013618975976783e+02 3.885303650370577344e-01 -1.387546880100803648e+01
2.801425537296198058e+02 4.345684588766429712e-01 -2.635208366414267189e+01
2.734864924955915058e+02 2.900534725919240997e-01 -1.477871929299580778e+00
2.805635266747751189e+02 2.354483604431152344e-01 -2.637562795225367651e+01
2.812708294004147547e+02 3.565384791534339515e-01 -2.719699024798605080e+01
2.802764686771552078e+02 3.684448827257269521e-01 -2.728615067542028783e+01
2.804508508102892961e+02 3.850519720939593049e-01 -2.717318739036565844e+01
2.804753414405629997e+02 3.989982492171984529e-01 -2.699330271221568012e+01
2.799842373228180463e+02 3.258657260921393739e-01 -2.742857138718966681e+01
2.809331986168048729e+02 3.575144097219415396e-01 -2.741911430912455572e+01
2.803610607683975786e+02 2.932059538315592295e-01 -2.746905057979001086e+01
2.802242547526238923e+02 2.751198503751617896e-01 -2.729278531581178413e+01
2.814253081348883256e+02 4.788581561841261380e-01 -2.565509644153792479e+01
2.815620739814150966e+02 3.699028733784068823e-01 -2.684426047050174091e+01
2.800566155965275925e+02 2.739987621895654812e-01 -2.716942735542057363e+01
2.800357553505918986e+02 3.320522709197711864e-01 -2.740240364004943885e+01
2.808352845326398324e+02 4.660233873248980641e-01 -2.597544745553911127e+01
2.810442007912797067e+02 4.364462165482763112e-01 -2.644163532588460441e+01
2.801396518048283610e+02 3.916811888135396380e-01 -2.702111497362752957e+01
2.803131280838656494e+02 3.368145175930530866e-01 -2.751834530883865071e+01
2.813517930515610033e+02 3.898248974698583225e-01 -2.693830163208546224e+01
2.798181480513595147e+02 4.162875991227230066e-01 -2.615784457324343393e+01
2.804207662157101595e+02 3.049205605492574245e-01 -2.756767651432430810e+01
2.803844955973606830e+02 3.340126230485503944e-01 -2.758058396924086253e+01
2.806943041721598320e+02 4.102343706291911585e-01 -2.686799366886077323e+01
2.807080064784924502e+02 3.300490335874252112e-01 -2.757322733709934326e+01
2.808511002224332174e+02 3.550117965556125466e-01 -2.743145112807543384e+01
2.812079696271624698e+02 4.362273073121891165e-01 -2.645815670241351469e+01
2.808686809605293320e+02 4.240023720998730150e-01 -2.666900876647330421e+01
2.801141663802335415e+02 4.725744977461603935e-01 -2.542421159306103462e+01
2.804490822017637015e+02 3.518536520320425520e-01 -2.748911579350412637e+01
2.813438011169483275e+02 3.247620615494030694e-01 -2.728194215670771783e+01
2.802840161593853168e+02 3.979929181098095792e-01 -2.692366420572507835e+01
2.810019533982306825e+02 3.486475632598223240e-01 -2.747285356900366438e+01
2.806397501732649289e+02 3.442915482941815708e-01 -2.752783229854514957e+01
2.805792594740371442e+02 3.906701731528277044e-01 -2.709954656542121043e+01
2.802411245052926461e+02 4.527885485997405479e-01 -2.601507299279110796e+01
2.809675847805063427e+02 3.587216597883172153e-01 -2.741251626482290149e+01
2.798638901158748808e+02 4.221862514567989999e-01 -2.605042546205821097e+01
2.809195310579077045e+02 3.330382078339236829e-01 -2.752157523500679304e+01
2.810450865780049980e+02 4.341801119365634176e-01 -2.647643250093666012e+01
2.803327008474110471e+02 3.786024305151538538e-01 -2.717078891476248259e+01
2.807377012143571733e+02 4.579988380751267574e-01 -2.609151562167200566e+01
2.810852689373236899e+02 3.743739609149094871e-01 -2.721820664236942733e+01
2.802302065737342787e+02 4.075308982190081197e-01 -2.678813434957344697e+01
2.808976054267798190e+02 3.971498850797390290e-01 -2.703721080036854829e+01
2.800400786434552174e+02 3.613840460117908049e-01 -2.720073804969493736e+01
2.811543043370544979e+02 1.501436448725968764e-01 -2.061031901756487272e+01
2.806220347156049115e+02 4.179718950875948025e-01 -2.675448654739960475e+01
2.807782196114698081e+02 3.504672393873964342e-01 -2.749584451411366715e+01
2.810765341811506346e+02 2.966388100533494110e-01 -2.730993257365053140e+01
2.812160946687096157e+02 3.681086164313906450e-01 -2.728095557859901632e+01
2.813079689799420748e+02 2.152891181827856215e-01 -2.507826449598149665e+01
2.802157128986096382e+02 3.159715652465820424e-01 -2.756723585150927747e+01
2.806285529423161051e+02 3.272744289796064021e-01 -2.757649497832103691e+01
2.808400643495220947e+02 3.928469911932290226e-01 -2.708639142756837970e+01
2.804962331079563569e+02 3.961839950030615620e-01 -2.703061447666557626e+01
2.807902206114471255e+02 3.264059709769451256e-01 -2.757765527784928494e+01
2.802890679525929158e+02 3.741922728541089427e-01 -2.722419703938828306e+01
2.802822692052499747e+02 4.492209623192814916e-01 -2.607818217153404561e+01
2.806506355848288194e+02 3.799147006995408082e-01 -2.724848036438257282e+01
2.814570938208501047e+02 4.779999607156566466e-01 -2.567387350743696928e+01
2.801597310172304560e+02 2.712915505274907102e-01 -2.724303316952949316e+01
2.807655806627417405e+02 4.005963971247163968e-01 -2.700084964433657220e+01
2.804034294657890314e+02 3.933792688163638140e-01 -2.707064130985457950e+01
2.808198961965535432e+02 3.407358731649040573e-01 -2.749800158685699003e+01
2.808327660910559302e+02 3.756747799068820837e-01 -2.726867936791338565e+01
2.806600017377057839e+02 3.114266286178510867e-01 -2.756037245803022628e+01
2.808251074959961784e+02 4.865253448486328569e-01 -2.560131807351955757e+01
2.804881805889526731e+02 3.625966622741483292e-01 -2.740487367542096209e+01
2.806200394109754370e+02 4.111275028443996948e-01 -2.685489800328339172e+01
2.808088050964948934e+02 3.500518299843963788e-01 -2.749834674720793615e+01
2.806097186458592319e+02 3.017189005534777757e-01 -2.751677438294999334e+01
2.803431774508252943e+02 3.441230815775093155e-01 -2.747847841971089622e+01
2.807101271567916001e+02 3.194221852377424620e-01 -2.757671361013315092e+01
2.809017843206234488e+02 3.089866919771334652e-01 -2.749106426361819189e+01
2.799957011410074870e+02 3.173170685547580527e-01 -2.743941636231796011e+01
2.805405164979766255e+02 4.040772126339005621e-01 -2.692023378519037635e+01
2.806694320184515163e+02 2.928850013741229885e-01 -2.745244372568560109e+01
2.801250401978523428e+02 3.463385637381267146e-01 -2.731402353814150530e+01
2.810416369656559823e+02 3.378510237424959262e-01 -2.751584792322418949e+01
2.808599440699043726e+02 3.404605660767147102e-01 -2.750062179409703589e+01
2.810081629134555214e+02 3.441290725358467917e-01 -2.749331065209630864e+01
2.807833083499252211e+02 3.491475539793369443e-01 -2.750342928662252007e+01
2.808938822971458649e+02 2.976861706035224264e-01 -2.742249625575042415e+01
2.804563761224395648e+02 3.478174973658504920e-01 -2.751462737951793258e+01
2.807721025393907439e+02 3.648141226194286935e-01 -2.739322657061509858e+01
2.808508131020687415e+02 3.469129676758626046e-01 -2.747480254528293031e+01
2.808543855086791154e+02 3.237498328970171979e-01 -2.752455227006608851e+01
2.810317236532278002e+02 3.327053074978152392e-01 -2.752657856578676032e+01
2.806655929985793705e+02 3.642406932373066786e-01 -2.739754060574362171e+01
2.805894461849355821e+02 3.023570110170466507e-01 -2.754921000680689502e+01
2.804945785845458204e+02 3.839639476169776078e-01 -2.718468077595668930e+01
2.804898603322252484e+02 3.547092587033655042e-01 -2.746769399526582944e+01
2.809244426042159262e+02 3.412185726966436849e-01 -2.750076945568340392e+01
2.809523630634867573e+02 3.555312238090621024e-01 -2.743254600106092411e+01
2.805415419383915605e+02 3.157749555948137776e-01 -2.759321066057332672e+01
2.806377433575549958e+02 3.504681203994995942e-01 -2.749525270248789610e+01
2.809684412294769231e+02 3.468592286061464858e-01 -2.747997116599059098e+01
2.805223364706919824e+02 3.118445809946363556e-01 -2.758681230264236461e+01
2.805661914260649041e+02 3.383236775040739386e-01 -2.755873280702312655e+01
2.801770808313546581e+02 4.120137339306487734e-01 -2.672322523402030470e+01
2.809001965279305750e+02 2.938706784647268089e-01 -2.739081832375049075e+01
2.811031812472008937e+02 2.930721804356948845e-01 -2.727945003836294902e+01
2.811179011853346310e+02 3.584377259294073692e-01 -2.734058347783396314e+01
