2.953064545776537670e+02 7.847383739532987068e-01 -7.963170758670261584e-01
2.679575713264479191e+02 1.975767915871495459e-02 -1.115227599933076713e-01
2.756775277712312686e+02 3.835621278361300845e-01 -4.265003846031967805e-01
2.586698056635994476e+02 6.948484393828330274e-01 -1.364017763702202579e+01
2.145233311652298767e+02 3.754683890848938832e-01 -2.651193795311487245e-01
3.014003146036091039e+02 7.665779666094731937e-01 -2.193522855511723657e-01
2.292146277609889466e+02 2.139537735283451036e-01 -2.422820156224634314e-01
2.909153169969305281e+02 4.478857981559041801e-01 -4.700204385928525297e-01
2.449411661481590556e+02 5.882309709803817954e-01 -3.258966577065565140e+00
2.809965543369657439e+02 3.077272348708891547e-01 -4.807839858098874458e-02
2.884667629053825522e+02 2.539142908784212671e-01 -8.664668624451013490e-02
2.268052382895923529e+02 2.056741075597037227e-01 -2.583042663832024188e-01
2.607664232179666328e+02 6.523958832011480524e-01 -1.054297894419466886e+01
2.691975344286135510e+02 1.505398541026870540e-01 -1.061137237745274131e+00
2.578818450642442599e+02 3.897961435212708436e-01 -1.987757965130054671e+01
2.357701362990594305e+02 4.760952755216273369e-01 -2.210496798207046421e-01
3.026789465041848644e+02 5.292987136665560088e-01 -2.326612438188955523e-01
2.369829384119112206e+02 6.160635052257423805e-01 -1.707227643137927409e-01
2.829029091769184561e+02 6.659839030972176666e-01 -5.799393405133386192e-01
2.548000585753050586e+02 6.417331452414316573e-01 -2.034688273842043316e+01
2.836042991061719931e+02 1.609307032279511940e-01 -1.161550881842968314e-01
2.160911521561542941e+02 7.956393044765759648e-02 -1.938648322622859299e-01
2.745358804106552952e+02 3.623686493998133362e-01 -4.908183885024594573e-01
3.052004343896819591e+02 6.274857629966881234e-01 -1.518956712959104727e-01
2.604573214242240056e+02 4.955438765133737267e-01 -1.301124138087534376e+01
3.120284889944712177e+02 3.993434560836255365e-01 -5.040710098877913131e-02
2.439267982098012624e+02 1.222450007785622905e-01 -1.676634693281220168e+00
2.197756290904845571e+02 5.385140057508482903e-01 -3.151610869745904205e-03
2.651692723990000218e+02 4.054171492237144125e-01 -4.543461691126802648e+00
2.847286541473360444e+02 6.737134925438550415e-01 -7.190514417219805443e-01
3.177573919370914268e+02 3.549206557833048947e-01 -4.515274304011813178e-01
2.508470409790664917e+02 7.775702820072752930e-01 -1.173948548260636926e+01
2.391994844999005636e+02 7.522385860898489485e-01 -1.572896445983526237e-01
2.768846089939354442e+02 4.397366471574790103e-01 -4.202763234669935066e-01
2.997249492581770483e+02 6.021352659106025129e-01 -3.740956124147856166e-01
2.853992033860528750e+02 2.924721857234888200e-01 -8.621195083033764139e-02
2.433330198204643295e+02 7.261257010938856338e-01 -1.729221910171240051e+00
2.704355993380246446e+02 4.583459037851651541e-01 -1.322840961661300829e+00
2.523628302291519390e+02 2.831449651207028073e-01 -2.386612993598620136e+01
2.973576248193165270e+02 6.629986890882610950e-01 -6.162201630758081805e-01
2.623132725754396120e+02 2.180957420433759231e-01 -9.985847287750267753e+00
2.787574542033751754e+02 2.293231453327179148e-01 -2.693826108790024765e-02
2.318269996510821898e+02 1.829573712992671464e-01 -2.053448615445321312e-01
2.929466851865441868e+02 2.968934244486882285e-02 -1.447677882110812719e+00
2.534925551244655821e+02 2.675750503313733542e-01 -2.685507249627346127e+01
3.108327874992087345e+02 2.779490878900921502e-01 -1.143484469616205812e-01
2.635057012798432652e+02 7.054502006471050635e-01 -5.625207161908756248e+00
2.255178083729805962e+02 1.683829040587882632e-03 -1.015685855712963548e+00
2.979075927589025241e+02 4.912383241048390997e-02 -4.518729723873423643e-01
2.572876651351097621e+02 1.299284874852098537e-01 -1.708894155075558885e+01
2.241547570508760145e+02 7.438440268374569841e-01 -1.244170331171572247e-01
2.476556019374444304e+02 2.602885734510482774e-01 -8.125998664641441493e+00
2.721357827979459216e+02 1.432650371941895373e-01 -2.702291199110817832e-01
2.129936811041106353e+02 4.266582822475674108e-01 -6.142229428950862768e-01
2.512949587351816092e+02 5.444361974259835923e-01 -1.690952152834496047e+01
3.075911859818984908e+02 3.901980746346214723e-02 -2.491795828630579968e-01
2.899226041146327475e+02 4.124445129712929203e-01 -4.299267773823954863e-01
2.324796616484423168e+02 3.024606341251487307e-01 -2.661942771710281708e-01
2.219543504844936308e+02 7.004536149188621552e-01 -2.607366898218395623e-01
2.346816145701355651e+02 7.452209311647576273e-01 -1.911578373111981755e-01
2.193409571100092421e+02 6.931638417311905553e-02 -3.535306194393452173e-01
2.487663425434750479e+02 5.779146421805622102e-01 -9.224457828174791985e+00
2.175010544448062433e+02 6.325860815283746996e-01 -9.485730093753086400e-02
3.001418282473264298e+02 5.170755009623423382e-01 -3.576760341798546072e-01
2.379107939001073078e+02 9.509399132917256692e-02 -7.219326066889405480e-01
2.807902411590138740e+02 6.858894092748282212e-01 -5.278172211992748775e-01
2.135427316458278710e+02 5.079581701477082767e-01 -4.337322146398879252e-01
2.646794645129958212e+02 3.131306786879805015e-01 -5.497761023613612963e+00
2.419195796496305206e+02 4.752037241047000343e-02 -5.342960439668174022e-01
2.213228730197271545e+02 1.869382288850734708e-01 -7.038480063082504234e-02
2.408578152807701827e+02 5.245865972390311160e-01 -4.930273330516176666e-01
2.276361680464663380e+02 7.955644460458259903e-01 -1.584792483122517692e-01
2.915395630478990938e+02 1.533253835975640078e-01 -9.736434666229007440e-02
2.862774105185258691e+02 4.523201271966892922e-01 -4.671223917478541932e-01
2.667714559661624207e+02 3.449490231218804714e-01 -3.125583266618084721e+00
2.231576838482645826e+02 2.433423718858307161e-01 -5.170795475735976560e-02
3.140587816407795003e+02 2.330552090830459999e-01 -1.282674586364606073e-01
2.730892211652576407e+02 1.722913906798158312e-01 -2.335429016462198526e-01
2.936380625025439031e+02 5.034546975559033299e-01 -5.214816983696040076e-01
2.283741457951290101e+02 6.237145892402896907e-02 -1.417728644211535993e+00
2.501119109819189816e+02 5.631628001731686650e-01 -1.353614828358591105e+01
3.151418886364854757e+02 4.174483728090867540e-01 -1.307127492976944416e-01
2.333548360178737084e+02 1.345285874358577438e-02 -4.340358072546976476e-01
2.167429127670455102e+02 4.667908494257045904e-01 -1.758995909348284870e-01
3.040040171937789069e+02 1.942798760529974300e-01 -4.967079304127761108e-01
2.877001220898653742e+02 7.711044045592957419e-01 -9.912208488906106840e-01
3.103416801409684922e+02 7.347712700124309215e-01 -1.955532971198445380e-02
2.693932913993497777e+02 1.057998687449406838e-01 -5.905130419448699763e-01
2.401728800693672099e+02 6.084964541182014131e-01 -3.571045204880913260e-01
3.136035245908423121e+02 7.188610466923281983e-01 -1.708696617329286821e-02
2.964836476071499192e+02 9.841836636850206932e-02 -1.242665324276128469e-01
2.309087548523496309e+02 3.260930460898229244e-01 -2.427181809799879852e-01
2.557765408931439595e+02 1.172401957484058149e-01 -1.805956051374545623e+01
3.164177102552782799e+02 3.324495162368866774e-01 -3.083037430231757026e-01
3.063688827732914888e+02 5.947195939069812587e-01 -1.439842777241220617e-01
2.468589919166965956e+02 8.140698823431218034e-02 -4.157135298796910128e+00
2.735415121793021171e+02 5.533183573049104131e-01 -8.905631637671486134e-01
3.088759433788958404e+02 4.816783630745170020e-01 -1.004187533272500044e-01
2.787670121944931338e+02 5.712308820839814283e-01 -4.360759912183931886e-01
3.059032430509278697e+02 3.383443839318617252e-01 -3.521503937373755555e-01
2.906716561047030041e+02 5.383333845667371831e-01 -6.284071198820018189e-01
2.414597811785159251e+02 5.957871018914143724e-01 -7.332850433324200612e-01
2.825570122604094649e+02 2.202858180415384892e-01 -4.413777635866956983e-03
2.139738446944072905e+02 6.579101437086465332e-01 -2.120757159748213883e-01
2.728336489033349608e+02 1.994267065257648852e-01 -4.117286558998889401e-01
2.673399070881110333e+02 5.742334537134724526e-01 -1.995485792719998042e+00
2.499028537636126543e+02 7.394360199754497209e-01 -9.654919164672337573e+00
2.887810360827889440e+02 4.449548909817007680e-01 -5.048754506970052347e-01
2.580061036289067715e+02 2.455482394692489953e-02 -4.420135327689519444e-01
3.061021236336488300e+02 8.196714798643067387e-03 -3.916598871012803157e-02
2.370938124495170882e+02 3.354475207824721417e-01 -2.795745057035660119e-01
2.565242645824784518e+02 7.571830249063561391e-01 -1.653532615839066011e+01
2.969837993016059272e+02 7.304084275672747539e-01 -6.538583066229851637e-01
3.113913520387189919e+02 7.779358615318792136e-01 -3.933820689448655483e-03
2.351826875984241383e+02 1.129721483119630748e-01 -2.924534023261650129e-01
2.768383794422514370e+02 6.962847226300193926e-01 -7.442146284621377061e-01
2.980901428917509293e+02 4.696124502356717745e-01 -4.313141782678700520e-01
2.710763588175616405e+02 1.323030530086953538e-01 -4.172018268215693104e-01
2.687682487747317737e+02 6.900321300303234595e-02 -3.195773778742762583e-01
2.799303030600166267e+02 3.535783924517826304e-01 -1.082020434670298153e-01
2.958309823433113479e+02 5.598174097037394992e-01 -5.768622297088575879e-01
3.101411316591326681e+02 6.105650844983832037e-01 -2.885340353079288850e-02
2.181165548788445392e+02 7.177693962241203929e-01 -5.642217888609285525e-02
3.072687232225609932e+02 6.500512450473658888e-01 -9.233209004176584633e-02
2.856910017811539433e+02 7.468591721443150755e-01 -8.996144315204236408e-01
3.041760471834623445e+02 3.491382288041502413e-01 -3.407142238488491404e-01
2.816753825694305533e+02 2.403794030983631702e-01 -5.111470439769324374e-04
2.697375108576020466e+02 9.025178034441691532e-02 -4.126335840545741762e-01
2.992459953931776226e+02 5.399774943518514947e-02 -3.241181672709169681e-01
2.326965751268786562e+02 4.541040122244565658e-01 -2.695291420111401992e-01
2.756976620790312609e+02 4.484245375893325392e-02 -6.822070246853247921e-01
2.650967213630960373e+02 1.478725083555436637e-01 -3.668455044084299121e+00
2.130150566674792856e+02 3.374036544374852675e-01 -6.782155710608822607e-01
2.506975043989664300e+02 7.643934035682058425e-01 -1.198792923261473575e+01
3.130733383471045954e+02 1.030784301408248504e-01 -2.274870768043104133e-02
2.286828987811360037e+02 4.002937241190782647e-01 -1.842190331348143861e-01
3.152667439354209478e+02 3.329305168674958487e-02 -3.186501748348455343e-01
2.831668822622330026e+02 4.324004748428071365e-01 -2.369521258271232722e-01
2.638965411637344687e+02 1.750706056051093973e-01 -6.260937319556876268e+00
2.777289686420464250e+02 4.200973080460550513e-01 -3.038690139800230838e-01
2.304095933029015271e+02 2.903847514348964487e-01 -2.251548119254953295e-01
2.604598280262387675e+02 8.373379551088605544e-02 -6.276166749217044760e+00
2.737352890337255644e+02 2.575469848724898370e-01 -4.097295996001671936e-01
2.667414776451050784e+02 5.871618936011276935e-01 -2.192059436018832574e+00
2.442079428612829872e+02 7.241325882222109378e-01 -2.527012265798903368e+00
2.528414291922531731e+02 7.841940777395550732e-01 -1.712269977956751532e+01
2.609329300623411996e+02 1.368122616785527601e-01 -1.038763033613117059e+01
2.949365352433346743e+02 6.768153880502995046e-01 -7.170520348440494462e-01
2.354724680124708698e+02 2.978889038353962904e-01 -2.229186623898669339e-01
2.714764602550099539e+02 2.641406755249952644e-03 -4.182355761085654877e-01
2.934925899093601629e+02 5.973680736655258283e-02 -8.430504012395650948e-01
2.236188669401291236e+02 5.023864637787099907e-01 -9.733243963971607848e-02
2.400211038322688353e+02 1.667886918630544779e-01 -6.745415380521597726e-01
2.276889194896072581e+02 2.275406475866933731e-01 -2.220888487033320091e-01
2.333204858553677923e+02 4.778081039321807610e-01 -2.617600623153604200e-01
2.881625329701687406e+02 7.703362513378572141e-01 -9.910095828480820490e-01
3.169710957766773731e+02 3.114668359568104061e-01 -4.219265640073215917e-01
2.489934152217130077e+02 3.120055535861575580e-01 -1.161515770237648226e+01
2.850022632110618588e+02 2.339329209127179454e-01 -3.715176918141698242e-03
2.171874682471801066e+02 4.928255358347626292e-01 -1.579284559188673942e-01
2.149210146706138005e+02 2.847407468674726938e-01 -2.885288097380742101e-01
2.196395896698157912e+02 6.183439147475514597e-01 -3.630897309053613981e-03
3.158640218208709030e+02 6.296199575575516239e-01 -7.440086447092658650e-02
2.789430316725390071e+02 5.631291405908238623e-01 -4.270794279208768307e-01
2.868874070514288519e+02 2.530455623577728130e-01 -6.302391475859363268e-02
2.374761466506025158e+02 3.758919658730820457e-01 -2.885006626593484835e-01
2.247383612741232639e+02 3.782794562067094413e-01 -3.699341614342779860e-02
2.562495305914407027e+02 2.276173947959428401e-02 -7.961749224080095777e-01
2.540178981165359460e+02 3.201238605915058821e-01 -2.704156528154665295e+01
2.189244196427249278e+02 1.919113725428848449e-01 -2.854994803556806238e-01
3.124287668965116040e+02 5.255333991649057124e-01 -2.220279671700737048e-02
2.618856420458655521e+02 3.992149295916889162e-01 -1.015339444209430120e+01
2.210217064386918935e+02 3.638602651569391444e-01 -4.034685228561910486e-04
2.244469872962723969e+02 4.614292507101538376e-01 -4.179931527828687626e-02
2.262110318238813704e+02 6.647581235785225973e-01 -2.967284048097677124e-02
2.455514167375397960e+02 4.081274204285669782e-01 -4.992552675039141796e+00
2.419805284452311867e+02 6.327619589738340267e-01 -9.077804742719773889e-01
3.145212302691630839e+02 5.111986701596763494e-01 -6.294712051611014991e-02
3.078078761273345094e+02 4.825725814359760335e-01 -1.587455342229313060e-01
2.437222056801150529e+02 6.888057846439403775e-01 -2.191515680940811173e+00
2.587442571749266449e+02 2.125777937000338236e-01 -1.858334985739725198e+01
3.091813661577569974e+02 7.663457170974972976e-02 -2.227346257056127543e-01
2.469794057891899683e+02 6.841414641327450141e-01 -5.273920787305452329e+00
2.218088892697581684e+02 5.811851099518634545e-01 -1.369422724120435975e-01
2.648781433412327715e+02 6.039567700116114102e-01 -3.797134640046644805e+00
2.459207125174232544e+02 1.548347426173196095e-01 -4.474130391623623026e+00
2.386505231060177437e+02 5.341451674512373016e-01 -2.474967932714257635e-01
3.026992429647881409e+02 1.276167180457822292e-01 -3.928001118968242333e-01
2.513846110971427663e+02 1.826606357627567068e-01 -1.921347539041119035e+01
2.899843978339665114e+02 2.740997361918710573e-01 -1.446364889230808692e-01
2.746187721992167212e+02 7.100281441964690909e-01 -9.458406666009334662e-01
2.321036064106155550e+02 2.680086212692022185e-01 -2.434035628282117392e-01
3.043273686810543950e+02 2.021778111673685763e-01 -5.263592241305214969e-01
2.946254653287534779e+02 5.172923388544740098e-01 -5.399598623650038176e-01
2.546247885663493093e+02 4.265482392678017765e-01 -2.538221400379133641e+01
2.289903272717619132e+02 7.991746937914501192e-01 -1.927969701530470037e-01
2.158575530815923571e+02 1.040403248936556946e-01 -2.358758900613641407e-01
2.925139204083930053e+02 3.903120902237346423e-01 -3.504934353799900038e-01
3.009088503014164644e+02 6.400560826855924423e-01 -2.742573769777592041e-01
3.020666207691023146e+02 5.474449560893720479e-01 -2.208344660557323980e-01
2.498218868428172073e+02 1.612710137287579615e-01 -1.187226786103640563e+01
2.474580774818381315e+02 7.735401717970469271e-01 -5.216923023526879533e+00
2.265387701363581812e+02 7.296714009210170104e-01 -6.313188018188881090e-02
2.866938066406789858e+02 3.515731270222617333e-01 -2.470315641011202323e-01
2.286769431100981080e+02 1.867572199559835722e-01 -3.194274681048416831e-01
3.069916945411732740e+02 4.028729873687861285e-01 -2.386105970432619294e-01
2.440025035226436501e+02 1.617298315045788415e-02 -4.883982252508751731e-01
2.293838006295630976e+02 6.680754980397158871e-01 -2.078162633359307843e-01
3.056528962033786456e+02 1.346453835866536219e-01 -5.877517226948661966e-01
2.452895194769645286e+02 4.138254601911952602e-01 -4.295967339326128176e+00
2.532520060436538358e+02 5.518996444204916640e-01 -2.174472408948871660e+01
2.434357770770387219e+02 4.698294860630847225e-01 -2.033977057199620297e+00
2.613804668418943038e+02 7.558263759576120400e-01 -8.932179404807873979e+00
2.379410123624869868e+02 7.911631666833107701e-01 -1.120114527172456631e-01
2.938406997567035432e+02 5.914121907434951586e-01 -6.335819109914693215e-01
2.967486578870651783e+02 6.946720502475910441e-01 -6.771623286922184848e-01
2.759191564316720928e+02 5.759410858444042880e-01 -6.463621569462846272e-01
3.001502646288383289e+02 6.197851274780181718e-01 -3.202039206128411419e-01
2.360341219890027560e+02 7.851869505742731237e-02 -6.599032111275439094e-01
2.655218906652110036e+02 2.075098818774926412e-01 -3.933416688638923908e+00
2.149731079916215037e+02 6.321567770479777915e-01 -1.311453728023467269e-01
2.989309895620658608e+02 7.450246442641473843e-01 -4.723810536624764023e-01
2.807612269045807238e+02 5.953120907163157449e-01 -4.158917363650448396e-01
2.848065623645167079e+02 2.767950604401153702e-01 -4.742764019704241024e-02
2.661795064260908816e+02 6.309468853198695326e-01 -2.809807480538221380e+00
2.794560266660217849e+02 5.025795379492443704e-01 -3.211767810405978807e-01
2.200810483447572778e+02 5.795296236848528348e-01 -1.361010592826679584e-02
2.828548376163463445e+02 1.997921495817254200e-01 -2.228897529455731857e-02
3.079717962897816506e+02 3.522793810628611633e-01 -2.617060509904813870e-01
2.836499788206423318e+02 5.155572391794536191e-01 -3.995496540151576847e-01
2.311530116362793024e+02 4.956874904577069363e-01 -2.419366789670071294e-01
2.388465761564573313e+02 5.183821694411525766e-02 -7.766929003168417944e-01
3.147588855112257420e+02 3.936827866676404636e-02 -1.910836433801748058e-01
2.619130583454826819e+02 4.766141281502243032e-01 -9.742371647164310033e+00
2.724472420287365821e+02 3.974653724116130604e-01 -8.215996533700842264e-01
2.554647980499665039e+02 7.675677052179954440e-01 -1.748307715552927988e+01
2.715709534510830281e+02 4.740064407356812254e-02 -1.698152100548234456e-01
2.247900001677588762e+02 3.397859060515902030e-01 -5.197220550846703979e-02
2.516786653680863139e+02 8.157910746121853351e-02 -1.108875377357555259e+01
3.014271093549519946e+02 2.864335284273770155e-01 -2.948526403772618321e-01
2.970389413819275433e+02 5.430297439056465114e-01 -5.184988155459405723e-01
2.373601694168526421e+02 2.497963340865889392e-01 -3.890105526161958260e-01
3.100385817097977679e+02 3.207560972659547205e-01 -1.666725714118641455e-01
3.176623840828229959e+02 6.507773665621234827e-01 -1.538930908192516767e-01
3.132259666221399357e+02 3.708459098777436291e-01 -6.686664683183608793e-02
2.544887722512538630e+02 2.718211882284951586e-01 -2.707623369258656254e+01
3.029880095178032207e+02 6.146783882751392092e-01 -1.858214389722183946e-01
3.107814783919332058e+02 1.092887396801766747e-01 -1.468695036965397827e-01
2.750663835000516428e+02 3.188929562960369779e-01 -3.633143081667072338e-01
2.923088670469221597e+02 5.084870216369831164e-01 -5.389236849408050034e-01
3.118501526876942762e+02 2.582459742952057380e-01 -1.048721231075191995e-01
2.421702606955410886e+02 6.996702821271401085e-01 -8.330773460230350702e-01
2.459440108452330378e+02 4.829535954990684665e-01 -5.352531343963876864e+00
2.906974399527501873e+02 5.322441405694755545e-01 -6.192993245706938099e-01
2.324672753945285422e+02 4.226977262248244327e-01 -2.739912736334114141e-01
2.694513982312647045e+02 2.928251516243761676e-01 -1.616117465472497239e+00
2.509545225530985135e+02 7.397463742310308454e-01 -1.377650827690715118e+01
2.490672056359247790e+02 6.867100621959907336e-01 -9.236265647699255510e+00
2.688681449341495977e+02 7.948872540825631106e-01 -1.483044515400352203e+00
3.047683946994226289e+02 3.673974815975267760e-01 -3.197343122731599596e-01
2.219985118225382621e+02 6.457192660106679805e-01 -2.167173969877976281e-01
2.886270248335775932e+02 1.594658933642746079e-01 -8.954553226573618019e-02
2.188093489643274552e+02 3.886755485394058907e-01 -1.241299101286536255e-01
3.088007114584484043e+02 3.311244804715710033e-01 -1.889718289938806528e-01
2.303502740564123314e+02 2.786462580126483277e-02 -1.144694387744012998e+00
2.784591572422480112e+02 6.098013625857966885e-02 -7.879786467979502662e-01
2.927987210938421185e+02 1.716058385396287411e-01 -3.801011274653415262e-02
2.243760686753564642e+02 7.261574673776934885e-01 -1.194917981111252719e-01
2.582494203778105657e+02 1.187472401423684681e-01 -1.388232967871053347e+01
2.339708893133279162e+02 4.312326903326568206e-01 -2.691971261102765189e-01
2.879199584393486475e+02 1.193919619793572771e-02 -2.653810054081275460e+00
2.708976618132733734e+02 9.460674384314511631e-02 -1.637602705425706962e-01
2.856349325849514571e+02 2.134459747800209195e-01 -4.129083995717666494e-04
2.567140735955247237e+02 3.803697850738950725e-01 -2.350909890842849137e+01
2.586427072035453421e+02 2.464512768302013213e-01 -1.918912088087771295e+01
2.537872139150123019e+02 7.191315640281477073e-01 -1.907186096697628486e+01
2.408540152775455567e+02 6.013699919942155914e-01 -4.337370725873166966e-01
2.640410996139494273e+02 6.753807417088707465e-01 -4.954325633211339230e+00
2.808944135779977955e+02 7.048010829601683014e-01 -5.551510867831119800e-01
3.163988612091378059e+02 1.505282798437767022e-01 -3.946837887203411555e-01
3.150251832378638710e+02 2.207243787240684707e-01 -2.334551622990337638e-01
2.954012413740946386e+02 5.550313455587559952e-01 -5.819284855368822562e-01
2.212939706631116792e+02 3.710176638176109105e-03 -8.285194525470054305e-01
2.633234292416660196e+02 4.538394353066171338e-01 -6.664586261884157814e+00
2.278392629002400156e+02 5.278221980347010955e-01 -1.469714496156383776e-01
2.403766075858361262e+02 2.313596996870554701e-01 -6.415931812084152419e-01
2.770800850556075829e+02 5.605749240148923951e-01 -5.354409802088885284e-01
2.181469347731764969e+02 4.612194764476476028e-01 -1.410722485562842243e-01
2.132004810088993452e+02 6.528737757763181104e-02 -5.260151583001111408e-01
2.229492627137460090e+02 2.994125537974658413e-01 -4.929862836604569781e-02
2.898590514294818945e+02 4.382959178204262063e-01 -4.792382214089969672e-01
2.351226550606130559e+02 4.442698891096490410e-01 -2.372613501449335471e-01
2.979356726336460497e+02 2.370288098279685896e-01 -1.544740069117974957e-01
2.161560544633769325e+02 1.810462370005552213e-01 -3.268145942026599027e-01
2.164862038404232294e+02 1.241733781602123998e-01 -2.954220376108344648e-01
2.606321645089390699e+02 9.957362491838210594e-02 -7.205181277017357999e+00
2.679590230419632917e+02 7.766752401239213066e-01 -1.654875377850449247e+00
3.036974459053699888e+02 3.051647939834534196e-01 -3.803901431300253932e-01
2.129090635773390829e+02 1.360884671527411716e-01 -7.183832273549297653e-01
2.742303907151202793e+02 6.623916308561135224e-01 -8.920227646453608994e-01
2.288697197274954078e+02 2.033813233710930479e-01 -2.673052482921320916e-01
2.661772441995746021e+02 5.515490884012290707e-01 -3.006180026334554611e+00
2.469999916678958982e+02 7.886334710370010992e-01 -4.664928401658240631e+00
2.195315516177704751e+02 5.133144541151245521e-01 -1.606623407919346297e-02
2.896307157354310107e+02 6.391481172107428554e-02 -1.199774487063422823e+00
2.815886506308806361e+02 7.762220833505981687e-01 -6.518295280628919608e-01
3.091849666805707102e+02 7.602660380452682665e-01 -4.729002243715045573e-02
2.464985317502552675e+02 3.708677674757178133e-01 -6.417602900078025918e+00
3.107743365614111326e+02 1.506921597165565563e-01 -1.916057293884703139e-01
2.767511545237859991e+02 4.553784229679529449e-01 -4.407587035565815325e-01
2.250332059621468943e+02 2.454241172759347167e-01 -1.206678611134038709e-01
2.302395550573387482e+02 1.095383177984148304e-01 -6.066703924850824770e-01
2.683925648041166596e+02 3.307075164113855159e-01 -2.126670161849080198e+00
3.176709853510206472e+02 4.760883565340573442e-01 -2.920275527858472997e-01
3.048544592024113626e+02 3.446290980249572811e-01 -3.469833415522202702e-01
2.625273063135857683e+02 1.322156394659204648e-01 -6.303229192272700843e+00
2.526791790708374208e+02 6.104402050233730392e-01 -1.963160551682537047e+01
2.995676040712668851e+02 5.222024451815258095e-01 -3.508787726471064294e-01
2.743929548884133851e+02 3.100727880405592107e-01 -3.933063055438568711e-01
2.238882682274493163e+02 2.141342085649452498e-01 -9.866340247316200684e-02
2.782943217228200865e+02 2.210010487781476352e-01 -3.566650192894177396e-02
3.008972443098053873e+02 2.390065635085782958e-01 -2.510776665460011658e-01
2.225532260868686194e+02 6.507850192659279109e-01 -2.347397285023240521e-01
2.172669031236388264e+02 2.294459996890622078e-01 -3.414481796240514955e-01
2.848616168234551651e+02 4.624792724519882769e-02 -1.907519208514455888e+00
3.032817595510353499e+02 1.810772464867599074e-01 -4.550446417092404161e-01
2.398059863361955308e+02 4.328542709020404278e-01 -4.591423655501987167e-01
3.136670972330626341e+02 5.076421627549390081e-01 -4.601399193262082493e-02
2.173769458215307964e+02 6.012855807874279979e-01 -1.194985698667549584e-01
2.987771743990739424e+02 3.388481513416305990e-01 -2.942348804386049621e-01
2.803463627020374247e+02 6.564434460330907939e-01 -4.924803006469269384e-01
3.070910383073512548e+02 1.038782655137504146e-01 -4.912666529103687507e-01
2.939311699082489326e+02 5.014255013253848814e-01 -5.193505467947553411e-01
2.500390040369741769e+02 1.426119935011690709e-01 -1.282939017597258058e+01
2.390767767332799849e+02 7.214427180755409452e-01 -1.439977886131027784e-01
2.443140440287502031e+02 4.647887256554763535e-01 -3.056011074921156201e+00
2.383210113912163877e+02 4.246888147907796895e-01 -3.161061851755972985e-01
3.078543138173280340e+02 5.612019431168198125e-01 -1.243863977360026712e-01
2.135025704864919476e+02 1.998804040155771899e-01 -5.712253151328168244e-01
2.724267570763909134e+02 3.760263021974788455e-01 -7.878516126810567455e-01
2.673464390785256910e+02 8.064825879861006741e-02 -7.738847432238122881e-01
2.517150458938332918e+02 5.318436976329276034e-01 -1.872116428920983822e+01
2.643327010509978550e+02 6.336383541649056594e-01 -4.319855462912276067e+00
2.431780353891904269e+02 4.869244977555390874e-01 -1.572307027985425654e+00
2.713371221800692865e+02 3.036872884944578077e-01 -8.865668682133881484e-01
2.793531959274557153e+02 5.576229019331676584e-01 -3.927872948912060624e-01
3.011693001875436266e+02 5.202087573723732095e-02 -3.068861903377506084e-01
3.147662764929601735e+02 5.382426687278278887e-01 -8.377103420221025665e-02
2.616902006848792439e+02 4.446747012318319481e-01 -9.818386293810851484e+00
2.323656710495636162e+02 7.149774223862369604e-01 -1.673108762973875008e-01
2.553920531244754102e+02 6.410711977481483581e-01 -1.988883654930549127e+01
3.061481159251753184e+02 3.565006128490649240e-01 -3.072694876590103541e-01
2.226552944937731695e+02 7.405003415173936343e-01 -3.018681406201088602e-01
2.485636892015471062e+02 3.203942247119010989e-01 -1.022546794475516485e+01
2.211945386069556889e+02 7.043165138355966803e-02 -3.902575727735521638e-01
2.577479481830022223e+02 5.906641600204104448e-01 -1.679631584670563527e+01
3.025085863304623217e+02 1.255135633535710282e-01 -3.972381722762710621e-01
2.908562519579260197e+02 4.113109156664744859e-01 -4.155382765234453823e-01
2.155858207232057850e+02 4.899734144498406052e-01 -1.608122040117478668e-01
2.184940104266923413e+02 7.747723666088989214e-01 -2.638362665047078517e-02
3.123068037062304256e+02 2.730203274218309661e-01 -9.254554146283838767e-02
2.722943973745562403e+02 1.880677302856192668e-01 -4.721615004312173514e-01
2.750921840643628684e+02 3.135667625606387565e-01 -3.542017215855219892e-01
2.861364912282797945e+02 4.044295058885788996e-01 -3.349911401859970161e-01
2.864194291938770220e+02 6.656050403854425479e-01 -8.254765595299914382e-01
2.454378546105857595e+02 2.891448390332089224e-01 -4.337847075328392421e+00
2.923868679451358616e+02 5.423871614606591562e-03 -1.516827112507202147e+00
2.761303051368051342e+02 2.519803802329651510e-01 -1.587388144928480183e-01
2.880327655618109475e+02 4.216763301919963514e-01 -4.559892568466580864e-01
2.121391311927155527e+02 1.195461630593706998e-01 -1.066877635406198843e+00
3.166106936185651080e+02 2.985858407786549235e-02 -5.846249811735940716e-01
2.603489038327893468e+02 5.740331193577056235e-01 -1.223750950553519878e+01
2.351536936937348514e+02 7.518286964986707899e-01 -1.906083438960882170e-01
2.564528109154401818e+02 1.955523124237330823e-02 -3.545595315920842538e-01
2.503217268993323898e+02 3.843162286116319493e-01 -1.601828962404448475e+01
2.353263022589366074e+02 2.658810096527370326e-01 -2.092917851091431192e-01
3.103974350598859928e+02 6.295246047844863524e-01 -2.835264170488920044e-02
2.633606686692323819e+02 5.821796300220015707e-01 -6.101445085617002384e+00
2.315088685605207104e+02 3.956762959800367851e-01 -2.674127967279158469e-01
2.297035091264956748e+02 1.753699082134655418e-01 -3.054998924747579503e-01
2.570876379713414508e+02 6.819168389179762757e-01 -1.711033042574471708e+01
2.977882101549191702e+02 6.951227952051008963e-01 -5.842915789376345037e-01
2.148424889896506613e+02 1.641424849217123505e-01 -3.415363381037020973e-01
2.694059474091736206e+02 2.585891798746469128e-01 -1.571993975110709263e+00
2.537304080291805235e+02 7.101179248022125856e-01 -1.925472885923906574e+01
2.261408738650831367e+02 7.359006215570915721e-01 -3.729163733175713119e-02
2.372537510731138468e+02 2.865935539979463931e-01 -3.011109325159025962e-01
2.338163048078804138e+02 3.963180414757774134e-02 -7.206751753473563671e-01
2.960827675331370301e+02 7.540759164863720942e-02 -3.516737259719857622e-01
2.418781383650673433e+02 1.421513975944931757e-02 -2.182546779641260926e-01
2.821078406220414081e+02 7.526965102291072185e-01 -6.528132621603830454e-01
2.595134803219555693e+02 3.626359401809846617e-01 -1.657549266981130742e+01
2.654156236699365081e+02 4.563747601614740468e-01 -3.708909558743181289e+00
2.930079399076734603e+02 6.998402101164930000e-01 -7.594335326303162104e-01
2.408586279392423819e+02 9.122061071240591956e-02 -6.507106963755145967e-01
2.272054845132594778e+02 7.983713639708600596e-01 -9.877795574585752914e-02
3.157922469672189436e+02 5.975897045333576907e-01 -8.517345978770635151e-02
2.830459568321173265e+02 6.182745121380017750e-01 -5.149607213498015312e-01
2.883587929963086367e+02 6.786088259806389855e-01 -8.811640818584742796e-01
2.953704413740280188e+02 1.537857255053781125e-01 -7.721786822017594198e-03
2.541893464268412117e+02 3.138866424560546875e-01 -2.707571987822320025e+01
2.553600128349654881e+02 4.196522712707519975e-01 -2.450706833147702568e+01
2.537576217359527391e+02 2.391192436218261830e-01 -2.648902154558350119e+01
2.544075641762098883e+02 3.777501344680786466e-01 -2.626111537408252516e+01
2.559035986070651916e+02 3.474149942398071511e-01 -2.480994466758682293e+01
2.538130755797719758e+02 3.496835231781005859e-01 -2.638703052989575681e+01
2.529745323806789941e+02 3.668384313583374357e-01 -2.557375354089632324e+01
2.532908204953877487e+02 3.801587343215942494e-01 -2.526997269667551294e+01
2.552087709130057078e+02 2.814210414886474942e-01 -2.676499355050632190e+01
2.547548304294457751e+02 2.490089654922485463e-01 -2.687949678529610509e+01
2.551101018216463672e+02 4.189337253570556974e-01 -2.519090900124219345e+01
2.551128982431514771e+02 2.926730871200561857e-01 -2.675375550355482090e+01
2.568891998096920020e+02 3.044414520263671875e-01 -2.299561966428565185e+01
2.554028483997721821e+02 3.209564685821533203e-01 -2.593014150078080959e+01
2.558787933736039690e+02 4.833172798156738503e-01 -2.245794536830554833e+01
2.549419228169166445e+02 4.356961727142334428e-01 -2.482935003647105532e+01
2.528328403961286881e+02 3.375767230987549161e-01 -2.484273461578247577e+01
2.534595473238017576e+02 3.655372142791748491e-01 -2.622905400123715935e+01
2.536718623466336169e+02 4.749621391296386941e-01 -2.408456695371460299e+01
2.561914911799485708e+02 4.258899211883545033e-01 -2.368887145884900391e+01
2.529807437563827364e+02 2.893989562988281139e-01 -2.511072898453309321e+01
2.537136341359157825e+02 2.377292871475219782e-01 -2.647421535460647490e+01
2.562906923182536616e+02 2.634021997451782560e-01 -2.523031731459790095e+01
2.541890729293892832e+02 2.200821161270141713e-01 -2.635006209545893441e+01
2.561009185574826574e+02 3.291537046432495561e-01 -2.506789859019568567e+01
2.536503962390308970e+02 3.577180991629776985e-01 -2.630903961927733903e+01
2.548593924634012069e+02 2.755179816561963424e-01 -2.710889390427693257e+01
2.546036247124827412e+02 3.674870697440814071e-01 -2.643595465972293823e+01
2.545323082200820863e+02 3.870328560458836109e-01 -2.611525985832676966e+01
2.540999649540694350e+02 3.631983120267333054e-01 -2.654020093672496117e+01
2.545714608525774452e+02 3.734510909190713601e-01 -2.634176392169975145e+01
2.540335958258981179e+02 2.961875832765340499e-01 -2.716622000756261102e+01
2.532284393633413515e+02 3.647843993301735921e-01 -2.552912118929222274e+01
2.534943903908418292e+02 2.753373314821218609e-01 -2.688870070356753672e+01
2.550762667702811655e+02 2.530498084712811124e-01 -2.655307719267347366e+01
2.544187544335517828e+02 3.418521528778508678e-01 -2.676726851591355683e+01
2.537957229874935479e+02 3.819811344146728516e-01 -2.590820477525696219e+01
2.544855279843459925e+02 4.187737300818011876e-01 -2.552637647260083398e+01
2.529047100125904421e+02 3.340728518070279485e-01 -2.485025180332690198e+01
2.549269313268991652e+02 3.158164476949301136e-01 -2.662733742893385624e+01
2.544997572238096382e+02 3.582860708236694780e-01 -2.656254377888091156e+01
2.532791936611201891e+02 3.741578484101758528e-01 -2.537016038416864561e+01
2.549364682061752205e+02 2.860402107238769753e-01 -2.672591993339178629e+01
2.556060964705732204e+02 3.027114314720756871e-01 -2.608991582464978265e+01
2.529496421140516986e+02 3.478431940078735574e-01 -2.584610147902547794e+01
2.556563026531988498e+02 3.575451699024382868e-01 -2.561136542895455293e+01
2.563056982948543805e+02 3.287122118590452557e-01 -2.514463808265834288e+01
2.539904533384111005e+02 2.369885114216657707e-01 -2.640217789953910810e+01
2.557248359228103141e+02 4.254182123860855147e-01 -2.449738521385100043e+01
2.561705688605705973e+02 3.074517278284564781e-01 -2.523876319715936489e+01
2.544911764454212175e+02 4.006526168968481127e-01 -2.587057247795607751e+01
2.541745251143081248e+02 3.092159615526501870e-01 -2.710486330037999636e+01
2.527402658237722619e+02 3.264839971751573588e-01 -2.499627719884700383e+01
2.536788711220277150e+02 3.203790903091430775e-01 -2.672324432217057222e+01
2.551486395104958831e+02 2.536090676297370061e-01 -2.657070340889601923e+01
2.538180569280099803e+02 3.697514068899945827e-01 -2.610082054668248830e+01
2.539005748918641530e+02 2.325318727263291640e-01 -2.633725668381566365e+01
2.536771510855934082e+02 3.635132971505752320e-01 -2.622087613041470533e+01
2.545743495561280838e+02 3.564871586076793220e-01 -2.659251727161852585e+01
2.540559298951019116e+02 2.680327653884888028e-01 -2.712007596654273556e+01
2.543498316931639067e+02 3.471595520511057131e-01 -2.674289327935534999e+01
2.543384009361560629e+02 3.341143131256103516e-01 -2.689299486090353497e+01
2.535320943266750078e+02 3.292878164007190245e-01 -2.667110363112337978e+01
2.554509674919964084e+02 2.380476292452590181e-01 -2.565850367544756239e+01
2.554367355812375706e+02 2.545892662090794012e-01 -2.589543108899567869e+01
2.547092036017780572e+02 2.802116394042968861e-01 -2.711727467065584563e+01
2.548486623018087300e+02 2.570599716026112924e-01 -2.697902118870896970e+01
2.552777768891861854e+02 4.165143726461482121e-01 -2.526650979271445507e+01
2.557850290658147969e+02 4.034515961574586251e-01 -2.394495065033803982e+01
2.520801744326713845e+02 2.997160363499599134e-01 -2.396839216233612646e+01
2.560972373231809343e+02 3.471481475909432568e-01 -2.488347954058805911e+01
2.558796385036407628e+02 2.682846851761311324e-01 -2.612629231131623087e+01
2.540420976939952311e+02 4.321176550405276817e-01 -2.530490701288110245e+01
2.553290718306943745e+02 2.405244203708506445e-01 -2.640623947014556450e+01
2.537288440901606634e+02 3.866549665179453421e-01 -2.584118708393657471e+01
2.544455591074286360e+02 3.574379907602081019e-01 -2.657045643840871563e+01
2.551612313466350486e+02 3.321071679559591261e-01 -2.653369234280279798e+01
2.541570397493487690e+02 3.140276973160840979e-01 -2.707694946230650146e+01
2.545089276621220904e+02 3.083385289737098911e-01 -2.706105399895428931e+01
2.549830761796801255e+02 2.876066938058008948e-01 -2.673450730148001497e+01
2.550122358959511928e+02 3.197027789901591976e-01 -2.661500630788618693e+01
2.556086747305752169e+02 3.038269870592522626e-01 -2.608640296396536584e+01
2.555345377990684597e+02 3.499118791912880222e-01 -2.567556079447392037e+01
2.543535938987452312e+02 2.914551013237777766e-01 -2.715150263571349498e+01
2.542804147500229703e+02 3.484379962426168431e-01 -2.673151774881799270e+01
2.536928359233442336e+02 3.050417158124028028e-01 -2.681980436389905265e+01
2.541586525819005828e+02 3.071632426996257492e-01 -2.711677822457122744e+01
2.547805813217974276e+02 2.806912466349716362e-01 -2.712142952162877663e+01
2.538855123804113703e+02 4.443186753121931010e-01 -2.505857968034380434e+01
2.538565214076168104e+02 3.589708872875337908e-01 -2.625309298702552852e+01
2.550574150231816191e+02 3.406465646164043570e-01 -2.642575274327526103e+01
2.552713244814232780e+02 3.215548172249117487e-01 -2.664529869288232433e+01
2.536580631549060740e+02 2.643777965241539962e-01 -2.680291843897395765e+01
2.539576676918222518e+02 3.421541702790606987e-01 -2.682708662310217207e+01
2.548142272740774388e+02 2.399231360424138038e-01 -2.673907229949403330e+01
2.545422764048560111e+02 3.372165559055833040e-01 -2.682774291735271888e+01
2.544699408815373829e+02 2.725830352894459963e-01 -2.707889571195359579e+01
2.540529270367164258e+02 2.553918150204727011e-01 -2.701572127460156025e+01
2.527536076537743384e+02 3.332070097558146871e-01 -2.492356173256186125e+01
2.552006679507702529e+02 2.740638784596461930e-01 -2.674040801252530031e+01
2.548441766724540116e+02 2.819731320860389134e-01 -2.712655415086711486e+01
2.546226019815997574e+02 3.078755818441276659e-01 -2.707011702047767088e+01
2.543684455277981158e+02 3.509746703812545165e-01 -2.665141460225854075e+01
2.543646640045958804e+02 3.360843068002060119e-01 -2.687034844086475260e+01
2.545545841444307200e+02 2.731505889334307491e-01 -2.708589586218562673e+01
2.549450651802677612e+02 3.259454976664961645e-01 -2.655239561252756175e+01
2.551103813018283120e+02 3.637849312300159288e-01 -2.613684530109762250e+01
2.535224861684149573e+02 3.256347878047675670e-01 -2.670717895127153696e+01
2.554976721874357963e+02 2.923636340594498728e-01 -2.608523702772379949e+01
2.543765776717884535e+02 4.328370571136475053e-01 -2.523707546780235589e+01
2.549930963530004817e+02 3.310196134815288627e-01 -2.651459885706178810e+01
2.536379871155143064e+02 2.967344349996507979e-01 -2.686218918058340321e+01
2.551977968096781808e+02 3.333521877113265197e-01 -2.652766782350443364e+01
2.547162023792892285e+02 3.035097155501642607e-01 -2.709492020730997552e+01
2.554242902628400032e+02 3.018191260285373878e-01 -2.604322997861419253e+01
2.542658229231203677e+02 3.706600020333215006e-01 -2.641778352615756376e+01
2.543595357210016914e+02 3.310252544417774390e-01 -2.692270509808203016e+01
2.547305300023439827e+02 3.265078263978969386e-01 -2.694487896718450415e+01
2.544493198328221411e+02 2.849514256193442785e-01 -2.711130137510509286e+01
2.548034182000616568e+02 2.704289174734085810e-01 -2.708308191230310413e+01
2.550262236905947191e+02 2.993107822546078323e-01 -2.672532755786693670e+01
2.538793497772729779e+02 3.279285193004807808e-01 -2.661846415477026540e+01
2.542519223976511853e+02 2.979129166287572406e-01 -2.714669425498814448e+01
2.536739031849672585e+02 2.952317676224139320e-01 -2.685921879062993156e+01
2.542769538177662696e+02 2.745121265259695686e-01 -2.713519967947505762e+01
2.534139820973742872e+02 3.339109812710496228e-01 -2.586672941473344167e+01
2.538661755630897119e+02 3.085583382065820168e-01 -2.676744978883979087e+01
2.549131433088928134e+02 3.335252850585634921e-01 -2.647540267245710055e+01
2.547816982925722300e+02 3.013843097178010577e-01 -2.710607420380718580e+01
2.545979956680195642e+02 3.144005867278378830e-01 -2.703093511662416759e+01
2.542459265145637062e+02 3.060080385442514039e-01 -2.711637259386341015e+01
2.539794626517435745e+02 2.863647813979888213e-01 -2.718062061928699080e+01
2.545742370354472826e+02 3.076906905518342339e-01 -2.706828166007806402e+01
2.544054005866022976e+02 3.188017808465398173e-01 -2.698791007035169898e+01
2.536688356469502423e+02 3.414439632919170631e-01 -2.651555832295176174e+01
2.537881644281755484e+02 2.939605742872665184e-01 -2.683960729561974290e+01
2.537926801593190476e+02 2.839799400737962332e-01 -2.684635413230856216e+01
2.537762550612775385e+02 2.818633082091523967e-01 -2.684773698813709331e+01
2.541592874398359925e+02 3.558540982482201187e-01 -2.664116467303048452e+01
2.535659537512787551e+02 3.198687586133144301e-01 -2.674840876711736826e+01
2.544884509753350699e+02 3.021419058774231781e-01 -2.708749250614007664e+01
2.545144049476405428e+02 2.754092127914513077e-01 -2.709319701063553154e+01
2.545610949838243755e+02 3.112339798600126106e-01 -2.704827478131742069e+01
2.545496673096968152e+02 2.971449393460852129e-01 -2.710665605368868114e+01
2.547683875318005278e+02 3.397746365851757600e-01 -2.681317333454033403e+01
2.544324131570744782e+02 3.177657341069409225e-01 -2.699736513384764081e+01
2.541510197387109429e+02 2.733790658086082681e-01 -2.714040091939880739e+01
2.548928574345601135e+02 3.117687244058166551e-01 -2.664661902942939520e+01
2.548663129006630754e+02 2.916572136503883250e-01 -2.713148602641775398e+01
2.540623856419609865e+02 2.979688138170636380e-01 -2.715967148141833576e+01
2.542372464034311292e+02 3.096312126611064919e-01 -2.709821770252579043e+01
2.536038355799855140e+02 3.023234394421446258e-01 -2.684904538069289259e+01
2.545377937666504522e+02 2.717805983284740656e-01 -2.707855551673047145e+01
2.540291887292513024e+02 3.273268620638817294e-01 -2.697935045007193722e+01
2.541963972623045152e+02 3.085391038941296404e-01 -2.710704725610132115e+01
2.541754245296311865e+02 3.128154377203954950e-01 -2.708352931269006092e+01
2.542457065231672004e+02 3.232010240176215188e-01 -2.700217604838023178e+01
2.538250173767886508e+02 2.743104323111583698e-01 -2.682004965260774298e+01
2.544502196556280751e+02 2.853382927556235016e-01 -2.711165372176103006e+01
2.544736786338508807e+02 3.204816273086132927e-01 -2.697970758097228128e+01
2.543559139619151210e+02 3.103674231074318168e-01 -2.708532367716001943e+01
2.540105168052724025e+02 2.742162617582903361e-01 -2.715384551546947023e+01
2.541279511626503336e+02 3.038002995472111056e-01 -2.713452079771270675e+01
2.545738004380281438e+02 3.092866188574763808e-01 -2.705994635204552523e+01
2.548620584048424860e+02 2.992501218683209507e-01 -2.711650658298362870e+01
2.541562634415009825e+02 2.867654149246243733e-01 -2.716874906817893631e+01
2.542503996923399541e+02 2.795700308194598027e-01 -2.715294136075866405e+01
2.545008126667800639e+02 2.952870194549166438e-01 -2.710798745921217900e+01
2.543851004438627399e+02 3.125547930796763740e-01 -2.707002595070316886e+01
2.541649988969493847e+02 2.752002942460777257e-01 -2.714652196965342412e+01
2.540144057407745208e+02 2.884357990905662694e-01 -2.717826322034579434e+01
2.543079152565032928e+02 2.925940340767278491e-01 -2.715369133570682081e+01
2.541567435387589740e+02 3.305883032780903008e-01 -2.694069774453383914e+01
2.544579232849893344e+02 3.166813172105759078e-01 -2.700679392228467890e+01
2.541837046417243471e+02 2.971879922655081274e-01 -2.715360399045672324e+01
2.538856324517115297e+02 2.890438928820967535e-01 -2.682696073530156511e+01
2.543418223011082091e+02 2.825121715451865412e-01 -2.715110901263347642e+01
2.537966212558501127e+02 3.052733762880873725e-01 -2.679839906350334999e+01
2.545431505466166584e+02 2.851686504700505220e-01 -2.711676413407013797e+01
2.540410999838416615e+02 2.923117612166873935e-01 -2.717314172209781375e+01
2.543521094713192952e+02 2.770247418564334985e-01 -2.713781647279223463e+01
2.542344561430581962e+02 3.007752347678526172e-01 -2.713891327066319903e+01
2.541404557574637124e+02 2.965328145472060917e-01 -2.715829868232254540e+01
2.542163778299793080e+02 2.946798342276726879e-01 -2.715705398743344290e+01
2.543426571727716805e+02 3.077118904718956216e-01 -2.710076889179719828e+01
2.544073545666050791e+02 3.479132890701294167e-01 -2.669333140199637100e+01
2.538340565800781121e+02 2.929223468894379123e-01 -2.683241721794217582e+01
2.538241470893621567e+02 2.944693112720845884e-01 -2.683129214855897615e+01
2.540453631478124521e+02 3.052296523011290286e-01 -2.713347545291749796e+01
2.542005654091514657e+02 2.797584466454732244e-01 -2.715720418971949357e+01
2.539533815578582221e+02 2.930925042942874037e-01 -2.717745731895853467e+01
2.543974841056191849e+02 2.880757668260943150e-01 -2.715002957040467635e+01
2.540358401427427850e+02 2.870440208277973415e-01 -2.717707283048938294e+01
2.542139354725181590e+02 2.969622584539355348e-01 -2.715202916413386802e+01
2.542253645949456597e+02 2.669283005169573175e-01 -2.710034681034740345e+01
2.542389226952718673e+02 2.986347385284641720e-01 -2.714555881632668743e+01
2.540957902478949961e+02 2.794571728380982334e-01 -2.716419382519308456e+01
2.554345208022390068e+02 3.717236995697021928e-01 -2.534826252150095272e+01
2.542640599789167766e+02 2.907983197283900978e-01 -2.715918084203198291e+01
2.535747581800218313e+02 2.679483878885318138e-01 -2.684132639112701924e+01
2.679729698782352898e+02 3.138703205325987788e-01 -2.079133176188994181e+00
2.339625346564463371e+02 1.573143003305541576e-01 -1.417311699833066485e-01
2.960139068218433636e+02 1.063487919742231169e-01 -1.136625562610789758e-01
3.073368906595538306e+02 5.621940921549335446e-01 -1.175898113404574563e-01
3.125337690427253960e+02 7.673075027217546307e-01 -3.893207617351083540e-03
3.149968748822948328e+02 2.423541680904796325e-01 -2.303704044144773144e-01
2.755172992419382467e+02 4.822082214016787383e-01 -5.727457871145635870e-01
2.758512562464966891e+02 8.067178266502333939e-02 -2.727858019226260811e-01
2.485843948250852407e+02 2.563082781004443755e-01 -1.032170513568117798e+01
2.320384139244674486e+02 2.762211950915154368e-01 -2.487405119238578488e-01
2.890593695440013562e+02 4.552327049732374231e-01 -5.226850787626995398e-01
2.233329286755809449e+02 3.035542420535546349e-01 -6.017354662248300401e-02
2.427360037882556583e+02 2.395565751455659975e-01 -1.164228555032186696e+00
2.148169093823079265e+02 7.791444961528257857e-03 -1.503419386289286674e-01
3.056167152705502872e+02 1.449584673461687123e-01 -5.882916746871899027e-01
3.014295543111721827e+02 2.111324756845609496e-01 -2.821298643132864603e-01
2.477545024634323454e+02 2.643579734930834313e-01 -8.083433414125634542e+00
2.519145646803189607e+02 4.095660562035864649e-02 -4.373673981917588272e+00
2.217625670140568843e+02 5.340160510723052090e-01 -1.048520120964188673e-01
3.177283679905891063e+02 1.000440945295010542e-01 -4.760010487097516840e-01
2.552668809028693317e+02 5.028828151454306505e-01 -2.278308843894977898e+01
3.109617454147031026e+02 4.186115408756684864e-01 -5.497324178421355428e-02
2.380761808056263931e+02 1.676743788262941015e-02 -4.725777355080654774e-01
2.847737767464870444e+02 6.856276809265586802e-01 -7.343307938545433622e-01
2.165243417462853017e+02 1.790875898439343583e-01 -3.392289518132561299e-01
2.256949459495250210e+02 7.025504646393874175e-01 -1.675135920545895232e-02
2.797355017155324504e+02 5.193720372571410948e-01 -3.449963491070119348e-01
2.917033711474354050e+02 5.390117455171439254e-01 -5.940364006757389292e-01
2.236784422991524650e+02 4.263301579096874239e-01 -7.264300945979944302e-02
2.464685589552153147e+02 3.630828315536008266e-01 -6.453249899538567647e+00
3.097470528313734235e+02 4.416871645742755925e-01 -9.165944803765831150e-02
3.081113134643449030e+02 3.233407737037084506e-01 -2.393229984127119847e-01
2.828354447467436898e+02 5.892666669195235629e-01 -4.765473478005541885e-01
2.682240309365687949e+02 1.425274204051837079e-01 -1.469102087579368110e+00
2.445096733304583836e+02 7.340470394931883913e-01 -2.949605381581527741e+00
2.600117623079019609e+02 3.321949535095761741e-01 -1.546481959823886676e+01
3.134388550072937960e+02 7.694102611724371599e-01 -1.434973688805047526e-02
2.786609402084375233e+02 7.985905214243844696e-01 -6.949558580244703521e-01
2.270543340026696058e+02 6.757767527204485702e-01 -9.101930364948694618e-02
2.593705139991259898e+02 7.182386208925182203e-01 -1.265873026819463654e+01
3.028100880668064860e+02 4.611125537166606003e-01 -2.454238845198693231e-01
2.874403082807153851e+02 3.723491498143951389e-02 -2.217546042483408808e+00
2.859609443596239657e+02 6.499189091246226901e-02 -1.384049094965789761e+00
2.398293588619914374e+02 2.183906991926923280e-01 -6.444537271305478265e-01
2.289680723452113682e+02 5.665232447020628753e-02 -1.471031102753424191e+00
2.362556951801012985e+02 4.677526538259901834e-01 -2.143962339869817102e-01
2.694659798894756477e+02 3.421380805271088121e-01 -1.636694388463678873e+00
2.125898359512007687e+02 1.367647183883367173e-02 -8.793182056445892902e-01
2.279721524517194382e+02 6.613419078701249232e-01 -1.543960347579961534e-01
2.652288632840070477e+02 7.458873062621576011e-01 -2.881076774546140307e+00
2.330441057925580708e+02 1.334872586475805700e-01 -1.887787489609590585e-01
2.212444176699924014e+02 2.558448238362043825e-01 -2.203491549428656868e-02
2.993830082306952818e+02 6.363155619592414380e-01 -4.471761794800794276e-01
2.562355075537329867e+02 1.848847944064848092e-01 -2.314366821992543066e+01
2.625131380187107197e+02 4.929515507500461385e-02 -1.083465664713357590e+00
2.393220481735806402e+02 5.509427610843443679e-01 -3.005844090404002356e-01
3.158708865429219372e+02 5.788664305229430651e-01 -9.069528698130428779e-02
2.190179901487347536e+02 2.248048276464567063e-01 -2.584418009890397383e-01
2.984088966061419796e+02 4.370521115102508070e-01 -3.778859768971640221e-01
2.930848960115692989e+02 2.010214272188232398e-01 -2.948315617627192062e-02
2.939675821580665342e+02 6.503601403900427513e-01 -6.952171181309730885e-01
2.667099115047125792e+02 7.577115723870541109e-01 -1.943182462537568433e+00
3.042771746038297920e+02 7.235296296384069459e-01 -1.306351240138908520e-01
2.416339538725099203e+02 6.019631503366866809e-01 -7.121657976499012888e-01
2.371007093410564721e+02 2.806088911133279296e-01 -3.075561605899673201e-01
2.712134075238095079e+02 5.079471962798284279e-01 -1.125649267721815505e+00
3.088192315496557967e+02 3.698782150678709413e-01 -1.594991838162128084e-01
2.420064803733364442e+02 3.106650514226487192e-01 -7.785805601555738642e-01
2.576797016754663332e+02 4.109696229908332832e-01 -2.088583552476046279e+01
2.774547322745412998e+02 9.128699521125784033e-02 -2.809290255045825413e-01
3.033924127676148714e+02 7.068510945094530484e-01 -1.438330564002131273e-01
2.573275739215220028e+02 1.740957074715790975e-01 -2.059491228355101100e+01
2.903379924692127361e+02 6.434299007656661962e-01 -7.695368766351059486e-01
2.908226665784253555e+02 6.214727342411717759e-01 -7.199144509857912100e-01
2.500900174216969560e+02 6.654771466336563135e-01 -1.205040370776654690e+01
2.648794121976922042e+02 5.705110746747850126e-01 -3.903807028676840041e+00
2.343528923389639544e+02 4.914994419464344677e-01 -2.488673297584447219e-01
2.301999589683978229e+02 3.776745421796339208e-01 -2.270980748059585608e-01
3.006448707721104370e+02 7.952393258526890829e-02 -2.412067151335359483e-01
2.542107432532218354e+02 3.849832338239621565e-01 -2.618746273602212682e+01
2.737243571141060556e+02 1.240911939913834638e-01 -6.472759976316815045e-02
2.872110774244762297e+02 3.556393848842457350e-01 -2.779517680628131315e-01
2.524002997509948045e+02 7.408912481379182902e-01 -1.716151554011477032e+01
2.812497417155540234e+02 5.276620685730009086e-01 -3.276238359373268572e-01
2.731490130082614201e+02 3.921400894082078814e-01 -7.384112331668799545e-01
2.156953062042810245e+02 5.973600544567966297e-01 -1.298750172430045979e-01
2.838758845082483617e+02 1.631713599521808500e-01 -1.077697131370848327e-01
2.953096388417924913e+02 6.917566578551476164e-01 -7.191503878663241256e-01
2.202578952327239961e+02 6.284119681179239914e-01 -2.222284227122986455e-02
2.136966622247834948e+02 5.565019618028563819e-01 -3.085810922490930253e-01
2.511569850194946412e+02 6.146493167849449435e-01 -1.573371152119380056e+01
2.971998451543487931e+02 1.138876707001175714e-01 -4.516326155851187185e-02
2.716496681743894328e+02 4.749372243536043037e-01 -9.994132606251798778e-01
2.608319312634249059e+02 7.832490737035003869e-01 -9.612060062392068005e+00
2.799502439389874553e+02 2.955839457098622391e-01 -4.433195887818365544e-02
2.630534997022069206e+02 7.915856532944620660e-01 -5.149393621069575211e+00
2.451265767981512909e+02 3.449551421294849152e-01 -4.446936991162915298e+00
2.267705022623775619e+02 4.020922061763301802e-01 -6.164602064711519058e-02
2.176588951625786024e+02 2.839114745682672081e-02 -2.119406007652065438e-01
3.143942177054767058e+02 1.960137038578857460e-01 -1.696572195076772593e-01
2.541372931912244439e+02 2.830048958282491145e-01 -2.716749746632816809e+01
2.537938627749639693e+02 2.937373584872243759e-01 -2.683892945123276519e+01
2.537772831440589130e+02 2.839766820426541938e-01 -2.684945534198007522e+01
2.541736563261783033e+02 2.826912662551268052e-01 -2.716444621528910019e+01
2.539604574614686783e+02 2.842507321465386760e-01 -2.718070130704063558e+01
2.542547386478534577e+02 2.880576827308168331e-01 -2.716143286648907917e+01
2.541425382908576864e+02 2.770931258173690570e-01 -2.715451770805627518e+01
2.540059113976076901e+02 2.886607224605316491e-01 -2.717872407050121808e+01
2.541945796042859342e+02 2.863570787763788372e-01 -2.716586796904691425e+01
2.540632295636240485e+02 2.922602668054979924e-01 -2.717176479316020732e+01
2.542589175460710749e+02 2.946553801329974687e-01 -2.715395444372578737e+01
2.541168007762886987e+02 2.858991916459268090e-01 -2.717131213700286096e+01
2.538304620419878006e+02 2.761134095112018350e-01 -2.682476626921711471e+01
2.541526057919978143e+02 2.816339161902662869e-01 -2.716440731938096675e+01
2.542145952014986392e+02 2.835171484936951369e-01 -2.716240393050455282e+01
2.539688103728339570e+02 2.797747893153592069e-01 -2.717348103078890276e+01
2.537694747348058399e+02 2.972386559610035728e-01 -2.683508303509910320e+01
2.540224924765870753e+02 2.963595210881117548e-01 -2.716650397534316852e+01
2.537529239083669665e+02 2.943974785550837470e-01 -2.684567385410806040e+01
2.543026242462297546e+02 3.689533472061157227e-01 -2.644182072798215088e+01
2.541538728395761666e+02 2.961250052629530449e-01 -2.715835983734861614e+01
2.542268000952200850e+02 2.855087712520583132e-01 -2.716311448698496633e+01
2.540347320543053229e+02 2.941960543254968918e-01 -2.717044520055023682e+01
2.541251426962465132e+02 2.952691819494381309e-01 -2.716227918681571651e+01
2.540756703015452445e+02 2.935414596408449373e-01 -2.716895808758100017e+01
2.672295334282420640e+02 1.441069376918888145e-01 -2.066689601452426750e+00
2.999046760923790771e+02 5.343949725276664342e-01 -3.593243348961617789e-01
2.421030248602742461e+02 5.861134322760587212e-01 -9.283904833645257870e-01
2.551098106972734740e+02 4.705315444879905051e-01 -2.413172026550693516e+01
2.689679813206822132e+02 3.034311064460198937e-01 -1.871754652151974785e+00
2.586166836518088985e+02 1.732852362634661469e-01 -1.701026974734364927e+01
3.062859785444247791e+02 3.115330231252659843e-01 -3.661932557682119893e-01
2.232983057394593516e+02 4.161646026468258097e-01 -7.818122586522510686e-02
2.261280841646304509e+02 4.860239428007739892e-01 -8.906509418371989784e-03
2.191321455705200094e+02 2.735318892659644591e-03 -4.901057247311186860e-01
2.529321146278077777e+02 6.353220352479915789e-02 -9.512738640392132794e+00
2.368560577096174313e+02 3.727105751319232385e-01 -2.643416743165718508e-01
2.760007230079398823e+02 3.941827575594916699e-01 -3.923377362678656111e-01
2.156660622555769180e+02 2.726232267861377623e-01 -2.800460989402527856e-01
2.944563871684370042e+02 9.388147976675353945e-02 -2.689579734461372551e-01
3.133498186856541565e+02 1.873458341908414704e-01 -9.848908624542766777e-02
2.398039165511646900e+02 3.158107770062319464e-01 -5.443218086697089175e-01
2.951306174005698608e+02 3.778964902363757261e-01 -3.378153120189152925e-01
2.173401732167651232e+02 6.093501212717695736e-01 -1.170335569887277910e-01
2.970703428673037365e+02 7.221523966204324019e-01 -6.504340272855313465e-01
2.587924911458477482e+02 6.302658544139214669e-01 -1.447138338485203946e+01
2.440485575905058795e+02 6.005026204655821154e-01 -2.282332960576029635e+00
3.039216431850744584e+02 2.394677157660848599e-01 -4.540306764162836961e-01
2.460859455510473595e+02 4.747253827315209840e-01 -5.342019715380540212e+00
2.196324367852633941e+02 3.900850846309003583e-01 -5.633368170859784363e-02
2.299557068051769306e+02 2.595743370845351658e-02 -1.231557971416738173e+00
2.313806518101349923e+02 5.687899515131273898e-01 -2.202394360278308316e-01
2.279064660239337741e+02 7.069746521958772956e-01 -1.563117189921642558e-01
2.819774374668746759e+02 5.672651256753631355e-01 -3.919509492724786992e-01
3.120701388257538724e+02 5.986932707842965717e-01 -1.406986464870325221e-02
2.167439355301918340e+02 3.208409465275730010e-01 -2.640437361868712696e-01
2.362360079780410160e+02 2.566604532575876840e-01 -2.362971640814412189e-01
2.607963962190205507e+02 1.997203717023309233e-01 -1.318606139395516230e+01
2.380322922497220759e+02 6.520515722883007959e-02 -8.410065761620953984e-01
3.000467860618417149e+02 4.402516798213051974e-01 -3.311529997550408111e-01
3.068940982211640289e+02 3.558169146106578973e-01 -2.833119742679555686e-01
2.902100105141769291e+02 3.496775754178965689e-01 -3.006397627665336469e-01
2.782707493931138742e+02 2.027610541851491976e-01 -1.714227507633787548e-02
2.869907325526542081e+02 6.902742303147071379e-01 -8.826175507459878000e-01
3.029015928503927739e+02 7.420624254400033371e-01 -1.571073466454673551e-01
2.652001034417518213e+02 1.823162221736367508e-02 -3.766117830222765611e-02
2.540962775575713124e+02 6.440821575745676597e-01 -2.061479705809569651e+01
2.640460436418836707e+02 2.521441234771543694e-01 -6.192620668225056413e+00
3.048034413623827277e+02 4.159420432631439901e-01 -2.713107002922309219e-01
3.094174147802510220e+02 3.405209479881317058e-01 -1.408871644400711276e-01
2.793531278776205795e+02 4.316993457427116265e-01 -2.261828244656934050e-01
2.715250219909067937e+02 2.955939087547109767e-01 -8.832339756790481555e-01
2.927924884056400856e+02 4.635160648801851524e-01 -4.669751140940783252e-01
2.629527440343430271e+02 6.540384806168642040e-01 -6.713517619013952498e+00
2.512773836783848083e+02 1.836639206589368856e-01 -1.931568782068670487e+01
2.574995136191413394e+02 1.408934048712706666e-01 -1.822403094796872480e+01
3.178261180975044340e+02 6.209601450813253543e-01 -1.686986513977423996e-01
2.802097015978496302e+02 7.889782703279839549e-01 -6.487231596422221580e-01
2.505714927547170419e+02 3.660047371204377953e-01 -1.823945963459637554e+01
3.017323966806181375e+02 4.378562430132717509e-01 -2.716722078167811416e-01
2.693560027706376445e+02 4.955157660260822161e-01 -1.597608848563386585e+00
2.494293456594475913e+02 7.630742767090361589e-01 -8.273027697656061719e+00
2.238277956651392628e+02 8.083615067157219614e-02 -3.735110377875526799e-01
2.776203156463588471e+02 1.537261690451521279e-01 -7.106777229427820378e-03
2.322820714491660397e+02 6.865298462007690672e-01 -1.773466318494146821e-01
2.851933467934353530e+02 1.292855789524766444e-02 -2.639723316168557155e+00
2.431771525856474057e+02 7.313058938222237459e-02 -9.748703987698831286e-01
2.393541272127563104e+02 7.581806389119896128e-01 -1.507511746890561055e-01
2.208501965214393863e+02 4.918646459610828692e-02 -4.670926958651233640e-01
2.628316810900042242e+02 4.033705359749781838e-01 -7.879589932518558548e+00
2.256379023510306467e+02 1.134718783483737586e-01 -5.203869875096370778e-01
2.123494076410853495e+02 5.229425363336275279e-01 -9.241924391375506698e-01
2.455426335159756945e+02 1.313033251707139137e-01 -3.659744004130748962e+00
2.604159173670593646e+02 1.101773187389145509e-01 -9.175761739303132103e+00
2.337166590472722589e+02 2.216390023523497621e-01 -1.880658966399498810e-01
3.160602887933440002e+02 4.559801303900903879e-02 -3.675098519503517958e-01
2.890147284635004326e+02 1.234690065250464430e-01 -2.925533249052835183e-01
3.108403570856977467e+02 2.852036510149704163e-01 -1.109280350422884448e-01
2.268425786595291243e+02 7.948349745554657009e-01 -6.773186478727552529e-02
2.712854585014476925e+02 6.390057660305171749e-01 -1.224338391004297311e+00
2.745466086401565917e+02 7.726555654654734262e-01 -9.955534974525543923e-01
2.415928981193263780e+02 5.136992812685818866e-01 -7.736249024655639239e-01
2.139142762535007591e+02 7.767770424169687660e-01 -1.861100853005702715e-01
2.470252240506732164e+02 2.106143479860164980e-01 -6.144533052334205436e+00
2.965848745821142529e+02 6.764994518958362679e-01 -6.610173049785342814e-01
2.730765423522460082e+02 6.634814665852424298e-01 -9.942292076087104746e-01
2.743883585515391701e+02 6.986924046063762717e-01 -9.304794191640187728e-01
2.662975230104918296e+02 5.387642340632385896e-01 -2.588278406938371301e+00
2.838216623134634347e+02 7.518069825798738837e-01 -7.754254994661190503e-01
2.488327310640677297e+02 5.095733759820419984e-01 -9.938260682888316211e+00
2.923159261050495275e+02 7.305793846291143145e-01 -8.021506233770366867e-01
2.906537685737274614e+02 1.630557368060225887e-01 -8.012579220957874448e-02
3.145801746525847307e+02 6.645456042092988680e-01 -3.178838988940964339e-02
2.344463170948282311e+02 9.881791606793184635e-02 -3.188979644670045244e-01
3.075513341448045139e+02 2.466005578223246231e-01 -3.807058906360434869e-01
2.557962180690842047e+02 3.303388716956514592e-01 -2.595932354914513596e+01
2.841391261616564634e+02 2.314558189162123636e-01 -1.208506104270695844e-03
2.225115210692563892e+02 5.525178996949376975e-01 -1.576413189217338862e-01
2.302845755104870591e+02 3.271447730250420793e-02 -1.200311771465884858e+00
3.153091276721801819e+02 4.522267641288699735e-01 -1.107230119576640831e-01
2.877820002798949304e+02 7.140802299747494031e-01 -9.237840766520859503e-01
2.981855561550971743e+02 5.494659904278582641e-01 -4.969134957577984180e-01
3.096876281565394038e+02 2.655805524658820804e-01 -2.028167347122411535e-01
2.148559209130671093e+02 5.804091398353458109e-01 -1.588679902081129858e-01
2.818969363619447677e+02 5.011215728705766814e-01 -3.003645606703344018e-01
2.551391589266086157e+02 2.415486812591552956e-01 -2.639713955119482236e+01
2.538303898025012302e+02 2.875926494598388672e-01 -2.683909498240777580e+01
2.546624854078471003e+02 2.788390636444091908e-01 -2.711167633308212643e+01
2.552016424416577252e+02 3.558282852172851562e-01 -2.626371183113056063e+01
2.545308751372918152e+02 4.147571086883545255e-01 -2.560780447604635413e+01
2.553477809092887298e+02 3.582908391952515093e-01 -2.551465535911365023e+01
2.537055063615537733e+02 4.047492504119873380e-01 -2.552080232520159342e+01
2.560037406337130506e+02 3.171046733856201505e-01 -2.512525304856044883e+01
2.544155752836484226e+02 3.822703123092651700e-01 -2.618727767872535850e+01
2.551298139776888547e+02 4.453283786773681863e-01 -2.466618099395420671e+01
2.557970811051300757e+02 4.552743911743164507e-01 -2.298952946612389781e+01
2.524050423947640809e+02 3.042297363281250000e-01 -2.377476193412523742e+01
2.541738666201064234e+02 3.571396350860596147e-01 -2.662255943995384300e+01
2.536215697809193443e+02 3.982237577438354492e-01 -2.565559651062258695e+01
2.546639176619432874e+02 4.370488166809082253e-01 -2.517158577476830317e+01
2.538953354370867146e+02 1.955451369285583496e-01 -2.521887659565527073e+01
2.533076420796693924e+02 3.306818246841430886e-01 -2.593352821488331372e+01
2.566735075094040326e+02 2.979769468307495450e-01 -2.426367091188033243e+01
2.555664235832610700e+02 2.956226348876953014e-01 -2.609897818108299106e+01
2.526928336800322086e+02 2.264436244964599665e-01 -2.473813854575380944e+01
2.535188779901772875e+02 4.686412811279296875e-01 -2.424704926425752305e+01
2.543433785690077116e+02 4.848419189453125333e-01 -2.412402564233412150e+01
2.546956735739622957e+02 1.865100145339965987e-01 -2.498559840883368821e+01
2.561357827296896517e+02 5.167508602142334428e-01 -2.185669994957262574e+01
2.529311240403081342e+02 2.508819580078124889e-01 -2.499410707263968590e+01
2.545223523717002081e+02 3.660343727795238866e-01 -2.645222051927601470e+01
2.534551206512356032e+02 3.201506793882657465e-01 -2.676624240062524862e+01
2.547121387043675043e+02 3.117249488830566850e-01 -2.705388324066215233e+01
2.540139368499044679e+02 2.494117740183892651e-01 -2.694782052975018871e+01
2.546558018317367669e+02 2.511655569076537975e-01 -2.690446597312666555e+01
2.548353453061823473e+02 2.515798123104251993e-01 -2.691567295486619926e+01
2.537544801511482717e+02 1.428748757903543498e-01 -2.183801772950164377e+01
2.549868854928658095e+02 4.502334491830387586e-01 -2.453938716306839041e+01
2.541002897526744846e+02 3.372516632080078125e-01 -2.687496382197795342e+01
2.551733101213267787e+02 3.262624537872931274e-01 -2.658986583714059293e+01
2.539069869937643489e+02 4.441528920040354045e-01 -2.506124712871825366e+01
2.561083210479385457e+02 3.076342105865478849e-01 -2.521579311442306093e+01
2.562322788452439113e+02 3.889293193817138783e-01 -2.434692876164851683e+01
2.535139102222504448e+02 2.823206901550293080e-01 -2.689946321614243985e+01
2.540391861561039377e+02 4.766447067260742299e-01 -2.435537058728830573e+01
2.549926769009414045e+02 4.054909229278564897e-01 -2.542348365462879656e+01
2.548762814383702846e+02 3.409555435180664507e-01 -2.638923170813694696e+01
2.547277044857696922e+02 4.406325719123629914e-01 -2.510165115683354742e+01
2.532613897501786369e+02 3.727141380310058927e-01 -2.539827263998005336e+01
2.533630396367683204e+02 1.995845334291866113e-01 -2.481982048768599824e+01
2.554446701448918873e+02 3.761380550925391697e-01 -2.528393262538550701e+01
2.555302664288147696e+02 2.926404452079619523e-01 -2.609378361740015961e+01
2.545083084615019970e+02 2.895390510559082142e-01 -2.711554497639576411e+01
2.530068001275965344e+02 3.725089470034001482e-01 -2.547704706245574613e+01
2.541596724739992794e+02 2.031894611603039802e-01 -2.580373937721874356e+01
2.546915223083099420e+02 3.553774623353649353e-01 -2.661508644785254063e+01
2.534486220323207988e+02 3.015722278660655231e-01 -2.610138428480253125e+01
2.544861597842688354e+02 4.224382377654352649e-01 -2.545427845680789503e+01
2.545603424523127956e+02 3.782479829201463861e-01 -2.626412145879935522e+01
2.534077730544273663e+02 3.337661981582641935e-01 -2.587022640292025599e+01
2.537965769946956698e+02 2.813590618582129665e-01 -2.684297880411757831e+01
2.545328270361453917e+02 3.691244125366210938e-01 -2.640628338348150450e+01
2.543449365576063030e+02 2.276322910718023285e-01 -2.652695002396068347e+01
2.550005419446155770e+02 3.170120994869211617e-01 -2.663234518871885115e+01
2.543357944848944499e+02 2.851230153976531123e-01 -2.715434525235358620e+01
2.533175157476628954e+02 2.943145982326272336e-01 -2.616881430774674655e+01
2.544181045297391393e+02 3.343702929924475820e-01 -2.684942679341584792e+01
2.541018282089091542e+02 3.120029534034131080e-01 -2.709338866169249371e+01
2.546398575710264254e+02 2.636941997275092930e-01 -2.703173787885472734e+01
2.540238745683000161e+02 3.228308495125029043e-01 -2.701925119568421962e+01
2.547099763627801394e+02 2.796553373336791992e-01 -2.711596947338382435e+01
2.551719969098174943e+02 3.595501640623786077e-01 -2.620771529665634603e+01
2.535566475164253575e+02 3.810055130483800401e-01 -2.596708907909698638e+01
2.552770127759659999e+02 3.201760053634643555e-01 -2.665681362598633797e+01
2.547824717864766342e+02 2.759400620323039788e-01 -2.710756399015343732e+01
2.536731705883098300e+02 3.607757637181165933e-01 -2.626147104435648671e+01
2.560776556693057273e+02 3.585647106170654630e-01 -2.473631589405770370e+01
2.553872929379906793e+02 2.365134126143441096e-01 -2.634005632109606054e+01
2.547273607475825941e+02 4.093098163604736439e-01 -2.572525634923994176e+01
2.550175222097172991e+02 2.595332445205366656e-01 -2.661285107238669667e+01
2.539362667205035393e+02 3.017166975613825852e-01 -2.715485222277434119e+01
2.544861433665789434e+02 3.794006347656250222e-01 -2.624002628423234640e+01
2.543575911094907553e+02 2.800505616611619342e-01 -2.714535973180403161e+01
2.542507426805939303e+02 2.838432393721799785e-01 -2.715999161079387747e+01
2.548333552189768909e+02 4.097333431243896928e-01 -2.531510334016544661e+01
2.549988906795114190e+02 2.229459485016225262e-01 -2.597854577206695836e+01
2.549820646448623336e+02 2.880250406076083070e-01 -2.673437580557166271e+01
2.537344551927277791e+02 3.272886675966179548e-01 -2.665259109349603861e+01
2.542684219510446155e+02 3.447543180841535215e-01 -2.677794079152861073e+01
2.545588328105358187e+02 3.705923724315107748e-01 -2.638552354338862571e+01
2.540297225711958333e+02 2.645230531692505105e-01 -2.709876610522798757e+01
2.552919115901277678e+02 3.180747548273604175e-01 -2.667464649512126229e+01
2.550772764537539672e+02 3.486972502238499527e-01 -2.633404841319254430e+01
2.547858519213509112e+02 2.909436941146850697e-01 -2.712870415866843032e+01
2.548935956853309790e+02 3.311302485883014235e-01 -2.649539704728602629e+01
2.546737103608182622e+02 3.054870864307213663e-01 -2.708431075939974164e+01
2.553333896007769681e+02 2.569386399193763770e-01 -2.663490141629402430e+01
2.546897461394592597e+02 2.443645340726270376e-01 -2.680942731386209843e+01
2.531863677228676579e+02 2.334215088381949299e-01 -2.579809738732529212e+01
2.537192726498883815e+02 2.624287390875210124e-01 -2.677671578419814225e+01
2.556261159000146677e+02 3.873070240020752286e-01 -2.515584586058037431e+01
2.534981949213228631e+02 3.530318892307928724e-01 -2.640039546992748853e+01
2.556311654483554605e+02 3.542692184448242299e-01 -2.564742932523318686e+01
2.538495573843119928e+02 3.881796803433061882e-01 -2.579288030128172338e+01
2.533340876308988641e+02 2.607235976407561995e-01 -2.609366442361356064e+01
2.548339919396596542e+02 2.610150356621256940e-01 -2.701666624900865799e+01
2.546433874453106228e+02 3.005783785956789855e-01 -2.710188160864406015e+01
2.535568373250319496e+02 2.617239598060654981e-01 -2.680363498086021679e+01
2.545483519077994004e+02 2.749756252429919612e-01 -2.709328355731876314e+01
2.538423346098341540e+02 2.788880071008247863e-01 -2.682935259578829701e+01
2.548855343215372784e+02 3.056103243815820880e-01 -2.709391509994477687e+01
2.541341267105972861e+02 3.200555035385115321e-01 -2.703505233819047504e+01
2.545184016875128350e+02 3.208971295815511993e-01 -2.697935866382202974e+01
2.543733793535101313e+02 3.132379766758076056e-01 -2.706663900662226396e+01
2.548934301514778440e+02 2.828301247679833041e-01 -2.712986885093591738e+01
2.544817020298729631e+02 3.964794428446547503e-01 -2.594561164112005969e+01
2.544317172057536141e+02 3.754393744524943677e-01 -2.630018466497925900e+01
2.546884110962434704e+02 2.992877248483696850e-01 -2.710829254233792796e+01
2.538074793795561277e+02 3.348989372621581362e-01 -2.656254762167307959e+01
2.552789381123780004e+02 3.273301658578166573e-01 -2.659828264537748055e+01
2.539286834697072095e+02 2.416640165428998177e-01 -2.649434081844699307e+01
2.540617793431061671e+02 2.953381861510715467e-01 -2.716636047414158028e+01
2.560359964842177192e+02 3.404454231262207253e-01 -2.493532094978332836e+01
2.542254818587393288e+02 3.016583932327762674e-01 -2.713635478926128997e+01
2.542800042493903732e+02 2.778092920670156007e-01 -2.714606503934895088e+01
2.543433459075695566e+02 2.914324056872136803e-01 -2.715234902253551752e+01
2.555718659649438393e+02 3.410452291560397420e-01 -2.578951980871398675e+01
2.536822829286923877e+02 3.477052927017212358e-01 -2.643679942864839560e+01
2.535588972020231324e+02 3.045303983537999137e-01 -2.684766278096753567e+01
2.544371412196483675e+02 2.531580550763116166e-01 -2.695835051288802475e+01
2.536823987400553051e+02 3.133682949438892362e-01 -2.677408654915179653e+01
2.549738218936275018e+02 3.470541000366211271e-01 -2.633561107536738888e+01
2.543876692313554884e+02 3.085120141633513335e-01 -2.709311036318738886e+01
2.535689250475044219e+02 2.926902982400260700e-01 -2.688475665926058511e+01
2.540195776767879465e+02 3.590726852416992188e-01 -2.660396098050712865e+01
2.543677123329202345e+02 3.292416795477370872e-01 -2.693936642357616407e+01
2.548490646342915227e+02 3.300289743779016294e-01 -2.691859653576826972e+01
2.539978712897197966e+02 3.062857212796175066e-01 -2.713134570964206560e+01
2.533876960245785881e+02 3.390170895623139113e-01 -2.581910914847763650e+01
2.544321456985034615e+02 3.126640092910145108e-01 -2.703157118321966834e+01
2.545994391953024660e+02 2.667716528069453141e-01 -2.705230516828543585e+01
2.546787984197164292e+02 2.630098849065710676e-01 -2.702791539722372605e+01
2.539236902461134378e+02 3.308400849276447175e-01 -2.695147645465881681e+01
2.538292980416335354e+02 3.063077039257572909e-01 -2.678678609243675979e+01
2.546482022554898208e+02 2.713659169869104271e-01 -2.708171111939578068e+01
2.535510877092035571e+02 3.962647299489137076e-01 -2.570312886991369794e+01
2.543945936084516859e+02 2.883093525742988494e-01 -2.715022634179858585e+01
2.537053836790055357e+02 3.300904244614948913e-01 -2.663125545407602957e+01
2.540614624076781354e+02 3.194222348428479852e-01 -2.704445391689537104e+01
2.545218501131795108e+02 3.406755985084462535e-01 -2.678795914316642168e+01
2.541955246455935367e+02 3.507887752753828803e-01 -2.670672043455233080e+01
2.545377546032389091e+02 2.803858677671213218e-01 -2.710929980969901720e+01
2.530647077632562798e+02 3.669767087900747682e-01 -2.554526586665170740e+01
2.547584839924579114e+02 3.027213650168840697e-01 -2.710009396709119400e+01
2.547654348497987371e+02 2.827647421633431302e-01 -2.712469215111672938e+01
2.558547988660763792e+02 3.132578322219999878e-01 -2.509476372520880005e+01
2.545472137232135879e+02 2.898196697235107533e-01 -2.711759063092515731e+01
2.549609127948981779e+02 2.872976044732410972e-01 -2.673064806865551191e+01
2.543861143106747420e+02 2.906557174083413408e-01 -2.714964411392217869e+01
2.544565264732054573e+02 2.806495364219822042e-01 -2.710540639666333362e+01
2.539712829054964516e+02 2.692610065562057176e-01 -2.713305103639699922e+01
2.543994092922564789e+02 2.668781276441901662e-01 -2.708532799208343533e+01
2.537963831006483701e+02 3.236165514254902287e-01 -2.667367580507479374e+01
2.536629209429023035e+02 2.926399742713508556e-01 -2.686682473781126745e+01
2.543456541405097937e+02 3.694203341683210962e-01 -2.643186046699608482e+01
2.539276910898936137e+02 3.042724209184098361e-01 -2.677674076211792098e+01
2.544729249470455841e+02 3.200689996161095729e-01 -2.698285258462876612e+01
2.537857438299174078e+02 3.492245885668796013e-01 -2.639812196512171383e+01
2.536489257978649903e+02 2.936927632810109601e-01 -2.686751555466458541e+01
2.543292240974999743e+02 3.232274561307671434e-01 -2.699607126996237483e+01
2.546599158470014004e+02 3.769213525343118598e-01 -2.629226069824071743e+01
2.544191654497454920e+02 2.918659374602132206e-01 -2.710840716170919507e+01
2.541593744951240694e+02 2.952633090348018019e-01 -2.715992361831235868e+01
2.539029072467836841e+02 2.803878591230463124e-01 -2.681967879388992770e+01
2.548446661211639821e+02 3.330073874684765234e-01 -2.688920336009130452e+01
2.544720411748976119e+02 3.082802165352448998e-01 -2.705904914987306498e+01
2.540393543063979394e+02 2.653082208373689910e-01 -2.710363893339107833e+01
2.541916384330513097e+02 3.267854647255730716e-01 -2.697440101565849346e+01
2.540683527206444410e+02 2.711076641054943059e-01 -2.713602133127723448e+01
2.544240385813685066e+02 3.064233062917334216e-01 -2.706519760627380222e+01
