2.414451125512067620e+02 7.512191825708751658e-01 -7.307474007885525480e-02
2.646960076323044291e+02 1.101996543278051521e-01 -9.637681500188866046e-02
2.521209057910019737e+02 5.358191279958174347e-01 -8.348907518144209339e-02
2.097015379602180758e+02 5.575659936678978301e-01 -4.572504204501860563e-03
2.495411721659995976e+02 2.535462474914582098e-01 -5.150214433749658594e-02
2.806593687128598162e+02 7.704525922848702857e-01 -4.054223991103103053e-01
2.467231825332923165e+02 1.610040863478735262e-01 -5.109078098215841246e-03
2.111501681385510381e+02 6.035567679512360284e-01 -5.046286088796850255e-02
2.718964776854860474e+02 6.986549142697321413e-01 -4.098158502895232758e-01
2.170522065845403006e+02 7.802167829408521715e-01 -1.789522977139252458e+00
2.259704500792892077e+02 5.673673720877252524e-01 -1.724779091884855831e+01
2.706437166618939045e+02 6.538104523426010450e-01 -5.192147175545481774e-01
2.061053983906044778e+02 7.865341955175506605e-01 -2.397199545426395295e-01
2.423154312350447697e+02 1.173190245234969481e-01 -4.280650254843172686e-02
2.785751373036796394e+02 3.424914600773766860e-01 -1.650096160873743556e-01
2.537435243103593052e+02 3.781074212481772001e-01 -1.326855128777724713e-01
2.559718654390198935e+02 6.461877822440952324e-01 -1.274422625679682008e-01
2.595597114925442952e+02 1.721442150539012617e-02 -4.592293361166546184e-01
1.947349018864900074e+02 1.689512181064702911e-01 -2.075208469901589914e-01
2.043871454787531832e+02 6.254453716445157463e-01 -3.786360331539694868e-01
2.917748170699372849e+02 4.181590702459908049e-01 -2.134851387257878486e+00
2.666122582747386218e+02 7.226308918944325532e-02 -2.894167584687948325e-02
2.361537937245607566e+02 2.778993828184363468e-01 -2.035604680914793629e+00
2.812598008261057885e+02 3.545813908827298855e-01 -4.422708804186087361e-01
2.889594487308982025e+02 3.502841875574183028e-01 -1.813640139018298347e+00
2.404088927620849176e+02 1.845645960265916430e-01 -3.324578501074125225e-01
2.842887603071625904e+02 2.276488868760727646e-01 -7.362208049715217584e-01
2.899618410198358447e+02 7.565637616506509788e-01 -8.045700542598811511e-01
2.761238596139518222e+02 9.158789508078196695e-02 -9.162742595066059037e-01
2.619869000846923655e+02 7.267483542743597980e-01 -1.319823135755327226e-01
2.165483924404699678e+02 3.605717141822978866e-01 -2.041888037558768243e+00
2.615822507261066221e+02 4.796182099385954967e-01 -1.168839338103498521e-01
2.633658911289780917e+02 5.062954434598032627e-02 -1.028142076766313529e-01
2.343922990385136131e+02 5.445253438491506337e-01 -2.785080679695045802e+00
2.556782896145369079e+02 4.590095779080754362e-02 -8.876280544720125398e-01
1.977452519233369230e+02 6.752257299163555437e-01 -1.394159349376936641e-01
2.879538932553606969e+02 9.195475940788190236e-03 -7.527857071150372281e-01
2.025077010326630784e+02 7.154648222791596401e-01 -2.329938172144470354e-01
2.663288836599710407e+02 1.213981582226807687e-01 -5.745734812620651583e-02
2.677944817938441133e+02 1.963590379254513962e-01 -1.333413637730606061e-01
1.956880684397055461e+02 1.496663894977429965e-01 -1.059580195877815323e-01
2.797131542804758055e+02 3.206379493480127074e-01 -2.871654479473952915e-01
2.193743002981698851e+02 6.598791567734263452e-01 -3.612918500534946897e+00
2.277243842264949194e+02 4.460131345132054559e-01 -1.806103658068976614e+01
2.696949679459135041e+02 1.393424097483576540e-01 -3.097051130110658468e-01
2.381034862093411562e+02 2.848217629241003301e-01 -9.871484410541283561e-01
2.457230131907024031e+02 6.079582295486590099e-02 -1.464993371422385754e-02
2.307702906531364420e+02 6.099014024928188782e-01 -9.783061221783544426e+00
1.995326889921853706e+02 3.310222753998359746e-01 -6.636440679860378458e-03
2.568080643838908941e+02 4.246824604315708740e-01 -1.599532405879732500e-01
2.598485457991432668e+02 4.521433185243463604e-01 -1.082000510915942654e-01
2.779421467621176021e+02 3.042330226240282376e-01 -1.624398537316436297e-01
2.483309714119621106e+02 1.531426664396926540e-01 -1.041546880629186204e-02
2.693042420217937547e+02 5.900914934873994211e-01 -5.517021602848914963e-01
2.505547955133433220e+02 3.682099476214720779e-01 -8.927573904575583641e-02
2.861534163700819136e+02 7.335808141395464554e-01 -4.475132163638215754e-01
2.636743101265967653e+02 3.144065937618059081e-01 -1.386114145603612735e-01
2.315951851373163493e+02 4.574980939457570783e-01 -9.276423594187722443e+00
2.017561214979248803e+02 2.428617859300954140e-01 -4.104320837400227823e-02
2.184204500207503372e+02 7.379802515358564463e-01 -2.496761762064948265e+00
2.835478426583247256e+02 5.049687800085419509e-01 -5.090175858797071351e-01
2.446529984233865207e+02 2.943109027351525353e-01 -9.812740747079841050e-03
2.239879882218905607e+02 6.341419826748770916e-01 -1.443281137474001419e+01
2.201641613255617358e+02 7.089104338820844120e-01 -4.329519072491200937e+00
2.035859992626250232e+02 5.254634573257308539e-01 -3.491482451361694328e-01
2.294597137218354987e+02 3.168395439029823846e-03 -2.237084110206661036e-01
2.877964476273643868e+02 8.030895249326233665e-02 -1.215279529848607876e+00
2.369924380054144990e+02 4.378421884091892036e-01 -1.068145438439622064e+00
2.728292224604572311e+02 4.029110530332729034e-01 -1.289312951192926326e-01
2.090795102938827768e+02 2.701295872786321217e-01 -2.286294193671480762e-02
1.990252608734158741e+02 2.590185466702671357e-01 -2.285491734982683654e-02
2.540504824224085780e+02 5.930631573031101000e-01 -1.269431790875417965e-01
2.332896427668829347e+02 3.880553320521999416e-01 -5.902507186863096500e+00
2.850270863401268002e+02 6.828211668781168919e-01 -4.210233162820225528e-01
2.297459497808847573e+02 6.917317826309830886e-02 -6.158172898272621154e+00
2.345912612697483155e+02 4.800887306584525338e-01 -3.222756857904266248e+00
2.006363447861912732e+02 7.612196064387122263e-01 -1.207762237824469287e-01
2.273338000143509419e+02 2.847587446407850997e-02 -1.984676484479160230e+00
2.735924862729941651e+02 5.120467953645438941e-01 -9.342302738036346865e-02
2.128681703622729913e+02 5.836234884128297384e-01 -2.894617550251037952e-01
2.234759328601379309e+02 1.334773919480064797e-01 -1.295676466603214294e+01
2.104036837098593651e+02 2.346464018025459508e-01 -1.081783716501490827e-01
2.748288629765508517e+02 7.979451046495326105e-01 -2.136327712617448193e-01
2.821867789817838457e+02 3.440933600261802255e-02 -7.352572131938986399e-02
2.511402633132004496e+02 2.100825403279183989e-01 -1.015035564750862845e-01
2.145080266179230932e+02 6.936284323489708692e-01 -7.943070852723894681e-01
2.132250674536560382e+02 1.827487018477896852e-01 -3.860164309221026380e-01
2.062854399966776668e+02 9.723267563127691027e-02 -5.564379713237438407e-02
2.075216534387745924e+02 4.690331012580395975e-01 -1.091757467490444694e-01
2.224619711057656559e+02 4.917143037972264707e-01 -1.239772522577348290e+01
2.397595946155419995e+02 6.218544247113237944e-01 -1.739532125441442256e-01
2.385432176805358893e+02 3.985647275344122997e-01 -6.158502767556910396e-01
2.438460694060606215e+02 4.968132627729496820e-01 -1.401772073616223621e-02
2.471458726083294550e+02 2.068378482498211823e-01 -1.363046729350218117e-02
2.584464350676504409e+02 2.993566111517795281e-01 -2.127696823823268246e-01
2.214259951370037811e+02 4.085640602541157351e-01 -9.673975006506944752e+00
1.973433240330336389e+02 2.181006218493706794e-01 -2.612474281804018968e-03
2.255234366241407713e+02 5.414088756557750015e-01 -1.770020634903860923e+01
2.158277075372762113e+02 5.680977313379605986e-01 -1.454520830087302707e+00
2.768569050163194447e+02 6.654869745562765893e-01 -9.951324321316706856e-02
2.170610515983433970e+02 1.790015912852544466e-01 -1.642171990003480131e+00
2.164553471763627783e+02 1.445180145733855337e-01 -1.029884151601099251e+00
2.660577532945094390e+02 2.578333380083594473e-01 -1.687439819826182796e-01
2.522385029231671467e+02 1.697815677751846747e-02 -4.116386897037863091e-01
2.548399531201468449e+02 7.079395250224228969e-03 -5.170808867667221476e-01
1.998345879991850040e+02 7.309923163599991724e-01 -1.200621238703509508e-01
2.227549627240558436e+02 5.682882093652640715e-02 -3.711018187515559230e+00
2.353710164463171850e+02 5.831671370534629029e-01 -1.842106196905055171e+00
2.136331020288488105e+02 6.405789707536166944e-01 -4.460658712329123032e-01
2.630506168504437028e+02 6.586894281653566940e-01 -2.092051397065174401e-01
2.217781644461161648e+02 1.670174845950723186e-01 -9.666814122266629283e+00
2.080492643725055757e+02 2.812101794822079517e-02 -1.130530334640310192e-01
2.090957931029771544e+02 7.580439328921981801e-01 -5.340810076935839645e-02
2.143243399044703494e+02 1.220234491882508931e-02 -1.348368042242799603e-01
2.206939374533498039e+02 1.216176367477349585e-01 -5.024387804687066250e+00
2.557865500693478680e+02 3.874186153059655524e-02 -9.256473265224141045e-01
2.895934347689455990e+02 2.658130941879230935e-01 -2.158582814766689228e+00
2.823135960846057060e+02 1.308599820205212094e-01 -3.424186047295470492e-01
2.746958529488010754e+02 1.983168027086689711e-01 -5.627653302582448225e-01
2.725751080535878259e+02 7.646255949236979710e-01 -4.151794010341474106e-01
2.359293750244350178e+02 3.639370916092538044e-01 -2.025886306793922564e+00
2.253196785618842171e+02 7.099021209682692124e-01 -1.407902639273181400e+01
2.293522021330778102e+02 5.412339820704616944e-01 -1.364119433378018975e+01
2.737848343827629947e+02 4.136205193483606379e-01 -7.228824342075625131e-02
2.783933643930516837e+02 6.127624792535730780e-01 -2.456470357792358561e-01
2.861100916792727276e+02 7.151844220033723998e-01 -4.646989935404229888e-01
2.875873770920215975e+02 7.826137888083766203e-01 -5.534000484939540776e-01
2.575035933889662942e+02 5.335973112917347105e-01 -1.091558577242074113e-01
2.382486532770427914e+02 5.617107351611835275e-01 -4.835271837144165530e-01
2.052703104243580867e+02 2.249388608763621122e-01 -9.648448145794877306e-02
2.118656589112728170e+02 6.999184837235743473e-01 -9.147822135822891720e-02
2.638911292045730193e+02 2.384127892027024243e-01 -1.293434045189686410e-01
1.975834478909076495e+02 2.539580097381567425e-01 -5.513583475963895753e-03
2.316248163598724545e+02 7.507651667856460320e-02 -5.507470956910489157e+00
2.615036053819003428e+02 4.588519543582036397e-01 -1.070879014530342066e-01
2.439408367735294405e+02 5.090750045417039571e-01 -1.446408363219721382e-02
2.911506867681088693e+02 2.171117146505197604e-01 -2.668082101466607181e+00
2.210643218382820123e+02 6.682635908534727276e-02 -2.612187161193989748e+00
2.513058055760332650e+02 3.814562778942979238e-01 -1.003845028304418407e-01
2.462314373704392665e+02 4.070062839532113258e-02 -3.665771997273814531e-02
2.719999889897055709e+02 2.777209250361644677e-01 -2.394903052791056142e-01
2.760704683471626595e+02 3.533575109720644702e-01 -6.371579552345886521e-02
2.333696738121934402e+02 3.711170392960700948e-01 -6.099041460828421357e+00
2.037852421294456917e+02 6.324701368141620872e-01 -3.931412850546484594e-01
2.339844599303442010e+02 7.733952380610171762e-01 -2.724375103855767311e+00
2.646638007498662546e+02 2.911942222004642034e-01 -1.705211496513358294e-01
2.280178149307076865e+02 7.865800268427856068e-01 -1.218157268288764250e+01
2.669453265118731906e+02 5.683784801857111324e-01 -6.041819879309648922e-01
2.846942448945496835e+02 1.112787097758884403e-01 -6.937028767193430534e-01
2.400046280242954140e+02 3.887890180902623949e-01 -2.323265554016024637e-01
2.819868148853117873e+02 3.361725058039391478e-01 -4.736760568899883728e-01
2.409160699300130091e+02 4.889039362745940531e-01 -1.004990592193401588e-01
2.713737892663999105e+02 2.004401521175652734e-01 -4.175546120452228172e-01
1.963153992061709516e+02 1.377844370685899211e-01 -2.276556213175464846e-02
2.767458423275357973e+02 4.673906365464165491e-01 -1.963236106825837907e-02
2.586256279719563054e+02 8.708733933034260022e-02 -6.274260316495179346e-01
2.452260955133646121e+02 2.802180259471205859e-01 -1.047500221240967901e-02
1.974294148380897127e+02 5.970477530858888660e-01 -1.315282958724271756e-01
2.535523084017598876e+02 3.297540990042542308e-01 -1.424565109499315863e-01
2.618096658629222588e+02 9.217866141615023434e-02 -2.942626442000136344e-01
2.593032690359457320e+02 7.493594736115786192e-01 -5.928502882108372535e-02
2.181940313500040816e+02 5.589809152126550273e-01 -2.761431537113023360e+00
2.050046853581887660e+02 3.216183137782475665e-01 -2.039393237085330712e-01
1.986297420086202692e+02 4.832335833481975484e-01 -3.159534033886141069e-02
2.597173590757936950e+02 6.239747400045858594e-01 -8.004630049857740237e-02
2.306248430109304195e+02 4.012698429863816862e-01 -1.240902599283999486e+01
2.498149659581926585e+02 4.344792709173350698e-01 -7.096050427456455922e-02
2.903125168036162904e+02 5.448897752453132348e-01 -1.415861987703357583e+00
2.777836090593821723e+02 4.784965172388895294e-01 -8.502564836792377012e-02
2.108524263432807970e+02 4.282074210653842861e-01 -5.106775211506533324e-02
2.299452709696645911e+02 7.933179096103309957e-01 -8.995240609590943848e+00
1.953876732485780678e+02 2.152018037772613634e-01 -1.716873520380268747e-01
2.421774851579838241e+02 3.071595974118740413e-01 -3.220079990112780649e-02
2.098953684657150802e+02 6.719702983190272150e-01 -7.690869823304193401e-03
2.125978480063642735e+02 1.562120079412972484e-01 -3.034261852918942459e-01
2.386535283486701360e+02 4.999894967455458250e-01 -4.744017444192280553e-01
2.371077586156393409e+02 3.453763692273494335e-01 -1.351346489442850185e+00
2.800534702357750234e+02 6.736966913942940005e-01 -3.873952915526728269e-01
2.265980803355716091e+02 4.449031540318253986e-01 -1.960252831447895971e+01
2.192257034392080755e+02 2.982949139854695897e-01 -4.549658653625899163e+00
2.836041739750348256e+02 1.010371834817108683e-01 -5.028170903602786623e-01
2.245088220275639515e+02 1.908915318529821048e-01 -1.938395104685410786e+01
2.702612764157666447e+02 5.896906002187426443e-01 -4.597956310395735491e-01
2.007822133277132366e+02 7.238189598782149847e-01 -1.080675531433572534e-01
2.154904470902928324e+02 4.513230747321488323e-01 -1.539116397644869405e+00
2.478048532084746398e+02 1.740678676944265590e-01 -8.903487193207385714e-03
2.063608408388626572e+02 6.845452274826937522e-01 -2.044157033787076250e-01
2.852384667596161307e+02 6.316567589208157418e-01 -4.615159890212323091e-01
2.508124174703132496e+02 5.269251895414888143e-01 -7.205656596060761032e-02
2.488749609742851590e+02 5.135807775989291724e-01 -4.838725651238089814e-02
2.029743143708147102e+02 6.530457234556952262e-01 -3.094573941708276821e-01
2.020219736601884790e+02 7.407964484772726621e-01 -2.022215208112780049e-01
2.427932689285751735e+02 3.964673554256176180e-01 -2.755953776815963513e-02
2.563906360384784762e+02 5.469837580689329570e-02 -8.424383378097831665e-01
2.272521110562615831e+02 2.433054283599159762e-01 -2.119859979519209503e+01
2.693790263203569566e+02 1.136236998478936666e-01 -3.504772666525074465e-01
2.881339351873131704e+02 4.179624449295302746e-01 -1.315682568252736662e+00
2.448019508939537161e+02 6.066033015381067095e-01 -6.875093760438019501e-03
2.679179983757956052e+02 3.178544787701111929e-01 -2.756121162535132285e-01
2.805256867452384313e+02 6.906725843927886688e-01 -4.093826385953543978e-01
2.371108266371826403e+02 4.358130531431896881e-01 -1.089876973473108857e+00
2.580315054199538167e+02 6.379253248040966939e-01 -6.979089818778073939e-02
2.705220839478623134e+02 5.477935620650966619e-01 -4.284890746926320881e-01
2.472462294235229763e+02 3.505585967306339978e-01 -3.236410570863543917e-02
2.292385587532664601e+02 3.408186973451152735e-01 -1.653312449609198609e+01
2.536500044777411347e+02 4.750373497114903643e-01 -1.208701386728298077e-01
1.965171496861322566e+02 1.376683432203007207e-01 -9.476663530077868505e-03
2.500569466248881270e+02 3.584096417740290086e-01 -7.211610765571212223e-02
2.219051199701916630e+02 7.502682437692446971e-02 -4.634166033554774522e+00
2.086206992664258166e+02 5.114577314477332104e-01 -4.575491684199722853e-02
2.550683424527857710e+02 5.597195261863073812e-01 -1.405680551951265234e-01
2.322518447199653906e+02 1.327501958107602797e-01 -7.637959013039013811e+00
1.953396786953544506e+02 1.574840680684476066e-02 -1.735783940042534773e-03
2.141880268874951128e+02 5.139957162303362415e-01 -6.864065205107249268e-01
2.635311968292971869e+02 7.402065722764842315e-01 -2.757550112936254516e-01
2.680274778916116247e+02 6.415545151022334913e-01 -6.992587722341934153e-01
2.575469570766009042e+02 2.971799306572556199e-01 -2.291873145698715697e-01
2.849562084336696444e+02 7.225845466999402111e-01 -3.911273828321579216e-01
2.835592668246169410e+02 2.089414159216029798e-02 -2.864060785062331194e-01
2.406566064366907653e+02 4.517600588920498567e-02 -2.388978212431336345e-01
2.591668140309769797e+02 1.672334566453297089e-01 -3.523513066551811623e-01
2.450476878566788059e+02 5.220775847125671554e-01 -6.665183874465173755e-03
2.802372802842539272e+02 7.676600666973583120e-01 -3.934884843851164660e-01
2.641559676782418364e+02 7.812907977578904539e-01 -3.448790644582097054e-01
2.284165921999700117e+02 5.738731425518340812e-01 -1.438941874019575629e+01
2.516127107412174269e+02 7.057124960468323938e-01 -7.128951963963005289e-02
2.490637374608722325e+02 7.183693572340458244e-01 -4.868442096290136190e-02
2.566362937913353335e+02 8.715388840529637859e-02 -5.872720492629360800e-01
2.821513533691680209e+02 6.078121034321370963e-01 -4.426953608735253454e-01
2.233303467372898012e+02 4.006964879435479313e-03 -4.592632353173736748e-01
2.544049458155907644e+02 9.229935195141393545e-02 -4.636443037358229380e-01
2.212397713000998465e+02 2.764176337742719203e-01 -9.722774296124610416e+00
2.427892822194229439e+02 3.987675226582881177e-02 -1.075299925805767443e-01
2.420031724098691654e+02 4.169633500146837091e-01 -4.440778225949098407e-02
2.002665554431547150e+02 4.133729901780241467e-01 -9.747563044106215963e-03
2.268849691725707487e+02 6.310157673816227941e-01 -1.565903040462402984e+01
1.961043330763435506e+02 6.773240453980751141e-01 -4.458055629393396502e-01
2.885621957881930371e+02 5.897916202535421482e-01 -1.026354860532736613e+00
2.207661779960797048e+02 6.505528821701920261e-01 -6.044520360806670212e+00
2.651198835632251303e+02 2.933079162210188925e-02 -3.513232299338347325e-02
2.305051440654084161e+02 5.413494063875178286e-01 -1.052418241963926171e+01
2.607532529988426973e+02 2.621348824404416411e-01 -1.719812811995609925e-01
2.781305387232615658e+02 3.654573797229847543e-01 -1.250594752767716089e-01
2.356574904536904853e+02 5.997474417505066491e-01 -1.463185113199095388e+00
2.313436740673068073e+02 2.392553995041298842e-01 -1.098912333322833668e+01
2.624465085580566210e+02 1.885612817907758032e-01 -1.587875896432480172e-01
2.599346396767629699e+02 3.133074809183004072e-01 -1.640339139063926865e-01
2.105240238577146670e+02 7.685423357709820769e-01 -2.086785188690315138e-02
2.329406060009432906e+02 3.060982257493261582e-01 -7.486872731263176206e+00
2.339963181028686847e+02 1.233615901689391059e-01 -5.134531304648612071e+00
2.859932805231616157e+02 6.962893590058963911e-01 -4.844260250651296618e-01
2.114358697203236659e+02 6.939821712796669928e-01 -6.900419438287375140e-02
2.066419569473223987e+02 7.336967470644117917e-01 -2.090641062062718880e-01
2.740650413920195092e+02 4.961501814560730361e-01 -5.332911835673592726e-02
2.750911812867642539e+02 2.496840087642775430e-01 -3.311034555944407654e-01
2.761191270348899707e+02 6.171105829273809684e-01 -5.854854898699899529e-02
2.898894352073185132e+02 5.825460886677945593e-01 -1.213888383461066978e+00
2.909972394804819942e+02 1.972013924527832307e-01 -2.658949212276280338e+00
2.469812905760868489e+02 5.103404564973710450e-02 -4.281012872826911453e-02
1.992036884400487509e+02 2.831084289902568440e-01 -1.588509750266351231e-02
2.170884753367119231e+02 1.468695856862760052e-01 -1.315291796244880684e+00
2.375867799837016889e+02 6.839553077830155814e-02 -1.278629352446546186e+00
2.162271869251506473e+02 4.257441609359515766e-01 -1.889717175976777019e+00
2.157439578153847606e+02 3.806701016492424205e-01 -1.481442011026245842e+00
1.980741012008933239e+02 5.643885158211749964e-01 -7.540888299765594049e-02
2.715818789633474921e+02 3.898408063622508246e-01 -1.820256164215938166e-01
2.453947688784580237e+02 4.460170256466193250e-01 -9.891902155804906463e-03
2.813524177524271863e+02 7.930896345499225397e-01 -3.913450826064981958e-01
2.891474456243336135e+02 4.822717977898479669e-01 -1.414202271959710266e+00
2.769140360805544105e+02 2.238609207620014530e-01 -3.436488698258774455e-01
2.040110045716195941e+02 1.033571096699449215e-01 -9.222653724418081872e-03
2.011915932123803543e+02 4.501983867644044901e-01 -2.573596612184936988e-02
2.057457663591710286e+02 6.712926591401899845e-01 -2.312815242637090429e-01
2.131115476010639043e+02 2.037636523952180423e-01 -3.676091021267265946e-01
2.435705685220021621e+02 4.064000768016224896e-01 -1.816630769652284941e-02
2.877099388640575626e+02 2.463189404514323777e-01 -1.642683011806511884e+00
2.241178637045318283e+02 1.119028346613190755e-01 -1.272797294159133763e+01
2.528962992531854752e+02 4.700133310673990095e-01 -1.032882225540083937e-01
2.731289431618425851e+02 2.108033591920688010e-01 -4.733297026697582122e-01
2.855230320364591421e+02 6.138491783276784908e-01 -5.190653434925073251e-01
2.194157131792332507e+02 2.909572959007570292e-01 -4.453182917700255317e+00
2.253473798172381350e+02 3.935774594074501476e-01 -2.092639306566045931e+01
2.185565480471354363e+02 7.867036800837574617e-01 -2.349381073430926836e+00
2.788914989254886905e+02 1.766397089498000228e-01 -2.947157267071032205e-01
2.048268152377051479e+02 3.319041765146263923e-01 -2.480494915706258630e-01
2.796841783627002087e+02 6.844473926994857349e-01 -3.560378464812712918e-01
2.015601314309435850e+02 1.733523748065575187e-01 -6.789019684464916993e-02
2.693215448131588801e+02 2.281458978286473593e-01 -2.071794954731172589e-01
2.667138461196264529e+02 1.148253540891680385e-01 -5.864624261052813620e-02
2.072363587393796251e+02 6.245910026240411583e-02 -1.498145262191408200e-01
2.391410676148852019e+02 6.625369056812016044e-01 -2.544706923656278597e-01
2.655900190607395643e+02 3.206351923886482380e-01 -2.346105426606488742e-01
2.261717253263885254e+02 7.541782490249990811e-01 -1.361997906193821883e+01
2.029946820639724478e+02 4.604922488045170015e-01 -2.411134274327243754e-01
2.127959205957998279e+02 4.923557563079081767e-01 -2.997895251726508392e-01
2.091454092979701329e+02 2.677881694941247059e-01 -2.308117030482727608e-02
2.353824646340202094e+02 1.530321954127304707e-01 -3.144809023303804185e+00
2.394944001582014721e+02 3.702960641692213395e-01 -3.213784498843598181e-01
2.701709018545569165e+02 7.485317085958466121e-01 -6.243445312818626247e-01
2.489530314615884379e+02 5.357146202556760661e-01 -5.516560842383692181e-02
2.336098917466777038e+02 4.901530245846678624e-01 -5.125612600811376041e+00
2.789120046528090597e+02 1.021253621956828977e-01 -2.538809309690279736e-01
2.451700180570931877e+02 5.737422322151747300e-01 -5.633751587278142126e-03
1.983632601151970505e+02 7.486618277818638534e-01 -1.341044113714866814e-01
2.634895221544671813e+02 5.048745860833737664e-01 -2.064308095446425184e-01
2.912862886319001063e+02 2.147762965378592903e-01 -2.660874216521660340e+00
2.719140856733602050e+02 3.373517671813466290e-01 -1.872901616710871964e-01
2.655970612914551339e+02 1.187977841431390492e-02 -3.124597559998311680e-01
1.965261246644491280e+02 2.851044780142392154e-02 -4.437370384708832008e-03
2.173401457122355112e+02 5.875637177083632423e-01 -2.211025985937987048e+00
2.423333961567626034e+02 1.860972396387761407e-01 -4.293057085202413303e-02
2.547608802562303936e+02 4.879591387482124509e-01 -1.453705622411893550e-01
2.377472688188866528e+02 3.120958449128903855e-01 -1.079368328888445694e+00
2.255425635213389342e+02 4.130212615879212956e-01 -2.051429804125301004e+01
2.677781435904907994e+02 5.211886278362978242e-01 -5.815182798203220038e-01
2.207979902147809241e+02 6.436876480235595999e-01 -6.078220537658506117e+00
2.121421179921475186e+02 7.435920237293900392e-01 -1.221691728558759737e-01
2.814417256205036324e+02 1.357540554609267536e-01 -3.100719039319901338e-01
2.264820249859711794e+02 6.610097115106370325e-01 -1.523765662362426099e+01
2.707632016182926691e+02 5.351051086815818980e-01 -3.660522122894862007e-01
2.060819996673634193e+02 7.003567034805135982e-01 -2.200518126654832929e-01
2.851801085802081843e+02 7.586675501418369549e-01 -3.643559127401381770e-01
2.243126870451375225e+02 8.185887606928042570e-02 -9.718287187698695817e+00
2.601639598472168586e+02 1.716083796935377326e-01 -3.003483593358725612e-01
1.959423347928631358e+02 1.938228110986923991e-01 -8.509399001738703061e-02
2.079283176020331041e+02 2.431207621753493364e-01 -2.511530927341276004e-02
2.837516295779907409e+02 9.305443424867163027e-02 -4.738173435157418401e-01
2.159156829561716791e+02 4.965245253297740913e-01 -1.693287722380672600e+00
2.052286181320023388e+02 2.878410140829122388e-01 -1.446546082302186675e-01
2.363557771997710688e+02 7.827256305753954591e-02 -1.733923594031682613e+00
2.821597429573168938e+02 6.897819499192823223e-01 -4.145147133750389234e-01
2.724073121264927977e+02 1.086428518489612194e-01 -9.283170226893353583e-01
2.235210520995012757e+02 4.422300132492618108e-01 -1.613637549089192547e+01
2.647591489798493285e+02 6.143773015309053065e-01 -4.308427339998760486e-01
2.579259563716090042e+02 2.364149562457056042e-01 -2.820904758761900166e-01
2.507478221322577951e+02 5.337824651902019213e-02 -1.469784978953919408e-01
1.992595973889454228e+02 6.212439513733224450e-01 -8.146275777161933462e-02
2.411974668531233590e+02 4.368554415287309034e-01 -7.811392754402224359e-02
2.289982625522642934e+02 7.628102082584780064e-01 -1.110828072918108056e+01
2.618850565547500082e+02 4.574851942011960992e-01 -1.126203154547568419e-01
2.551757376494041409e+02 6.545226097582049762e-01 -1.308006966972626306e-01
2.211253997871333183e+02 4.496811573010165985e-01 -8.334417011075876403e+00
2.032199588715120342e+02 2.528919882847033285e-01 -2.084323581756169219e-01
2.366589086189218563e+02 3.515660147530492718e-01 -1.526917554084505690e+00
2.083249721562473553e+02 5.973014404890765461e-02 -1.512925543601945366e-01
2.885484171828570652e+02 5.637795644794459937e-01 -1.087830106689545939e+00
2.797192961969561793e+02 4.058022165805925674e-01 -3.228417648177913657e-01
2.462339553666830341e+02 4.736007593883108102e-01 -1.558866414788590872e-02
2.476949159553543325e+02 2.755482597675135148e-01 -2.900875434325190030e-02
2.671659768635602745e+02 2.718365518062098585e-01 -2.006751471777174223e-01
2.103373899694683757e+02 7.752966684073533399e-01 -1.448794289081220370e-02
2.535439592217218490e+02 3.629892221047339440e-01 -1.355795116036879189e-01
2.385290470405692531e+02 7.907676512241561539e-01 -2.145399963979883751e-01
2.805117961965170252e+02 3.205176671078244222e-01 -3.263330403551708003e-01
2.012661038939240825e+02 3.697323571178765533e-01 -6.921380062900295629e-03
2.770791974775748940e+02 2.248755093465686361e-01 -3.441830133669751546e-01
2.643046037004544360e+02 2.977821444676330698e-01 -1.601354735135111229e-01
2.747469484575501610e+02 6.031107134091255872e-01 -8.338464128687721189e-02
2.067437266727028486e+02 3.567638941058008939e-01 -7.667312387881859703e-02
2.876593542865578002e+02 5.830049906623802070e-01 -8.454601381092886614e-01
2.303943035322472497e+02 7.140514413856875464e-01 -9.243468744977935359e+00
2.776100616710932059e+02 6.671816048390311407e-03 -1.052839350127248608e+00
2.166719041550074394e+02 4.259407537634457563e-02 -1.762345276464015731e-01
2.840457675370658990e+02 7.110320237963647649e-01 -3.736881026957760699e-01
2.515239634916705427e+02 3.333788991273446412e-01 -1.077637550946310974e-01
2.092946484549175921e+02 1.790216197886020932e-01 -7.022676906275032715e-02
2.594303481497922235e+02 6.356048520297243876e-01 -7.076692306580553704e-02
2.482396068250484689e+02 2.074951492307216538e-01 -1.828924659437583186e-02
2.020620639817657320e+02 6.744284614457882743e-01 -1.807044069919492291e-01
2.614283535779453587e+02 5.464258015665025559e-01 -1.098146234264497784e-01
2.276469950437118257e+02 5.424470502071191413e-01 -1.676336889185096268e+01
2.118130325460384711e+02 1.597146052457079912e-01 -2.657509545111301219e-01
2.574365247560443777e+02 7.961406564736109859e-01 -4.496223175345723938e-02
2.142622777594096419e+02 3.768812065118125332e-02 -3.751325546887099988e-02
2.331211365466753023e+02 1.825385812360297982e-02 -5.763873788421933764e-01
2.179277941737550464e+02 5.958033473731083607e-01 -2.496322808318057529e+00
2.392883734748477593e+02 5.139997138261084286e-01 -2.871639252174241763e-01
2.221232484816474084e+02 2.957562485929283169e-01 -1.220105469467984882e+01
1.945673801739069688e+02 3.886289029639622972e-01 -4.043781152528962974e-01
2.415887241422518628e+02 1.205302179440197741e-01 -8.809935349597973475e-02
2.195623982215900298e+02 3.093132560288848198e-01 -5.195709301112850120e+00
2.559959791226330310e+02 6.851274561584962397e-01 -1.237790431791683798e-01
2.308151915935046361e+02 2.567844838549592779e-01 -1.259679983376844881e+01
2.266428404342991598e+02 4.702681330312443730e-01 -1.904903820607532694e+01
2.134776299093494458e+02 1.361594841701180558e-01 -3.174962243090436731e-01
2.867505317726593717e+02 1.125728601908926874e-01 -1.121630114548296309e+00
2.351099629398825357e+02 7.334518100309084243e-01 -1.686100383553245097e+00
2.908140951329027075e+02 6.247450599769045487e-01 -1.231827350966829604e+00
2.700464956967015837e+02 6.662004566811146056e-01 -5.718986814890130166e-01
2.891480627204140887e+02 7.789415040385754274e-01 -7.217658755186910913e-01
2.324323883978875642e+02 7.269079365381407865e-01 -5.184043857172433434e+00
2.527552571111988300e+02 1.496550790238408979e-01 -2.163636956632240260e-01
2.435165331603923846e+02 4.222182179019725590e-01 -1.808125426588426399e-02
2.450276131506994375e+02 6.499424355572357148e-02 -1.317963470342251552e-02
2.738400148634324296e+02 3.772553415063890636e-01 -8.665140591424126681e-02
1.995512616222799522e+02 3.999656172812617871e-01 -1.028261969019166402e-02
2.691324881481352236e+02 2.170341307265527819e-01 -2.093652125347223447e-01
2.035065653709110620e+02 1.669932127854305004e-01 -1.096239359002589148e-01
2.499771431984657397e+02 4.316479481332276547e-01 -7.035378560795869929e-02
2.756274156597579577e+02 5.550436777758220863e-01 -2.403265433924047997e-02
2.256843186359216418e+02 4.548272675291949452e-01 -1.978873122941979901e+01
2.283690512758269904e+02 2.083134698861905942e-01 -1.829244577451838438e+01
2.270703741652642407e+02 1.951236345458855770e-01 -2.096107984466837237e+01
2.263119153130447785e+02 3.899444818496704546e-01 -2.106196407176881280e+01
2.248502425624961347e+02 3.495339393615722878e-01 -2.134613285785078673e+01
2.275828869009760638e+02 2.823836237488326906e-01 -2.044825545306482439e+01
2.267041144421405647e+02 4.077114582061767689e-01 -2.042191442418256031e+01
2.266145016723834829e+02 2.435229539871215931e-01 -2.224651235243935687e+01
2.252684502010202152e+02 4.543722152709961382e-01 -1.967058908171787124e+01
2.265004620312336385e+02 3.392957687377929910e-01 -2.199006999921292049e+01
2.266797231619577531e+02 1.610022827686158897e-01 -1.975924751234687804e+01
2.255323342910622273e+02 3.069053888320922852e-01 -2.242436826574024522e+01
2.275688593297920193e+02 2.786379814147949552e-01 -2.045975777700631326e+01
2.254736740095781045e+02 2.525449617860301976e-01 -2.249184094736873618e+01
2.259380216815434039e+02 4.891880989074707253e-01 -1.900724894781127716e+01
2.244764151394545024e+02 4.487775325775146817e-01 -1.849475893392660808e+01
2.265709294912863641e+02 4.764945983886719194e-01 -1.919521180265047988e+01
2.258381799116171749e+02 4.068192958831787220e-01 -2.082190522602421368e+01
2.240965414381062715e+02 3.535661220550537220e-01 -1.916640817864796631e+01
2.266298945965978078e+02 2.997521400451660378e-01 -2.217075285271525686e+01
2.250365924062980980e+02 3.547059535980224831e-01 -2.122751503660584405e+01
2.265692289003652604e+02 3.941543368251727575e-01 -2.067636382477887125e+01
2.270126070737689190e+02 4.533761501312256192e-01 -1.903316870320291088e+01
2.278315430421647534e+02 3.989400863647460938e-01 -1.899639450965591791e+01
2.263073997808388071e+02 3.385802745819092019e-01 -2.198480320062747495e+01
2.263861721761418835e+02 4.187081336975098100e-01 -2.046685908944547805e+01
2.276085046040699353e+02 3.090412855148315652e-01 -2.025677924278701170e+01
2.261326861430873123e+02 3.387683629989624023e-01 -2.210100530161234644e+01
2.266338084025129831e+02 3.409670829772949441e-01 -2.165676416470043719e+01
2.258166777523092037e+02 2.797083377838134877e-01 -2.265880742998642106e+01
2.264140257481983554e+02 3.539539813995361550e-01 -2.174625652741429604e+01
2.248468641666353847e+02 3.787561655044555664e-01 -2.031053425137496404e+01
2.252888077715359429e+02 2.330824375152588113e-01 -2.188390184788564596e+01
2.270340880201356413e+02 2.134488105773925948e-01 -2.142857095470865758e+01
2.279268354744017699e+02 2.473159313201904463e-01 -1.960849544032099701e+01
2.242676410327547956e+02 2.926162958145141491e-01 -2.041881175045250885e+01
2.270666963743712472e+02 2.754975318908691739e-01 -2.188935858710140892e+01
2.266084361951276378e+02 2.990503311157226562e-01 -2.217347838697492790e+01
2.257336558906417849e+02 3.817531824111938810e-01 -2.132602226993434513e+01
2.260992007838796667e+02 4.810508251190185880e-01 -1.919864327173607776e+01
2.274466393548090650e+02 3.246858119964599609e-01 -2.087369199522263941e+01
2.251937644146818229e+02 4.479614734649658425e-01 -1.948845497360388279e+01
2.248841687264965685e+02 3.677052736282349077e-01 -2.107134883414241955e+01
2.267992260457685916e+02 3.374644517898559570e-01 -2.173867297815401756e+01
2.254807318210372387e+02 2.298120260238647461e-01 -2.220752655008626419e+01
2.255789998572264778e+02 4.234802722930908203e-01 -2.048459408557637929e+01
2.269528530324633664e+02 2.061820507049560713e-01 -2.125182414556828192e+01
2.277231689702069275e+02 3.888893842697143666e-01 -1.913768009274701143e+01
2.265109344062810237e+02 4.501864910125732422e-01 -1.978411248207828166e+01
2.252083541611058024e+02 3.872452020645141824e-01 -2.106617334859905100e+01
2.259740341483127395e+02 2.614151878398325857e-01 -2.264683182973838882e+01
2.263219678563132788e+02 2.787462301654485830e-01 -2.257569039323910687e+01
2.257203073133728992e+02 3.944526653456116860e-01 -2.108023930299473392e+01
2.255538182558597669e+02 3.234670122830522465e-01 -2.225631336748480393e+01
2.267243932891977352e+02 3.426234483718872403e-01 -2.164645496678437553e+01
2.261882676810494104e+02 3.129739522933960294e-01 -2.231395046386339942e+01
2.273078317347828374e+02 3.348962545394897905e-01 -2.069121683865349937e+01
2.271561700884515176e+02 1.703044136832595201e-01 -1.942943034586654960e+01
2.268321173179279810e+02 2.743715286254883035e-01 -2.183876864862224565e+01
2.264710696726161530e+02 3.814043283462524858e-01 -2.124719233626982984e+01
2.264408511396225663e+02 3.711199594786556699e-01 -2.144126406985747835e+01
2.261045684383909702e+02 3.556800842285156583e-01 -2.183352470118126831e+01
2.255378895519468472e+02 2.178798675537109431e-01 -2.194961949412277136e+01
2.252105020951439656e+02 4.379411536992092180e-01 -1.969304660432408838e+01
2.259251668474145731e+02 4.061372756958008257e-01 -2.086063296670421252e+01
2.248884159759369368e+02 3.103264452285476316e-01 -2.173805590765985940e+01
2.260465560125277591e+02 3.641557807280142445e-01 -2.168607358054515899e+01
2.274205404016986449e+02 2.976421734435546473e-01 -2.115467153311643500e+01
2.265199304011461834e+02 3.681720018386840931e-01 -2.150316720244564195e+01
2.270235373882004524e+02 2.871928125363942819e-01 -2.182369238123171939e+01
2.269406831344555258e+02 2.145334204234485009e-01 -2.143484208703849703e+01
2.245405925630483637e+02 3.276812104601333764e-01 -2.104325586555924943e+01
2.251103721624632499e+02 2.752318577144747258e-01 -2.174057445937291533e+01
2.242796668509911626e+02 3.598653171149444607e-01 -1.999022626362356903e+01
2.275004458735247681e+02 3.133414745330810880e-01 -2.102657341668016144e+01
2.258367193052675361e+02 2.391693758838593087e-01 -2.249159889037829174e+01
2.267012470968168714e+02 2.209235065069516668e-01 -2.196773482374661057e+01
2.254188447482691799e+02 2.491276140317900123e-01 -2.207469978371253205e+01
2.256878120388695379e+02 4.067221701083382768e-01 -2.083307856099791877e+01
2.260595602484399080e+02 3.353850350772060174e-01 -2.215044908450317962e+01
2.269559509083098590e+02 2.491419660192538688e-01 -2.184957720684367288e+01
2.262849436924866211e+02 3.488059544060279071e-01 -2.182078600642131860e+01
2.252944739332344568e+02 2.863383377094949611e-01 -2.225657173695342195e+01
2.254512416673145196e+02 3.549232192188316315e-01 -2.157995670873113525e+01
2.251847233609180421e+02 3.390687121802099524e-01 -2.185154978081017063e+01
2.264246854335336536e+02 3.488972166850646262e-01 -2.183183326957843917e+01
2.257839714384162448e+02 2.355683117694803708e-01 -2.245045198255391838e+01
2.270826104659950602e+02 3.023744141738872182e-01 -2.171849220811233749e+01
2.275314760657888655e+02 3.197206878206974578e-01 -2.096234462325832482e+01
2.261581703984916203e+02 2.680950586397681801e-01 -2.258501929371884387e+01
2.252560827145318569e+02 3.484475374221802091e-01 -2.170958452101437786e+01
2.272235143111846583e+02 2.817450791716029079e-01 -2.119941184648306987e+01
2.262087492133711635e+02 2.934753417968750111e-01 -2.249365357439315360e+01
2.266051699116650013e+02 3.332605600357055886e-01 -2.176807531731671475e+01
2.259032085358812481e+02 2.607848171488851841e-01 -2.264900559964565119e+01
2.273532902674214711e+02 3.209412568458565596e-01 -2.089080367680190520e+01
2.260823264376213331e+02 3.984675003100840440e-01 -2.102383390932023488e+01
2.251904212994703869e+02 3.890683806763505781e-01 -2.064056954866267191e+01
2.247801865042246732e+02 2.551408167895033441e-01 -2.172879103069703888e+01
2.261827116322733389e+02 3.163542270660400502e-01 -2.227485168891364609e+01
2.253120523111408886e+02 2.729608681274944826e-01 -2.225199247461444330e+01
2.267977776240839205e+02 2.180395469470081948e-01 -2.147576568043667322e+01
2.265061704686200983e+02 3.252966136467361213e-01 -2.218890540455706173e+01
2.261447110777567673e+02 2.696506105217988947e-01 -2.258378114155033600e+01
2.266014957617472874e+02 3.793010343222882330e-01 -2.097602671193254054e+01
2.259398893760867395e+02 3.635791370827973212e-01 -2.169519417122451799e+01
2.255011660798520552e+02 2.979622811858976816e-01 -2.249352780859514667e+01
2.263224672159299473e+02 3.228470988218024029e-01 -2.220663208223268725e+01
2.264073697560616836e+02 2.793682282605527423e-01 -2.257783720076004741e+01
2.269871797157277911e+02 2.605147484984527972e-01 -2.188923967271427173e+01
2.252241959623111427e+02 3.224290439960999510e-01 -2.204049617464518107e+01
2.267071321834770856e+02 2.722528815034070959e-01 -2.233485051903083729e+01
2.253948729031635025e+02 2.679353376979958234e-01 -2.221677097537246937e+01
2.250886751795374607e+02 3.107647244976238787e-01 -2.167645722905800199e+01
2.261847036876183381e+02 3.367638558376243596e-01 -2.200103456639705257e+01
2.267350363154441197e+02 3.171533955280001482e-01 -2.200512606545405703e+01
2.260100065052976390e+02 3.749369909741391838e-01 -2.148775014105910230e+01
2.255949155777047963e+02 3.607110418993744183e-01 -2.171413017000195822e+01
2.253319073736842597e+02 3.821658595239272316e-01 -2.114183745077470533e+01
2.263560837804781727e+02 2.835957038070437419e-01 -2.255914965163588448e+01
2.274976870739851620e+02 2.350837022352050831e-01 -2.035265079453380110e+01
2.256697881048862939e+02 2.564644897682654689e-01 -2.248737439520826342e+01
2.258996900965430825e+02 2.492915731630407083e-01 -2.258553695383410442e+01
2.269507749392593325e+02 3.402755535653487762e-01 -2.120880914495081981e+01
2.254429973799076095e+02 2.393283565365761645e-01 -2.236028647454255136e+01
2.264605097177289110e+02 2.539128861929928482e-01 -2.228691131116017843e+01
2.263069245201453441e+02 3.477328965065069055e-01 -2.184043074461080636e+01
2.256443429065544137e+02 2.715510945648419439e-01 -2.254758399596442331e+01
2.260470544995023658e+02 3.146346237320467587e-01 -2.241073679336293267e+01
2.259698289635946082e+02 3.218575878239766097e-01 -2.232951701806652522e+01
2.269829410066255093e+02 2.704331179497777016e-01 -2.188360442231441993e+01
2.257347639424788781e+02 3.148615137483884441e-01 -2.232975630479880991e+01
2.255500853354514277e+02 3.020263934983172249e-01 -2.246040279719771249e+01
2.265244623299140017e+02 3.102056720597765604e-01 -2.205015887037176370e+01
2.261707679550183343e+02 3.385725705858173562e-01 -2.210352387252060780e+01
2.259921240908182369e+02 2.622109208307534245e-01 -2.264823075039925016e+01
2.262899708810649599e+02 3.081922895563348752e-01 -2.237267144150695941e+01
2.259646250265066101e+02 3.256699174530536256e-01 -2.228223852819830242e+01
2.268601004706634399e+02 2.635905897818734411e-01 -2.186246183074272054e+01
2.266314373240717828e+02 3.399521670760939918e-01 -2.167210371012333425e+01
2.266641580952087622e+02 3.093410611252698228e-01 -2.208259441779856758e+01
2.261251663017851570e+02 2.993903694594302611e-01 -2.254749722992464100e+01
2.263408896509286308e+02 2.891329962643207629e-01 -2.252986214945610755e+01
2.265903015002365066e+02 2.590733492503069502e-01 -2.231893401816927636e+01
2.256551378463784090e+02 2.833780737229372737e-01 -2.253845368858179299e+01
2.250826411533282965e+02 2.821111853699919125e-01 -2.176295857466538308e+01
2.252619329992534176e+02 2.855580776052968339e-01 -2.226533731846122777e+01
2.265385719223097567e+02 2.385429340952742450e-01 -2.219439678844357999e+01
2.263653868574877492e+02 2.842267496133852323e-01 -2.255680284429720572e+01
2.254219672224837154e+02 3.167510455548492310e-01 -2.205676713853396720e+01
2.253246451039998988e+02 3.004568441904254539e-01 -2.219659727089867474e+01
2.262672129145086046e+02 2.731073699705367508e-01 -2.258617939147245579e+01
2.256086040740699445e+02 3.042555517756133643e-01 -2.243711066481249716e+01
2.263238523707082663e+02 2.983114444300307144e-01 -2.246495893489263196e+01
2.261859302817194362e+02 3.032382820039197235e-01 -2.241279443425018414e+01
2.267689102460849426e+02 2.389960147676530033e-01 -2.222326029675418013e+01
2.256887082641728171e+02 2.855118037832410915e-01 -2.252820668386636527e+01
2.260065334660701524e+02 2.677204750057873284e-01 -2.265905684530687481e+01
2.252580799630691217e+02 2.539583652658081170e-01 -2.216487914906361567e+01
2.256957534510097219e+02 3.235346172064972325e-01 -2.224138316204958699e+01
2.256331211049846956e+02 2.914393755215033965e-01 -2.251319842650387670e+01
2.258279478555345463e+02 2.717489855318610537e-01 -2.266998121355820217e+01
2.261773523597620681e+02 2.973294879268454927e-01 -2.246271404639254854e+01
2.262085310965899794e+02 2.869665907117417425e-01 -2.253407088930572044e+01
2.261510585792387928e+02 2.961816134171648129e-01 -2.246974728818279843e+01
2.265408921424017308e+02 2.926495167138469244e-01 -2.221391472425605684e+01
2.254021618413623571e+02 3.213029750896140846e-01 -2.201754301602082364e+01
2.261872981783259320e+02 2.692366589735623594e-01 -2.258613969694119916e+01
2.253918204226437751e+02 2.978438361559055947e-01 -2.219564888149582416e+01
2.258279406809351713e+02 2.720270214966440392e-01 -2.266989941549243781e+01
2.265924905163122389e+02 2.677337776410433356e-01 -2.232507004806634399e+01
2.263453292202724185e+02 3.042154626675091511e-01 -2.241522861499970176e+01
2.251138905604665297e+02 2.749604573184395440e-01 -2.230187886649716589e+01
2.262838982674765305e+02 3.375516806612379184e-01 -2.199825906271055587e+01
2.258835264244207792e+02 2.794502460000111710e-01 -2.265698431407764346e+01
2.259393963984976494e+02 2.875558522203957024e-01 -2.262577281129788176e+01
2.254303926101279671e+02 3.002254350254426885e-01 -2.217502159259645467e+01
2.262253724514843327e+02 2.954407520572117640e-01 -2.248059089016188494e+01
2.256833341462494502e+02 3.168709990245561214e-01 -2.231523231460750623e+01
2.259180904586939107e+02 2.888614800760445633e-01 -2.262016129295145106e+01
2.256710773114687640e+02 2.860929742566447609e-01 -2.252883199077756871e+01
2.255220138791603688e+02 2.719132149343996274e-01 -2.256565982665660641e+01
2.261868171383301558e+02 2.809864369307574772e-01 -2.256047337485443904e+01
2.262108719990292229e+02 2.594027082779171711e-01 -2.257582422887741203e+01
2.258205815199838185e+02 2.993240136318294775e-01 -2.255606881382060180e+01
2.257376621363815730e+02 2.918274481634097195e-01 -2.249784049797318630e+01
2.256209620959832307e+02 2.836488556023826213e-01 -2.254242047403321436e+01
2.259684585282072646e+02 2.925129933756542289e-01 -2.259857992420938544e+01
2.256002123440190701e+02 2.566284338303867485e-01 -2.249986621617174976e+01
2.259878415737177590e+02 2.999873536208538805e-01 -2.254720164169710372e+01
2.255998010213526754e+02 2.636523185509633271e-01 -2.253504216946863892e+01
2.257526535488092634e+02 2.946071636935669313e-01 -2.248217782069496451e+01
2.256341257250664967e+02 3.015715713485959681e-01 -2.245392665828304501e+01
2.257885624744574784e+02 2.679536719920723731e-01 -2.267049535004858640e+01
2.258155422429973669e+02 3.006363401525288803e-01 -2.254592343301788659e+01
2.260619572711451042e+02 2.603944511392518035e-01 -2.263748889970517553e+01
2.260767137501894126e+02 2.824675074696738064e-01 -2.264015840939443081e+01
2.254728860079501089e+02 3.068285020772896776e-01 -2.212526740214931920e+01
2.254272026566622174e+02 2.794094162657182467e-01 -2.223165407827670492e+01
2.259066398724328337e+02 2.957216160012006156e-01 -2.258007921491375214e+01
2.258384036016336722e+02 2.567205997863855060e-01 -2.263607094220331817e+01
2.256373936367517956e+02 2.621211203863022532e-01 -2.252298041354725200e+01
2.258701355291115931e+02 2.688881483400962225e-01 -2.266740787731237461e+01
2.257787947738123933e+02 2.820273773845959897e-01 -2.252396861665100047e+01
2.259217077880586828e+02 2.758576225878956456e-01 -2.266241647309925256e+01
2.256729965915417324e+02 2.428885611033697600e-01 -2.236350388459895200e+01
2.256557608031594384e+02 2.578553763157866441e-01 -2.249825336643279883e+01
2.258904716818835254e+02 2.765850181760904358e-01 -2.266265661146412214e+01
2.258807370133980044e+02 2.926436588706191055e-01 -2.260039194131144669e+01
2.258103532111457810e+02 2.596359880439187973e-01 -2.265018840918642695e+01
2.259661980204933229e+02 2.810321492485698402e-01 -2.264938802502227233e+01
2.257897607245106713e+02 2.852931150940292149e-01 -2.251480505333296023e+01
2.260055305846702254e+02 2.950968203646370247e-01 -2.258136523670908957e+01
2.257129638065320307e+02 2.780199137959410982e-01 -2.253877223011635067e+01
2.257064861866136027e+02 2.671520106472837219e-01 -2.252969967408959207e+01
2.256805742775937063e+02 2.695814256144675181e-01 -2.253918103520680205e+01
2.260113195742061407e+02 2.572280922272911496e-01 -2.262736040428866957e+01
2.260954196232382003e+02 2.551044672552598702e-01 -2.261006006776133148e+01
2.255929490429334692e+02 2.866914771913973148e-01 -2.253722099301980109e+01
2.258646037143188607e+02 2.601126933197578928e-01 -2.264888081161833355e+01
2.258241371165791804e+02 2.598970054611394742e-01 -2.265039088376967413e+01
2.258761676052614860e+02 2.895356622270178759e-01 -2.261800210940005584e+01
2.261888670102451897e+02 2.999032828252060079e-01 -2.244246896725958607e+01
2.257415820172043937e+02 2.689086089311774064e-01 -2.252843730611201778e+01
2.258477323054533770e+02 2.770042142344357750e-01 -2.266367361788169887e+01
2.322945483395810697e+02 3.943799616813478126e-01 -8.362078812355546731e+00
2.899488825292966681e+02 5.159933180508896600e-01 -1.527417014565368714e+00
2.816000661869503574e+02 1.850605365428210358e-01 -3.802845421584192254e-01
1.990763068644311602e+02 2.541259627789254627e-01 -2.532202296328839308e-02
2.656132900074403551e+02 1.730104016070824757e-01 -9.242135242390706051e-02
2.911081424030340941e+02 5.669304162153226967e-01 -1.477222620883092752e+00
2.500186627396842596e+02 5.341424333865745222e-01 -6.381222853448711985e-02
2.548774123637792854e+02 7.948850953251792584e-01 -1.371799535652322433e-01
2.428394466367065547e+02 5.482909076992246167e-01 -3.275475623081654242e-02
1.947982442538719852e+02 3.410640113680631358e-01 -3.602849328846488008e-01
2.745956872436062781e+02 3.840075395769682043e-01 -4.512226894379605530e-02
2.382048208025553322e+02 4.985739491702026460e-01 -5.688310902637396804e-01
2.888884372059459906e+02 7.453141432047887260e-01 -7.145952253022963552e-01
2.634215221010335881e+02 4.290440644568438433e-02 -8.389275511678306874e-02
1.966188597301497509e+02 6.001307217275023836e-02 -2.831219986345356529e-02
2.110017977888063001e+02 9.666354307543360835e-02 -1.828700431270376403e-01
2.175506898787244552e+02 7.311261912696792598e-01 -2.099045788506233468e+00
2.150635529296608581e+02 6.790405270778867575e-01 -1.090139527297293576e+00
2.842884978687295643e+02 2.558235113663751004e-02 -4.401636705537918526e-01
2.012735630394224700e+02 2.650694323525725760e-01 -2.389679116715347912e-02
2.612782566278636409e+02 4.082169632051762531e-01 -1.108304994915143421e-01
2.582181098063247759e+02 6.906036407582961945e-02 -7.524314890244371279e-01
2.807533251663647889e+02 2.061609933167946884e-01 -3.056780977808669642e-01
2.284523119326024982e+02 1.922785893180535000e-01 -1.689331823446776326e+01
2.594355889630642196e+02 6.024108802837042642e-01 -8.471265898071236866e-02
2.221192256781706647e+02 6.417646571072928019e-01 -9.669812189230125199e+00
2.353544621912291177e+02 1.160646926831705034e-01 -2.965759892938176989e+00
2.088545743490778364e+02 6.653930080198540153e-01 -6.923879516854605787e-02
2.884090175208060032e+02 6.384689934188443328e-01 -8.253113463753767309e-01
2.270105601017382924e+02 5.534619476079400968e-01 -1.689471243290289948e+01
2.069403648187157501e+02 1.376878163336852923e-01 -1.759891904076275881e-02
2.185183129398420760e+02 5.721865042033903448e-01 -2.940878158291415634e+00
2.688982837627755771e+02 4.356382140791272284e-01 -4.171048606135974168e-01
2.329846898047200625e+02 3.156824530333771084e-01 -7.428981633480057134e+00
2.756720265599845447e+02 4.283581824648056702e-01 -5.088003294100210128e-03
2.575930726655452077e+02 5.795723345295072937e-01 -9.452163950692739347e-02
2.648834856247143534e+02 4.409987450269758913e-01 -2.977204543473621068e-01
2.785970204798003920e+02 5.910629062080178381e-03 -7.428144875385891410e-01
2.335084123457793623e+02 5.233297363677705816e-01 -4.801104791730032240e+00
2.124808486825397722e+02 2.215803435323225323e-01 -3.184563855864802617e-01
2.417820254583939459e+02 1.330593264242540263e-01 -8.498887825702623744e-02
2.141665477137578648e+02 3.377247156652009308e-02 -3.706801604797099053e-02
2.440949370677600143e+02 7.914177023224608920e-01 -1.709876472945151549e-02
2.824305859790030695e+02 1.242960378216527995e-01 -4.117622534501060305e-01
2.667920001898278315e+02 8.205261437396017821e-02 -3.819334104750862074e-02
2.314540745909689292e+02 3.507718614115657441e-01 -1.041517789232854518e+01
2.738688712960980638e+02 8.848123051210077250e-02 -1.175446304860500391e+00
2.712305306171455754e+02 2.822097955549103254e-01 -2.292391801399017992e-01
2.443462719400629908e+02 2.271017704488433875e-01 -9.486104384758763455e-03
2.718234126860097035e+02 2.625378907687580532e-01 -2.597243683710012685e-01
2.387953932434141677e+02 5.439107106706283501e-01 -4.307089281645795076e-01
2.771500748946732529e+02 7.085436367532053081e-01 -1.516599639431730484e-01
2.045393563825284957e+02 7.713993035363060358e-01 -3.886108385751393945e-01
2.726433242013003451e+02 3.085123715695637925e-01 -1.859953603705956637e-01
2.203818710059516093e+02 7.613762629832773188e-01 -4.684959789906271155e+00
2.135075221306933599e+02 3.775733918932404065e-01 -4.554471567893483286e-01
2.195699325948611715e+02 2.109576759822898162e-01 -4.485586409799638297e+00
2.832987406020225762e+02 7.395357921734044271e-02 -3.360623032419018386e-01
2.289034047083675318e+02 2.341926117354710402e-02 -8.826598109373139378e-01
1.995163696520161807e+02 1.643366874973409275e-01 -7.536933573221268889e-02
2.875990038953526664e+02 3.027328698524617834e-01 -1.383281607490998599e+00
2.620279679359232432e+02 6.219435930680360380e-01 -1.229519965296560213e-01
2.496927104495955518e+02 4.855579032202996803e-01 -6.122767688544768910e-02
2.793753840500071988e+02 6.502635306901083379e-01 -3.518201831580843875e-01
1.983959729107351393e+02 6.800746953534660966e-01 -1.094190994122224425e-01
2.296201165483475393e+02 2.912828328955240909e-01 -1.493152619923302282e+01
2.639915234352475863e+02 4.058179412143874121e-01 -1.966971935526694304e-01
2.022310587313262147e+02 5.974055847636897676e-01 -1.503170878053779191e-01
2.517143358819481307e+02 8.875411769902429721e-03 -2.223980247451196046e-01
2.487289022041572366e+02 7.218198809427496254e-01 -4.307545575956795575e-02
2.477309784401518868e+02 3.203977111796042498e-01 -3.476457295995884211e-02
2.072523529532475379e+02 4.514657593708524264e-01 -1.112579580460191370e-01
2.041263249575002305e+02 3.758684655078620152e-01 -3.271933826825476621e-01
2.524948935993143380e+02 4.652700876654372597e-01 -9.686987214496758924e-02
2.227994854178375022e+02 4.204170531795661248e-01 -1.429465101318517917e+01
2.354297875304735612e+02 5.855436176011576954e-01 -1.846495837403304252e+00
2.215513015502441760e+02 6.295669104254426607e-01 -7.870010440283040865e+00
2.395985026576886980e+02 4.889085496235005129e-02 -4.933072926328453955e-01
2.678573457561527675e+02 4.753318235791650359e-01 -5.136042103361866396e-01
2.702696293433921255e+02 1.822975964492623002e-01 -3.089188335498869176e-01
2.260167380364057976e+02 6.930158147219094289e-01 -1.469839780555986941e+01
2.466369261191985061e+02 7.404625755079243810e-01 -1.286045861345459264e-02
2.246829052129970989e+02 1.077415762089453666e-01 -1.371742113193521639e+01
2.860165284616416557e+02 3.568231819889490231e-01 -9.116724683189851852e-01
2.250115672934298914e+02 7.561970383021270337e-01 -1.331858168799528919e+01
2.603803376804389131e+02 2.468185240953619519e-01 -2.038727786442615375e-01
2.028799041084540704e+02 2.730092092413350935e-01 -1.543063195625300477e-01
2.114673606030697499e+02 1.451184222132117785e-01 -2.421084222582323975e-01
2.558706171485350183e+02 3.345543731149621114e-01 -1.992427578751614359e-01
2.775415285055087793e+02 4.919104339552234362e-01 -9.251475860398188089e-02
2.161923498285156597e+02 1.584222445327383155e-01 -1.187646206861108222e+00
2.532805328083065604e+02 7.799038966326079514e-01 -1.162949759453958676e-01
2.095185367087855184e+02 5.052168685040648866e-01 -1.453624954390872253e-03
1.956737506003479723e+02 7.013126682450763205e-01 -5.824400194001504438e-01
2.457532326654599046e+02 3.669719345228965590e-01 -1.444190121154759719e-02
2.858769702964901853e+02 2.340937379267969964e-01 -1.016971927136764542e+00
2.056400622057234955e+02 7.123428112706261528e-01 -2.651722809494256872e-01
2.369845766780776728e+02 6.586735451489057480e-01 -7.738263176294710721e-01
2.409382471640805932e+02 6.091131328198794437e-01 -8.732109967983976706e-02
2.548226882321893072e+02 4.623416944932113859e-01 -1.487957361751376661e-01
2.257847636402532885e+02 2.738920504173774639e-01 -2.252847527906913427e+01
2.257803334400178699e+02 2.631821013446148383e-01 -2.266281167665648866e+01
2.260139791773819979e+02 2.725300910170496693e-01 -2.266079187463816780e+01
2.259616969228606536e+02 2.765200373272763690e-01 -2.265961694358028211e+01
2.259099381904215136e+02 2.728842313207377468e-01 -2.266583301780142179e+01
2.258842605617243464e+02 2.716629063008196843e-01 -2.266745660448030009e+01
2.257860784428947625e+02 2.799489697648216979e-01 -2.252615913144694204e+01
2.260044003873202598e+02 2.841947116044520882e-01 -2.263739268856476272e+01
2.257386509407082258e+02 2.703896392619752342e-01 -2.253168656581964058e+01
2.256795944286712370e+02 2.628261632405998749e-01 -2.251925324205138068e+01
2.259082200725029850e+02 2.816475694730847801e-01 -2.264988393080669482e+01
2.258479044983382664e+02 2.805310476010593468e-01 -2.265544248735738009e+01
2.260102421357211426e+02 2.588433337725151717e-01 -2.263477524067465652e+01
2.259548897839108861e+02 2.754822004130574320e-01 -2.266140353529031870e+01
2.259453826927041860e+02 2.830991957024240335e-01 -2.264368665211593523e+01
2.257120124133942056e+02 2.710177244429418653e-01 -2.253673113423991836e+01
2.260258365752463305e+02 2.776706558971925864e-01 -2.265462192790958795e+01
2.259380418311151857e+02 2.867291338152270774e-01 -2.262958788076400296e+01
2.259188638744573154e+02 2.838708298794818119e-01 -2.264192979700972330e+01
2.257032944274472470e+02 2.598889955335747515e-01 -2.250171999134663992e+01
2.260034003886164555e+02 2.633339596754035727e-01 -2.265074278512983241e+01
2.256845667700778790e+02 2.603691782474240601e-01 -2.250723362312931641e+01
2.260243331851981452e+02 2.837715519361128647e-01 -2.263809893019733366e+01
2.258458909083811648e+02 2.695887183376568519e-01 -2.266896491685719894e+01
2.258175887500999295e+02 2.706538544017075276e-01 -2.267053027485167505e+01
2.182666905197854135e+02 5.823209979291268934e-03 -9.180069615197036792e-02
2.246535754735483579e+02 9.421194438009823646e-02 -1.200939864684239922e+01
2.809952845936447829e+02 6.955013769099160914e-02 -1.072932216901893721e-01
2.490806572427169385e+02 7.793518836026774865e-01 -4.791467602293399131e-02
2.889654439467655038e+02 1.069094158441808995e-01 -1.657485982939824964e+00
2.749643556257264549e+02 1.510120974608551159e-01 -8.352309562133253262e-01
2.734299310288178049e+02 7.481428180277363560e-02 -1.187712919827593527e+00
2.727299142505622171e+02 1.976915482635691612e-01 -4.991839451012504703e-01
2.115817061573166598e+02 2.700613476530627222e-01 -2.172613167305055826e-01
2.868504036784247546e+02 6.543541593396928757e-01 -5.778376126741621155e-01
2.090198170356523519e+02 2.315552735693229280e-01 -3.310440616978201078e-02
2.698691345001598734e+02 5.880602904522955754e-01 -5.068082845009588278e-01
2.149426168525757248e+02 2.777740548244839180e-01 -1.005980980008302827e+00
2.414399338793455456e+02 3.590961957224660939e-01 -6.053064095284545199e-02
2.648201754686123195e+02 6.265268363518271544e-01 -4.361536234463722628e-01
2.019001598238819213e+02 4.056681790981162550e-01 -4.654866829818479768e-02
2.830535478193221479e+02 4.542553435099917075e-02 -2.496170661410850034e-01
2.133265872953436997e+02 4.397810515455788383e-01 -4.703188009191235919e-01
2.208957703923865665e+02 6.571522980955475379e-01 -5.947690743700199789e+00
2.547080249500391176e+02 2.448942613050794082e-01 -1.960064653838995141e-01
2.031694913192658873e+02 3.780334719134736399e-01 -2.530849632762331436e-01
2.665902227482056333e+02 7.505614247350089752e-01 -7.612419755519266307e-01
2.642055512247247293e+02 1.768584717127840433e-01 -1.144044557079176849e-01
2.038525417343187769e+02 6.456246189182185402e-01 -3.944521050176227894e-01
2.811276711723347717e+02 5.396046292397174149e-01 -4.291920540309379639e-01
2.799048722884627978e+02 4.486599905955687695e-01 -3.359623378972094732e-01
2.554619424679663098e+02 7.017886605150945867e-01 -1.313745833978828270e-01
2.659664930267387035e+02 7.559647562454706593e-01 -6.485491016119623309e-01
2.616068358302370598e+02 5.481845479968308066e-01 -1.224840863783716177e-01
2.423771845504682858e+02 7.842789995347595466e-01 -4.784252553944646352e-02
2.876898798198597547e+02 1.372795124821127866e-01 -1.502001327103941630e+00
2.366027546839530942e+02 3.075693839384356920e-01 -1.671027555272197596e+00
2.253903458820266223e+02 7.339420236556636334e-01 -1.385348164031769969e+01
2.295510924204222363e+02 3.374702294718799345e-01 -1.565263500439770183e+01
2.122004772479002668e+02 8.099433858548762966e-02 -1.258862711444617422e-01
1.986171659896315873e+02 4.564376043028819940e-01 -2.384605893231163745e-02
2.265117050690798806e+02 1.223230425431671292e-01 -1.669618839633146123e+01
2.297661991439405256e+02 6.332544169572503767e-01 -1.161099910538880842e+01
2.602046451067889166e+02 5.709499535230082579e-01 -9.061169838189798986e-02
2.504842149702343477e+02 4.995537078230490313e-01 -7.029116505237263668e-02
2.091698633591794874e+02 1.624769966425306800e-01 -8.221863141544234754e-02
2.061389315809648508e+02 3.486278499036879475e-01 -9.249694368249972154e-02
2.381995781270044006e+02 7.965425331220292726e-01 -2.573090463803509031e-01
2.280238013160157209e+02 6.856958807315270965e-01 -1.369699582232683355e+01
2.456710583670130745e+02 3.676673840302493446e-01 -1.469964485049503333e-02
2.854857213280424730e+02 2.350588292520890410e-01 -9.006890702170811114e-01
2.319140516053378747e+02 1.952607894994558627e-02 -6.610119672971421778e-01
2.842354313412982947e+02 3.951894685922903161e-01 -6.613560436266382458e-01
2.769822465813828103e+02 4.131306730281553152e-01 -5.114866661431135414e-02
2.720768677744584920e+02 3.911032323254592935e-01 -1.534315550125328054e-01
2.355078968558095198e+02 5.160112067225763877e-01 -1.717772448872979307e+00
2.231719482272592359e+02 5.130465874527694731e-02 -3.913464013863837465e+00
2.463617930027894261e+02 5.334270650109604883e-01 -1.297310538572507728e-02
2.789758448920542264e+02 6.689902345296259156e-01 -3.136629438062024100e-01
2.081142960265650288e+02 2.876762853347231141e-02 -1.155422787399156687e-01
2.474076933399256291e+02 4.406292919249725215e-01 -3.276621010169968040e-02
2.885362518431950321e+02 4.171253085281642625e-01 -1.470386818707392962e+00
2.169154570751163931e+02 2.015718236399725305e-01 -1.855556562115785013e+00
2.577026109410886647e+02 9.871406243592303897e-02 -5.684002975140873826e-01
2.558684142304830402e+02 4.835033618732148541e-01 -1.529136687428992170e-01
2.616631756156105553e+02 2.809464252870816359e-01 -1.359825066926961257e-01
2.408107681288049946e+02 1.898835511342734650e-01 -2.305953137969520561e-01
2.685862134729229638e+02 4.799118619669240360e-01 -5.026937439637123584e-01
2.592636382481439341e+02 7.189351603476081820e-01 -6.234910473706808259e-02
2.104258967415982795e+02 2.181251923486067223e-01 -1.551814687823219185e-01
2.509823188451340457e+02 7.377585943168143423e-01 -6.100636073476520954e-02
1.977514897524423532e+02 7.089340158412672510e-01 -1.530171254134746472e-01
2.904174901310702808e+02 6.173549145382479786e-01 -1.190076319388805981e+00
2.755928694485554615e+02 5.107769173053287037e-01 -7.403869469318836820e-03
2.338819253224691579e+02 4.709671426644204129e-01 -4.540624149046379898e+00
2.308522872288051531e+02 1.688048111712858734e-01 -1.161675223429224424e+01
2.346750230816616067e+02 2.934909769465791074e-01 -3.734754917496621474e+00
2.532463779648659852e+02 6.134840905072732609e-01 -1.069593390723586196e-01
2.162906167704925338e+02 6.741494186809757760e-01 -1.691062074497790002e+00
2.482629159550411373e+02 3.021189454972224575e-01 -3.734937545804397491e-02
1.949326649804209239e+02 5.627470314292564169e-01 -5.488900965363920914e-01
2.201652329277004867e+02 6.226003029226141738e-02 -1.816803932918949149e+00
2.917165018027149017e+02 5.535190618701033571e-01 -1.564483899487329355e+00
2.779066987659316510e+02 3.295750131370074887e-01 -1.430264652589656738e-01
2.052211442642804400e+02 6.951706592752870950e-01 -2.912999441015100555e-01
2.520506575808963134e+02 8.904851455843900906e-03 -2.954153670605086379e-01
2.705487692552045473e+02 2.123144148683530352e-01 -3.075358405892005820e-01
1.967816501231391157e+02 3.152734434710067757e-01 -3.960196919868241155e-02
2.156352647061849268e+02 3.834580030255146932e-02 -7.311421337173304447e-02
2.442580232394669792e+02 5.765994969141606807e-01 -9.909998552680585049e-03
2.587283078895418953e+02 1.347660298663203582e-01 -4.380476692686747775e-01
2.629614849904647826e+02 2.552639292571296514e-01 -1.292483199448605791e-01
2.437318637146443621e+02 3.752688335550241616e-01 -1.353090963765477862e-02
2.675342851584850905e+02 4.280957042367597443e-01 -4.514200662076033876e-01
2.330637928336921902e+02 4.958532356223895876e-01 -5.726820921422112853e+00
1.962455864007503976e+02 1.574897940319296419e-01 -4.705967794810397148e-02
2.066085406820671722e+02 6.006402699049617766e-01 -1.725409082468464528e-01
2.824745317657495889e+02 7.655281605944705969e-01 -3.710682671083904705e-01
2.385788378704204149e+02 7.749520459730045996e-01 -2.254392192865691535e-01
1.995781414681811441e+02 5.920881479380798451e-01 -7.126141081989278980e-02
2.195502799973770038e+02 1.157776491406697084e-01 -2.677169755118770311e+00
2.012552397427581354e+02 2.576740997147309864e-01 -2.608475896103747485e-02
2.400655719339333984e+02 5.209943877906909604e-01 -1.660438388568264700e-01
2.269890036986462860e+02 3.268810481640285204e-01 -2.141183020397284054e+01
2.226479630670328334e+02 7.264470273745976536e-01 -1.044397022017809107e+01
2.275617098594620984e+02 2.777284860610961803e-01 -2.046065060196684016e+01
2.266596458415436359e+02 2.684216260910034513e-01 -2.233372709682534918e+01
2.251703159016403504e+02 2.884382563831228152e-01 -2.227929700988838846e+01
2.250064859432342814e+02 3.015449285507202370e-01 -2.175110580450515130e+01
2.232452489698665090e+02 4.645514794521020119e-01 -1.595292541593406810e+01
2.260982666262987664e+02 3.987918665551576369e-01 -2.101744627516077202e+01
2.271352996852079968e+02 3.107325315475464311e-01 -2.164601108944794561e+01
2.269011258610577784e+02 3.850004196166992299e-01 -2.041504796255710730e+01
2.236157041040933677e+02 3.310248787772459012e-01 -1.843318325122959322e+01
2.231802062456929434e+02 3.133983268838382297e-01 -1.744307575855573944e+01
2.259771232410710411e+02 3.754211902618408425e-01 -2.147810567282728300e+01
2.222081712095164789e+02 3.792331993390644085e-01 -1.359794074907461869e+01
2.255772632228139400e+02 3.360762834548950417e-01 -2.209454792304084592e+01
2.263464853202150380e+02 3.751610517501831055e-01 -2.135588966606491823e+01
2.269515311389837677e+02 3.285666227340698353e-01 -2.137936958702968582e+01
2.247703515554795217e+02 3.624952554702758900e-01 -2.057222848677169225e+01
2.251582419823838563e+02 2.868926286697388028e-01 -2.228567551908980349e+01
2.256313785440532342e+02 3.414559602737426980e-01 -2.201415611418982721e+01
2.253753464147428645e+02 3.088684320449829324e-01 -2.213128000921484428e+01
2.263941051625211571e+02 4.499186038970947599e-01 -1.977843883177096274e+01
2.259708519720935271e+02 4.479719638824463113e-01 -1.994653341535020630e+01
2.272962143073685581e+02 4.086400032043457364e-01 -1.940558848599058450e+01
2.261078858295980467e+02 3.577934503555297852e-01 -2.179760581284359588e+01
2.257447803328839200e+02 4.403433799743652344e-01 -2.010854083244277035e+01
2.265533616518025894e+02 2.507570266723632701e-01 -2.228515926183212059e+01
2.251447459414559944e+02 3.119595586941601995e-01 -2.215321451038026979e+01
2.250882096880339986e+02 2.911265891711606879e-01 -2.175743639434173105e+01
2.263059889323181153e+02 3.229363395309343132e-01 -2.220416270084719557e+01
2.268470530191789010e+02 3.623508026648462610e-01 -2.133468886248904539e+01
2.263226274369194755e+02 3.725723743438720814e-01 -2.140268206880204005e+01
2.260857534170388021e+02 2.404306513375147059e-01 -2.248472582335421066e+01
2.265824699055282281e+02 3.270225525455553450e-01 -2.185235813962191642e+01
2.260944237962887087e+02 3.067724941789082838e-01 -2.248747359090119957e+01
2.270357839318650690e+02 2.866893747940800208e-01 -2.182965133061259877e+01
2.269639922472833291e+02 2.792184315414598106e-01 -2.185173928115186825e+01
2.265723002100697840e+02 2.684824972884677918e-01 -2.232166028554634707e+01
2.256945781930999146e+02 2.609116226303761499e-01 -2.250827060133051560e+01
2.257057292760679559e+02 3.194269329680136105e-01 -2.228599894208983301e+01
2.259209764199284791e+02 3.460214614868164507e-01 -2.199064453650077411e+01
2.273027830546225232e+02 2.948506477646756774e-01 -2.114003802642623953e+01
2.261574007021764032e+02 3.556212310836647794e-01 -2.183454182906192287e+01
2.266554829797553907e+02 2.438031875647272140e-01 -2.225329898978190712e+01
2.254900632824757167e+02 3.765041233115540287e-01 -2.121846221988814918e+01
2.252583184471131972e+02 3.389206057680089756e-01 -2.184065146732955043e+01
2.264052485813319890e+02 2.963917970657348744e-01 -2.248498197258302866e+01
2.251737146867900492e+02 3.781244277954101674e-01 -2.083230087502866823e+01
2.267807488038338306e+02 2.573167085647583008e-01 -2.233836499442872991e+01
2.260746216816946799e+02 4.349356174468994585e-01 -2.024089738002969341e+01
2.257751102637927829e+02 3.332582235336303822e-01 -2.211361748952760564e+01
2.279872241571450218e+02 3.082031490590846357e-01 -1.944635029211984900e+01
2.257780475828011220e+02 3.479943539245504147e-01 -2.190399209875791087e+01
2.269628698383996550e+02 2.525019291986317360e-01 -2.186531396039539743e+01
2.255966514107707894e+02 2.622899894803418230e-01 -2.253010112925491626e+01
2.256720365265005057e+02 3.260478271651776061e-01 -2.221431934320982293e+01
2.265554112022088020e+02 2.968630105437139455e-01 -2.218348926046679637e+01
2.258338626360577166e+02 3.113546793332367391e-01 -2.244812509940569356e+01
2.265147579707837053e+02 3.330113172531128374e-01 -2.208382953231172507e+01
2.265944174114630982e+02 3.218615156911610597e-01 -2.192302630186072676e+01
2.256505585384406913e+02 3.104292808887956778e-01 -2.238086279759649955e+01
2.270899236412338951e+02 3.447128947830460088e-01 -2.117498513934444659e+01
2.271511553013393723e+02 3.069963703010491485e-01 -2.168937573157131382e+01
2.264802613715005748e+02 3.821838785364781721e-01 -2.123279085714007053e+01
2.264283641915392025e+02 3.544256011248609894e-01 -2.173948207493529594e+01
2.261496261391436065e+02 2.551012578598698677e-01 -2.255835789607659692e+01
2.267121203521423354e+02 3.090862058507917731e-01 -2.209300230528870657e+01
2.259893292423421656e+02 3.839231082398765760e-01 -2.131451810280427139e+01
2.248954233385506711e+02 3.227574771181488944e-01 -2.163898844841096647e+01
2.263838433788515943e+02 3.312547256667595086e-01 -2.209850718261321134e+01
2.255214993419172913e+02 3.470689554801093535e-01 -2.193979724191958525e+01
2.263738856840330413e+02 3.423492648152287599e-01 -2.193252971341579283e+01
2.263524748403313254e+02 2.940686727585463678e-01 -2.249873072248735895e+01
2.268981881861436705e+02 3.190902265274133676e-01 -2.148998217943348621e+01
2.253148413174799316e+02 3.580890572158643703e-01 -2.155419259115997477e+01
2.259450333632542254e+02 2.458209268401703729e-01 -2.255281019193882130e+01
2.267521594654387798e+02 2.581341748156959492e-01 -2.233714021697783636e+01
2.257307884815927252e+02 3.201613157112410679e-01 -2.227538496350285158e+01
2.267729115890232947e+02 2.365523433453468327e-01 -2.219843554537525421e+01
2.258972668565518518e+02 3.243334402524655768e-01 -2.229955324112677673e+01
2.262812504796569613e+02 2.425203426122815586e-01 -2.247736678429955859e+01
2.260962977983432722e+02 2.013462318108725779e-01 -2.169443576321815925e+01
2.260438317317101280e+02 3.683171832555122704e-01 -2.161099796268814188e+01
2.264392319489905674e+02 2.892746210098266491e-01 -2.253445700378400218e+01
2.262144279479948068e+02 2.951220158656092107e-01 -2.248220299613632989e+01
2.260048181770019937e+02 2.737126497829286964e-01 -2.266068321789464690e+01
2.253181575515863244e+02 2.892315532297263236e-01 -2.224455918457305259e+01
2.260744168269239083e+02 2.641943249454357101e-01 -2.264845491686255485e+01
2.257197139270681703e+02 2.910282286653166905e-01 -2.250379909849369042e+01
2.260830346009436767e+02 3.884032487869262806e-01 -2.122759290776665964e+01
2.258168794774103389e+02 3.119223048833111855e-01 -2.234818089597908397e+01
2.263055766780926774e+02 2.674450748313966786e-01 -2.259164028325285045e+01
2.255640784733548685e+02 3.162040017967544525e-01 -2.233458723470052476e+01
2.250053870675674261e+02 3.133562736978576790e-01 -2.168355762227436756e+01
2.280281194644640834e+02 3.603241682052612527e-01 -1.882044783011600586e+01
2.250983409100304016e+02 3.345365116107415493e-01 -2.146462196561642344e+01
2.264355110929551245e+02 3.542992214979397980e-01 -2.174226781810084574e+01
2.268543368019169009e+02 2.634332685692887255e-01 -2.186114972662174338e+01
2.259358560011380064e+02 2.234189603183635020e-01 -2.223701671849509154e+01
2.264234902475900526e+02 3.456862637761529689e-01 -2.188390021003409913e+01
2.258312326495210698e+02 3.453786669887473071e-01 -2.193845428327819391e+01
2.261762176771752877e+02 3.631429960101873466e-01 -2.170469086713873352e+01
2.257596529360949660e+02 2.712997232741587439e-01 -2.252981464300486536e+01
2.258801655941153115e+02 3.241598932514674347e-01 -2.230180587092431210e+01
2.257554201319036622e+02 3.028804256981428855e-01 -2.242992874501273448e+01
2.262431148465571198e+02 2.674131396432687380e-01 -2.258897405542001380e+01
2.259366860842425808e+02 2.127578997098849012e-01 -2.199888561967479816e+01
2.264232550002567734e+02 2.699239884441068660e-01 -2.259597334047971628e+01
2.260372290313346468e+02 3.121079074981065182e-01 -2.243734622063829320e+01
2.266761250076089027e+02 2.953809305580012423e-01 -2.221435541286533777e+01
2.261693667906396286e+02 2.547398328781128041e-01 -2.255750560888462886e+01
2.257179474012215792e+02 3.381917248380294505e-01 -2.205256451030261999e+01
2.262611435576669123e+02 2.996519028775238569e-01 -2.244974648106820325e+01
2.255484085180418958e+02 3.000601250512053841e-01 -2.247436833026651115e+01
2.256080821253537749e+02 3.201038942475841753e-01 -2.228883970207065346e+01
2.265220041860969786e+02 2.538068965228665874e-01 -2.229456047600156055e+01
2.264084467930466928e+02 3.152912705840598129e-01 -2.230469657906368397e+01
2.260105645111821673e+02 2.588885686709238021e-01 -2.263494565248702273e+01
2.261363621058883666e+02 3.208701348925296348e-01 -2.233886024177396834e+01
2.261995326057269153e+02 2.780292242904285338e-01 -2.257137959247917181e+01
2.265878079225796853e+02 2.426415134636370208e-01 -2.223647459563170514e+01
2.259742530487222325e+02 3.030493191982830403e-01 -2.252299632094691617e+01
2.261486421052142077e+02 3.470290848783613158e-01 -2.197491572823741635e+01
2.268748241695145396e+02 3.144769039151549261e-01 -2.153954850460124248e+01
2.267662070720263330e+02 3.422995658203995539e-01 -2.165865617994349179e+01
2.256564667240158997e+02 2.827668521176449068e-01 -2.253967188421889745e+01
2.269276467183222508e+02 2.804674370059536126e-01 -2.183765076421283879e+01
2.266512782071797858e+02 2.937559487233181721e-01 -2.222298739414920021e+01
2.252289744720396243e+02 3.085445023359272843e-01 -2.216358482852409750e+01
2.262959748298349894e+02 3.262637547150985529e-01 -2.215979708792080061e+01
2.262422508898244757e+02 2.915417530362033327e-01 -2.250893770792761472e+01
2.257243860693709792e+02 2.460027245428342835e-01 -2.238911700872901278e+01
2.259404159247646930e+02 3.051822911731312815e-01 -2.250537667816022847e+01
2.259547211504008146e+02 2.848829870152724264e-01 -2.263672329228116098e+01
2.264650142511777631e+02 2.819904726506041737e-01 -2.257114626108515765e+01
2.259345973425754437e+02 2.539220754489934229e-01 -2.261476940099133870e+01
2.256975756470166061e+02 2.826674541026150123e-01 -2.253420587801852193e+01
2.258580348772139530e+02 2.747010357963149407e-01 -2.266664893071257225e+01
2.257309751384366052e+02 3.131058594829246866e-01 -2.234712192048527157e+01
2.251134815162961615e+02 3.186892271041870117e-01 -2.161174372925060538e+01
2.257612909891800825e+02 3.119991657459872947e-01 -2.235399311947396939e+01
2.264545619302487864e+02 3.080670319959092907e-01 -2.238532140198960008e+01
2.260865454724112453e+02 3.149769906918349349e-01 -2.240628436199919093e+01
2.260364520739540239e+02 3.917107105255127064e-01 -2.116056623075004950e+01
2.261263918065317000e+02 2.540634099024917658e-01 -2.255289449874127783e+01
2.258313307483732046e+02 2.873176265372962557e-01 -2.263033448409378678e+01
2.266681421904781359e+02 2.623760594134185165e-01 -2.233423366753729056e+01
2.254740671258033444e+02 3.011037459209291445e-01 -2.216063270088145742e+01
2.262720290647059755e+02 3.070119096110774937e-01 -2.238318204693224445e+01
2.265338073329864983e+02 3.314723019670069992e-01 -2.178143373061636368e+01
2.257716473637516117e+02 2.861934900891608402e-01 -2.251473099833363989e+01
2.265508252869423984e+02 3.219517607422163197e-01 -2.191438258703531972e+01
