2.460745724138677701e+02 1.935730773804485438e-01 -1.398841335203259428e-01
2.932554405032277600e+02 4.907868348099397315e-01 -2.881481865050297575e+00
3.224640995257375380e+02 2.271917841626886758e-01 -3.607273585684268175e-02
2.479445947119857578e+02 7.356633732747840382e-01 -1.237486763808009205e-01
2.744612226663732599e+02 1.777289913768199947e-01 -1.015616347629791072e+01
3.014010967995421879e+02 3.337919648728080446e-01 -1.835946860918855061e-01
2.398249014709076334e+02 3.622997389858390038e-01 -2.004672059366007453e+00
2.515320404195211950e+02 2.388540706775345024e-01 -1.055612920252583381e-01
2.951743742576172735e+02 5.775926621056528543e-01 -1.240316694795946972e+00
2.812187156546987126e+02 2.474792789330909626e-02 -3.031515303035667297e-01
2.443092507798491511e+02 4.290419224741429116e-01 -1.117181776336320542e+00
2.659383903152812536e+02 4.702588980412204522e-01 -7.112868792476029212e-01
2.976223136966586367e+02 1.319449889015648081e-01 -1.613966779070320046e+00
2.505176905566640926e+02 6.289020985424649268e-01 -1.231130126474965780e-01
2.766023937624904647e+02 7.108368854238740209e-01 -1.020356043191319984e+01
2.619268824466694241e+02 3.051746859797048739e-01 -4.390424706925848408e-01
2.583055802245852419e+02 3.992856460885524372e-02 -3.535378076692610727e-01
3.368527153106013543e+02 2.950044243917884779e-01 -4.348255084452700148e-01
2.535034020478591685e+02 6.066662944567842164e-01 -2.344311208357617235e-02
3.031431692803572560e+02 4.612962479643774039e-01 -3.794429151232266428e-01
2.791578947172887410e+02 7.497081220260002343e-01 -1.062478144359566024e+01
2.345841565208508541e+02 5.916460791408941766e-01 -1.916048954497585832e+00
3.253459264735615761e+02 7.771248705614665075e-01 -5.135756939467802651e-01
3.181324205464263741e+02 6.994488226287415289e-01 -1.107551635244086036e-01
3.132097466336846878e+02 7.911034733845853650e-02 -5.487385899714870147e-02
2.905400828169789520e+02 3.266915005520580340e-01 -6.675403062846250180e+00
3.240116824158419035e+02 6.685955369243544721e-01 -3.884157159220035238e-01
2.850150871702077779e+02 3.573516948547765248e-01 -1.130369476742093759e+01
3.185781614270818523e+02 2.481018480303433249e-01 -2.653142933756299712e-02
2.882853718695358225e+02 7.644994731924980025e-01 -5.066161979565756646e+00
2.834715950987351221e+02 1.893836380748885606e-01 -1.205817037574909456e+01
2.639153339091174644e+02 7.702298781836769415e-01 -6.048887880233360104e-01
3.165052605657269851e+02 5.955177527737223198e-01 -1.322392292253068424e-01
3.325313052789615540e+02 6.226698670598245222e-01 -8.651847714029666792e-01
2.600630206669327436e+02 7.791273584392999739e-03 -8.521552409332285027e-02
3.036494986211255878e+02 4.486598809186151948e-01 -3.563166142756629684e-01
2.722079356238731407e+02 4.831173554067254017e-01 -8.519264036151199093e+00
3.156551223326852096e+02 5.012517717000044559e-01 -1.747288489233145281e-01
3.407885499172837171e+02 1.976532037740777112e-02 -2.107837747560409591e-01
2.489064218955616354e+02 5.262900314587221073e-01 -8.505332573263393869e-02
3.203468563989598579e+02 1.553369463175925669e-01 -4.065540121946796537e-02
2.687660603764070402e+02 9.109187796701823103e-02 -6.398563576317385648e-02
3.112634301692164627e+02 2.083267006840714419e-01 -5.634156919099622129e-01
2.920957202070546828e+02 2.842133127737344611e-01 -5.384408065299943758e+00
3.077611115797253092e+02 4.030301849455578678e-01 -5.728974967429569798e-01
2.575699686914448989e+02 1.010016410096864353e-01 -3.864581083291224739e-01
2.289193607752759760e+02 4.395120748556984869e-01 -7.670184436899953884e-01
3.283830878377225417e+02 5.199473259064428809e-01 -3.781799795903570960e-01
2.626865397377653721e+02 2.218047480520633497e-01 -3.860460334010796246e-01
3.054036946108429333e+02 3.929894384107125438e-01 -4.139476789832551851e-01
2.533196451412035799e+02 1.469264133915676278e-02 -6.373224070629367188e-02
2.427227942244125529e+02 7.560140517524197579e-01 -2.067901677043489705e+00
2.397031738597825097e+02 1.068308932305872538e-01 -7.589752479437437138e-01
3.305123713927360427e+02 7.238263559083468746e-01 -7.703711044190010293e-01
2.299260924814511213e+02 1.696619255276358151e-01 -5.906821504569943482e-01
2.450262628204853002e+02 6.358368268918093147e-01 -9.307343485312217224e-01
2.562543548663668957e+02 6.411060966889867707e-01 -2.733521025158950346e-01
2.473286515951052991e+02 6.857131408319014909e-01 -1.415437507523361615e-01
3.083721780792919276e+02 6.805046100667987152e-02 -9.463276448469926105e-02
3.059858886586606559e+02 3.419203136312849445e-01 -3.985128253258112818e-01
3.261745550928423540e+02 4.169674735196835513e-01 -1.783815754460213732e-01
2.978477546066975492e+02 6.950414939248387158e-01 -5.110451698261782028e-01
2.709026663891280009e+02 1.498496983397120119e-01 -2.757073814120052813e+00
2.671417427638189110e+02 2.791510139343728047e-01 -6.288970907701975088e-01
3.285988897833072997e+02 2.645016037672577869e-01 -3.776507761825509402e-01
2.822779483882852674e+02 6.725494503365783139e-01 -9.379175304029722327e+00
2.384086730094371376e+02 5.295313613764068839e-01 -2.817196802438412639e+00
3.315625535104105097e+02 4.463758820915173509e-01 -6.611276639286056689e-01
3.359018696841299629e+02 2.066727541316615846e-01 -5.690598746593887869e-01
2.340220883136537964e+02 5.605389961472447835e-01 -1.934166226048988246e+00
2.861782297719821031e+02 1.381571957706380083e-01 -9.250068798565084904e+00
3.214807019469708393e+02 3.017644855391906633e-01 -2.860419247303806062e-02
2.774975311366163169e+02 3.776766077053611004e-01 -1.376274577638983487e+01
2.869292709309282827e+02 4.159611867050551637e-01 -9.265362978136295169e+00
2.311863482261779268e+02 4.738502950464016372e-01 -1.817084993307890528e+00
2.798325626836369224e+02 7.950134889413409400e-01 -1.005346062633146076e+01
2.964887182947098836e+02 8.479868442164070763e-02 -1.955484179035758441e+00
3.342806093799108567e+02 6.504689155928398137e-01 -9.093515891404801987e-01
3.007495204198318106e+02 7.879106550912000628e-01 -5.839221128671405747e-01
2.612444444591166643e+02 3.890169185428125620e-01 -4.446625272082601055e-01
2.894509769396543106e+02 5.465561982006301722e-01 -5.530173823949263934e+00
2.357440091663815167e+02 6.602569995611329290e-01 -2.240843637311765946e+00
2.910810104709818802e+02 5.051913999845215608e-01 -4.464046907309720424e+00
3.390249905053061070e+02 6.123098194578694420e-01 -3.859387332995610209e-01
2.738501411037141793e+02 2.575584241861790802e-01 -1.082700268448180836e+01
2.411612638192700331e+02 3.714330585748195634e-01 -1.584088515466675950e+00
3.138612931283214493e+02 5.386176726880099741e-01 -2.663945977246025554e-01
3.227346335424567769e+02 7.128526008870531561e-01 -3.110545225584118723e-01
2.990312064557921303e+02 5.550919547656095743e-01 -4.139403628853474126e-01
3.340526117012157101e+02 3.505742944404132144e-01 -6.514875027367087457e-01
2.363634060518162983e+02 7.414036693052263871e-01 -2.288618729422834619e+00
3.120835416157678424e+02 5.229209520342281009e-02 -2.359593104496000501e-04
2.274946025506345393e+02 4.163124583353928349e-02 -6.773505795867122703e-02
2.753378772895101179e+02 5.902181450512982569e-02 -2.091850234695607824e+00
2.702320741992880357e+02 3.152286328899640000e-01 -3.478026556150739079e+00
2.657102838236274351e+02 2.430402654217421188e-01 -3.033800305100755601e-01
3.377551434946614108e+02 1.216965903624385448e-01 -4.472060026545708888e-01
3.096429852779259591e+02 1.120915155618681935e-01 -1.792353186885909666e-01
2.326361227125783273e+02 1.607223697140563456e-01 -1.115947689916071850e+00
2.546297851800153751e+02 5.750691169222076349e-01 -1.212691499858015998e-01
3.367937017855226713e+02 2.053334573769354798e-01 -4.524731985337155926e-01
2.939285769531029473e+02 5.624444183842965961e-01 -2.171943766782202356e+00
2.362062168315782174e+02 4.729349076326723744e-01 -2.624219448619115269e+00
2.515817368910506673e+02 7.910624022590468929e-01 -4.675243105232463475e-02
3.028665101047437247e+02 1.904357806319594837e-01 -6.817322373891887555e-02
2.853932453514970007e+02 7.109906586454591837e-01 -6.942382896031479511e+00
3.221101560648138502e+02 9.284996858867977654e-02 -2.980333578720926746e-01
3.034640129791151821e+02 6.876247299910303035e-01 -5.902113388556017304e-01
2.554466746331839886e+02 6.037826708264757425e-01 -1.985485377765826842e-01
2.924441492069048536e+02 4.868134763624221151e-01 -3.780359816692967279e+00
2.962163827192137546e+02 6.135828448735593244e-02 -1.499343010857066227e+00
2.280576870616722829e+02 1.715781757119115569e-01 -3.275843313440529592e-01
2.505861120363236694e+02 1.337532911286353488e-01 -9.857435117607030173e-02
2.488110847064570237e+02 1.124062256164368584e-01 -2.200215881696667222e-02
2.287011638847512245e+02 5.445167041259421081e-01 -8.087682310069806979e-01
2.433039476073989817e+02 5.740704424683458207e-01 -1.781527195574545974e+00
3.392469965022452243e+02 2.540254100067658172e-01 -3.808804898650971493e-01
3.382250922474461277e+02 4.325510564527899615e-01 -3.808259128961197781e-01
2.773355709410445797e+02 7.304956671397688783e-01 -1.052085268232469595e+01
3.215727235454992297e+02 5.784313445837532264e-01 -2.077756408921390407e-01
2.997065376606433915e+02 4.923919617270197668e-01 -3.531890413263053530e-01
2.831573668746658541e+02 1.242911712065405266e-01 -9.256627671065885465e+00
3.256395175610721253e+02 7.756469604499762749e-01 -5.070613290109902138e-01
3.013753583952052395e+02 4.137329123719827861e-01 -2.608634490523605298e-01
2.417218071326605582e+02 2.253072352223022268e-01 -1.066370217319869917e+00
2.877408553534631324e+02 1.525317328312803533e-01 -9.359948676874127571e+00
2.576809151898845585e+02 4.582083645230985991e-01 -4.435924643600935857e-01
2.473498487924778999e+02 5.356224853623001714e-01 -8.292304797937735672e-02
2.496549961868025775e+02 2.929367692601523437e-02 -7.614108539355106398e-02
3.231301345507868632e+02 5.408654180549304913e-02 -5.513127607790722085e-01
2.327422994532585108e+02 1.802918020145415912e-01 -1.247201692244712889e+00
2.315642301187711780e+02 6.791170574291223172e-01 -2.163390371498520537e+00
2.844123219122717501e+02 6.659496501725723494e-01 -7.920595338944805164e+00
3.063095899321089064e+02 7.532312557777567363e-01 -6.316000580180622936e-01
2.526502780200983693e+02 6.522650440812279848e-01 -5.697198007147819335e-03
3.108325146349732222e+02 3.992344836960590171e-01 -6.199329300481196681e-01
3.354596607597266029e+02 5.909284993962898858e-01 -7.239837789119005773e-01
2.304266685758305186e+02 2.821445132954147894e-01 -1.073246432699403785e+00
3.203441807015947234e+02 5.155713462846915895e-01 -1.084304933539350507e-01
2.743990982093091588e+02 2.355629242558424097e-02 -2.204737296037661554e-01
2.870449125804639721e+02 8.723688671145689300e-02 -5.698923253749616613e+00
2.919168267881607335e+02 6.967127205927874378e-01 -2.932632433009315420e+00
2.828876948914762011e+02 7.627882092644946432e-01 -8.036771029108013664e+00
3.402010383919549668e+02 2.695212931195908879e-01 -3.917403147494740723e-01
2.538866986261733985e+02 7.281772001315377218e-02 -3.306766877833473058e-03
2.703543092694466168e+02 7.805220574484968976e-01 -3.383523713738843419e+00
2.390781979108892870e+02 6.465151430070635863e-01 -2.551247678960523402e+00
2.730711013943536614e+02 1.421370364553773691e-01 -6.556820409025252872e+00
2.772608851527259048e+02 5.425394753988269647e-01 -1.240122205679594636e+01
2.890433028011871102e+02 4.465566672572637841e-01 -7.072673513300462567e+00
3.126230142781816426e+02 1.011579344232039178e-02 -4.679895421121268440e-01
3.243480834794415841e+02 2.613753507977291668e-01 -8.235400808147726182e-02
3.084250663300127258e+02 2.327413906933641918e-01 -4.419379600193153457e-01
2.368000074535787860e+02 1.016375947867009660e-01 -1.759106084260090297e+00
2.987739734161910974e+02 2.437653591913085949e-01 -4.679607167828264136e-01
2.667823935257658832e+02 3.196955156489622585e-01 -7.359632423102566712e-01
2.715368027089626253e+02 6.634145026274840262e-01 -6.032776783306771584e+00
3.159590593149688971e+02 3.759364036959185196e-01 -2.180760970617854067e-01
3.303399208328405621e+02 6.973434984877065201e-02 -7.762295494045940991e-01
2.379196576823869407e+02 4.784040970626314559e-02 -5.612626644837293011e-01
3.157410900064456882e+02 2.098194652706555363e-01 -2.217367473678132916e-01
3.173117333801332620e+02 3.463692098883999204e-01 -1.412781684505879098e-01
3.351255439001058107e+02 4.274307158761890268e-01 -6.541184066834995203e-01
2.721320872352163747e+02 7.210113756282416908e-01 -6.490179049486193286e+00
3.101556672385385696e+02 3.862486930901638527e-01 -6.365195230195614950e-01
3.280907104234057101e+02 7.934050360041754457e-01 -5.934977805893899561e-01
2.683015156082239514e+02 5.560948401959420195e-01 -1.432386130646477351e+00
2.951659812716202964e+02 3.598060300959638469e-01 -2.081721706513378845e+00
2.562430959073508916e+02 5.250631907122538244e-01 -3.141498707611111718e-01
2.454795794603255388e+02 3.055489964055231877e-01 -4.335194639971981512e-01
2.624548871193809987e+02 2.958754236430654050e-01 -3.331425963082454977e-01
2.792361929215991267e+02 5.948454832208914800e-01 -1.224457836191012383e+01
2.641463476593547171e+02 6.944414687610871439e-01 -5.779864386343873672e-01
2.647824028591036836e+02 7.492182167835258477e-01 -6.972678063096934276e-01
2.813180036904218468e+02 3.621315136724548855e-01 -1.398591011501275005e+01
2.342376318215547997e+02 4.702261755899785900e-01 -1.916657872889153902e+00
3.328030601251193730e+02 6.337047033437942511e-01 -9.142791107948172735e-01
3.284864456666196020e+02 6.219250715429170961e-01 -4.696010295382544442e-01
3.335019696066566439e+02 5.089620127093680280e-01 -7.856143984229314592e-01
2.757686999349505754e+02 5.188684319351118297e-03 -1.222035856211165283e+00
2.408321625240326114e+02 2.186577896054985315e-01 -1.118329738079860469e+00
2.429599563159213460e+02 3.255561625273856174e-01 -1.252748888404217054e+00
2.799752808339877674e+02 1.951200948535119772e-01 -1.284365107840979192e+01
3.048435806109188775e+02 3.831202763365051389e-01 -3.692127682446126880e-01
2.447824987423491621e+02 2.726951394798508566e-01 -5.026930840662788835e-01
2.670579943298546368e+02 3.416954764691629287e-01 -7.476548847946467014e-01
2.337518498918640830e+02 4.498169272982264211e-01 -1.943480567384102908e+00
3.316449307905764385e+02 6.263873884068413833e-01 -8.187661041922011940e-01
2.630505397460738664e+02 3.283623684595371461e-01 -3.019350353867352732e-01
3.116206972140363973e+02 4.991788298907154919e-01 -4.770734412711624128e-01
3.262839103504918512e+02 1.052846809206473416e-01 -3.907834582590178352e-01
2.596049078164963362e+02 4.173783254782859053e-01 -5.411054912933787042e-01
3.192990173801925948e+02 3.863414757341827876e-02 -7.697185771913021002e-01
3.072251573153988602e+02 4.018024100369061991e-01 -5.361863473185236595e-01
2.590146432418069935e+02 7.194096076376620408e-01 -4.181722889766000262e-01
2.604437161858736545e+02 1.601467628848616542e-01 -6.659318723363840675e-01
2.974063881992865390e+02 7.398402395708338908e-01 -5.485219793280345923e-01
3.000637144917564569e+02 6.130400919834726459e-01 -4.375565379936752763e-01
2.904023073824205312e+02 2.975310134759186487e-01 -7.671889531338182522e+00
3.137057982429791423e+02 1.452094936017015170e-01 -3.141301925043425425e-01
3.144322300315005805e+02 2.101096503784214420e-01 -3.416954881280500067e-01
3.167909341277483009e+02 3.818114575676279099e-01 -1.353599193267099599e-01
2.631083449687803864e+02 3.708707525624231338e-01 -3.225931198372742892e-01
2.448058012364445517e+02 2.739897773798936620e-01 -5.057934985406411510e-01
2.325343804681384086e+02 6.826934929011907460e-01 -2.237121227931977874e+00
2.841816780450985789e+02 5.391400810391316911e-01 -9.413920888213620941e+00
3.311906846813481593e+02 7.623583090648082816e-01 -8.903136049560733678e-01
3.201635360951478333e+02 6.547959723297112067e-01 -1.480960892631455472e-01
3.014705646705959339e+02 1.111791831822678657e-03 -1.799067504298856424e+00
2.832315030394290147e+02 6.200312158344876146e-01 -9.102887314474640945e+00
2.592732547387449813e+02 2.573510946932501264e-01 -5.262457157272343311e-01
2.278833002381033737e+02 1.454699891601373973e-01 -2.666902439445523743e-01
2.752334208788799401e+02 5.929604503754782874e-01 -1.058447353617115638e+01
2.795210242503237623e+02 5.127714373402754433e-02 -2.013813123933662741e+00
2.878930861269822685e+02 2.349209530306773860e-02 -3.809310075080065139e-01
2.868493047728780425e+02 4.963514989342764361e-01 -8.643483624293276435e+00
2.374169531125319281e+02 1.741652769025981706e-01 -2.559908512662456559e+00
2.774122557664110218e+02 7.230687560629606159e-01 -1.058419458959788528e+01
3.267357552694998049e+02 6.783714852970978981e-01 -4.408561422122408979e-01
2.583987608800767362e+02 9.556197228539896338e-02 -4.801806402185087586e-01
3.050362269107704947e+02 7.999457645818993656e-01 -6.654501658629118355e-01
2.334445997757490829e+02 7.525886774391533640e-01 -2.031463858889086538e+00
3.378838524011946447e+02 8.137136929308820543e-02 -4.110905024445513645e-01
2.501276796237181088e+02 4.648612419466277568e-02 -8.360807810093916215e-02
2.655705387572398308e+02 7.800147575253775223e-01 -7.278672090566048469e-01
3.086311708935489833e+02 7.144146129769627374e-01 -5.878175983520157466e-01
3.232425093698171281e+02 2.973701526647255511e-01 -5.669212067324781029e-02
3.129568374679219005e+02 6.270654724310392725e-01 -3.143847774174656773e-01
2.401744545471877927e+02 6.158058650084228258e-01 -2.224163170546981760e+00
2.712311658667624670e+02 3.850946439505479879e-01 -5.591361270163744734e+00
2.395646061970704466e+02 5.224321726761644857e-01 -2.389656606427360774e+00
3.120455622792557620e+02 7.893193457758549414e-01 -3.555407525795758472e-01
2.344030604915714662e+02 6.032968188885929894e-01 -1.914413775706814924e+00
3.093094494636697505e+02 1.788340187740915799e-01 -4.112498323903586717e-01
3.290164148661867785e+02 3.339197465069394521e-01 -3.904181142976385632e-01
3.296074276663558180e+02 7.024361988544868263e-01 -6.787134908231124975e-01
3.222320502127198552e+02 7.504875614777368753e-01 -3.427511862753319649e-01
2.488163827058253901e+02 4.009178163976873654e-01 -4.076050711660608034e-02
2.675974522519859988e+02 4.087522716157980240e-01 -9.247888333518419213e-01
2.746253597913886324e+02 3.098111784927299883e-01 -1.239737257208112631e+01
2.417062993995739362e+02 1.341092473615366765e-01 -6.134805855584185563e-01
3.282733390154716062e+02 7.302053015692058224e-01 -5.291487933079964678e-01
2.887846078422022060e+02 5.560476128564784126e-01 -6.444824415551507535e+00
2.944332763501002432e+02 5.697528448252110467e-01 -1.827817282350602923e+00
2.990039598381119959e+02 5.480634428051617268e-01 -4.108653923928482499e-01
3.153760119083920017e+02 2.312383088239171602e-01 -2.978737176937685249e-01
2.469968632865262634e+02 1.630535074017059882e-01 -6.452385527346825300e-02
2.926766514527210461e+02 2.387258607905592411e-01 -5.190185071062137112e+00
3.359649872955143337e+02 5.794118410200648217e-01 -7.258734692577215597e-01
2.903427596735197653e+02 3.774067788598813034e-02 -1.568930130521208888e+00
3.325124326842253595e+02 1.884946974516014673e-01 -8.126336045966395805e-01
3.035060994466293778e+02 4.518609625224139226e-01 -3.625122138548151907e-01
2.798919908842750601e+02 6.699768288182224030e-01 -1.129777903552916918e+01
2.852871382387438643e+02 2.498987252267776682e-01 -1.209183057920199111e+01
2.965451470646270309e+02 3.986299247984220195e-01 -1.297141006456457024e+00
2.538493472897219476e+02 4.475733060031208410e-01 -7.440762336545664324e-02
2.727232800951667286e+02 4.187601084434552923e-01 -9.600643687488451761e+00
3.330877866223822252e+02 1.002451639515135329e-01 -8.187971372250297808e-01
2.659333333211551462e+02 1.528080472549237789e-01 -1.150964656920985957e-01
2.290102781391564974e+02 1.981056536116497790e-01 -3.964445207639540891e-01
2.766917927787852705e+02 4.357110602222388218e-01 -1.287920654696143785e+01
2.497507366581947963e+02 6.997392535644884892e-02 -6.919881929222637673e-02
2.614086868185632966e+02 2.865049712863043663e-01 -5.010947118884291340e-01
3.193031080445797443e+02 3.175777971006898959e-01 -3.777792729618339312e-02
2.691538521833127220e+02 7.401347885213609423e-01 -2.236607547112197114e+00
3.113079929050827559e+02 7.750271375312567379e-01 -4.007893087285653855e-01
2.814913248299720294e+02 1.055815433088338057e-01 -7.935627282657956805e+00
3.408538650275639839e+02 2.435099318553577141e-01 -4.180455902416650993e-01
2.637344777086119620e+02 3.507454239976252053e-01 -3.062413344737257015e-01
2.966469271335386679e+02 5.784420412131287270e-02 -1.224144190037282698e+00
3.068636866543311612e+02 3.249595883569498245e-01 -4.193342189024232836e-01
3.365224021479929206e+02 3.125849512397448071e-02 -2.546377184028004725e-01
2.440717019412135187e+02 3.559845778038512876e-01 -9.659666832099516043e-01
2.716192820061364159e+02 3.436024015077587257e-01 -6.547569658275399718e+00
3.002292633864135496e+02 4.928562343653083433e-01 -3.375721749041161734e-01
2.423206002552687437e+02 4.566614261598464508e-01 -1.709202280464310331e+00
2.825629397043630888e+02 8.807814324795304115e-03 -5.186269047156284451e-01
3.388263945585295005e+02 7.109453794180968789e-01 -3.995779544221136903e-01
3.349429809702509147e+02 5.042386384535449961e-01 -7.149034173094284128e-01
2.603905296074079274e+02 2.716199099730990940e-01 -5.685710967101921254e-01
3.181351170623160556e+02 4.818895765780358831e-01 -9.834568474119168013e-02
3.245726766453594223e+02 5.331245301929325997e-01 -2.534907237023944493e-01
2.986685253339234123e+02 7.323898261098171769e-02 -8.947459801695669679e-01
2.298123730044192712e+02 6.585865149560181653e-01 -1.108760119930219279e+00
2.314067388012381343e+02 4.284002261701023717e-01 -1.952459032786274973e+00
2.694105948932716501e+02 6.953969604830896323e-01 -2.224485468833190982e+00
2.939932413632854491e+02 2.880612094270415535e-01 -3.941356636720399376e+00
3.208570688963213797e+02 6.383443168470271933e-01 -1.685335498512833818e-01
2.569873607916366041e+02 1.174955197104407267e-01 -3.252156990363972433e-01
2.512517771524101988e+02 2.198553230217128174e-01 -1.012154484154961787e-01
3.255550073250764171e+02 5.186449785961549930e-01 -2.592147486852015015e-01
2.381521878662646259e+02 5.667877539637210527e-01 -2.872109950567142800e+00
2.524458722029793876e+02 4.643650139968963919e-01 -3.126315950780206299e-02
2.456497435144780184e+02 1.229965433402604447e-01 -9.335510142123475130e-02
3.061550692540005230e+02 3.663987930444798646e-01 -4.226639205316888304e-01
2.551450175091231074e+02 2.064945437518439231e-01 -1.190324214701654199e-01
2.361080047351081532e+02 4.752418313169550768e-01 -2.624378892997538237e+00
2.565499474216454132e+02 5.902287995643268337e-01 -2.860787144232772583e-01
2.911189548941439398e+02 6.436113348154399727e-01 -3.530690525151880532e+00
3.031863452154835841e+02 1.420208269562825143e-01 -4.865577434488129599e-02
2.566214824579593028e+02 6.088907095860625063e-01 -3.289731669605499564e-01
3.333610516253568221e+02 6.672878910483962533e-01 -9.474910320353985282e-01
2.711062027871191731e+02 4.050177544982608291e-02 -1.268844207254912759e-03
2.888396324898924377e+02 2.505161419707733761e-01 -9.703088587958568212e+00
2.327530534825050950e+02 1.924606914753700659e-01 -1.325164963452610811e+00
3.262671817045535363e+02 7.704299115728838361e-03 -5.778145731727064582e-01
3.218973693862901655e+02 5.317166304444427283e-01 -1.750867555856543412e-01
3.129679929912570628e+02 5.586887487532729013e-01 -3.486364992939375851e-01
2.545541666201974067e+02 6.740459648896228728e-01 -6.160942710918284465e-02
2.455041533725885472e+02 6.530006240353305458e-01 -7.398490153512927714e-01
3.280005149675041025e+02 1.396863150873915715e-01 -5.167040283687746038e-01
2.642622724142084394e+02 2.242388094856677394e-01 -1.797442051498983617e-01
2.721188873492470748e+02 4.218456269884911514e-01 -7.648850142462019441e+00
2.511169055719676351e+02 6.064368226199484679e-02 -1.096444701745945272e-01
2.676882194489430162e+02 6.611222679695343274e-01 -8.926365851970620158e-01
2.333262251785663750e+02 7.411363204413146111e-01 -2.035815813171640176e+00
3.255245944532782687e+02 1.379429556719048711e-02 -5.181327077994635211e-01
2.778694875968905080e+02 6.379877907785972413e-01 -1.161610786714430965e+01
2.378128637290055565e+02 3.448244425507133171e-01 -2.976120034764725197e+00
3.162915821844139259e+02 4.316862003280702575e-01 -1.616907578661730127e-01
2.431916138142858301e+02 5.125216489747351778e-01 -1.684189277064297885e+00
2.299165640604000203e+02 7.604182825717009653e-01 -1.291164465224366342e+00
2.847413040021352231e+02 1.739880413045194751e-01 -1.119009914022128704e+01
2.283598820338959854e+02 4.009340446723053120e-01 -6.918523874208861724e-01
2.751175500001522209e+02 2.478873450556048352e-01 -1.234021147139323737e+01
2.899403537277769942e+02 6.441497634493330571e-01 -4.855761935992513934e+00
3.001409395009627588e+02 4.513481509980952211e-01 -3.052610735304062684e-01
2.976072663785677719e+02 2.349015794220902023e-02 -4.705274597072470755e-01
3.322877738718498790e+02 7.065695322154019742e-01 -9.628811888275204955e-01
2.650530186371001378e+02 3.633042855066153098e-01 -4.949251186083792886e-01
3.147229444319723370e+02 3.013848087948155507e-01 -3.564586199140153955e-01
2.397718603647778366e+02 2.817170723111525610e-01 -1.789624113405131389e+00
3.378477393299057212e+02 5.234038520989950927e-01 -4.604694387386735199e-01
3.074925607802043146e+02 6.965110530269588152e-01 -6.109891323753896542e-01
2.813032530213039308e+02 3.977297501330713803e-01 -1.363199334544127161e+01
2.791589708139362074e+02 4.567951614324061160e-01 -1.373831661896970147e+01
3.080341101319288555e+02 3.827061622495026016e-02 -1.410067663011251582e-01
2.542497293817989998e+02 2.062383458581273643e-01 -7.659777697100274285e-02
2.392071317516248712e+02 4.083186420928711091e-01 -2.485641530444183012e+00
2.607229062981695620e+02 4.677065518558544688e-01 -4.818333869408537584e-01
2.697703083649535074e+02 3.579558760590055844e-01 -2.882083646347114225e+00
2.588519554835647227e+02 1.204209619339205450e-01 -5.006837495497162838e-01
2.918436468777943560e+02 2.941560698874042257e-01 -5.921899419942444176e+00
3.215549197804546679e+02 5.857716674843091997e-01 -1.748271305439350332e-01
2.859850629819891878e+02 3.257497671015500695e-01 -1.108282843249146055e+01
2.835814200467217461e+02 3.749559784691193776e-01 -1.199843893092110214e+01
2.688247707340960346e+02 1.780754811219820433e-01 -8.236227988846592796e-01
2.631407507751036405e+02 4.903910200721439683e-01 -3.862765906048276077e-01
2.294632085506888757e+02 4.404432296566828109e-01 -8.471126826643736729e-01
2.597198105639602659e+02 1.297045792073998338e-01 -6.027376976932653507e-01
3.199647995294668590e+02 1.561254583186656442e-01 -2.957503689226999299e-02
2.962124115915207199e+02 5.924074583894548551e-01 -8.297969820292792065e-01
2.944180085151328967e+02 1.888667685696064913e-01 -3.960060963156738723e+00
2.669082569709639756e+02 3.012516275487528081e-02 -3.363510921230348227e-01
3.298980165304856769e+02 7.887476635360179955e-01 -7.591360919265119911e-01
2.529314290598147181e+02 1.067291075583159943e-01 -4.637398683087903817e-02
3.403572115111882681e+02 6.201133361135076072e-01 -3.686546120628136358e-01
2.875524706854345709e+02 2.100255462858710842e-01 -1.043983282258410483e+01
2.978076377805053880e+02 7.310955497329705288e-01 -5.140302458481058601e-01
2.619950250268818763e+02 3.370569430132689392e-01 -4.231810599407914153e-01
2.827118134695112985e+02 5.065388379194697421e-01 -1.098578341494242494e+01
3.023286969573671286e+02 6.828240063185064823e-01 -5.613768053321703810e-01
3.293386127717962495e+02 2.781074592495775266e-01 -4.302671602492020297e-01
3.389568444395643496e+02 5.025578677421363993e-01 -3.678766139449857198e-01
2.728506295964043602e+02 6.017845018167848892e-01 -8.502858116775620090e+00
3.235911535494246323e+02 7.580409412304962569e-01 -4.266908578994613732e-01
3.191355098134980608e+02 5.401979274286422550e-01 -1.004909408160580137e-01
2.940575028110490621e+02 2.213129703078346167e-01 -3.759264443301590930e+00
2.310099957062237479e+02 4.828913153840180827e-01 -1.836432197196058880e+00
2.475331384392479777e+02 8.291624154355770049e-02 -4.193854240970686098e-02
3.149159572028556795e+02 1.162839134921615225e-01 -1.609087823733243994e-01
3.175288455801045302e+02 5.487951034070176481e-01 -1.095694931737694056e-01
2.868915794402867618e+02 9.070228021959329812e-02 -5.984367384528811229e+00
2.988810750742000550e+02 7.198244722168771759e-01 -4.932961983296470510e-01
2.449464389616427979e+02 3.304251830410963597e-01 -6.081215267296580240e-01
2.478012978637285642e+02 7.566314338882976220e-02 -4.512284392199819583e-02
2.745402185484215920e+02 5.669562946114951041e-01 -1.060088461807818838e+01
2.764196723501594306e+02 1.492384885228927593e-01 -9.606269159549807313e+00
3.048004284098747689e+02 5.746798361325493598e-01 -5.390854654300836213e-01
2.347001909126573764e+02 2.716270169942882617e-01 -1.818162892614740844e+00
2.418881263018525942e+02 7.821773347910156993e-01 -2.218439761901597862e+00
2.363296750221424816e+02 6.265948084300801968e-01 -2.428851663665271055e+00
3.117661769676295762e+02 3.184536532351605609e-01 -6.069359070490907282e-01
3.244964295579369491e+02 3.787648930769026423e-01 -1.192883163225049031e-01
2.521887978811980702e+02 4.328533940484755593e-01 -3.648714143917237973e-02
2.796312994077541134e+02 5.563498087039295270e-02 -2.416250767282081657e+00
2.492503855538961375e+02 6.893122629145628233e-01 -1.393576216187301930e-01
3.040881260256082896e+02 2.375600467556732154e-01 -1.294550100813024462e-01
3.368281456642364446e+02 2.571120100796703833e-01 -4.376946821302410418e-01
3.060217390092809637e+02 7.185135861177187333e-02 -9.137532947588304644e-02
2.921474567663074708e+02 7.941591483588092970e-01 -2.177889613725042306e+00
2.364830456469880744e+02 7.703142804552156608e-01 -2.400206265539793549e+00
2.577156416769798284e+02 3.859698936894975785e-01 -4.413568730983511434e-01
2.424690598733384661e+02 7.513485522203537936e-01 -2.146848902454273400e+00
3.094555170173448460e+02 7.269221466266474474e-01 -5.300971758844578163e-01
3.314974856050322956e+02 9.867454947644799246e-02 -8.653254427467711452e-01
3.021232693102140274e+02 5.772785683856830330e-01 -4.651600754414619843e-01
3.357728581892470174e+02 3.054054336240750733e-01 -5.464362173129937439e-01
3.107829430745690615e+02 1.605898967147219580e-01 -4.116826468383312232e-01
3.348401039864389759e+02 4.743769892283546952e-01 -6.871460138857622413e-01
2.789121038515200439e+02 3.772585391998291016e-01 -1.431337382092479693e+01
2.802043668907470533e+02 3.668427228927612638e-01 -1.435396611653048815e+01
2.782381973646262168e+02 3.303922653198242410e-01 -1.430182729721703261e+01
2.772158365274464700e+02 3.753211259841919278e-01 -1.352180995655181306e+01
2.798292275320445697e+02 3.374103069305420255e-01 -1.457090231564547977e+01
2.792036651664300848e+02 4.280060291290283536e-01 -1.400934196644256602e+01
2.787388268663052600e+02 3.022092342376709317e-01 -1.440179688839151417e+01
2.778994066188441252e+02 3.452037572860717773e-01 -1.408823295005973009e+01
2.786350365929592954e+02 4.310794353485107866e-01 -1.381027255004286936e+01
2.791095820897029967e+02 3.357565641403198464e-01 -1.442927956441191206e+01
2.766447176315199385e+02 3.524860620498657671e-01 -1.340920615478086830e+01
2.791527857746444852e+02 3.690731287002563810e-01 -1.443451290365277551e+01
2.783204457308744963e+02 4.312448024749755970e-01 -1.382875801043454445e+01
2.819017554579261855e+02 3.620740890502929799e-01 -1.368824927366225452e+01
2.778079475535149072e+02 4.080708503723144975e-01 -1.382313107840904287e+01
2.788022232699823917e+02 3.214302539825439897e-01 -1.444704837485644511e+01
2.792730483399773220e+02 4.135831356048584317e-01 -1.413219653418570587e+01
2.807347478348108893e+02 2.578440904617309570e-01 -1.430995633662210054e+01
2.797555596019133759e+02 2.383213520050048995e-01 -1.398778404638359341e+01
2.797403928350241245e+02 2.831260919570923185e-01 -1.450561476320478604e+01
2.825477007387166850e+02 2.654235124588013028e-01 -1.351874972099502514e+01
2.756034737771160508e+02 3.072661161422729492e-01 -1.304297021224668462e+01
2.795773069017104717e+02 4.129558563232422208e-01 -1.413644143557293731e+01
2.813803193967779634e+02 2.899445533752441628e-01 -1.434035728983234392e+01
2.798399491572729971e+02 2.592760324478149414e-01 -1.429211875817374633e+01
2.786116908105391303e+02 2.505449771881103627e-01 -1.367939599876732082e+01
2.794837805815797083e+02 2.601621866226196400e-01 -1.418201250986787620e+01
2.802211938795168180e+02 3.562812805175781250e-01 -1.442255571643077161e+01
2.778010007899498532e+02 3.242533206939697266e-01 -1.410279126629571067e+01
2.775032262290470726e+02 3.947813749313354714e-01 -1.367106072149417884e+01
2.775383483558054536e+02 3.341150045394897794e-01 -1.387404871205024293e+01
2.824209825878815536e+02 2.478819370269775557e-01 -1.376683564884199917e+01
2.802720992157298951e+02 2.725363254547119030e-01 -1.445921097669647004e+01
2.768506365143202856e+02 3.396519660949707253e-01 -1.368813359029718413e+01
2.797268220132488636e+02 3.345598459243774858e-01 -1.457828805336661837e+01
2.810268307082457682e+02 3.370704650878906250e-01 -1.440216052115025391e+01
2.789695558609120667e+02 3.656045675277710405e-01 -1.436376676178741718e+01
2.807968638637061645e+02 3.820692777633667436e-01 -1.406007009327998070e+01
2.783695917636781019e+02 3.291040658950805664e-01 -1.428985944999096169e+01
2.793761013672383342e+02 2.709043264389038308e-01 -1.431119180984324224e+01
2.807638108942812778e+02 4.181324958801269642e-01 -1.369613111385898208e+01
2.806881815912185516e+02 3.876394987106323575e-01 -1.399892808823988766e+01
2.785274483226857001e+02 4.033437728881836271e-01 -1.401919607355708308e+01
2.806852674963263894e+02 3.791729688644409624e-01 -1.407620801254561904e+01
2.786373256410502677e+02 3.202059268951416016e-01 -1.425529555758289213e+01
2.770744316485885861e+02 3.426089286804199219e-01 -1.365185991884244032e+01
2.779517341704363389e+02 3.544712781906128041e-01 -1.406458919949969300e+01
2.815207721911688168e+02 3.740967035293579213e-01 -1.389903131382362389e+01
2.821252639900369559e+02 3.226711988449096902e-01 -1.365136348338073446e+01
2.808797011177009608e+02 2.456847906112671065e-01 -1.417809128773728133e+01
2.802772487142011073e+02 3.599860918142707145e-01 -1.440247114569268483e+01
2.791272113297486612e+02 3.099834595545696292e-01 -1.454902300385725589e+01
2.809072214127101006e+02 3.294263719328883178e-01 -1.443033879503641437e+01
2.788120305201467204e+02 3.326773476530839324e-01 -1.444992033160860245e+01
2.783696419803878257e+02 3.706800222396851030e-01 -1.420678054086700470e+01
2.816144720573154814e+02 3.366717102685095053e-01 -1.387465857872547303e+01
2.778446193617742210e+02 4.288098979807832833e-01 -1.366978241008654926e+01
2.815538317033841622e+02 2.860220277753587892e-01 -1.409732430283684046e+01
2.783230864287774011e+02 3.263194935415667519e-01 -1.429222446088188292e+01
2.817723952115400152e+02 2.769319023243234645e-01 -1.411326407330984445e+01
2.788438540822152163e+02 3.900275458774188353e-01 -1.424508802891069514e+01
2.784786631144294233e+02 3.719825785846657129e-01 -1.419296246332182143e+01
2.799798805605910843e+02 3.702519600281291567e-01 -1.442532451731943333e+01
2.812727379601253688e+02 3.635646688239219659e-01 -1.396839936207911315e+01
2.785189143364627853e+02 3.474412202835083230e-01 -1.426424631035802904e+01
2.806933346288406028e+02 2.537355390257558518e-01 -1.426995024238822829e+01
2.798397236177505647e+02 3.938737853347745732e-01 -1.425904066124072678e+01
2.800256018370193942e+02 3.618262311663202335e-01 -1.447316197774228108e+01
2.790955370750320981e+02 3.347831933980384700e-01 -1.443084160042901054e+01
2.789827158596850154e+02 3.465850295316065810e-01 -1.442180478234081420e+01
2.781996279077232543e+02 2.890962157721522208e-01 -1.416521767348041472e+01
2.767718953068130645e+02 3.378773639339419099e-01 -1.370151110253009819e+01
2.801645679704444660e+02 3.320344546970264710e-01 -1.453465407727375158e+01
2.796013672632056455e+02 3.188271675378327452e-01 -1.460153576816099807e+01
2.806878353086627271e+02 2.838640689849853405e-01 -1.446252297905352435e+01
2.786265027073816327e+02 2.867803899188396399e-01 -1.410415859490404600e+01
2.801987360686814554e+02 3.370040874865555258e-01 -1.451763029975839636e+01
2.810042377317398632e+02 3.843373188527250961e-01 -1.405753447075365870e+01
2.790489683706803135e+02 3.642616748809814897e-01 -1.436491604703071623e+01
2.801022501014972477e+02 3.259320980697779646e-01 -1.455102995719863657e+01
2.803116319470490794e+02 3.871481848657331026e-01 -1.420499034484413237e+01
2.797243142039534405e+02 3.221866895421758858e-01 -1.459868624346218624e+01
2.785405054009879109e+02 3.206884799433853406e-01 -1.426528891748605687e+01
2.789527945344523232e+02 3.703586250278019243e-01 -1.434437552046333764e+01
2.794101512381411112e+02 2.999511943749285647e-01 -1.450622569970060916e+01
2.794614552705892834e+02 3.101907420446043395e-01 -1.453468664452336334e+01
2.803501588321483382e+02 3.134461099934012229e-01 -1.457783885831828741e+01
2.810318412721912296e+02 2.967839594462040043e-01 -1.431406469554491068e+01
2.793336056036984587e+02 4.177373187304891933e-01 -1.409797371162990309e+01
2.830578679332037950e+02 3.059415027304879242e-01 -1.305885056567984392e+01
2.795873635121258758e+02 3.255824702962255568e-01 -1.454479976418669551e+01
2.802728421592859718e+02 3.927792449248863615e-01 -1.415490963921082468e+01
2.818540790802703100e+02 3.383905172348022905e-01 -1.389074214312371858e+01
2.772217948884831458e+02 3.430218660594047120e-01 -1.363007347140583470e+01
2.782705454945662495e+02 3.981361085250859078e-01 -1.407011225341142513e+01
2.786186884088555189e+02 2.952834517408717274e-01 -1.416261781042458701e+01
2.794641262224812408e+02 3.912021640582425963e-01 -1.429836467212783901e+01
2.778091587418375070e+02 3.648868755606105019e-01 -1.404820304062430658e+01
2.783068167536424085e+02 3.637557738377682481e-01 -1.423807361525784643e+01
2.778075134770986097e+02 4.770547505618352169e-01 -1.325606628561664024e+01
2.800938959184892951e+02 3.328915070085981531e-01 -1.452940335461586763e+01
2.802596412974550617e+02 2.625344557043371996e-01 -1.437701293174809969e+01
2.813276928340278005e+02 3.305331676815918551e-01 -1.421817254800351726e+01
2.798282821994269511e+02 2.927825696310028536e-01 -1.455194189555971107e+01
2.794449229745887919e+02 4.059004726057067192e-01 -1.419246689597909672e+01
2.797333410115865604e+02 3.226444825790952819e-01 -1.459824247198221592e+01
2.783716947842463014e+02 2.660748281587355102e-01 -1.392828048988143586e+01
2.788862354379731983e+02 2.765145969871811715e-01 -1.421855575402146243e+01
2.795487863425227602e+02 3.258984390624800054e-01 -1.454631633174743754e+01
2.790713192539031979e+02 3.694352773447322491e-01 -1.434242507152280410e+01
2.789494109536555015e+02 3.357079162780886028e-01 -1.443951369596583412e+01
2.808008075005279807e+02 3.343270216944050910e-01 -1.440165751853371745e+01
2.812324471834281781e+02 3.915069847145337123e-01 -1.369016411991259297e+01
2.780291704623617193e+02 3.883411417805857635e-01 -1.392146361525895593e+01
2.794274235196265295e+02 3.175628556534527136e-01 -1.454783964102697880e+01
2.793773648987117895e+02 3.412529456656773763e-01 -1.453380192171440477e+01
2.798558010616768001e+02 3.079019812777503140e-01 -1.459297986463451480e+01
2.801222965693889932e+02 3.791805356469021282e-01 -1.425856962495731040e+01
2.804336636761143495e+02 3.609822520243259336e-01 -1.440317330158379860e+01
2.792867626859420511e+02 3.487222728361505375e-01 -1.451646647863648987e+01
2.809232643855398237e+02 2.979247381170563869e-01 -1.449429053474158557e+01
2.795366289110002640e+02 2.946361697454302764e-01 -1.447591312460307833e+01
2.775563283157860610e+02 3.566170313572852857e-01 -1.383534956311956599e+01
2.821403908106123026e+02 3.138956083015273513e-01 -1.371247896769728136e+01
2.800959745992169587e+02 3.806198675241009299e-01 -1.424567590335026246e+01
2.800419790225044494e+02 3.032522429314831736e-01 -1.458049884826130516e+01
2.802650763638869762e+02 2.929365560273688440e-01 -1.455727327401447546e+01
2.791736537812183769e+02 3.343039468763545630e-01 -1.455267864473669448e+01
2.788822796982528871e+02 2.817231285543911889e-01 -1.426475677525257879e+01
2.797195818134117076e+02 2.932148254382644370e-01 -1.455640531609725485e+01
2.805135554086398884e+02 3.082366836260614917e-01 -1.458151882682008349e+01
2.792601930062292013e+02 2.969529096612834596e-01 -1.450147417818487128e+01
2.788955823218277601e+02 3.016834949626321372e-01 -1.438782351506828583e+01
2.783743204945884600e+02 3.221621362606603145e-01 -1.428295107958035537e+01
2.803489873809989490e+02 3.612699719893819328e-01 -1.439762608226218710e+01
2.792942278935091167e+02 3.531693344690958192e-01 -1.450146125920129947e+01
2.799070119080045060e+02 4.182770902568399563e-01 -1.405484916692719111e+01
2.807389564404570024e+02 3.464298163788248619e-01 -1.433049494332844986e+01
2.789991446834289377e+02 3.720618563766769915e-01 -1.433433142124851223e+01
2.812325617548100922e+02 2.864533898010327984e-01 -1.432880417857401412e+01
2.817902978007916772e+02 3.446052532967484039e-01 -1.383268126283884492e+01
2.814598910864996810e+02 2.727947341894690347e-01 -1.430854018544994055e+01
2.795118618520708651e+02 3.111120307656722872e-01 -1.453427902397614346e+01
2.783804741655002886e+02 3.201043220196009287e-01 -1.427914462321163747e+01
2.803852855106013635e+02 3.136111830639091713e-01 -1.457833898100277636e+01
2.801952990902661895e+02 3.365705294410596959e-01 -1.451920996738650160e+01
2.793306910455290222e+02 3.381196297797175454e-01 -1.454158108777101965e+01
2.813140205204982749e+02 2.984500330193111117e-01 -1.433235805704006260e+01
2.799642465255835759e+02 3.646362057101484311e-01 -1.445743510768601148e+01
2.788530127752478620e+02 3.977412686625984573e-01 -1.419585102346366057e+01
2.785470236396716928e+02 3.269414916172456720e-01 -1.427247141425670307e+01
2.794886622724918652e+02 3.654463286621243978e-01 -1.444632730288404154e+01
2.793897931242689765e+02 3.072583785237218978e-01 -1.453101336705605107e+01
2.794938707066173151e+02 3.352347555853087413e-01 -1.454095462044699794e+01
2.783191376264609858e+02 3.292464453601231522e-01 -1.429438289100549930e+01
2.798582255486506938e+02 3.491953782417893670e-01 -1.453073663500145685e+01
2.785300924897927075e+02 3.174690518712867671e-01 -1.426005143340810299e+01
2.781027587530578558e+02 3.304338265397062102e-01 -1.407415557456897837e+01
2.808090563842436040e+02 3.192025511836971141e-01 -1.446143397499528405e+01
2.816269990888457642e+02 3.026841922462550905e-01 -1.407031635678274561e+01
2.800002933782853347e+02 3.230655254467782456e-01 -1.459565803200499268e+01
2.807465128835255541e+02 3.625019277091073855e-01 -1.421953033192984073e+01
2.794585243174174707e+02 3.182533932665055909e-01 -1.454718190002174083e+01
2.790313154118108514e+02 2.962448673759909279e-01 -1.435081946987972223e+01
2.801458836225224900e+02 3.410427113849968661e-01 -1.449884037573829332e+01
2.786617916663547021e+02 2.724482884083374579e-01 -1.419829177840637691e+01
2.790910469613162377e+02 2.983672495982986894e-01 -1.435705767734091509e+01
2.802867349725590884e+02 2.902367467674319967e-01 -1.454927445498460692e+01
2.802974638290760936e+02 3.567278011679277938e-01 -1.442324203724658283e+01
2.791464932968833068e+02 3.154457379686900764e-01 -1.455698771861390561e+01
2.801227378304788544e+02 3.311416977698436459e-01 -1.453628200212822463e+01
2.799241083588987635e+02 3.143373476123727528e-01 -1.459804290668506255e+01
2.780787220222346150e+02 3.558403748302094161e-01 -1.404778638774166311e+01
2.797599658919808121e+02 2.784592073445926741e-01 -1.447452662995098116e+01
2.786421822784450910e+02 3.131685561204169410e-01 -1.444381045138217878e+01
2.796878556247460210e+02 3.317232528704916472e-01 -1.458477255349414925e+01
2.781870092872510440e+02 3.114493089926463343e-01 -1.427658579145193052e+01
2.796156972012121287e+02 3.573028803671378650e-01 -1.449163975318286113e+01
2.800579584319808077e+02 3.412368769986287020e-01 -1.455962314331982732e+01
2.803022941233462006e+02 2.803323575637602372e-01 -1.450700238936047803e+01
2.795482504932809320e+02 3.168730273199464875e-01 -1.454185641092186643e+01
2.805308902403375555e+02 3.443873126165326592e-01 -1.449734528873237061e+01
2.793315871668280010e+02 3.490329832023730816e-01 -1.451435558777627222e+01
2.799555091702392247e+02 3.363836972245921042e-01 -1.457348048806853669e+01
2.804723863999356581e+02 2.986847718130626328e-01 -1.457152220668826459e+01
2.786669386511290440e+02 3.569487615250919732e-01 -1.441101888154811306e+01
2.801747156966527541e+02 2.649887797002556389e-01 -1.440074431763641805e+01
2.797747795256901213e+02 3.313985834108135742e-01 -1.458531334075153651e+01
2.798710083162271189e+02 2.893806140285291040e-01 -1.453556844064095266e+01
2.803254428166006278e+02 2.952102183386046685e-01 -1.456338981210740080e+01
2.791239007935135419e+02 3.808526678687870204e-01 -1.428460663579441459e+01
2.805705777682171060e+02 3.174090026953074739e-01 -1.445351972715247157e+01
2.783388304743367030e+02 3.595112829066127724e-01 -1.424958367252221692e+01
2.804666376761222182e+02 3.135389947121005605e-01 -1.457974373358782927e+01
2.808255850723532490e+02 3.139708266310230478e-01 -1.447567605390766587e+01
2.787418697226752897e+02 3.083999488877755546e-01 -1.442405577423985008e+01
2.791473047169416759e+02 2.946489241535336645e-01 -1.449669279183714288e+01
2.799983614532103502e+02 3.208853894733801337e-01 -1.459704113055791730e+01
2.794811972593589644e+02 3.098489462944438166e-01 -1.453300825824464049e+01
2.795115407916969730e+02 3.856745124656744683e-01 -1.433391189680480160e+01
2.803476135024803853e+02 3.124474214198896260e-01 -1.457841557809366861e+01
2.795767131279446858e+02 3.554532440809544114e-01 -1.448608742118271842e+01
2.787489464799359098e+02 3.208151088737249967e-01 -1.444986538049346692e+01
2.800923331837032038e+02 3.058935820807142658e-01 -1.457483802308521881e+01
2.796654084702427667e+02 3.508464072511313647e-01 -1.452234037736717021e+01
2.805253913345664500e+02 3.383145156782871865e-01 -1.452296996592872880e+01
2.801044263403474019e+02 3.231124907674641777e-01 -1.455794870613001457e+01
2.803924211429374509e+02 3.246858151456710195e-01 -1.456180858720700400e+01
2.796192509736430338e+02 3.322037807150545752e-01 -1.458374043407451381e+01
2.782806258469613567e+02 3.040586524229046406e-01 -1.424102886693786729e+01
2.802663350804619427e+02 3.279129314138714557e-01 -1.455036275575137772e+01
2.798822360679832855e+02 3.247210753992320065e-01 -1.459517538794666969e+01
2.803555241394673772e+02 3.283152919232486533e-01 -1.455168169117157007e+01
2.795869966580225423e+02 3.054099863440541407e-01 -1.451612359457517343e+01
2.796669336361263163e+02 3.094268020609350356e-01 -1.459775741999478704e+01
2.796236749109795596e+02 3.367217202955226085e-01 -1.457248707189593873e+01
2.798451840632311587e+02 3.332877903852322077e-01 -1.458113636003717239e+01
2.792823831808984210e+02 3.072253460772633726e-01 -1.453590094537852195e+01
2.790675788239931876e+02 3.729456438633789173e-01 -1.432679622591530411e+01
2.804084762570353178e+02 3.012375050294040513e-01 -1.457504964079725696e+01
2.804009568037629947e+02 3.184978600515848690e-01 -1.457345381183419519e+01
2.795960747926177419e+02 3.071607632188604886e-01 -1.459586965043638429e+01
2.801055964478151168e+02 3.465117360881524444e-01 -1.447136041625162406e+01
2.785282037338618579e+02 2.930613149201879430e-01 -1.415828432891132316e+01
2.805574721385987687e+02 3.216684809087304586e-01 -1.443941892910247660e+01
2.803943789794808481e+02 2.831909541589149315e-01 -1.452103575265118884e+01
2.797209209433242449e+02 2.956235264604815671e-01 -1.456539616598625209e+01
2.796287489016465315e+02 3.216520940166041065e-01 -1.459969069059129509e+01
2.792698552204042244e+02 2.897350404102423393e-01 -1.446444071956758570e+01
2.796087665594025111e+02 3.092382376410405809e-01 -1.459829836120502300e+01
2.795409958677687996e+02 3.532197704258410176e-01 -1.449503123784243108e+01
2.794077250809776274e+02 2.950885000403040692e-01 -1.448520198579420537e+01
2.788897724365849626e+02 3.217847791932697543e-01 -1.444159031234849166e+01
2.791684917531133010e+02 3.170841020798713661e-01 -1.455786351321739325e+01
2.792843626965441786e+02 3.276115005180609829e-01 -1.455567200965151464e+01
2.796992715390489366e+02 3.173258608396066771e-01 -1.460115615788118681e+01
2.797530837406516184e+02 3.184965193756263968e-01 -1.460044431682848831e+01
2.790858342122367617e+02 3.151812127125677154e-01 -1.441715858780699300e+01
2.794289425275096619e+02 3.572002000231234153e-01 -1.448318659464590930e+01
2.800446053540907769e+02 3.079945008641393756e-01 -1.458966403988281435e+01
2.797393155849476898e+02 3.351115014545819060e-01 -1.457692291836940690e+01
2.796304482942516643e+02 2.924742668137726986e-01 -1.455553628753062867e+01
2.793362823789076970e+02 3.050938389019717256e-01 -1.452750245386632066e+01
2.788261921659898803e+02 3.402420388966047593e-01 -1.444204831924898969e+01
2.795801024901743972e+02 2.885173609355248248e-01 -1.443933824118704301e+01
2.802939521361432753e+02 3.336446109232345525e-01 -1.453319767370730453e+01
2.804605545499576351e+02 3.195978072789823488e-01 -1.457302664835580330e+01
2.795316416915387094e+02 3.211437235090870979e-01 -1.454615803888893311e+01
2.797014160781253622e+02 3.272366851750709849e-01 -1.459290310188571382e+01
2.793738521607430130e+02 3.201042050560096164e-01 -1.455206825910710933e+01
2.797004328479649757e+02 3.117411652761131746e-01 -1.459944050629113121e+01
2.797958311787882622e+02 3.031251457739783106e-01 -1.458530720316366924e+01
2.797224218317156215e+02 3.134555957574141072e-01 -1.460022254579576106e+01
2.789177011870472143e+02 3.162489374166433942e-01 -1.443135455696957514e+01
2.790831285135911344e+02 3.080587476158635485e-01 -1.439790450016713130e+01
2.788350649429788746e+02 3.244914112091522029e-01 -1.444759982644332652e+01
2.796133826234657818e+02 3.007501583206392270e-01 -1.458302151096202692e+01
2.798423964024240149e+02 2.999203262372446277e-01 -1.457630770012674226e+01
2.793022314548076679e+02 3.171848733106159557e-01 -1.455265391668397612e+01
2.798282359782924686e+02 3.239098690974845929e-01 -1.459641373210103410e+01
2.801838948728067180e+02 3.342601339320296905e-01 -1.452750682397557114e+01
2.798226156169785099e+02 3.396260519531237310e-01 -1.456452275887853531e+01
2.795354021776261675e+02 3.293442564437361053e-01 -1.454548995180037352e+01
2.797204343676743292e+02 3.115825729616463757e-01 -1.459907040570158543e+01
2.793206356782390571e+02 3.172017009009401867e-01 -1.455192036303575165e+01
2.799767296861854788e+02 3.401707532571897064e-01 -1.456294251425702413e+01
2.791607409579515888e+02 3.437367243846431442e-01 -1.453387406017431793e+01
2.805875146678980627e+02 3.061319666201742784e-01 -1.447701196809074276e+01
2.798552435565113683e+02 3.126002167921505537e-01 -1.459800984241997135e+01
2.797054060995766349e+02 2.922252710776820361e-01 -1.455272766398576678e+01
2.800764398620552811e+02 3.236020565568584750e-01 -1.455605253517452802e+01
2.792017381872582291e+02 2.995888350381771259e-01 -1.451521628541916442e+01
2.795472201687479696e+02 3.114039452324290358e-01 -1.453321149162856507e+01
2.800035277905071212e+02 2.961876270834173930e-01 -1.456050594219604655e+01
2.786973020785108588e+02 3.639672073602536750e-01 -1.438392330134229624e+01
2.273597605658172824e+02 3.909141448730814594e-01 -9.193185520818034639e-01
2.476844251657542770e+02 5.137586921150223418e-01 -5.063048723645240806e-02
3.055397524042012947e+02 5.352772511246256526e-01 -5.289518522800582545e-01
3.323689775433511500e+02 7.920695267575571519e-01 -1.055265935746946271e+00
2.636028885430215496e+02 4.079169076944076378e-01 -3.571221266322391341e-01
3.345998036843972159e+02 7.566378546529319848e-01 -1.022122515804949172e+00
3.282801255704256391e+02 4.520638864194248541e-01 -2.741374046041376022e-01
3.182583137617522198e+02 2.502704426363551726e-01 -5.340476225326942772e-02
2.511272359934699239e+02 6.416606021325489406e-01 -7.785323592179931029e-02
2.585878442227784717e+02 5.973205318074598091e-01 -4.583558749563848012e-01
3.232327380645026551e+02 7.714349309546038036e-01 -3.897047336966177333e-01
3.294080781380461076e+02 2.570679244708848898e-01 -4.562699763619153526e-01
2.329645183437846754e+02 3.003553375827094918e-01 -1.796349022645204796e+00
2.947110025603592476e+02 3.585885947667319384e-01 -2.492331573918316501e+00
3.058677336478277198e+02 3.328071787054718844e-01 -3.384119186074187047e-01
2.892415142633234382e+02 6.347240716663470339e-01 -5.303634565192870021e+00
3.312578094310346160e+02 4.852547292602542583e-01 -6.141979703171015492e-01
3.023706086532173458e+02 7.981964485224515848e-02 -1.482099850067965241e-01
2.520685949515524555e+02 4.286397663002044500e-01 -5.065464587378382122e-02
3.090476442365957155e+02 6.285363328870876565e-01 -5.850781266202655928e-01
3.254393651156516967e+02 4.088496703071471394e-01 -1.615946072462937366e-01
2.725293126004453370e+02 6.824087195986106025e-01 -7.357429153250049758e+00
2.820562602704804931e+02 7.881866982235443686e-01 -8.186466309277440345e+00
2.384182600527474847e+02 5.512403973485092701e-01 -2.804761477340390829e+00
2.608555254612250565e+02 1.809414800697639603e-01 -6.494489660576746592e-01
2.749260003255405991e+02 2.818379500974954044e-01 -1.271995707118613694e+01
3.244204303955316391e+02 5.434930164544108377e-01 -2.653301841677494499e-01
2.316220037383175736e+02 1.726410169195692068e-01 -1.158502984589477647e+00
2.760229875201508776e+02 4.424683372880855448e-01 -1.260818452543723112e+01
2.416827766857999791e+02 4.203446272026128416e-01 -1.684747876556195845e+00
3.149824379233099307e+02 7.027919725473172896e-01 -1.806390894159032312e-01
2.647492928121052387e+02 9.277014677465617032e-02 -3.239050785741132699e-01
2.485819219283521306e+02 6.900977598992500406e-01 -1.186077056215995712e-01
2.572328953766929658e+02 2.247278429415446033e-01 -3.206737890454484652e-01
2.535296401440274394e+02 4.908604077079798955e-01 -3.956907062185850699e-02
2.440340942933846122e+02 1.435707181655608566e-02 -3.996197378244860654e-01
2.798559928494420888e+02 6.064121376891744575e-01 -1.199261021599230936e+01
3.133927674227844022e+02 3.254324772198784466e-01 -4.607164630079200740e-01
3.382816750041399700e+02 2.450729850840773771e-01 -3.853203277535577342e-01
2.328097070726902302e+02 6.237759233359885247e-01 -2.221081267194615627e+00
3.071051360487194302e+02 3.807815620694699477e-01 -5.231770995891985576e-01
2.601279290706650045e+02 6.864854535254096002e-02 -6.759504049977520523e-01
2.557158163619419895e+02 2.673609665948330494e-01 -2.008206328102221383e-01
3.034630189773522488e+02 5.054948066337464629e-01 -4.202165804557500550e-01
2.393083695288611921e+02 5.024501414314795911e-01 -2.364652266166095806e+00
3.331737612323818780e+02 7.809003000246268478e-01 -1.073787510289080593e+00
2.660039787988957301e+02 8.095442493600192579e-02 -1.528959387838528250e-01
2.456360842759070806e+02 3.667389246537723912e-01 -3.583930007306732057e-01
2.697540590201235204e+02 1.965088773050107374e-01 -1.746871608883908689e+00
2.353570593000527538e+02 6.535112881146463160e-01 -2.107996855238996492e+00
3.224377509827463086e+02 6.058835325192080123e-02 -5.204525040027493388e-01
3.353344261568207116e+02 7.040916231412175375e-01 -9.151696954288853769e-01
3.103195486014684548e+02 3.154155641360642526e-01 -6.433565167896558856e-01
2.810822655507433296e+02 3.432039290378922081e-01 -1.411254475714503620e+01
3.161194303962218441e+02 1.200818628041775971e-01 -1.308027885913528865e-01
3.212412667548408081e+02 5.860665176375142726e-01 -1.791356277340647729e-01
2.490437695923329500e+02 5.600955271479283182e-01 -1.128842022779796284e-01
2.727557124155947008e+02 2.070092532683338316e-01 -8.158163950143833887e+00
2.649680736742847103e+02 5.834707674947502420e-01 -6.395013924234775882e-01
2.289608587469498957e+02 6.111854025074398185e-03 -9.894380466887960912e-01
2.922807599288117331e+02 4.760065986095606272e-01 -3.821635047096645810e+00
2.689605453950067044e+02 6.696531738666485767e-01 -1.739199460986590839e+00
2.762883846736988289e+02 1.579056223685500471e-01 -1.011893908628589678e+01
3.271076740916893186e+02 5.539253033321037689e-01 -3.352413957673935352e-01
2.524421905009045020e+02 1.009372641657616532e-01 -1.034092600313430005e-01
2.860796567336949465e+02 1.106522149735874871e-01 -7.592108633325996614e+00
2.367192888163544353e+02 6.155323869352625765e-01 -2.593161550855228814e+00
2.341327091558852089e+02 4.708804791944590784e-01 -1.917776854864268632e+00
2.995993089181775417e+02 1.409119007603740203e-01 -5.452279413957368259e-01
3.118396728513121161e+02 6.760947112875491660e-01 -3.869249530396787762e-01
2.421478622221323178e+02 1.678333507531416802e-01 -7.690802082660598282e-01
2.875938772937838053e+02 2.521614913178106543e-02 -3.806897186668893873e-01
3.009067997529879221e+02 2.746263495199741111e-01 -1.697165834828742448e-01
2.792119445002225575e+02 4.614647574770969207e-02 -1.469324790119464375e+00
2.672654941508485535e+02 1.861040820662332104e-02 -3.712132306279718463e-01
2.296483362816533429e+02 1.177485680995581374e-01 -3.304928810770025871e-01
3.301388412165745194e+02 4.328726351351493418e-01 -4.395691677637683092e-01
2.872414057144474668e+02 2.397677114184087466e-01 -1.095796776613334167e+01
3.402078752103437296e+02 5.728697499865864629e-01 -3.680591641487827581e-01
2.984535977484379146e+02 4.591489771043451018e-01 -4.491653947558410520e-01
2.780515442950649572e+02 3.987007514443901002e-01 -1.385996737769074727e+01
2.941916384703193330e+02 7.466010400502004485e-01 -1.275745342718714426e+00
2.449995709482456050e+02 2.109458217133794999e-01 -3.890319031465107047e-01
3.394136460861342357e+02 2.883081127020454826e-01 -3.708155893860465846e-01
2.838341495896656852e+02 5.281173330277377093e-02 -2.447264936352414821e+00
2.961118189530103564e+02 1.329963067379806851e-01 -2.235310446820399921e+00
2.713623290853541334e+02 7.320018525572953294e-01 -5.828964401322805244e+00
2.974432189112633864e+02 1.912880018440988594e-01 -1.429256160747633286e+00
3.100653642240553154e+02 3.479243764952282686e-02 -7.483388085211065133e-02
2.912805642923465825e+02 5.230243927495679124e-01 -4.373162820031583742e+00
2.546059276370087332e+02 1.499299806747259878e-01 -4.205278899083888383e-02
3.014164802448095770e+02 3.069536048376179105e-01 -1.615158251376805632e-01
3.173522741732963368e+02 3.711534992390213561e-01 -1.404771036297521591e-01
2.845433718069309634e+02 7.168460904553521917e-01 -7.067818383958108797e+00
3.367135504476536312e+02 7.622982734356027468e-01 -6.505724311249324598e-01
3.145130071347253420e+02 3.477805139698360026e-01 -3.302007766826077217e-01
2.620303447429095627e+02 2.221137804018896156e-01 -4.544030009306669338e-01
2.403801904248080064e+02 7.433586399876223050e-01 -2.278128320035212262e+00
2.906598388456569069e+02 6.583328558316519086e-01 -3.860188723018771473e+00
3.195218880088182800e+02 7.253213825301466633e-01 -1.390589161433412047e-01
2.799799543596300282e+02 2.872602012665403381e-01 -1.452153866629086565e+01
2.796081300122185667e+02 3.273175287738699368e-01 -1.459302929292197071e+01
2.791563358055819890e+02 2.955939415652658053e-01 -1.450063702142265498e+01
2.841940743155273594e+02 3.417975902557373047e-01 -1.209111806216398222e+01
2.798166882208281550e+02 3.257195581390628369e-01 -1.459445943200219631e+01
2.796328174048711617e+02 3.236731593636803517e-01 -1.459779011610434374e+01
2.799028208847724954e+02 3.214100386994418468e-01 -1.459777458572784603e+01
2.804369086540432932e+02 3.035203289601227650e-01 -1.457791751734797714e+01
2.778919624199533018e+02 2.617063522338867188e-01 -1.367950834436128638e+01
2.798942654270985599e+02 3.042073770959418666e-01 -1.458573790001549320e+01
2.796427367114612252e+02 2.898880852260845575e-01 -1.454408559665361089e+01
2.795561741784353558e+02 3.006749886188921361e-01 -1.450142235865475016e+01
2.795928115642799980e+02 3.218801643139395097e-01 -1.459968908610197147e+01
2.804178069545168910e+02 3.396161323677385213e-01 -1.451439814096875836e+01
2.806275287087162269e+02 3.311911936712828575e-01 -1.440546564683482700e+01
2.800941384321970418e+02 2.888361032407598117e-01 -1.454382495364011163e+01
2.800479003599372732e+02 3.105284573037645490e-01 -1.459300017633178292e+01
2.804835418055080254e+02 2.867471512169046388e-01 -1.453652751468749393e+01
2.795786509219529421e+02 2.867079205471180781e-01 -1.442790339176752923e+01
2.790585716957556883e+02 3.002896783714594786e-01 -1.436893293302394703e+01
2.797352928144320003e+02 3.272845469420302411e-01 -1.459270637168597951e+01
2.797044524145338755e+02 3.160470023188024502e-01 -1.460113570618426593e+01
2.796806015111478132e+02 3.078546883144838153e-01 -1.459565246759034807e+01
2.803876906577135628e+02 2.935560241756887678e-01 -1.455952551143318274e+01
2.799459905554226680e+02 3.509464978568092031e-01 -1.452398611117304661e+01
3.269517369487609812e+02 6.451049570793402355e-01 -4.038949868845471136e-01
3.324485395784130333e+02 1.466099058317900661e-01 -8.628756120054285050e-01
3.112710672407642392e+02 7.232560438188675445e-01 -4.157719021130383275e-01
2.873542301021220737e+02 1.533158028279943408e-01 -9.611059618970619667e+00
2.693234578415001010e+02 1.961362413093412638e-01 -1.298524121491801520e+00
2.429070587495089910e+02 3.906138545575322252e-01 -1.513903911055835882e+00
2.613433574303546152e+02 7.603403716253664957e-01 -3.354199141504537462e-01
2.480429130057726752e+02 1.648512152931165820e-01 -2.203071839768881365e-02
2.972331442979086660e+02 3.829547734397605319e-01 -7.994862230084887056e-01
2.367623292480871555e+02 1.227043435661235443e-01 -2.059089089393427940e+00
3.120545509853582757e+02 3.021931001389622784e-01 -6.172363451477268503e-01
2.687657858622313256e+02 7.115794438261578980e-01 -1.744717237374908470e+00
2.933164523382574203e+02 2.800763011226181098e-01 -4.445175484096268725e+00
2.291447669713519701e+02 3.215756783845173938e-01 -7.045211117856391425e-01
2.296667935500957185e+02 6.602590154413330303e-01 -1.116388722219809448e+00
3.332753473346936630e+02 3.093039274373858907e-02 -4.466863604633311557e-01
3.312769384730870001e+02 5.311331219707764451e-01 -6.490930346347038027e-01
3.065178939993355698e+02 6.644079365756019318e-01 -6.070533929079923174e-01
2.793249760032069844e+02 1.734566817519420934e-01 -1.178549066457787653e+01
2.716045094111163394e+02 2.374948371293018196e-02 -9.932894995258777227e-02
2.902244386392615070e+02 7.194179586762277090e-01 -3.920686113980321519e+00
3.377011108696069641e+02 4.451926382279045580e-01 -4.263998223903990858e-01
2.556786531053991212e+02 6.816614371873744860e-01 -1.697954748536445180e-01
3.125465461371164793e+02 4.087249279021619441e-02 -1.354293127896526693e-02
3.017200574008224407e+02 4.120439499444128462e-01 -2.713141882563436802e-01
2.434296877607531258e+02 2.468759496344425652e-01 -9.249304710777789262e-01
2.732046843002121363e+02 5.525574417658869752e-02 -9.402391040031926606e-01
2.981794142915319412e+02 1.126459483421221874e-01 -1.307881119009000281e+00
3.228898990065919179e+02 5.768755756578491933e-01 -2.612267727415384377e-01
2.863268470744122851e+02 9.695226413547594624e-02 -6.550012594190827819e+00
2.416834286464268189e+02 7.572886025172486102e-01 -2.227503306885012524e+00
3.396754354224694907e+02 4.181631107956255144e-01 -3.569410969727900285e-01
2.746128024416854032e+02 5.395761646182620774e-01 -1.085188736261448206e+01
3.254317221938418925e+02 3.153738198621500732e-01 -1.208158388156923002e-01
3.046590513186459361e+02 6.535610772135409530e-01 -5.796529451542951072e-01
3.028968969484702711e+02 2.769798993463412073e-01 -1.461454279381342036e-01
2.946706285230469575e+02 2.673889861777842269e-01 -3.056745274710201077e+00
2.600681151152889470e+02 4.706218544491714839e-01 -5.065395014760153414e-01
2.838095657382018544e+02 4.350964253324310360e-01 -1.121924162215532839e+01
2.618606673404914318e+02 2.146382070253584351e-01 -5.331593818775228755e-01
3.219652362704835582e+02 1.779659025809342543e-01 -4.187302984928975569e-02
3.078578428676452177e+02 3.450695335640409089e-01 -5.367857774754457578e-01
2.530130540020129217e+02 5.458341181917828466e-01 -1.679706935477454782e-02
3.190683108664379688e+02 5.636643046215595865e-01 -1.036898032924455648e-01
2.319865993525242231e+02 3.680359577371219992e-01 -2.053808545330780611e+00
2.750334257955833550e+02 4.068826734492585473e-01 -1.239132995541118021e+01
3.158459691901772430e+02 5.588789170001570161e-01 -1.604232774176675147e-01
3.368041395920027412e+02 4.583909233738348021e-01 -4.837753382453319762e-01
2.875348529930886912e+02 5.176331299042326028e-01 -7.623616874246511799e+00
3.275295226652114025e+02 4.299980008439979184e-01 -2.284385142546748182e-01
2.504840559227142762e+02 4.858779072527616427e-01 -1.096691930119397390e-01
2.795514142074354709e+02 7.727063745307702902e-01 -1.042425945715374880e+01
2.715309177343726219e+02 5.722099773503706022e-01 -6.362046334776886525e+00
2.581025885876383654e+02 2.535000115440224633e-01 -4.135756926790374322e-01
2.820266304451163251e+02 2.567811042665865684e-01 -1.378304498845812986e+01
2.678642507500746319e+02 1.378712618348778285e-01 -2.297139713032589903e-01
2.341342485353817437e+02 3.374986935239080998e-01 -1.780594387050320693e+00
3.035889169116659900e+02 3.606341768099381451e-01 -2.577443252192869738e-01
2.664871572303994753e+02 6.991914695182978035e-01 -7.516427331725156202e-01
2.333550828313454417e+02 2.398786557698314725e-01 -1.513517425117034243e+00
3.398958188317266149e+02 7.983058633720405695e-01 -3.834557195540544972e-01
2.807269881620396177e+02 7.858711118181533895e-01 -9.538406174477529476e+00
2.640398262955279733e+02 2.163020666638164613e-01 -2.011787728126128716e-01
3.360489126625294602e+02 6.060821231343068716e-01 -6.508713152252670886e-01
2.543953194014396217e+02 6.339418881666131211e-01 -7.009259815395320337e-02
3.303609440229712391e+02 1.158869737878492900e-02 -5.188629939215650966e-01
2.453164836018798951e+02 2.251768598125152010e-01 -3.152698295948361817e-01
2.628835435337008448e+02 5.872032154824583516e-01 -3.865531480779421658e-01
3.348239932348646448e+02 6.129684268529426161e-01 -8.164851257834659926e-01
3.206021550489611514e+02 3.988259494647800607e-01 -7.140102374325327239e-02
2.761891038251914097e+02 2.927107495982781415e-01 -1.319821399849382004e+01
3.086009923838093414e+02 7.829742087340409162e-02 -9.532428720151840673e-02
3.239518884731078288e+02 3.350645257171463443e-01 -8.313332657856975505e-02
2.545481196730787019e+02 3.117793010732036740e-01 -1.545382362535187570e-01
2.515072360429731191e+02 7.829422785400664830e-01 -4.651228022117104982e-02
2.575866665179154893e+02 3.521663393710431356e-01 -4.354600157249091663e-01
2.497883626497759906e+02 2.021044327959297393e-01 -4.600691496049848228e-02
2.775644958940863489e+02 5.625614077729318430e-02 -2.041812408640247156e+00
3.100519260896785454e+02 6.045270417159670680e-03 -4.505391713216939653e-01
2.389536679770644980e+02 5.101225746549806761e-01 -2.530723707269979972e+00
2.399157297287889605e+02 3.846988641522113700e-02 -5.080312474484670326e-02
2.923918002372622027e+02 5.256813494898077144e-01 -3.495968633606235443e+00
3.291486739835158915e+02 6.799615682338737699e-01 -5.823438566214098611e-01
2.654819806067696391e+02 4.991754614191882822e-01 -6.285874128514576942e-01
2.274707048074722877e+02 8.820478324110042623e-02 -9.365740797073786317e-02
2.909046811205059839e+02 4.954504263012113885e-01 -5.114989307761752535e+00
2.464111001587604903e+02 1.049159851560353129e-01 -4.351764054840454032e-02
2.473345780530455329e+02 6.185803115485359882e-01 -1.160652865492579067e-01
3.203708930602685427e+02 1.900916994469996069e-01 -8.918443715477631858e-03
2.307448342706547066e+02 8.094581731898577159e-02 -3.429269450639995109e-01
2.886373247966382678e+02 4.751580766291823577e-01 -7.277066480271276561e+00
2.964644162741003584e+02 7.155654171361106042e-02 -1.732309685743652183e+00
3.176301317690374049e+02 7.462569392753185538e-01 -1.075285165828045592e-01
3.006138259509087902e+02 6.941048560465215012e-01 -5.169414560398649661e-01
2.383768145865101076e+02 1.326069580660798886e-01 -1.868201492988877499e+00
3.161133229003737597e+02 7.339465213536475741e-01 -1.302440613542554526e-01
2.999338775583198640e+02 6.281144447844468903e-01 -4.519065162301378336e-01
2.359780042566493421e+02 7.377370854191179772e-01 -2.151948604220304428e+00
2.849461655731439578e+02 4.492482890514835070e-01 -1.004753211542178626e+01
3.139027764701879732e+02 5.925714885392293629e-01 -2.425724571173356048e-01
2.799472157395636600e+02 3.162065153748094826e-01 -1.459833783215963621e+01
2.803195351300186644e+02 3.749014854431152455e-01 -1.430204240624171774e+01
2.801214298313012137e+02 3.123108506476270363e-01 -1.457424837263813444e+01
2.776203956869592844e+02 3.449531078338623491e-01 -1.385314439304717560e+01
2.785983016051421259e+02 3.828435420989990678e-01 -1.413327198666376994e+01
2.792349911164708942e+02 3.052158891815552888e-01 -1.453258795909448686e+01
2.812112237851258669e+02 3.111427545547485463e-01 -1.429607363086966032e+01
2.792952723935699169e+02 3.208774773050986906e-01 -1.455556589618653085e+01
2.794936745188276745e+02 3.156166750155705025e-01 -1.454270884783083773e+01
2.800115643312406064e+02 4.102694988250732422e-01 -1.412905937105061582e+01
2.793533468145685106e+02 4.444839477539062611e-01 -1.385947734981249369e+01
2.794050024870492166e+02 3.275449407095878396e-01 -1.455135220885111202e+01
2.771521063603308335e+02 2.763831853866577370e-01 -1.344631765606733254e+01
2.791209851300027935e+02 3.345237867521251851e-01 -1.455392439400064042e+01
2.799383870503253320e+02 3.322236862894356046e-01 -1.458309934642210592e+01
2.794436732707106330e+02 3.053193970654366485e-01 -1.452300021424096421e+01
2.794134840171537917e+02 2.965165813947180928e-01 -1.449156158620457191e+01
2.779470036819331540e+02 4.839372634887695312e-01 -1.317993633504838158e+01
2.800044109396753242e+02 3.191276563012157563e-01 -1.459756638441841936e+01
2.795412530102958613e+02 2.867791958751260140e-01 -1.443063860112568797e+01
2.789972834153014674e+02 3.027171488489808215e-01 -1.438444256796175047e+01
2.794571044821896066e+02 3.188413473309449908e-01 -1.454775085197757356e+01
2.792593294132975075e+02 3.340065532418630134e-01 -1.455044403209165615e+01
2.794960289813623717e+02 3.038900145972233124e-01 -1.451594840274629306e+01
2.793827164000651351e+02 3.104135694284274605e-01 -1.453877973969350990e+01
2.799222139765173551e+02 3.166692768132975955e-01 -1.459873399827247553e+01
2.797833571130332757e+02 3.236601738859657962e-01 -1.459697190157348601e+01
2.795184851982281771e+02 3.126563228711696230e-01 -1.453694918474765529e+01
2.773443235962144513e+02 3.660485744476318359e-01 -1.383023912189608673e+01
2.798834089747489884e+02 3.136151194815239296e-01 -1.459824704878667667e+01
2.794173386367687044e+02 3.285691499710083341e-01 -1.455037053548614345e+01
2.796111111387325536e+02 3.211787385544428441e-01 -1.460014711891067130e+01
2.797721042094124186e+02 3.315456437506626441e-01 -1.458501999401587845e+01
2.798109195090779622e+02 3.061710379403689286e-01 -1.459101385679756291e+01
2.800696634194431454e+02 3.128900565740184159e-01 -1.457273690530977994e+01
2.784765518486879046e+02 4.272123813629150613e-01 -1.385098103270282621e+01
2.799281672354704824e+02 3.263131877979635331e-01 -1.459296537836226904e+01
2.797205551042103480e+02 3.161984823581028281e-01 -1.460098645278768714e+01
2.799609692052640071e+02 3.092072448536975493e-01 -1.459295269006826423e+01
2.797373732082790525e+02 3.170096353059145833e-01 -1.460082500330881849e+01
2.795383106994929676e+02 3.170502042058803704e-01 -1.454250010895551526e+01
2.797753893324895103e+02 3.150147573280125401e-01 -1.460019883985436806e+01
2.796716990966310163e+02 3.218975325192575676e-01 -1.459925000716034482e+01
2.801397316672563989e+02 3.126684156651142188e-01 -1.457437491136040641e+01
2.775130905898497531e+02 2.654127120971679910e-01 -1.352623738331911518e+01
2.802207051841239149e+02 3.052135200824119821e-01 -1.457653985105678807e+01
2.799833343489572712e+02 3.230565956228759195e-01 -1.459583723049721371e+01
2.781936622523793403e+02 3.316566228866577593e-01 -1.430584786642560502e+01
2.796640949802654177e+02 3.254909320950346574e-01 -1.459550286119954698e+01
2.799652681044557312e+02 3.194044017711367145e-01 -1.459797688712074759e+01
3.101099169310684829e+02 6.613322883237797711e-01 -5.194651711035290775e-01
3.168928746134390053e+02 2.758671075405271789e-01 -1.327696920571579675e-01
2.374524727508114950e+02 4.579814432716185491e-01 -3.009837636293652974e+00
2.399237578373284805e+02 1.454874212925740540e-01 -9.296191106842541796e-01
3.252745577705010191e+02 2.107302565483510637e-01 -1.682590885017333504e-01
3.227444349915955968e+02 1.894396398502885548e-01 -7.552508884721298443e-02
2.675966638470939074e+02 7.459361052232623690e-01 -8.699585763642857517e-01
2.662784143052405739e+02 1.439838872617902887e-01 -9.320768476033311489e-02
3.276151169686224875e+02 4.037511156278070223e-01 -2.144076604726542767e-01
3.129143700405167010e+02 5.497719417637453310e-01 -3.527380904697593467e-01
2.567796481211937021e+02 3.436208116484284342e-02 -1.822080526037203885e-01
2.859640719170507737e+02 1.774156269976421563e-01 -1.069266305753662749e+01
2.960268824298704544e+02 3.823783191536375137e-01 -1.673526056842304266e+00
2.836220582730796878e+02 4.498677149516019380e-01 -1.097463034726947662e+01
2.308965577593990588e+02 4.188256877702341008e-01 -1.775416110109008905e+00
2.339189750381046622e+02 4.734031953990260888e-01 -1.958564899235658574e+00
3.211852032203218528e+02 6.485603366868977204e-01 -2.080031063193992225e-01
2.575041673144360175e+02 6.168253970689957510e-01 -4.014010700567279266e-01
2.906535584274118946e+02 2.615713134335181933e-01 -7.288409015761252441e+00
3.352827444868225939e+02 5.946595176479864131e-01 -8.071123384258656053e-01
2.583549988225767606e+02 7.325759887231431122e-01 -4.047021951028348385e-01
2.842622446058246055e+02 1.198209311277097094e-01 -8.651233936218522658e+00
3.046798724413255854e+02 6.250461758691914227e-01 -5.583494935799094838e-01
2.462563115595944794e+02 4.344717093361274429e-01 -2.831955661996462537e-01
2.934455484533334584e+02 7.087514113828038420e-01 -1.908608155289498010e+00
2.896870683338714230e+02 7.867907214508660374e-01 -3.922431079439720136e+00
2.911135115835984948e+02 7.579143435016439945e-01 -2.964978098698641151e+00
3.018707918293433750e+02 2.992712105111892118e-01 -1.517698128566496163e-01
2.597546694657904709e+02 7.922756492706546361e-01 -3.779365473507517725e-01
2.729977792810319102e+02 3.091003202144562700e-01 -9.506953899185292656e+00
2.604301940388444336e+02 2.251482248829700383e-01 -5.958859980262171119e-01
2.522258491592975815e+02 6.373547553857109582e-01 -1.378341757564128731e-02
2.705239440027405635e+02 3.394220793003128178e-01 -4.551002329949384695e+00
2.484612652944890101e+02 6.871488081909276069e-01 -1.174028460393801154e-01
2.510174235648366334e+02 7.799553282424948053e-01 -7.052801875105943474e-02
3.306296514359800653e+02 2.065363285970095719e-01 -6.868382123539507056e-01
2.767873645774392912e+02 1.404993499570469928e-02 -6.046246448222689640e-01
2.701448284116050331e+02 3.707570551310034879e-01 -3.727854120107391367e+00
2.953227507977342157e+02 5.830570577912993491e-01 -1.242053375657493186e+00
2.279254275794445732e+02 6.951862962628730935e-01 -9.650706957968838706e-01
2.779285184928310173e+02 3.481123906374634647e-01 -1.408045769689635307e+01
3.057729894844358114e+02 5.064035312119029575e-01 -5.064677458482282901e-01
2.635129001943825529e+02 1.689018115742533521e-01 -3.200259627729353240e-01
3.198326113907561989e+02 2.363992756695431907e-01 -2.594566867337471348e-03
2.385786895021858527e+02 3.133517682700446838e-01 -2.570522865405982404e+00
3.185843304998997496e+02 2.688805829636927713e-01 -3.342492390324001972e-02
2.290846409899830576e+02 4.152841125014851698e-01 -7.353086387920488853e-01
3.385208955468767158e+02 6.002024473441526231e-01 -4.302543507593127314e-01
3.033772280967300503e+02 6.745789227600291760e-01 -5.804795419439391368e-01
2.658944490829386496e+02 5.312887571848018409e-01 -6.852985744086419473e-01
2.470219146033714992e+02 6.646708408748179531e-02 -4.825523628319403763e-02
3.372116558322074411e+02 2.829303460401994541e-01 -4.406862998913944618e-01
3.392775692036369719e+02 3.554711055083607518e-01 -3.588024050759752726e-01
2.424063993852712997e+02 2.613732043305424732e-02 -3.368576047843450660e-01
2.416440514412477683e+02 4.856528871011731585e-01 -1.828720463849316413e+00
2.349895281840122436e+02 1.341407826308545215e-01 -1.394644332236560036e+00
3.137275861687982683e+02 6.469793051852341659e-01 -2.664569864837230129e-01
2.547910544035195812e+02 2.440215014738504051e-01 -1.220559810394059863e-01
3.245864881275554126e+02 3.970811778029263439e-01 -1.316549970114510026e-01
3.158109550549979190e+02 1.065714361873643101e-01 -1.181131096288445953e-01
2.741683067178906867e+02 7.364922391349100206e-01 -8.794547996185681171e+00
2.323059814719696021e+02 2.934582604434882724e-01 -1.851033639934630548e+00
2.884312062444145113e+02 8.398250608304559661e-02 -5.322407404668194175e+00
3.343467358401317711e+02 3.861407103135853225e-01 -6.688787070804728119e-01
3.339487475169587469e+02 3.342866508526093905e-01 -6.801341786167340864e-01
2.810939661237236464e+02 4.264317925354248473e-01 -1.327543278260270299e+01
2.796100642689635265e+02 4.459213181942554005e-01 -1.384744097045857281e+01
2.722209746124347021e+02 5.361557432280676938e-01 -8.253678448723791305e+00
2.757466488986734134e+02 5.149251081614519832e-01 -1.162314299843725074e+01
2.827194316764663995e+02 5.878425087862733378e-02 -3.126408957459062776e+00
2.441441913657530165e+02 1.595472375012876864e-01 -4.391217900544240882e-01
3.400993405571247195e+02 1.259146094473220512e-01 -4.584989710583284861e-01
3.271570305366047933e+02 4.707582272660866818e-01 -2.613697750099150952e-01
2.970767227335386451e+02 1.651325698913287954e-01 -1.905024149238904840e+00
2.622657516829402766e+02 7.219375262830975970e-01 -3.701163858622203429e-01
2.791989290769980130e+02 5.278155210095025751e-01 -1.298740709007449468e+01
2.450764375931647976e+02 3.623134301138888347e-01 -6.636849585350950154e-01
3.218898494409389741e+02 6.317352145305011116e-03 -1.320787420163038295e+00
3.090200971092708642e+02 4.975231633655002317e-01 -6.145998789069625490e-01
2.496066676663416786e+02 5.903320515463001961e-01 -1.297873190477672189e-01
3.318944140059266488e+02 5.728483680607149298e-01 -7.568792152622824121e-01
2.980003447188381642e+02 7.863303257991331729e-02 -1.133860479964445833e+00
2.542261567585586306e+02 5.558573647076184843e-01 -8.699805292617354691e-02
3.315819135442056904e+02 5.353482527237968247e-02 -6.926124068054715366e-01
2.392081111808232663e+02 2.510392289771298802e-01 -2.176118633599428698e+00
2.931453383496583456e+02 2.170338175103840028e-01 -4.774268003167090768e+00
3.104222910921192238e+02 4.022292361334426497e-02 -4.075377090803547486e-02
2.527313006973241443e+02 7.019426016977557969e-01 -4.166142196898555035e-03
3.034868537911219164e+02 5.600830034629967757e-01 -4.745856503792520442e-01
3.174719826744537841e+02 7.669891248763707203e-01 -1.084513929096964230e-01
2.689602673120131158e+02 4.928493901849392289e-01 -1.816064909772727720e+00
3.070440571965957020e+02 7.132696118009412833e-01 -6.080919725633116002e-01
3.116538682668893898e+02 1.674825411725714211e-02 -2.037790354822647254e-01
2.990935955059512708e+02 9.801828736118996244e-02 -7.951969178393549775e-01
2.637506462200925625e+02 6.146980321595568730e-01 -4.854263550761089285e-01
3.285339751511952500e+02 9.133746985914401040e-02 -6.614527212435570291e-01
2.872197091039658403e+02 3.211226270587952403e-01 -1.049694496666830723e+01
3.009598368571366791e+02 7.694201829756939226e-01 -5.657186320168963167e-01
2.302793257242546190e+02 1.952219231587607740e-01 -8.086600531928518354e-01
2.360746780556882527e+02 6.670889093658591840e-01 -2.385042087694714930e+00
2.430232616455786001e+02 1.109042076892157169e-01 -4.205472861922185945e-01
2.969571539158613973e+02 1.942023575997142704e-01 -1.783289522601134269e+00
2.848076591230374106e+02 3.645921840296768579e-01 -1.154680676696282227e+01
2.360477262256864890e+02 7.063695166267741632e-01 -2.182770562349568344e+00
2.567737383926203165e+02 6.894128062936286661e-01 -2.951625491061643514e-01
3.270492612535314834e+02 5.184132735566046035e-01 -2.744123235318013387e-01
3.324190977128413351e+02 7.187308165250625436e-01 -9.743364500029122466e-01
2.598587242933903667e+02 6.844911888936715538e-01 -4.236664193969544301e-01
2.573055950232944724e+02 1.754925464461331575e-01 -2.928107745655982863e-01
2.629199735812078416e+02 1.590578102205234545e-01 -4.374470541176049276e-01
3.181992988821942276e+02 1.509255494607938302e-03 -1.332561655915478260e+00
2.883418609660859033e+02 7.287899015483393361e-01 -5.330712771072068534e+00
2.681277616595593827e+02 6.540273064766335409e-01 -1.073049198009530691e+00
2.510192396178363197e+02 3.717803431119947599e-01 -8.278608319131931792e-02
3.084364344932815243e+02 1.849263749272731239e-01 -3.307621372893744249e-01
2.380808533868240886e+02 5.724520584958018299e-01 -2.865512960350519389e+00
3.358662896827655118e+02 5.013240170495112391e-01 -6.561437891593699945e-01
2.523941396509877109e+02 2.089417706147594922e-01 -1.082632924213455250e-01
2.747494941450785859e+02 1.332050857647852915e-01 -7.696780903262969709e+00
2.822394790050037727e+02 2.586992064461109408e-01 -1.381160445302877626e+01
3.229906495473022687e+02 1.149406165239433286e-01 -2.127249999954817228e-01
2.829718100087564494e+02 5.079027199089647393e-01 -1.101639293535741615e+01
2.750797392028340482e+02 1.608925589699354841e-01 -9.716036058356580796e+00
3.108840628947014011e+02 2.052289911098768571e-01 -5.451697030940787503e-01
3.030728665629883380e+02 4.954035287079315286e-01 -3.886950681690837794e-01
3.316304503142863496e+02 6.659942825427167534e-01 -8.624162058655108209e-01
2.955984049187471214e+02 7.799298057283075014e-01 -8.975920783525895841e-01
2.308377436169523378e+02 2.193501004043393321e-01 -1.214604869667710085e+00
2.447350960020607147e+02 2.935621499482714003e-01 -6.933553390094158164e-01
3.133678411920031408e+02 8.740381607036909473e-02 -8.070546848556427177e-02
2.727895206379057527e+02 3.919770475358483885e-01 -9.659611302058364046e+00
2.512874422164759949e+02 6.468228981450870885e-01 -7.918580176250616942e-02
3.381167377603046589e+02 4.112647898503953292e-01 -3.757333464028659309e-01
2.324110379059834770e+02 4.481000370272064659e-01 -2.195337437959316684e+00
2.860227619668147554e+02 7.940939391140016124e-01 -5.751381577498992925e+00
2.764766923112890709e+02 4.724857533472694993e-01 -1.257905532437313845e+01
2.298218949604164436e+02 7.033794345904398337e-01 -1.115419934529368051e+00
3.286959552797191009e+02 5.258477935260368330e-01 -3.758455032397713391e-01
2.404854540581840752e+02 2.494131713291253549e-01 -1.342519946105218409e+00
2.335254300022602081e+02 5.578125505326370082e-01 -2.064551170991346662e+00
2.662946230719105642e+02 1.429171227548707290e-01 -1.183971646920845000e-01
2.920933943003436184e+02 9.334943094039395428e-02 -4.403873658308876671e+00
2.613712969475122918e+02 3.343582643807081478e-01 -4.708570317170946429e-01
2.987794571641103403e+02 2.460589220286895640e-01 -4.643392373796934591e-01
2.549407316334669531e+02 4.275471670758230758e-01 -1.484845495190473819e-01
2.586493151850190770e+02 6.624187998010067080e-01 -4.305342005073845568e-01
2.648064249911729462e+02 7.607928267363888164e-01 -6.983103054379469210e-01
3.100074161610434089e+02 5.918476226008410057e-01 -5.446635165037683191e-01
3.015026395450050245e+02 6.067379498141521887e-01 -4.510369916514088695e-01
3.035946543924433740e+02 6.994896144861122156e-02 -1.111988347359119528e-01
2.640663820375604018e+02 3.959031273678503271e-01 -3.754392957324859115e-01
3.219056242901126552e+02 5.281040460511396972e-01 -1.727624150545569170e-01
3.174226814791011861e+02 1.448976262116404290e-01 -6.894578321627037321e-02
3.331464987409887044e+02 5.602936740206994060e-01 -8.315353873230203474e-01
3.344069294554768135e+02 6.299400178108108816e-01 -8.892756200432011537e-01
3.057237003526199146e+02 7.493772544930646928e-01 -6.367013880346552579e-01
3.249691912537443272e+02 3.506537219997371002e-01 -1.141663068516806517e-01
3.392545827986650124e+02 2.270948601659570909e-01 -3.921836833564305014e-01
2.610482398650153755e+02 4.568053548943912801e-01 -4.542778352918463991e-01
2.282832201955565665e+02 6.203297813151815998e-02 -1.615221972368076353e-02
2.393714642967265149e+02 6.220878420136430886e-01 -2.430551899814134220e+00
2.465912019426241386e+02 7.420908814765061479e-01 -3.040700318546427638e-01
3.052957575034142792e+02 3.010190218709096199e-01 -2.613753807164914122e-01
3.115681703822549480e+02 7.225803676847223356e-01 -3.643096251482631498e-01
2.715126616782977749e+02 3.437226612984681795e-01 -6.593476275018694821e+00
2.719871264952882939e+02 5.787501683271191188e-01 -7.178769804187445480e+00
3.255487624278576959e+02 2.749290434888015944e-01 -1.232875347833872481e-01
2.284254280023149875e+02 7.724884744011044635e-01 -9.155657445228628788e-01
3.155778174246231060e+02 4.207157423050218448e-01 -2.477638094792551926e-01
3.273947504930715695e+02 3.102015637465315168e-01 -2.171549928441491584e-01
3.007960896749815447e+02 1.563723515080425036e-02 -3.519651334194268677e-01
3.193845186545438537e+02 4.872210698749106922e-02 -6.444920427529746698e-01
3.136909677420832736e+02 7.547093819836492301e-01 -2.342324465023183089e-01
3.298202953521290510e+02 1.976050928576904633e-02 -4.940494617462794502e-01
2.915620795284502833e+02 4.440155096155353753e-01 -4.484788383739644502e+00
2.811905587811885994e+02 6.347102437632267113e-01 -1.069924812393223235e+01
2.698328525545300636e+02 1.819106746028734678e-01 -1.539918093937638455e+00
2.366497637912919174e+02 4.374228440065075496e-01 -2.830752194218267626e+00
2.775081946566177749e+02 7.342016760665336095e-02 -3.600266143101580774e+00
2.992066851399704319e+02 1.034586584095111422e-01 -8.079495405300167743e-01
2.416092014589049199e+02 2.388339233377634874e-01 -1.116862334470926310e+00
2.459880085757181689e+02 1.274168215255835068e-01 -7.694277432080028067e-02
2.684512988706510441e+02 4.017424467171133440e-01 -1.395102834772514289e+00
2.343560480787203630e+02 7.906892452607501287e-01 -1.837126229863267790e+00
3.214229823049682864e+02 3.784954066148536467e-01 -6.757383532873635634e-02
2.867457506405456229e+02 5.439159529308289498e-01 -8.023053129217949220e+00
2.797999405565295774e+02 5.441671118834265908e-01 -1.269835965461533966e+01
2.438209787901154186e+02 3.557695751823854863e-02 -1.326343341402939635e-01
2.479362251349032249e+02 6.112271721579219941e-01 -8.455868552782068448e-02
2.545091657506904994e+02 2.862385820916033691e-02 -8.329635260282177919e-03
2.901626779189582521e+02 4.866050190873012493e-01 -5.639520205921099816e+00
3.162830671003782186e+02 5.994318734757008160e-01 -1.312129209950928521e-01
3.405063182439307070e+02 4.658745351218757103e-01 -3.687144589981035114e-01
3.072755040393705031e+02 2.841305081901652207e-01 -4.192606711462924518e-01
2.494763005399150302e+02 6.729556969566163893e-01 -1.403464360294439939e-01
2.887289573811722789e+02 2.691717181282365923e-01 -9.575753935432659958e+00
2.937060632948920897e+02 3.185540540700043111e-01 -3.644262169989098687e+00
3.365209199478932760e+02 3.574983182408785765e-01 -5.036204463867062220e-01
2.785876644225422751e+02 4.051795934671875016e-02 -1.007431438877296914e+00
2.951960348112072552e+02 3.226127348452472732e-01 -2.292238623803557029e+00
