8.303283824005555402e+01 7.955659325347399502e-01 -2.138853867113721385e-01
6.002338622816319003e+01 9.419606512739224502e-02 -3.345989884527549862e-01
7.999510639140103763e+01 1.158344220678266395e-01 -2.604071755868104798e+00
6.395076310621020355e+01 7.861561777323244904e-01 -4.262330798494425310e-01
6.681035432923522421e+01 3.183744043614418207e-01 -3.174194474444516967e+00
7.309850928207110599e+01 3.586800525989942701e-01 -2.658937406197778297e-01
6.771571545181754459e+01 6.916909386211124167e-01 -6.728431498637016395e-01
7.763280077526114553e+01 3.494064427954679530e-01 -3.746687407161594652e-01
7.808521332312307095e+01 2.118984779502258997e-01 -1.334481738347531143e+00
8.433683583133563388e+01 2.199585868631279695e-01 -2.797439408665114979e-01
6.497394487894723625e+01 3.387844928732458016e-01 -1.497946041351753355e+00
7.367826380791774454e+01 4.728678927976410762e-01 -1.002382742176704949e-01
8.202787543260568270e+01 7.539077123207564568e-02 -1.583486927900424002e+00
6.638144182330739795e+01 7.044423092753655524e-01 -6.080320359682541032e+00
7.594711914514118689e+01 5.590976807645916535e-01 -7.175764316127343501e-02
8.749710291530659845e+01 6.849021256579348460e-01 -1.971834007054789825e-02
8.582691677643869355e+01 1.750685024490681030e-01 -6.980582472401385408e-01
7.791721669487766633e+01 1.806984653322327994e-01 -8.281367220745077251e-01
7.914417848379494558e+01 2.334975209959939402e-01 -6.900046765024281381e-01
6.971898418663946018e+01 6.292466698804557446e-01 -1.773952608626698568e+00
6.048949806176476329e+01 4.092893545426269930e-01 -3.601105330092749801e-01
8.139794953403702493e+01 4.518921646691470007e-01 -3.490477881648517550e-02
7.943844962640480389e+01 2.442581792900861970e-01 -4.791771556472526061e-01
7.977018735273669847e+01 3.666653852659449431e-01 -1.602893763573373098e-01
8.567417228619265757e+01 5.139606671461927068e-01 -9.340901638676891994e-02
7.040383443240962436e+01 6.840629173222477488e-02 -4.065931944829904054e+00
8.494565055823562716e+01 2.681261388819710656e-01 -7.740644895943869785e-02
6.719862466155645109e+01 5.859124799886780144e-01 -1.539906204803368261e+00
6.098178674342872085e+01 4.329098834759834147e-01 -1.031170544293638303e+00
8.237023209887755115e+01 2.577643647666147050e-02 -1.635525287896263169e+00
6.289291617993609407e+01 3.972076464726064654e-02 -1.200868907610189995e-01
7.078897778552212117e+01 3.058824466549152632e-01 -5.750021803331214265e+00
8.246335334768734526e+01 6.416540818930865919e-01 -6.681845385356247058e-02
6.847773458466642182e+01 4.868658025966552394e-01 -3.712360700899011157e-01
8.861928210364733616e+01 2.633606457093820019e-01 -1.640825141283069333e-01
6.331028388945686913e+01 5.244985682819061079e-01 -4.554645107349207578e+00
7.444632998276854607e+01 7.507956078334215855e-01 -9.228838060824096079e-01
8.755896897601627415e+01 7.830865136028462015e-01 -2.170118386835961574e-02
6.276990116251994323e+01 6.965171856753360480e-01 -1.646160003017524076e+00
8.399579015881586486e+01 2.832598509887728211e-01 -3.337922168308907755e-01
6.141787928594440871e+01 1.278581255803196981e-01 -7.699658209962403355e-01
6.896110114654099732e+01 7.237519925200275317e-01 -5.848789180628486406e-01
6.127150516027703731e+01 7.671633783631576220e-01 -9.229403345186584229e-01
8.157244288523074260e+01 6.211050244951979438e-02 -7.393083885351747764e-01
6.934505913805102750e+01 7.328368962796696362e-01 -1.397178449115570764e+00
7.109407331583314260e+01 2.518767737415280039e-01 -3.588439286931381922e+00
7.883452823967070344e+01 5.482214899915186512e-01 -1.750787018425017105e-01
7.250447683314632741e+01 1.634574381308916413e-01 -5.207412878291705488e-02
7.719787575383038813e+01 6.603730389167701276e-01 -4.767315686854302348e-02
6.524006332680947651e+01 6.772753468810939204e-01 -1.080316955190731232e+00
8.466769209659659623e+01 1.571395625752435021e-02 -4.491479183065376635e-01
6.430113581141054624e+01 8.253752265761143958e-02 -8.291218260686102903e-01
8.329071560341765235e+01 6.086667416915315654e-01 -2.023840362415557648e-01
8.792719086870530987e+01 5.429365260490464085e-01 -1.103779941804407770e-02
8.075641782546604475e+01 1.073496749354381774e-01 -1.468553735295908602e+00
7.422074770988740511e+01 4.685180439153804888e-02 -4.339084076013108415e+00
7.855665700799697504e+01 7.153692993245592824e-01 -9.452983100321027399e-02
8.822621578201420789e+01 5.023325436872795313e-01 -5.187803896915933050e-02
6.550179223208796486e+01 5.427430973345025687e-03 -5.349526875972357987e-01
7.635228065149514975e+01 3.792295107668963716e-01 -1.299546154503368744e-01
8.518636937692772904e+01 7.381173160131057065e-01 -9.806333859094901184e-02
8.871615794969233093e+01 3.036615968947952715e-01 -1.815964116840038944e-01
6.745317152589726106e+01 4.913085914057579301e-02 -1.374637342488065572e+00
7.663175196292698388e+01 5.923485957912983935e-01 -2.003646393843540596e-01
7.163698122117321532e+01 4.927539433332354668e-01 -5.611598373379579341e-01
5.955189778038938897e+01 6.335807000925428589e-01 -2.946008646057264091e+00
6.168276773909817479e+01 4.061611971641649332e-01 -1.242370895066279957e+00
7.516748303716568103e+01 7.681646526369689809e-01 -4.429814777709473739e-01
6.425246488604196315e+01 5.601233297957725066e-01 -7.682845500792964688e-02
8.656056722680031612e+01 4.693160116821165073e-01 -9.852821553454985115e-02
6.813188131828916028e+01 5.767461984757399351e-01 -4.324629646076520728e-02
8.621848270986461671e+01 5.309841375955531850e-01 -4.444343133456699763e-02
7.487514977461079013e+01 5.689390098955399155e-01 -1.308540900111930583e+00
7.216915678873660056e+01 1.921630442287162663e-02 -5.898350551221561711e-01
8.366755848598225498e+01 4.268887160129621328e-01 -1.546344135705349510e-01
7.346478266286969472e+01 1.932547081780495724e-01 -4.938807770066673819e-01
6.248113992160322283e+01 1.882591549324443836e-01 -3.043692162832853043e+00
6.949970576848495796e+01 4.636356288872071629e-01 -2.333823939280198267e+00
7.385323518220675965e+01 3.735869129317265780e-01 -6.323507776205727904e-01
7.014060134825541581e+01 4.237799983525579184e-01 -2.591494882478616368e+00
8.104430057773787155e+01 6.535912157001815270e-01 -2.144830309431148829e-01
7.274969001750744724e+01 3.319320485576255919e-01 -3.273440024895278300e-01
6.344132938631363317e+01 6.696363918229004675e-01 -4.045303507710859670e+00
8.929285991377651044e+01 1.417738115903460216e-01 -1.349215892952091711e-01
8.709595017082742174e+01 3.899857962001698763e-01 -4.634396900250228185e-02
7.187865839338873286e+01 1.539517357681663146e-01 -6.626611312899871598e-01
8.356445344560304989e+01 2.004118958949194507e-01 -2.583229715597911702e-01
7.564548916444867643e+01 2.955883198333081330e-01 -6.481312108145832473e-01
7.551935187448304987e+01 6.186331451063278308e-01 -4.106595458432494850e-01
6.463051522506951585e+01 3.274332070541001727e-01 -1.151272107713724235e+00
8.025328648019156219e+01 1.330829260282385407e-01 -2.546071246018529521e+00
6.825972177048328149e+01 6.010216166630892864e-01 -1.062846409717844443e-01
8.664765486604355260e+01 1.470868800951349031e-01 -1.044940658916994503e+00
7.142402340967369412e+01 4.403108545566770116e-01 -7.206913359253620532e-01
6.205887210985150659e+01 2.761476530863621881e-01 -2.897347077141527727e+00
7.700824712820805473e+01 5.073808195727619319e-01 -4.303973936572111358e-01
6.035294516572472645e+01 3.939611462826748123e-01 -4.910055934875219297e-01
8.064003437841599009e+01 1.016180411302532866e-01 -1.805637950240786882e+00
6.647452501715655160e+01 2.305665442326848835e-01 -6.000541574103982256e+00
6.589602896210918459e+01 7.563780731625859843e-01 -2.887362978490593424e+00
8.751556358671771818e+01 1.402164609919170635e-01 -7.259733247306159321e-01
7.452244519244716514e+01 4.923518405263949127e-02 -6.646851278815276487e+00
6.552726174752989152e+01 4.335162539219356015e-01 -1.439954432958370223e+00
8.679578042694259921e+01 5.858390341893666697e-01 -7.902541079565353344e-02
7.639166526737356833e+01 3.182168944809554145e-01 -1.964618656284566889e-01
7.348278478696580862e+01 1.643131621015086752e-01 -6.031331540341684505e-01
8.153268714790804950e+01 3.761799885000192134e-01 -8.784166462515932694e-02
7.401466113506377553e+01 3.228329801887332984e-01 -1.624765971611046966e+00
7.191110205243703035e+01 7.030484726600266798e-01 -2.313172298472820354e-01
8.360122391410288856e+01 1.190246108915606893e-01 -4.249769597299379309e-01
6.286161203397539765e+01 7.137330327169267852e-01 -1.621382914347289095e+00
6.237912651542406195e+01 7.970027271098614197e-01 -4.591549274610770226e+00
8.407022937559763420e+01 5.925946934821295642e-01 -4.014842806817146836e-02
6.039403092847012289e+01 7.359486632718864607e-01 -6.908248263287392055e-01
7.059172653289101618e+01 4.732291034216484227e-01 -4.586298673615068822e+00
8.661169138686466340e+01 7.392039141664393798e-01 -8.705313088359481477e-02
7.940127867920600124e+01 3.951590350670515228e-01 -4.960497801326248929e-02
6.808054602083645079e+01 4.248012376651645328e-01 -1.264327727224804354e-01
6.868296674224392007e+01 2.832878282104449030e-01 -2.207943766875131164e-01
8.437424579086372489e+01 1.093084331480824317e-01 -1.025686987425504793e+00
7.700439622191035483e+01 4.040081703470046470e-01 -5.479639941083999100e-01
8.200343999597903633e+01 5.601219248913086313e-01 -2.452778225955790439e-02
7.303954027231119994e+01 6.117232820631686163e-01 -8.163992327087830903e-02
8.270558816881586495e+01 2.681323781417720986e-01 -9.975907501667376220e-02
7.890805864273271197e+01 7.297279099033725236e-02 -2.985446589817495777e+00
7.730713010641680683e+01 5.156262583589923398e-01 -1.204629726945149470e-01
7.836025388292867433e+01 5.762862082313693901e-02 -2.416196882928203227e+00
7.227319273378218156e+01 4.867933957046200466e-01 -1.774151310832920436e-01
7.092706441111286608e+01 4.153417101311556170e-01 -3.508557288895606252e+00
8.843489935771582111e+01 5.753742725292073645e-01 -6.541497085597995642e-02
6.952781237530878400e+01 2.743464774195993328e-01 -3.310598454234753074e+00
7.520084734963208462e+01 7.200035509752398255e-01 -4.550185871122154890e-01
6.542410147134147280e+01 3.464498618654907602e-01 -1.195742828245310196e+00
6.499124919703423586e+01 3.349931974356390452e-01 -1.504075610660013274e+00
8.055649619877240752e+01 1.695980279331464613e-01 -1.696460962846956244e+00
6.443680294054982483e+01 7.732418164130976379e-01 -3.505576711006999080e-01
8.834457840264019524e+01 1.762256024628605644e-01 -2.967831935893558981e-01
6.931469502565650487e+01 7.484080708140821159e-01 -1.313347269064688128e+00
7.759700951558903625e+01 1.534224192118501251e-01 -1.014313863864730464e-01
7.483856147990643137e+01 1.922754935933524978e-01 -4.952860439290581951e+00
8.519820438835158427e+01 7.117319925268870140e-01 -7.736857221378212746e-02
8.100918368578436457e+01 2.283489246092357261e-01 -7.998605724498766278e-01
6.145197209418793705e+01 2.369980848438665300e-01 -7.823810166832146917e-01
8.278095371455430040e+01 3.640119663939690026e-02 -4.091540446872626302e-01
8.086400543991197765e+01 8.195922325502602579e-02 -1.138834579587634011e+00
7.591240831639990461e+01 1.469383423243185265e-02 -9.611235593175013747e-01
6.773251047060925600e+01 7.594089390100889903e-01 -5.803575945781429546e-01
6.697645025717609713e+01 3.076249561372079167e-01 -2.624441093544760850e+00
7.173733384812010172e+01 3.720963148761906591e-01 -5.467410874273718191e-01
8.309633611572414225e+01 6.463637476496849610e-01 -2.447288787244953356e-01
8.030600050072411022e+01 5.037023341579861535e-01 -3.706007590588296652e-01
7.430782251119629223e+01 6.572882954205894190e-01 -1.169407477835576747e+00
7.950182773869960329e+01 2.950525576729969290e-01 -2.523232316884083670e-01
6.325351223938378098e+01 6.399950005264752884e-01 -4.637378739265031413e+00
8.464365499277221261e+01 1.358454519388110071e-01 -9.987458534773654417e-01
8.707833668240047587e+01 2.619196665034727034e-01 -1.354912311624986154e-01
8.915193722142983290e+01 4.664827978269242559e-01 -3.012166093920530807e-01
8.543610509747890092e+01 7.850975989261561594e-01 -3.735347732361396500e-02
6.383253758507466102e+01 1.720452553411687402e-02 -3.497171801291617393e-02
8.761187263919885027e+01 1.840384704178447128e-01 -4.541854133940516070e-01
6.624327176661140015e+01 3.617087313434221296e-01 -7.201867646852567084e+00
8.488603555894658825e+01 6.414153360094337897e-02 -2.057136694172041924e+00
6.971304702839127287e+01 6.523258902517951041e-01 -1.720437533667407370e+00
8.616012967600100581e+01 3.408101278976887194e-01 -1.381914902599697681e-01
7.549290784459415704e+01 4.493737921003779778e-01 -5.659359679456066328e-01
8.235641736107730537e+01 6.780068757783626054e-01 -2.576329409803872553e-02
8.394640245377343035e+01 5.760006225040461558e-01 -9.779682051354393613e-02
6.647786106621290969e+01 6.684055335754859328e-01 -4.811456386799870089e+00
8.784584147920079999e+01 3.845206004748860096e-01 -5.422976652547989440e-02
7.239815627446201063e+01 4.438512176934051867e-01 -2.755998775921059823e-02
8.884034991326738862e+01 5.486241634566347836e-01 -1.136250137844753150e-01
6.412125530018387565e+01 6.878552100583046336e-01 -1.757036125018818923e-02
6.093819025968639380e+01 1.207472462499047661e-01 -4.150073057492048023e-01
7.292115411245210055e+01 5.329255068306854026e-01 -1.534805317730499330e-01
7.786128359966239998e+01 3.594668343531327581e-01 -4.713589641932053320e-01
7.561236001015214470e+01 4.889469148012717814e-01 -3.571195683183068792e-01
7.133352333680433333e+01 1.020648462361820052e-01 -2.559788314090968964e+00
7.821932231365562416e+01 4.214542901879509973e-01 -4.824704559449684571e-01
6.735172797314965010e+01 2.108928181594854623e-01 -2.597551234438020273e+00
6.704267147771822977e+01 1.483532396243975870e-01 -2.771858336132323686e+00
8.581898677450131174e+01 2.989439141300205272e-01 -2.511103133599237869e-01
8.186073983527327869e+01 5.556566635574496926e-01 -4.493065865209946302e-02
6.262897503217209305e+01 2.915070232324540322e-02 -3.675434861553565635e-02
6.820412457971147546e+01 1.417984310774772841e-03 -1.071827292215080218e+00
6.362190093850637140e+01 7.617478791916614256e-01 -3.415307339836839873e+00
6.478996841115062466e+01 6.304705941257193746e-01 -1.043209919366459237e+00
7.054873367336226408e+01 2.530844952467534159e-01 -6.767374515140221369e+00
5.965685317639136542e+01 8.893966089153287902e-02 -1.906229024208155320e-01
6.054341785795779174e+01 6.013442950722927005e-01 -5.306428855944301803e-01
7.867519381434475179e+01 4.797364108009213174e-02 -2.502648193149188849e+00
7.369635490093025965e+01 4.564511133011359689e-01 -1.103340035106947781e-01
6.169048957561255264e+01 5.239775698503753576e-01 -1.538856323100897150e+00
7.002609793888736078e+01 5.074103260439826180e-01 -2.026633772943531753e+00
6.116790967314550898e+01 7.768404235580216310e-01 -1.025564895245877572e+00
6.205910250002204265e+01 2.163787629968250137e-01 -2.307913805854916234e+00
6.901518960917192658e+01 2.070468181286227449e-01 -1.687695390507693238e+00
7.984106646633847504e+01 6.183335841332378013e-01 -1.091337277679188707e-02
6.592921939156252620e+01 2.426639129472778489e-01 -3.234017443760528021e+00
7.664107276067524310e+01 6.957525638264692169e-01 -2.011604070831578550e-01
6.006518862742604625e+01 5.419836696200837078e-01 -1.515048716553855090e+00
7.540068619141102602e+01 1.709164661983394312e-02 -3.722011345989953979e-01
8.155589252510075937e+01 3.465337794687703976e-01 -1.108650065150917352e-01
6.330971481661546107e+01 5.206709066225739813e-01 -4.551536277719796963e+00
6.972761397213761825e+01 1.470117880680395506e-01 -3.320260724706749489e+00
6.848543774145468888e+01 4.135484734043336497e-01 -3.710110468677448869e-01
6.944948282055868560e+01 5.031469139181163341e-02 -1.715444767933296699e+00
7.597738906424712013e+01 5.769215364009293578e-01 -6.842664614783799948e-02
7.465381558025873687e+01 3.204713347167447712e-01 -4.310462074897473350e+00
7.281521731934390118e+01 2.411452121628487599e-01 -4.614433753902815738e-01
7.664806711556289542e+01 7.867966496542235788e-01 -1.577243492319960472e-01
7.495677732683320471e+01 5.909840428698996950e-01 -1.036383349066138715e+00
6.012446968965469551e+01 3.717819947449130802e-01 -1.089993747748281283e+00
8.042642978636411044e+01 4.552911341295282632e-01 -4.985245448985285988e-01
7.992807384784848068e+01 2.568473231337808915e-01 -7.098977708225743255e-01
8.296667893949674522e+01 3.976163517487198429e-01 -2.162746813732721041e-01
8.012888898518619385e+01 5.127379232197067926e-01 -1.495061259737386905e-01
6.148881392161203507e+01 1.248129174127495800e-01 -5.355271579865623632e-01
7.304176251684417309e+01 7.723252253519032884e-01 -4.470520703626289921e-02
6.088860099444086416e+01 5.469331075402199538e-01 -8.489118836243575439e-01
6.880928937759303210e+01 6.763519924482107315e-02 -7.656148870006155294e-01
6.566460946892546247e+01 4.952410755230293171e-01 -2.340015054703680875e+00
7.370700764482812417e+01 1.607068758253537011e-01 -9.435980049812906501e-01
6.014991440639010989e+01 6.539863354742341262e-01 -1.323099183729995687e+00
7.935681711921333203e+01 7.266941032524987243e-01 -1.193384202522876081e-01
8.268598811729091835e+01 2.006650887231248570e-01 -5.775797182665366042e-02
7.580698828450061910e+01 5.977749437196152593e-01 -9.526335149326321805e-02
8.542743168616001981e+01 6.076800853513281142e-01 -4.442824821857378065e-02
8.173430044047515253e+01 5.610780024662134213e-01 -5.225984740233510090e-02
5.979784119423552369e+01 7.995080829546137302e-01 -3.293630256221765418e+00
7.508463982077773835e+01 1.354463711286796046e-01 -3.067791738354576747e+00
6.765204175268688402e+01 6.171220810130400025e-01 -7.810286302936675362e-01
7.825532026827224286e+01 3.620814896016774967e-04 -4.892391941677204370e-01
6.834841626353994570e+01 1.587856393010701472e-01 -5.763176788822875762e-01
7.018729412148924496e+01 7.667705190927260883e-01 -1.582682956449730893e+00
7.207776204026086475e+01 7.439020431970013725e-01 -2.739913356950200440e-01
7.963392525183998316e+01 4.182769506044283769e-01 -6.765527562262614591e-02
6.476637155512142385e+01 1.814938411388327955e-01 -1.450579409688756094e+00
6.275177460804295038e+01 4.401600905823169763e-01 -2.020549915208424085e+00
6.343335951978347964e+01 7.064750532012255002e-01 -4.155222729061025966e+00
8.859269532695411442e+01 5.073705356292661506e-01 -8.028282518262354339e-02
7.071535721224317683e+01 3.800689580314629001e-01 -5.072828677335068370e+00
6.755680370940456214e+01 9.146209387781389921e-02 -1.517806403972187024e+00
8.755126497246402550e+01 4.329838507328833130e-01 -5.334376111686689459e-02
7.421139784749257728e+01 1.154109618812977633e-01 -5.877538758580338474e+00
8.715115264864375888e+01 4.787284496075787654e-01 -3.145252281287186369e-02
8.674054113012624612e+01 3.872695458232502386e-01 -1.048522829782285448e-01
8.465382042953046948e+01 6.659389937503430446e-01 -1.268303027145217809e-01
7.785838219440412900e+01 4.324958222854442813e-02 -4.415419180433792778e-01
6.804105439037141423e+01 6.158057642558365519e-01 -1.357042234765287736e-01
8.491668550360081724e+01 2.495693098678957167e-01 -1.293580057759902979e-01
6.722170854762531178e+01 6.325839222670334161e-01 -1.446987711983779068e+00
7.084965873330448005e+01 2.665834153301886444e-01 -5.735781016326799708e+00
8.574462644877274897e+01 4.257968944721873261e-01 -1.315375277692170108e-01
8.633512292517158926e+01 2.788265106946464233e-01 -3.267104453105775241e-01
8.203610949498113314e+01 3.662581554445188958e-01 -9.831996392753339364e-02
8.245036311277843311e+01 3.191849625119753675e-01 -7.539672539323533096e-02
7.176721139857259857e+01 6.951653998409998980e-01 -3.244608796306092668e-01
8.341886486200067452e+01 5.720668625302400834e-01 -1.526321544127527130e-01
7.680695268259142949e+01 1.030852025160850123e-02 -4.346988318310670563e-01
6.401239506046056249e+01 7.000877302189331131e-01 -1.407932733699708561e-01
8.080293660617221008e+01 1.884991712407921294e-01 -1.115533599066586667e+00
6.647837420756175675e+01 6.754785227306522311e-01 -4.795621882738244857e+00
8.815524335268004563e+01 7.825822214334854365e-01 -1.932312578045429496e-02
6.916558215602752568e+01 4.045651727665735553e-01 -1.830798511086212610e+00
6.228247771068731709e+01 5.340036087616002458e-01 -5.243816617916824185e+00
7.398491312915123785e+01 2.180101077887272309e-01 -2.476549351697934664e+00
8.437776211328555576e+01 3.597942686273894464e-01 -5.264830728028345452e-02
8.330647488065928030e+01 1.069329446919569104e-01 -1.017759486813145792e-01
6.442903081943603638e+01 7.484331347428254677e-01 -3.679207361518534447e-01
6.673716609688754886e+01 7.570185199959909017e-01 -2.078739386225157304e+00
6.302712428043942339e+01 3.338450636865256671e-01 -2.902456188592505093e+00
7.158104820104645682e+01 6.436693171818744785e-01 -4.877928510152340635e-01
8.609319317909273650e+01 2.152234939479179820e-01 -4.291745415124307295e-01
6.168060428269387785e+01 9.709222871769043750e-02 -8.315323516736589093e-02
7.908101528084711163e+01 4.820843825113586556e-01 -2.569719502522221921e-02
8.896600364109168879e+01 3.201182214101568058e-02 -4.289478244400193874e-01
7.765663096716092184e+01 7.320168213285951353e-01 -4.020129152699646324e-01
7.048615551891784037e+01 1.397751269279906283e-01 -6.533271365243556339e+00
6.530565367044432890e+01 2.387770916020198197e-01 -1.064201344762547352e+00
8.121035908372914491e+01 2.933986528821201367e-01 -3.642675700703081332e-01
7.836562809534544272e+01 5.759677478631439196e-02 -2.513953979927096682e+00
6.516492080703439171e+01 4.975242605140560714e-01 -1.157267691433737422e+00
8.413478567689497822e+01 1.701092788665992117e-01 -6.109298848786385294e-01
7.731938410204156753e+01 3.411008112600609210e-01 -2.292343445934213741e-01
6.602728243325422852e+01 7.932302118874276498e-02 -1.319621009415664181e+00
8.562133812830845159e+01 4.657599252510832288e-01 -1.091481835077845741e-01
6.048767141267970970e+01 6.311082467270703322e-01 -5.627334031220496691e-01
7.630005939587525177e+01 1.930349513925911642e-01 -7.441527396314859821e-01
8.926358618342695195e+01 5.362446992584496419e-01 -2.569795198719804219e-01
7.255906504903917664e+01 7.167560115282232136e-01 -8.785523852858796723e-02
6.622577548657247348e+01 2.259459681663393005e-01 -6.395198447196107416e+00
8.375878957780906831e+01 2.806241566167220758e-01 -2.930290477830298501e-01
8.786204808176159986e+01 4.626414782882198873e-01 -2.488328655336340817e-02
6.102730275597726717e+01 2.708316949807280244e-02 -1.701179030992823818e-02
7.866311616520039252e+01 6.871561975507660680e-01 -1.722571469556724300e-01
6.217610102606022338e+01 3.064739354336674659e-01 -4.305316010818291517e+00
7.340100014680524509e+01 8.082438974566164003e-02 -1.050894118658473264e+00
7.120935957727054699e+01 5.581271270814950336e-01 -1.057682191907114655e+00
6.382027782195095966e+01 3.038045367945105824e-01 -1.373998297071895580e+00
8.744887895121136978e+01 6.562242061048446651e-01 -1.611441453256326831e-02
6.991369803910245651e+01 6.575966649177574785e-01 -1.592792391229935767e+00
8.864793223807868117e+01 9.640605950026222282e-02 -2.745811103561313082e-01
8.597794130988714301e+01 1.445556468388183580e-01 -8.384012887040845907e-01
8.420428315377905903e+01 4.448851198212531166e-01 -5.429684743797679597e-02
8.134583644966346583e+01 5.530452289869586258e-01 -1.286311085463173395e-02
7.149013543892601774e+01 4.979527219418339312e-02 -1.803883461018993772e+00
7.911196978312301553e+01 3.056135461274176457e-01 -2.980599990099718211e-01
7.483154257190693670e+01 4.382895832675694492e-01 -2.047514923005149257e+00
8.384809257360184631e+01 7.003596245690714150e-01 -9.098087897653517331e-02
6.398213355957890514e+01 1.932742095116277425e-01 -2.131894012188599308e-01
8.468715541736570174e+01 2.856061359585846393e-01 -4.085963079890575500e-02
7.394985542144998192e+01 3.256223316744096818e-01 -1.340418262287786710e+00
8.802226144222137805e+01 1.743305527698278401e-01 -3.335146720398541320e-01
6.008370147181268095e+01 5.020078440884735427e-01 -1.365801250342805639e+00
7.987097383224011082e+01 2.517522651323004790e-01 -6.567749750890780058e-01
8.027466969495600324e+01 7.088446542726207777e-01 -2.195793416416207677e-01
8.921903690066241666e+01 8.035070395474971927e-02 -5.478243862168840489e-02
7.286805559505053509e+01 3.658817178916313750e-01 -2.783107295184951702e-01
6.850392648894397496e+01 3.294317122842647105e-01 -3.435353698712204085e-01
8.701875340212262699e+01 5.709069809007436547e-01 -4.963010486333986615e-02
6.916164947003866814e+01 6.896334651768556423e-01 -1.118505152841344330e+00
6.715780410400132894e+01 5.342789596780419537e-01 -1.661720742930536510e+00
7.702045548958230370e+01 3.978128211551790749e-01 -5.562892466887697784e-01
8.512522344857683265e+01 6.715398062098384413e-01 -9.959275799330261081e-02
6.560150172066097696e+01 6.027503552432635914e-01 -1.822647612911987958e+00
7.006445638782568608e+01 3.477370649517306789e-01 -2.838305267985151481e+00
6.442960652050774684e+01 2.057191672813822869e-01 -8.744218735036903833e-01
7.760491405847434976e+01 6.104057125226065583e-01 -4.273687395544684131e-01
7.066972951971737871e+01 7.357518597344169242e-01 -2.732419707406524623e+00
8.109891002699436058e+01 4.529364879907842867e-01 -2.508709418482480413e-01
7.817018978146546715e+01 6.834211875929978308e-02 -2.087489323364269289e+00
7.026848322592171314e+01 6.240637716493336873e-01 -2.433176959508928761e+00
8.644510878491286121e+01 4.029027727560429151e-01 -1.342466324523801935e-01
7.101432936058458267e+01 5.427596282096812663e-01 -1.955655460330207207e+00
8.747902455669809285e+01 1.252369180381071589e-01 -8.435129493116045873e-01
8.162883934091541960e+01 7.823516602610509629e-01 -3.442596602099247394e-02
6.159289139770044841e+01 5.887204990326071474e-01 -1.343605064789181291e+00
6.591013182211749211e+01 7.733738465206144719e-01 -2.856094954449731826e+00
7.567006527162023133e+01 5.802240478347617803e-01 -2.031085703759920313e-01
7.194360686573858743e+01 6.344445731950637546e-01 -2.431334558197925932e-01
5.967441811430717991e+01 3.843352595712186404e-02 -2.855615991944013832e-01
7.356166389415069773e+01 6.788239974584611147e-01 -4.834783442667447279e-02
6.253398143451821056e+01 1.658603004320111651e-01 -2.826364908995312675e+00
8.432699422405384837e+01 7.137522186400434565e-01 -2.389694609378262280e-02
6.463934586125176907e+01 2.397868301237709443e-01 -1.212505642087143398e+00
7.120249787631169625e+01 3.021466610409940801e-01 -2.334153991041602705e+00
8.350231855403467307e+01 1.410717316557136281e-02 -5.317992821174617746e-02
6.103540339212474919e+01 2.929193410690685284e-01 -1.077023258101620806e+00
7.543769584353621838e+01 6.203574030890854907e-01 -4.500629133710106755e-01
7.446285534027489916e+01 1.307147296790565627e-01 -8.162045409394714568e+00
6.694816272729590878e+01 5.188135151112670540e-01 -2.061016107301877121e+00
6.792259241121810476e+01 7.358324582561287519e-02 -4.881240403983508891e-01
6.090876034183920495e+01 5.245560173770751344e-01 -9.088067200282661240e-01
6.235291986192164870e+01 2.335663105618351887e-02 -4.096871317366557741e-01
6.209079158186439429e+01 2.757060980501332415e-01 -3.247475868234814822e+00
7.788662724933396930e+01 4.688982432165796910e-01 -4.713333215563398348e-01
8.763540411249674378e+01 6.853715239663872305e-01 -2.644939536768981664e-02
8.530489520741566878e+01 5.617296907298626740e-01 -4.659413322893236203e-02
8.830006747896257480e+01 1.395797272097934472e-01 -4.059041152842953748e-01
7.507075666066505448e+01 4.273710885380357927e-01 -1.223252422133414896e+00
7.924247626135587552e+01 7.931004947157591634e-01 -7.519571402523536618e-02
7.605419318773346049e+01 6.403267177362512719e-01 -6.273409929368391202e-02
7.346764815781902769e+01 3.550745769793897666e-01 -1.434737742385814863e-01
8.085695830612817758e+01 2.180193723680784457e-01 -9.743900954583729623e-01
6.768889160851394138e+01 3.146829150373623984e-01 -8.898447436494212326e-01
6.311051872464260981e+01 1.887532591478306987e-01 -2.613988903787046958e+00
7.250476423211655685e+01 2.268091374677629057e-01 -6.457893787704098443e-02
8.059929684357015844e+01 4.913588597290900473e-01 -4.802681915906593102e-01
8.327001421568606077e+01 2.577605666121508543e-01 -2.294800940064865569e-01
7.883545718126778468e+01 2.915104757467563285e-02 -1.845282820531560120e+00
7.734739861814952633e+01 3.829492230295543642e-01 -2.447522020794669073e-01
6.541781247677386091e+01 1.070093911618195670e-01 -6.606929284808586988e-01
8.631946664701183636e+01 3.866805507255436924e-01 -1.340775922024163846e-01
6.827609183217900579e+01 1.525095881722459135e-01 -5.914640963752181291e-01
6.050575241084940359e+01 6.082542010476288397e-02 -3.538260665807445027e-01
6.039516870690536621e+01 4.863786852387017579e-01 -5.515398133479024745e-01
6.300376548731626514e+01 4.781741262105319024e-01 -2.536633119979954998e+00
8.898899717556281530e+01 7.549151407307905792e-01 -1.131360490253626033e-01
7.221261421292742000e+01 8.984346157356216944e-02 -4.169804163115042872e-01
6.736179925210295494e+01 5.952793695196991752e-01 -1.477057805754578457e+00
8.275767285604547396e+01 4.436842830894274781e-02 -4.872971304377901602e-01
7.647464810276213143e+01 3.756599493034426529e-01 -1.279131928820057551e-01
8.274039887524551773e+01 2.475071856412448534e-01 -9.221777590198002028e-02
6.957674775065126482e+01 2.124066736676189504e-01 -3.529745481684653630e+00
7.667513975212250443e+01 7.228211867909295485e-01 -2.391728490352857672e-01
6.658263243455249381e+01 4.233574533401836537e-01 -4.478763105198482641e+00
7.421193631845392247e+01 1.125958283513858182e-01 -5.887157682319859475e+00
7.302444093862307284e+01 4.097739764780992111e-01 -2.002813985135202257e-01
8.561159553159761515e+01 6.519633388510764904e-01 -6.409083060299350376e-02
8.191893049434089846e+01 4.561355158694995748e-01 -7.094225717926824770e-02
6.608900422891917970e+01 1.764368540638595884e-01 -4.235097838090920774e+00
6.494733317354574353e+01 7.462095593266997451e-01 -9.546335498829003896e-01
8.224755641973348474e+01 2.652459922010427795e-01 -1.064409037411549602e-01
6.349352025517320186e+01 7.878173338715075413e-01 -3.909800422110729645e+00
7.856771292779120586e+01 5.119995102216521321e-01 -7.209450443247050755e-02
6.420620642928398070e+01 5.465648012884379847e-01 -4.635075709188397897e-02
6.883997464811648115e+01 1.474801474746340524e-03 -7.947388362925580374e-01
6.186573116623153368e+01 7.602820778612005004e-01 -2.418242350241630589e+00
8.683860245579427328e+01 3.425675262235596819e-01 -1.139287976881252495e-01
7.961420319951628244e+01 7.360339555030113168e-01 -8.029258306221172259e-02
7.324406021398559119e+01 5.172389387705594171e-02 -1.228642668952633965e+00
6.295200998534163972e+01 5.671873062790812048e-01 -2.130987159852636648e+00
6.505611929320919273e+01 1.595888967583696805e-01 -1.318373296969902464e+00
6.673102075743710770e+01 3.712585952588786653e-01 -3.352963376473522494e+00
7.510254197554318978e+01 1.732606572611779250e-01 -2.605582993131217329e+00
7.611281974453893895e+01 5.840801401602403464e-01 -6.365266004307917891e-02
5.987954942778493006e+01 2.108771734576861678e-01 -1.445502826107202043e+00
6.787540246881390260e+01 5.273546857320748904e-01 -4.624758980685922949e-01
7.683457229164990565e+01 2.566974572991645442e-01 -1.007546274203343861e+00
7.302487359250022791e+01 3.613038198240133281e-01 -2.573665630310223440e-01
6.665194797228667767e+01 6.192032675134315767e-01 -2.838773142296272312e+00
6.709351945801095951e+01 2.637463412959447084e-01 -2.569927426147506466e+00
6.004701531387416225e+01 2.695503172639341360e-01 -1.137280908068567742e+00
6.976315051843714343e+01 3.848392472819112675e-01 -2.588507507606217395e+00
6.793848526609441763e+01 2.652975520136827692e-01 -4.725174531422531854e-01
7.480681056025323983e+01 1.058381339849104735e-01 -6.269889367578181272e+00
8.116827990893722244e+01 4.874699435443458073e-02 -3.535123651158742497e-01
6.534780235574345397e+01 4.302634534947216705e-01 -1.131614753476940738e+00
6.475285058189625431e+01 5.441955025388771627e-01 -1.119236189323508324e+00
7.369607291478214961e+01 3.172640050776184828e-01 -3.267978648815737519e-01
7.217596173840730955e+01 3.025122184059725883e-01 -3.424963606455906362e-01
7.242983687382869107e+01 2.617630390492044490e-01 -2.029001378312392159e-03
7.066199935761075324e+01 4.645688067092504925e-01 -4.415353918497128660e+00
6.521055741111553061e+01 4.478799675945648318e-01 -1.160886375443610952e+00
6.019602820684396249e+01 3.551887442751378021e-01 -8.918419196739529875e-01
6.202393247968432632e+01 4.437335513164131773e-01 -3.339266280020332989e+00
7.074704901213999619e+01 2.213879558175570750e-01 -7.017486182436935671e+00
5.958061506156321485e+01 4.768510601427802809e-01 -2.807131514792513105e+00
6.169304080082451947e+01 4.573215767515212971e-01 -1.350487876274159893e+00
6.305003555266991100e+01 4.104248774923824894e-01 -3.290863560864260684e+00
6.328852053398180999e+01 1.949326631716486735e-01 -2.984939169238219225e+00
6.270495358989272461e+01 5.803322121655369870e-01 -2.213497290899267167e+00
6.448463447078854927e+01 3.058774346512006526e-01 -8.544876605376493517e-01
6.212816175692970688e+01 4.816549362811322066e-01 -5.095480079371358606e+00
6.483046218392863125e+01 2.702818304487370482e-01 -1.592195160969431589e+00
7.545404131870731135e+01 2.317533840968168668e-01 -1.089062199665154829e+00
7.617465485795446511e+01 1.078072015062242484e-01 -2.144760462314189375e+00
7.045550372629524816e+01 3.066050551481103170e-01 -5.792029057562960936e+00
7.586364228617433980e+01 5.943650915266854295e-02 -2.039553846677434557e+00
7.193475480108425302e+01 7.096495494041419327e-01 -2.304311151195246876e-01
6.342183349240151102e+01 4.240187097464249155e-01 -4.115871048619283989e+00
6.360573204676916959e+01 4.087934378870256014e-01 -3.588944418676622838e+00
7.088549705168577475e+01 2.939711137054176748e-01 -5.082025663947283611e+00
7.249740765710053836e+01 7.743746887369955534e-01 -7.617150500384504974e-02
7.137445859935770898e+01 1.703248370766695385e-01 -1.821825620165087534e+00
7.071594615135475692e+01 2.767888434447555168e-01 -6.503467943818363572e+00
6.731763275615537623e+01 1.352169026864016507e-03 -1.382868925529053161e+00
7.113577257554030098e+01 2.291534018693257291e-01 -3.340593810273446707e+00
6.209444130634957304e+01 3.037732116828083528e-01 -3.485754330249349664e+00
7.146551254433846623e+01 1.499896306181676409e-02 -8.950362726378774392e-01
6.505898222366677430e+01 3.666770114764379418e-01 -1.326770862761757153e+00
6.954998608025381657e+01 3.215039891986329335e-01 -3.017472551537166758e+00
6.670008499355304821e+01 1.977664632528441657e-01 -3.968296934077923943e+00
6.689147661608875239e+01 2.113919725105136149e-01 -3.162571673119976445e+00
7.017229051590088318e+01 2.137000900438709161e-01 -3.932984308182276401e+00
7.611844547814175144e+01 6.832198033929315351e-02 -2.692877102655475419e+00
6.607509909442117646e+01 3.344176636435601258e-01 -5.190533270331215476e+00
6.892779106435610004e+01 2.106234100154574795e-01 -9.896514058403022007e-01
7.047149372330136430e+01 1.066724369176805798e-01 -5.967386355383204943e+00
7.008141163724779688e+01 2.249915778528567556e-01 -3.599013466901087810e+00
6.973712205610949866e+01 3.375757303678774135e-01 -2.817054384593519423e+00
7.467595880584704560e+01 2.945562885015086119e-01 -4.563803191439807172e+00
7.088422739653454130e+01 1.237353539104431577e-01 -6.851523696477216596e+00
7.164999437628019052e+01 7.116482051538779163e-02 -1.451256481002341170e+00
6.419945117420459724e+01 4.469239217035486655e-01 -4.618450077953068639e-02
7.413284625472878986e+01 1.593579686643687987e-01 -4.508833341655582139e+00
7.057248577325992756e+01 8.565591119511831164e-02 -5.769574561909194266e+00
6.646100564468264338e+01 2.165485048899401521e-01 -6.233677989408569431e+00
7.002744833148440762e+01 2.614642109584854879e-01 -3.310930939024493647e+00
6.939090301740350242e+01 2.055486029452070484e-01 -3.633038398614869990e+00
7.578293870085956030e+01 1.157668673669963733e-01 -1.692534947326309602e+00
7.065848086111290627e+01 3.478238212153162978e-01 -5.760654891978655101e+00
7.641652118638592128e+01 3.081578060129185892e-01 -1.873961951253511893e-01
7.454119920957630541e+01 9.971673769189183523e-02 -8.770622016157242129e+00
6.470161115759525217e+01 3.633243956139074471e-01 -1.254842407615016420e+00
7.457967198750780824e+01 7.951530396098407949e-02 -8.360994401634094686e+00
7.479518382837073887e+01 9.070393930244186054e-02 -6.096999977416457384e+00
7.808453166256541067e+01 2.815646586630481396e-01 -1.017467043220213085e+00
7.818302461810850446e+01 1.404411906230997042e-01 -1.912476208875565131e+00
7.061384489517378427e+01 3.279806808484202890e-02 -2.250093607649413130e+00
7.052414395093684618e+01 1.690543135180009870e-01 -7.005704212748637083e+00
6.640940517608599691e+01 3.297618146824186636e-01 -6.916174527521533832e+00
7.865164460929187840e+01 3.026560824501005609e-01 -5.095009473871922046e-01
7.522267590223856359e+01 9.912460462598771116e-02 -2.415011427674532918e+00
7.742666915995135923e+01 1.244750163629946560e-01 -1.766322293598250048e-01
7.417759497644792077e+01 8.197825652280781028e-02 -5.234663779160676711e+00
7.445501112461838034e+01 5.669135218054995040e-02 -6.959061609212372268e+00
7.440519849968055155e+01 1.084559184673660054e-01 -7.909957251853703575e+00
7.112917051381165834e+01 1.058114498373986523e-01 -4.707140772306245502e+00
7.782371038783894335e+01 2.255136892474881027e-01 -4.390727626755271951e-01
7.837594254483248335e+01 1.446721294333784269e-01 -2.020413904402438288e+00
7.506356180538062972e+01 5.494105392476492794e-02 -2.330023292902352328e+00
7.733052031464187337e+01 2.324093469329180928e-01 -2.993363847938115829e-01
7.860179893387332584e+01 1.918807382298316488e-01 -1.360163501150936760e+00
7.030569121068680261e+01 7.819957850346095363e-01 -2.115995015355565112e+00
6.992863639408250265e+01 2.591251336586711806e-01 -3.218751754514804997e+00
7.750546301979835562e+01 1.522202710014047833e-01 -1.629673935809063112e-01
6.589385609303153046e+01 3.854434267200206321e-01 -3.397993145497014922e+00
7.558262036228592251e+01 2.949917760185858384e-01 -6.977487668379657171e-01
6.075400167917074157e+01 7.018262664021461816e-01 -7.042131502340510663e-01
7.459123599878793698e+01 9.620876644832150604e-02 -8.708614413831723411e+00
7.444015808883105478e+01 1.033657965213671120e-01 -8.327969946507502996e+00
7.418292261009975164e+01 3.409505033502918930e-03 -1.580955232608327876e-01
7.998795805511588242e+01 8.568804936561898178e-02 -3.021882532675721489e+00
7.458523365290156448e+01 8.236855896864005155e-02 -8.444726093569805414e+00
7.456880926178972402e+01 1.797377448611238993e-01 -7.657147085333190439e+00
7.442335512231086625e+01 1.413467371256399152e-01 -8.000154769643048169e+00
7.505466873345569923e+01 1.502838755484472433e-01 -3.000182710330474567e+00
6.591838334921625631e+01 3.155073271316913841e-01 -3.404782128232731520e+00
7.463938037274782289e+01 1.114703582275743954e-01 -8.570320478435553113e+00
7.431908701333249212e+01 8.450687727743852462e-02 -6.704834247172182238e+00
7.448792388738257841e+01 1.205225572971698189e-01 -8.586539958467406919e+00
6.574874670594361703e+01 2.819594091520753465e-01 -2.429616198470353261e+00
6.618842309468992369e+01 3.509297387464729301e-01 -6.582537440705928056e+00
6.105312976230937494e+01 5.556169084518941537e-01 -1.136291197824173427e+00
6.080805377135018830e+01 5.655049677897309168e-01 -6.848404112076946770e-01
6.631750604919483294e+01 3.462876985133516161e-01 -7.326529186595464260e+00
7.427420228314520045e+01 1.228838656131144291e-01 -6.321192001664074134e+00
7.479098005788081593e+01 1.198753816651239312e-01 -6.298226866452853123e+00
6.073510630470687488e+01 5.788635526599505976e-01 -6.089588380535121415e-01
6.137533178323921845e+01 5.811612339250018522e-01 -9.062017123936885188e-01
6.674283355280603303e+01 4.572861726161592810e-01 -2.890518441796627425e+00
7.461113489755089745e+01 1.342201573578181428e-01 -8.398106133119949135e+00
7.434931559932911682e+01 8.949465539828366234e-02 -7.301054134296284914e+00
6.479029634216811928e+01 7.319054870799637236e-01 -9.502747303174915450e-01
7.451680611055527947e+01 1.214615195215678622e-01 -8.740878453136145865e+00
7.462612426014769085e+01 1.091116281391133480e-01 -8.568580880288086732e+00
7.447528005255691141e+01 1.096922793100043592e-01 -8.642175341028361046e+00
7.454751610509805460e+01 8.011810647150417741e-02 -8.423005692907176822e+00
7.460950779971449265e+01 1.479990783120479492e-01 -8.184134615064099449e+00
7.458308339863131664e+01 1.123079983397832771e-01 -8.776302248909596315e+00
7.467124225248562652e+01 1.630004749339067360e-01 -7.581357832903469429e+00
7.448728073998739774e+01 1.256418430458119406e-01 -8.536189088992655272e+00
6.656796710752736601e+01 3.410084246728217749e-01 -4.723374215017370759e+00
7.447882927200161873e+01 8.307543426096097861e-02 -8.366774621567422798e+00
7.463595212953077862e+01 1.496966426056825783e-01 -8.157341266056413076e+00
7.457284376645398538e+01 1.347931008855228208e-01 -8.576753695346820194e+00
7.466126345225625016e+01 1.224198254841940420e-01 -8.145992679031641259e+00
7.458918225036735805e+01 9.332988659900924577e-02 -8.671441232902216356e+00
7.443594652153683455e+01 9.275179900944668931e-02 -8.247045203220880083e+00
7.446590167867965704e+01 1.506542557084902811e-01 -8.130652846925215727e+00
7.464314193286939769e+01 1.825052409703836198e-01 -7.174692891731416111e+00
7.435179044897382994e+01 1.057989267749178952e-01 -7.419715114458492522e+00
7.459246140617156584e+01 1.714328791642638350e-01 -7.708112964517301435e+00
7.469674897936987179e+01 1.692601054164497576e-01 -7.013705859931870457e+00
7.440670960472714057e+01 1.000563775749188089e-01 -7.891504279418863455e+00
7.456286569889861937e+01 1.725385679579478360e-01 -7.828216374232805030e+00
7.465775196552311854e+01 9.580004155475385641e-02 -8.080318197010901926e+00
7.469248730771674616e+01 1.379821267721166311e-01 -7.489549965520882147e+00
7.455087673425229866e+01 1.597582374132523741e-01 -8.115453128261238547e+00
7.453184093671984556e+01 1.368880863408657722e-01 -8.548685774274154880e+00
7.463325954905241133e+01 1.419319268232825948e-01 -8.289099421248097954e+00
7.451211578297566973e+01 1.139386101935004891e-01 -8.628911333130645289e+00
7.453781968167329808e+01 1.272531596840518198e-01 -8.682536420615049266e+00
7.454651266519270791e+01 1.152040444924396501e-01 -8.784361069597483862e+00
7.459165344496429384e+01 1.271004128626700425e-01 -8.676198974062218738e+00
7.447703618904165523e+01 1.313639761671561990e-01 -8.464439592451178385e+00
7.457063404622323333e+01 1.176228731569147201e-01 -8.754265619301550672e+00
7.440703826583580849e+01 1.492254948067479603e-01 -7.449978561210191863e+00
7.455172149671832926e+01 1.048965170469912667e-01 -8.796727221732671964e+00
7.461333429939594453e+01 1.487239573121116876e-01 -8.171771183974126274e+00
7.458399318256323340e+01 1.154771613537974723e-01 -8.765980836730891568e+00
7.444424703758421913e+01 1.333478235869319517e-01 -8.126259774847161665e+00
7.441663893693592513e+01 1.082518449271145933e-01 -7.908984635420373444e+00
7.462290383399252391e+01 1.078568254163292939e-01 -8.566396623840072166e+00
7.454168216818619896e+01 9.664828956475950139e-02 -8.743776629738292172e+00
7.449322201937791021e+01 9.918634938745259089e-02 -8.613985619415435835e+00
7.461920593542727431e+01 1.293989235503351376e-01 -8.457139752883040984e+00
7.450835130494542113e+01 9.794103424825530146e-02 -8.603912151567415734e+00
7.464006827033399816e+01 1.531962223257236355e-01 -7.756080133534256404e+00
7.446884291715247173e+01 1.163311990222714309e-01 -8.616936909210487272e+00
7.450548084758591472e+01 7.956029290729958736e-02 -8.270730739343518323e+00
6.686382288985829803e+01 2.489999496576798532e-01 -3.098904149378292061e+00
7.467183341921909800e+01 1.201482686144589307e-01 -8.160315655564843951e+00
7.449691158129058977e+01 1.382066120534146403e-01 -8.360526879797296473e+00
7.454866399160958679e+01 1.196946148031623330e-01 -8.756430039161166690e+00
7.460953159779975863e+01 1.495396625889973963e-01 -8.156600764995632247e+00
7.457898928908528546e+01 1.124863715417219745e-01 -8.775617911452016529e+00
7.450920881210575430e+01 1.045730445647863327e-01 -8.639204575408047759e+00
7.443754701294817266e+01 1.270010168782568505e-01 -8.209733239179989539e+00
7.448933422274203053e+01 1.286923514274327940e-01 -8.499823598956091075e+00
7.454332923275920564e+01 1.163118774868567434e-01 -8.778508762676715094e+00
7.446522208508753238e+01 1.314044857929672072e-01 -8.152646758476157274e+00
7.462500736098179743e+01 9.343432839277253377e-02 -8.449454455709744849e+00
7.444272745476250464e+01 1.260950892742218332e-01 -8.219929638092192903e+00
7.453201926990301729e+01 1.082833133315451168e-01 -8.801064968468816474e+00
7.456258294177560231e+01 1.292354413790501311e-01 -8.649279066683881467e+00
7.441203913087782951e+01 1.116526321763475771e-01 -7.902964650520202028e+00
7.458901009852235120e+01 1.070661072045383522e-01 -8.778097331201118791e+00
7.462992203456734330e+01 1.096629805154129278e-01 -8.569413108893281006e+00
7.462018058950539512e+01 9.005508042480138420e-02 -8.392719975721604442e+00
7.455369115509002143e+01 1.115498550072243911e-01 -8.797799640879715000e+00
7.460540044671799365e+01 1.202377047547796701e-01 -8.535352049374454353e+00
7.450599469551436016e+01 1.137035776687286975e-01 -8.630012568947464047e+00
7.456635361669476936e+01 8.814004556168097970e-02 -8.581358687355143289e+00
7.458220557609912760e+01 1.031357502644862922e-01 -8.764523478962336966e+00
7.451285395909233955e+01 1.241801089854644158e-01 -8.715128524779020225e+00
7.451987950803587069e+01 1.362344465327414711e-01 -8.558381905449589766e+00
7.460044041130328196e+01 1.318524730952584656e-01 -8.426509368383467091e+00
7.464094412189180616e+01 1.141498185914039259e-01 -8.566219067317756952e+00
7.450002986765120738e+01 1.133460336569997451e-01 -8.631576007881722745e+00
7.456727056953958765e+01 8.118738650428358739e-02 -8.411186201077946123e+00
7.463951916668250419e+01 1.215231343689455318e-01 -8.530753612220269844e+00
7.455663522894089112e+01 1.213091450717658087e-01 -8.728126979552765619e+00
7.462727085894572099e+01 1.038980783332631996e-01 -8.552787479840517904e+00
7.448895121067458547e+01 1.057148832005888051e-01 -8.641960997268300915e+00
7.453219263052885424e+01 1.205636761636448978e-01 -8.748995441911187498e+00
7.460871717192807751e+01 1.085233192587434781e-01 -8.566116482160760270e+00
7.455230619737496056e+01 1.164500164117845404e-01 -8.778029154740027096e+00
7.458156818765311868e+01 9.605575742377042703e-02 -8.706443610290925506e+00
7.455174496254424810e+01 1.000362688578322889e-01 -8.773028067443172873e+00
7.451725379605795752e+01 1.149690425589263293e-01 -8.784570136115824823e+00
7.453470329599468869e+01 1.021199323949011639e-01 -8.785457702534515079e+00
7.448969806818699624e+01 1.291796908503766994e-01 -8.493608951731427936e+00
7.452471314987216999e+01 1.186154923452776289e-01 -8.763453860651038596e+00
7.453612517625342093e+01 9.098103836316184800e-02 -8.669410879462986941e+00
7.457145384344201489e+01 1.112886070534574445e-01 -8.777392901513604073e+00
7.456577010238207492e+01 1.287938682863355166e-01 -8.654794928091954276e+00
7.457710327513242987e+01 1.229665976465588173e-01 -8.715891542519356605e+00
7.459732547053316409e+01 9.122795522875162821e-02 -8.639135239718907400e+00
7.463876530554713895e+01 8.404813337020217157e-02 -8.261104326197575176e+00
7.452619762072434639e+01 1.081909228973923220e-01 -8.800920759766807322e+00
7.447009823499431036e+01 1.200453557842893759e-01 -8.590615186596771480e+00
7.456056789660013351e+01 9.297702717541957151e-02 -8.699417046585042002e+00
7.462601042019824149e+01 1.237206948196292178e-01 -8.512499169636431162e+00
7.456196720657568733e+01 1.096945695078160726e-01 -8.778200175668260385e+00
7.458228116810749952e+01 9.378172045056516748e-02 -8.677557908801126985e+00
7.455574331792239207e+01 1.065314802349552892e-01 -8.800275881148918344e+00
7.458645356320870690e+01 1.181181400032214612e-01 -8.752568504613510214e+00
7.456399930126922015e+01 1.067967012689819417e-01 -8.776069513153974100e+00
7.452290444480735232e+01 1.071516696623578541e-01 -8.800310105901640867e+00
7.456646254806810248e+01 1.087048348560043370e-01 -8.778450907883140530e+00
7.452011669048540909e+01 1.166332827211215561e-01 -8.775923754250159803e+00
7.451803814739477616e+01 1.108033372048851661e-01 -8.798410142820841884e+00
7.451356893690569905e+01 1.033841437670804941e-01 -8.635539271163526820e+00
7.458957955394190265e+01 1.110100568135017896e-01 -8.778984842837942892e+00
7.456049782241956336e+01 1.079369238648785478e-01 -8.777522487883503644e+00
7.458945047517688920e+01 9.512983035021821410e-02 -8.695632410925400180e+00
7.453702818974977617e+01 9.393147723612368938e-02 -8.712287465263027997e+00
7.452244436829323604e+01 1.187886619901304813e-01 -8.762156538830090824e+00
7.459091991981269132e+01 1.226744541431881719e-01 -8.719534251512778056e+00
7.459459730382248210e+01 9.833802073786475362e-02 -8.730895149697754931e+00
7.453692210082454039e+01 1.162014510964017450e-01 -8.778908492170078404e+00
7.452954771848754945e+01 1.076443074465689709e-01 -8.800819943704597748e+00
7.458022583409548645e+01 1.041954565031973784e-01 -8.769241846572109367e+00
7.451874758920487807e+01 1.122388385541738948e-01 -8.795023214698218794e+00
7.457518971351098003e+01 1.177668236865745260e-01 -8.753783709810733171e+00
7.459430545154867787e+01 1.209915173822863621e-01 -8.733542421137796552e+00
7.457894887361312897e+01 1.133183966320515657e-01 -8.773435607216653054e+00
7.456458528136494124e+01 1.191185642145469042e-01 -8.744633489427558359e+00
6.021593150272701678e+01 4.980714263208747550e-01 -1.006095662477137553e+00
6.002769659968718230e+01 1.395284763300743969e-01 -6.633811039876327253e-01
8.076918945623715729e+01 4.204728562051061047e-01 -5.727613516930148974e-01
8.291970578025667749e+01 6.360522257894588583e-01 -2.079778968258111649e-01
6.902601990497146289e+01 5.566425589319095035e-01 -9.052110561030480840e-01
8.144314989041509989e+01 5.730655578388258453e-01 -2.343074326391351991e-02
6.196505251510493650e+01 4.008915127185173066e-01 -2.395482412924485605e+00
6.229883958366458074e+01 1.119680218138816019e-01 -1.410516122672200501e+00
8.639611703761971739e+01 1.833200543320838427e-01 -8.226294036413553945e-01
6.266991869297519457e+01 7.727616361781836085e-01 -2.139408622833993245e+00
7.878068050425022761e+01 7.527852598369655368e-01 -1.696759509851703263e-01
6.841410520674027396e+01 2.154335576370166455e-02 -5.695673708385218248e-01
6.935212767599695383e+01 2.991705858957018349e-01 -3.138356628966918471e+00
6.607720762541038084e+01 3.463814615276884085e-03 -1.163479460720329817e+00
6.544071633006110744e+01 5.675972512082597676e-01 -1.174320555440959035e+00
8.519916975936396852e+01 3.533610974480645428e-01 -3.866262915834906694e-02
7.905321536089942924e+01 4.944869168274637072e-01 -4.157299160718650605e-02
7.217795991525656518e+01 4.521435467799463925e-01 -2.799553179101926803e-01
6.084390928430730128e+01 4.750906623189765643e-01 -6.978057317373278501e-01
7.030462953527825221e+01 9.254775067652355747e-02 -4.161984480843442746e+00
6.428452733408995812e+01 5.162301079915313506e-01 -1.503024194844093109e-01
6.652604165443371187e+01 3.132199157707293152e-02 -2.773139475571778645e-01
7.823063450020141829e+01 2.502565627700737982e-01 -1.038742574788727779e+00
8.836882133494327718e+01 6.510109201481258934e-01 -5.276789640230496181e-02
7.581114515170021662e+01 6.804445826902023597e-01 -8.615802126874365363e-02
6.472923266310441193e+01 3.974189668412732579e-01 -1.275356438891422250e+00
6.989645148916680739e+01 5.908644848285139473e-01 -1.760678171576202766e+00
7.667353848014086282e+01 6.307824529092942445e-01 -2.409625399596264372e-01
8.717677986114780708e+01 6.456844958189719708e-02 -1.393728547265573825e+00
7.928123297207730502e+01 2.184015378860485468e-01 -6.696014141114661200e-01
6.120512754617979567e+01 4.564237661636194598e-01 -1.130566745324795619e+00
7.389367941780260196e+01 3.897416446264238554e-01 -7.328332707416351788e-01
8.907287447858297469e+01 2.795270597196260476e-01 -3.853207635641313078e-01
7.836600454617449429e+01 3.661502385896496792e-01 -2.520548207117750406e-01
6.343824473357992844e+01 2.055221131159879477e-01 -2.936900076509199931e+00
7.739808361961269156e+01 7.325105608018495085e-01 -2.425358565762342211e-01
8.022047569066209860e+01 7.240630879973499745e-01 -1.724166558189707821e-01
8.251003180364686784e+01 4.112184330733404392e-01 -9.168741087791916489e-02
8.168367761049155718e+01 1.021396990194689547e-01 -9.758185813791231400e-01
8.870380720205861280e+01 3.208930288816823628e-01 -1.740988635318358735e-01
8.512223506631332270e+01 4.345615897408914297e-01 -2.460669957230450511e-02
8.775919581709574402e+01 5.988921404317911756e-01 -2.631978494431923277e-02
6.065810252883815679e+01 5.058539194102887881e-01 -4.761455578864920435e-01
6.378311587205337219e+01 7.788686317091384481e-01 -1.924221343825855302e+00
8.224730525567433403e+01 3.703070790543518953e-01 -4.096162706816858928e-02
8.793651914277020865e+01 4.436267964452579315e-01 -2.270661361631830591e-02
5.976095332233569479e+01 6.998245149120403408e-01 -3.365591326032561170e+00
7.134635694062579603e+01 7.962034630100283117e-01 -4.060001963443662931e-01
8.740384218563123397e+01 7.450285613711324917e-01 -1.329308112449855556e-02
6.515189604213239249e+01 5.782578109369035380e-01 -1.114969871455532502e+00
7.328720410438953081e+01 1.202263074823440303e-01 -1.129919671187969099e+00
8.688352890420729580e+01 2.371101861993865079e-01 -2.367190299700903389e-01
6.576391132692847918e+01 3.089136112162275127e-01 -2.661778699904591594e+00
8.586272092793905131e+01 2.259698501121676917e-01 -4.101741251262411292e-01
8.448062625181626117e+01 5.295249259865397740e-01 -6.668222493460727873e-02
7.314164321761653298e+01 2.444329202328937023e-01 -5.677013120311569239e-01
6.450943228111486860e+01 2.108135967277082745e-01 -1.032703153157710219e+00
7.062445569611526253e+01 6.009626101378197083e-01 -3.558487227046590373e+00
6.754484995856599028e+01 7.675654322126868045e-01 -9.927522186645479918e-01
7.485114974665602006e+01 4.642103486289661518e-02 -3.700973513139887316e+00
7.532797415888987302e+01 2.638788492186232570e-01 -1.287903792399850200e+00
8.619920112239367427e+01 7.361869378659003926e-01 -2.871599756177942511e-02
8.003180157187995292e+01 8.124280377629577998e-02 -3.120303178659465715e+00
6.295152810585761927e+01 7.145216787726624830e-01 -1.975635832690674221e+00
8.392713178461143286e+01 1.179611335343514443e-02 -7.865669970623155594e-02
6.997829264271254601e+01 2.926770042837294472e-01 -3.079162217301555593e+00
8.478048552239638980e+01 1.960475068106879437e-01 -4.148031209601060199e-01
7.099878622701416475e+01 4.913247076626039989e-02 -3.810714447220735046e+00
7.955213475323402861e+01 7.595430893444764242e-02 -2.226006804116808624e+00
7.176718012215856390e+01 7.106028946303113436e-01 -3.211300754941242563e-01
7.683280146870656324e+01 3.136227921357350734e-01 -9.006727290641021177e-01
8.198324131210517862e+01 5.431818743388586723e-01 -2.761152167855885839e-02
7.167630399082189285e+01 5.516387416327465099e-01 -4.731242716031054396e-01
7.599575390028832089e+01 3.486469242970548499e-01 -3.289770484893214664e-01
7.460033783084335823e+01 6.734325314215606761e-01 -1.131291490797037058e+00
7.248371862588805925e+01 1.617143171858048678e-01 -5.366074998640645022e-02
6.816726360447763966e+01 3.361161792590636743e-01 -1.438336195237804316e-01
6.766756208820001461e+01 1.311527802884202287e-01 -1.132890272201377169e+00
6.138963683161996698e+01 7.852743734542114717e-01 -8.698504302766039142e-01
7.517783589034527836e+01 1.917574457057975579e-01 -2.084303157478692103e+00
8.308895993138253289e+01 4.271598918299830960e-01 -2.628196530588093882e-01
6.721014741082004207e+01 2.650449050463336564e-01 -2.539093997326078433e+00
6.669215847189472868e+01 1.140623975742849350e-01 -3.570040731438969051e+00
7.633285217247943422e+01 3.787846491758913026e-02 -1.440497270673386510e+00
6.177540569432700579e+01 4.861062561791964498e-01 -1.582110650269612284e+00
6.949827238563371168e+01 5.244943440136184964e-01 -2.088884358425763921e+00
7.277526420949409669e+01 6.223559919858477896e-01 -1.765826457029950336e-01
7.425405988486232900e+01 6.959222752595777273e-01 -9.110434548471426641e-01
6.616011142796851630e+01 6.285681879248231074e-02 -1.095721092131034080e+00
8.336477674578452479e+01 6.475462246703913571e-01 -1.717002594392190162e-01
8.064962799946387406e+01 1.493741762900377690e-01 -1.583181567694082359e+00
8.100932649511864270e+01 1.591504067612733719e-01 -8.970448340406020904e-01
8.893039976994531060e+01 4.719036675272210157e-01 -2.190869894322563516e-01
8.551642299934606228e+01 3.289343935545209763e-01 -2.249925786707700492e-01
7.365537194373683860e+01 3.831275514315091169e-01 -1.474374941195254196e-01
6.333869770300809421e+01 1.758168146967308276e-01 -2.608728407099818014e+00
8.422170220324454704e+01 6.650918826269760498e-01 -1.250097473915596016e-02
7.712065304506224095e+01 6.152698296242805620e-01 -1.036450605579038731e-01
6.861297202689007690e+01 6.563336424066036345e-01 -2.754562027069062946e-01
7.793819147033366335e+01 2.833835151051611323e-01 -7.677634290578464471e-01
6.387897501846555315e+01 7.813981817438105104e-02 -5.085186449453276136e-01
6.258457994779338662e+01 3.060040274742373279e-01 -3.154624747169322951e+00
6.630870025277215518e+01 3.006687371147589438e-01 -7.265997597282312981e+00
7.423637168438494882e+01 1.277882375185719066e-01 -5.789434944721009835e+00
6.608231109814701654e+01 3.527865730138871059e-01 -5.174677009555842311e+00
6.685470413086322594e+01 7.244288094040127746e-01 -1.907322247435582652e+00
6.307257310075317491e+01 5.919100750555262094e-03 -1.104255890032609821e+00
6.618507525040227790e+01 7.240952679969439032e-01 -5.744791751421753467e+00
7.260968348997931798e+01 4.242760071431889157e-02 -2.433961987085667134e-01
7.693745968832610060e+01 4.786971067475877945e-02 -7.713996181924568374e-01
7.377922639588733489e+01 1.303496372601940789e-01 -1.694164859437861992e+00
6.633921666129320727e+01 3.627834199196484644e-01 -7.325132227346089486e+00
7.442494800645977193e+01 1.126256155186453195e-01 -8.324557533799600506e+00
7.461009967695882494e+01 1.390798169174536358e-01 -8.329932778988405673e+00
6.706557628589338549e+01 7.189868574437757731e-01 -1.415605523767578644e+00
7.425611605758113853e+01 5.938914767082095758e-02 -4.983851502031450664e+00
6.933627272062669533e+01 2.244355466323148252e-01 -3.466204202692425351e+00
7.458006044093635012e+01 1.158716690405179328e-01 -8.763946976365806663e+00
6.640039229189632408e+01 7.342746937701001286e-01 -5.637020960465219055e+00
7.476639595334268051e+01 1.245585023191517759e-01 -6.981629115858364543e+00
6.653190132771395326e+01 7.088885051690350103e-01 -3.711219021324962508e+00
7.383023898949970487e+01 1.363935593076396890e-01 -1.985479717530157284e+00
6.789917193121689820e+01 4.480238994573740863e-01 -4.270999283688360348e-01
6.276653101974665105e+01 4.099498278057882306e-02 -2.492036619470928693e-01
6.703674959321590165e+01 7.295139505940868574e-01 -1.471364466268825000e+00
7.490216448937300697e+01 2.315852353019428600e-01 -3.479543028177858766e+00
7.446619861606021118e+01 1.197654521625645396e-01 -8.280088471030683905e+00
7.437611109414379484e+01 9.797808273280984859e-02 -7.386362131424709432e+00
7.458417850996802656e+01 1.082390339184446798e-01 -8.779292315291769455e+00
7.453690445701153067e+01 1.405316961832811518e-01 -8.488769329632054550e+00
6.629419398307025801e+01 3.649454235153197779e-01 -7.332292550768270800e+00
7.445352883084680684e+01 1.338577856286954915e-01 -8.118481071230846169e+00
7.542545161698184586e+01 3.462216405911119985e-03 -1.620360050828691459e-02
6.637761104757683484e+01 2.917519848567345364e-01 -7.116291424460824189e+00
6.637704169577479263e+01 3.591561876257594044e-01 -7.179259910520762844e+00
7.465540336421759093e+01 1.441482552746203571e-01 -7.905450513093686737e+00
6.633615307352231127e+01 6.585507464445323755e-01 -6.455983195697380772e+00
7.479978959529876192e+01 8.147208905212591223e-02 -5.901944667472316830e+00
6.635539947314263998e+01 3.932980237557803793e-01 -7.144304398861258676e+00
6.644198961155152006e+01 3.836917206520511492e-01 -6.494335103521768460e+00
7.522395589005955685e+01 2.349352778653408524e-01 -1.676067961490924407e+00
6.657873157247422569e+01 6.590999484552818588e-01 -3.389103127167901963e+00
7.464865269743995668e+01 7.481288007444250598e-02 -7.966929042321480914e+00
6.640319806483735476e+01 3.514390506123987734e-01 -6.910790282061333833e+00
6.648324671202638569e+01 3.997023171694988886e-01 -5.507559324104764009e+00
6.652092788564350201e+01 2.848623632996029054e-01 -5.706090477058023858e+00
6.642619364035849117e+01 3.058325777823866498e-01 -6.552793640790101293e+00
7.449095346531628081e+01 1.600025366992127163e-01 -7.932819693798337291e+00
7.393464698004993352e+01 7.114072014525085925e-03 -2.913320959942081179e-01
6.633263990902257490e+01 3.136324451986521322e-01 -7.295490993326523288e+00
6.608235013404612346e+01 6.669669371139730352e-01 -4.589679377209813005e+00
6.588712511952186901e+01 6.566373280664217216e-01 -2.960074671862183315e+00
6.576887241502906534e+01 6.051963088685813341e-01 -2.736869923601762622e+00
7.458705788337718445e+01 1.409896992830457774e-01 -8.481623971356578195e+00
7.466648634238684679e+01 9.324838046186778584e-02 -8.044874336511927737e+00
6.633821377560686017e+01 3.561074037923422919e-01 -7.327250184923025600e+00
6.584368594818474207e+01 6.309446695087755907e-01 -2.909173983182201884e+00
7.457449087831764700e+01 1.528284611195229736e-01 -8.262006246639188589e+00
6.632193520683389920e+01 3.894137188399361960e-01 -7.301327546289519077e+00
6.596090135372402585e+01 7.016655330208595442e-01 -3.352516279027490054e+00
7.464894741895837171e+01 1.628792512460780773e-01 -7.579866342162606685e+00
7.441839025387247375e+01 1.308818796242425253e-01 -7.742203756776856238e+00
6.612438124469268530e+01 6.800070718704802619e-01 -5.017812576445864536e+00
6.610206101384751776e+01 6.158027870834299478e-01 -4.784946213402561099e+00
6.603131200507054643e+01 6.597262840643778326e-01 -3.775858796857905375e+00
7.437303669597048383e+01 1.008703047681995812e-01 -7.403281716684946723e+00
7.443715124458711330e+01 8.738720430484991919e-02 -8.163997833811965421e+00
6.635710251966169437e+01 3.496722367613682714e-01 -7.181402016275197475e+00
7.385326829959470274e+01 2.562733678323148023e-01 -1.133288048511224222e+00
6.600433999976338839e+01 6.737366574130100316e-01 -3.733901718914550472e+00
7.450716301657172380e+01 6.670738820192372021e-02 -7.775016220453738747e+00
6.620993426107621360e+01 6.713785790965874911e-01 -6.270994145926230168e+00
7.239410689968356394e+01 6.466945894914455373e-02 -2.391576508918010768e-01
6.591670483431727234e+01 6.650021585447811745e-01 -3.058309976729154833e+00
7.440526230143375130e+01 1.273003152079308087e-01 -7.786869774857465565e+00
7.459233616765247632e+01 1.357146266017883185e-01 -8.565077496047475591e+00
7.448393872372436419e+01 1.336356699588720220e-01 -8.431955548596896222e+00
7.452362007182722436e+01 9.942112991961904456e-02 -8.768238624326766484e+00
7.453284305875871496e+01 1.214875923511616468e-01 -8.741258927563706038e+00
7.457438733885851434e+01 9.219625314811737138e-02 -8.653940591628490608e+00
7.454118998247513161e+01 8.543691245607187845e-02 -8.561957171643541642e+00
6.630570993239268773e+01 3.575289966222414684e-01 -7.335156133190448458e+00
7.445039346445810224e+01 1.268763243361359927e-01 -8.210617668839709893e+00
7.449857050658538071e+01 1.391932287884551089e-01 -8.344104058472893826e+00
7.460983049200203254e+01 1.025787737352881202e-01 -8.543648613232999622e+00
7.436551060908190891e+01 1.239535293116092868e-01 -7.335908505458322182e+00
7.442279249701374511e+01 1.144610427458602753e-01 -7.890979627808809127e+00
7.456025377351681982e+01 1.460949727544242627e-01 -8.389818820076136774e+00
7.464065992098313984e+01 1.495744821881531961e-01 -7.817484206146651182e+00
7.454614002705700671e+01 1.545918937287993900e-01 -8.218895900124255860e+00
7.463216980370037845e+01 1.514585187720428050e-01 -8.124548157634778889e+00
7.462590120290258255e+01 1.192888396505171339e-01 -8.543366655330126846e+00
7.471362283426827844e+01 7.816751154885709374e-02 -7.138979304785667779e+00
6.627336854844841696e+01 3.266719314632129945e-01 -7.189654924459872198e+00
7.439873550598942131e+01 1.313693273520973592e-01 -7.737523534831884042e+00
7.472760072272191678e+01 1.248413494529717477e-01 -7.611314039014764887e+00
7.450336671889375850e+01 5.971756025346389163e-02 -7.393572932105751505e+00
7.450697246845207644e+01 1.617568182338408322e-01 -8.060582454642373662e+00
7.444831715774608938e+01 1.593362436265006732e-01 -7.647617701463548023e+00
6.624767477018069428e+01 3.883160753959492006e-01 -7.176458536376814301e+00
7.446416292052147412e+01 1.352503162955321359e-01 -8.097353121086859673e+00
7.460442638612758515e+01 1.337376184273897095e-01 -8.403507485189390280e+00
7.448227767819589928e+01 1.280270703458392112e-01 -8.508133055323158445e+00
7.461436432918776518e+01 1.045316817202553983e-01 -8.554686682563856337e+00
7.467492535060360126e+01 1.032313623165532351e-01 -8.154306294993524773e+00
7.457099848262022590e+01 1.514187895872909917e-01 -8.289668895969908746e+00
7.452334003773344762e+01 1.365562866044285895e-01 -8.553507655689244871e+00
7.455729210383238126e+01 1.153731822626408027e-01 -8.783865718451330906e+00
7.454305282609254846e+01 9.952290716390864433e-02 -8.769207260937559312e+00
7.466498733140956290e+01 1.322442514335549768e-01 -8.061984365722951296e+00
7.462004578041174341e+01 1.498155105426715594e-01 -8.153035897624272721e+00
7.458899283459530238e+01 1.166717013779624834e-01 -8.760744494602338506e+00
7.455241177114861273e+01 1.227116744509124252e-01 -8.730975606972009473e+00
7.464232037798730346e+01 1.062934611543727703e-01 -8.564233119513042780e+00
7.439245286618670150e+01 9.067208661112824419e-02 -7.803232083363424998e+00
7.458421105719311583e+01 9.798427458584067773e-02 -8.727039774458194898e+00
7.454629317833486368e+01 1.390971047183013620e-01 -8.513490153689065920e+00
7.455631083354630562e+01 9.928599421383876855e-02 -8.767538089717364258e+00
7.450143082558474816e+01 1.459206866475281361e-01 -8.223662261655587002e+00
7.449749122190669937e+01 1.156944503918718586e-01 -8.620317516464959695e+00
7.457617482375106022e+01 1.325386708175561867e-01 -8.608420622630049479e+00
7.462298222531902070e+01 6.411217167554521257e-02 -7.465843724731939801e+00
7.456706462704858041e+01 1.102646806203285146e-01 -8.778235255362442757e+00
7.461296449397373465e+01 1.275476880000807056e-01 -8.475895282287611465e+00
7.452449472191878499e+01 1.230892516000440112e-01 -8.726340851944486943e+00
7.457291255783566442e+01 1.266117829554010699e-01 -8.679932362558139047e+00
7.456307656000106476e+01 1.097534725170854070e-01 -8.778252520455639640e+00
7.444608123144411138e+01 1.115163661323382710e-01 -8.327098537163839964e+00
7.446847608691709297e+01 1.215434063324982300e-01 -8.577732018326374330e+00
7.458157647084337327e+01 1.108757988227845881e-01 -8.778616419758344946e+00
7.459163103254414295e+01 1.251006104997133828e-01 -8.697057786692820258e+00
7.453679380056996706e+01 1.005734258106259910e-01 -8.776499045415814493e+00
7.446252121082308406e+01 9.805605327363191293e-02 -8.298419887674508999e+00
7.453775634072140122e+01 1.202209223966906049e-01 -8.751951190021463489e+00
7.449370020547220861e+01 1.210342769248247685e-01 -8.582110952329774278e+00
7.453252402479088801e+01 1.083032931218582962e-01 -8.801077601815515905e+00
7.465174358202503413e+01 9.468122049318958289e-02 -8.064528030413450566e+00
7.462872726688183889e+01 1.178818558088259860e-01 -8.551115052796298244e+00
7.458507324315922915e+01 1.185915759790686919e-01 -8.749573476424430396e+00
7.453136360609106248e+01 1.223613858846484548e-01 -8.733416576924884822e+00
7.455234194953956717e+01 1.393687087227731547e-01 -8.509256714745145445e+00
7.458991979261824667e+01 1.171397960703991770e-01 -8.758370994839003387e+00
7.453561963027800630e+01 1.300911627127296910e-01 -8.647326157762455168e+00
7.454782394103480669e+01 1.346095590102547035e-01 -8.584566461402925341e+00
7.454539969487072426e+01 1.250310363732063390e-01 -8.707605806385208425e+00
7.455669380708374661e+01 1.190986020243127996e-01 -8.761136134617814264e+00
7.450259224518363510e+01 1.354001355176093768e-01 -8.405380621180654543e+00
7.465524602252791908e+01 1.367118801417183949e-01 -8.008193397993860430e+00
7.459279661143311557e+01 1.049440601558229019e-01 -8.772795898383895619e+00
7.457111012783153114e+01 1.159203116270953182e-01 -8.763071414679242110e+00
7.446288831542101150e+01 1.095503938474595984e-01 -8.330671521784063671e+00
7.452321681114833041e+01 1.243532266185984336e-01 -8.713778047394798776e+00
7.457622773396384730e+01 9.994129357304534778e-02 -8.743786765023154217e+00
7.455256046408403847e+01 1.142201451287581798e-01 -8.788981901586124579e+00
7.466065756039498069e+01 1.216395435976376782e-01 -8.150611436293564438e+00
7.463395943522098719e+01 1.173784362976667828e-01 -8.554063146291532860e+00
7.444919085858529684e+01 1.050453387221011864e-01 -8.331387456809293823e+00
7.451826586068402491e+01 1.041610041445184542e-01 -8.793844224874666438e+00
7.447641573279476290e+01 1.184285474736636590e-01 -8.603032606031613128e+00
7.459604045660952920e+01 1.005466554758835951e-01 -8.749364063688037874e+00
7.457009382074409132e+01 1.175626669142356695e-01 -8.754565533355322060e+00
7.450619339428421029e+01 1.063819993274389142e-01 -8.642455402830780287e+00
7.454168272995643463e+01 1.210590637386842333e-01 -8.745245252114322909e+00
7.453299738412721354e+01 1.117423324117115951e-01 -8.796767204037177379e+00
7.462213242117874756e+01 1.091906793424398670e-01 -8.568257161400881117e+00
7.452786774783128010e+01 9.443562124884119502e-02 -8.718677168849033876e+00
7.454028047610090368e+01 1.039668811059159537e-01 -8.793568582718993554e+00
7.465501253077424337e+01 1.270925549735625604e-01 -8.110398992790459616e+00
7.452012286566875332e+01 1.115513156452217908e-01 -8.796878886972665512e+00
7.455898646343138125e+01 1.032869231481109429e-01 -8.791246531854854496e+00
7.449669696235571337e+01 9.064836081253277444e-02 -8.517687842183885749e+00
7.453423824489041749e+01 9.857113925101397556e-02 -8.761582163179316041e+00
7.458968993549558490e+01 9.493215361076895453e-02 -8.693149202528831054e+00
7.457782542626445377e+01 1.106270395980353538e-01 -8.778635713685119413e+00
7.465591624845889385e+01 1.328331157951068986e-01 -8.054119498770214491e+00
7.454213135779542654e+01 1.145334764359387247e-01 -8.787325920285210756e+00
7.459035261137535144e+01 1.133061532226654483e-01 -8.774264590776004624e+00
7.459843690750174972e+01 1.015856112767030139e-01 -8.756582343461245088e+00
7.457669255409248876e+01 9.663318004153091667e-02 -8.712739055231256913e+00
7.458808068826824922e+01 9.579671295859594482e-02 -8.703689033526492480e+00
7.452319967628470465e+01 1.042687372047715055e-01 -8.794294111150179560e+00
7.450346072713013257e+01 1.081640552384467990e-01 -8.643114104870340597e+00
7.458572535808673365e+01 1.193776419160642588e-01 -8.744517900202735561e+00
7.454802803103106612e+01 1.092968933064505377e-01 -8.801105266453042475e+00
7.447049088754064883e+01 1.138346454472518449e-01 -8.629893394104197313e+00
7.457424408954838668e+01 1.143368310866870741e-01 -8.769793499354882726e+00
7.455154015684875901e+01 9.886576309289209219e-02 -8.764166880537221260e+00
7.449491357126143498e+01 1.195546436596509610e-01 -8.594393163338793329e+00
7.454360659831678504e+01 1.185673192632308165e-01 -8.764447829973033066e+00
7.453536260664787960e+01 9.744405227431357508e-02 -8.751555596698940676e+00
7.455530228281499205e+01 1.139522469604358906e-01 -8.790163339295240519e+00
7.451150570732640688e+01 9.652006472461874265e-02 -8.591072363283881685e+00
7.446847783078415262e+01 1.155415028606121552e-01 -8.621466241516428042e+00
7.449868973989455867e+01 1.111168808460433199e-01 -8.638928714658447916e+00
7.454441000157434871e+01 1.034808477290010825e-01 -8.791802993180562353e+00
7.452572605198541567e+01 1.142095183967602873e-01 -8.788221238539273727e+00
7.455502900791880450e+01 1.013888829578840495e-01 -8.781745667616730699e+00
7.458459252695136854e+01 9.954406509345931076e-02 -8.741016043801785429e+00
7.450025238894295398e+01 9.723241699646772984e-02 -8.598079112287809522e+00
7.449895253584850252e+01 1.157381362502865330e-01 -8.620057850771489782e+00
7.085569813218130264e+01 7.872647303841724398e-01 -1.752723507905795897e+00
8.638385253276049980e+01 5.559899875516011170e-01 -5.873701643467063582e-02
8.048697594826644774e+01 3.656011045321267416e-01 -6.897213282808296597e-01
6.631213303192193109e+01 5.281151181070740108e-01 -6.973609639056054910e+00
8.342697597118350927e+01 6.968568006624279443e-01 -1.404372771224050853e-01
6.536402814434427455e+01 6.834962682608520801e-01 -1.080010456987241962e+00
7.666779681881446606e+01 3.228113768049411525e-01 -4.834288329096094183e-01
6.571195827445119164e+01 2.098082709646616473e-01 -2.014408084386207776e+00
7.724701636154573237e+01 7.820408858729370749e-01 -3.674889182446795105e-02
6.913037530627056526e+01 5.415696406935430890e-02 -1.477202109900709548e+00
6.678009120573527468e+01 7.243811033752995954e-01 -2.053527619973183338e+00
7.214476080820736570e+01 5.825205106048007009e-01 -2.972728648158058928e-01
6.076825708055936559e+01 3.180481555278338261e-03 -1.260531664719339640e+00
8.289729870862805683e+01 5.132117861337378573e-01 -2.026320745819961688e-01
8.673881885977495187e+01 4.028757413550896338e-01 -9.911817289935029307e-02
6.818916970054486626e+01 7.507349365194587731e-01 -9.150331172064917265e-03
8.313937646083779498e+01 3.078293146252455981e-01 -2.423929097078857953e-01
7.500619812733717140e+01 3.811404269440199499e-01 -1.557871848735891129e+00
8.493235760004935742e+01 6.944649580230901620e-01 -1.324883304934497408e-01
8.792412848984996288e+01 6.566655893977196845e-01 -6.598953604326261192e-03
6.994171215927318030e+01 7.179707172924407743e-01 -1.434324073749269957e+00
7.950637664264004911e+01 1.377722944678839156e-01 -1.581851081582228868e+00
8.473468952447748848e+01 2.737727394716464313e-01 -6.070802152201790203e-02
8.149725417576377140e+01 4.358475273324458055e-01 -4.684155313017832056e-02
7.008080466086971683e+01 1.962775381122691398e-01 -3.733423150666692170e+00
8.005288863463746907e+01 3.074900827001299589e-02 -2.238187143745276053e+00
7.870274433098225586e+01 7.403294151552832769e-01 -1.807638320672506904e-01
7.644890811929296603e+01 1.161042001734849810e-01 -7.366489021071488397e-01
8.436896213153140422e+01 4.528703178394252737e-01 -3.916278293532666349e-02
7.124120376571929114e+01 4.105110970508041857e-01 -1.241224733120628754e+00
7.185367296337022935e+01 6.689981243080923567e-01 -2.585880038351929255e-01
8.553388944809971406e+01 7.691646503984717054e-01 -3.856975591505889395e-02
6.379403020887403386e+01 2.396836255451331721e-01 -1.572126655273401008e+00
8.400282510508289135e+01 4.202563205722575912e-02 -6.873595961174964186e-01
8.201438211977107073e+01 5.926024651448921210e-01 -1.962467562875300220e-02
7.928537983471179018e+01 6.005700487581349112e-01 -4.839627420856740941e-02
6.116477365800039223e+01 6.773864566975593693e-01 -1.055349196190170202e+00
5.956925325018996631e+01 6.288653149717198243e-01 -3.061371996633980963e+00
8.371303353737857833e+01 4.957055687502359698e-01 -1.339107686197608948e-01
7.385675915987454232e+01 7.970070238946730390e-02 -2.229470823658335377e+00
8.265262538199695541e+01 3.740263479616401376e-01 -1.384250764587065807e-01
8.768043618472293588e+01 9.836497518315062694e-02 -9.797316757735358150e-01
6.058916944936616744e+01 3.509238577721605079e-01 -2.595358371687439547e-01
6.247440264633394236e+01 2.897680485370032755e-01 -3.595408323728352951e+00
6.164877219595807389e+01 1.289432512019253185e-01 -2.395686601014480333e-01
6.016885234785902270e+01 1.903114971574481895e-01 -6.404444542236134019e-01
7.846876842629279736e+01 5.703005472940423370e-01 -4.221236419860567926e-03
7.534857875874713784e+01 7.998768513544058933e-01 -4.138276525409241291e-01
8.712586359708504347e+01 1.275306209070799501e-01 -7.795163948563553769e-01
8.904449923054049520e+01 8.873013032315500009e-03 -4.741410832685936105e-01
7.074222820554382452e+01 1.755075416118870579e-01 -7.414040405911699771e+00
6.343499939244741626e+01 3.437811239948952435e-01 -3.904835341863702958e+00
7.345635238083374929e+01 1.091107655431099721e-01 -8.934984553949867347e-01
6.784048099591886682e+01 2.303542033914272522e-02 -2.731577591465652599e-01
6.640954568517480539e+01 8.763024105765450378e-02 -3.095424896454551433e+00
6.440728599524082654e+01 6.490817327984578222e-01 -3.601516371076612932e-01
6.460566046402045970e+01 4.875039466056967363e-01 -9.148579454837264535e-01
7.163626914085723740e+01 2.664930452461982124e-01 -9.054932825551427200e-01
8.112019619022606776e+01 5.896733912097519292e-01 -1.156080759977821393e-01
8.532292046614109893e+01 5.119190265487069125e-01 -4.340770623388637978e-02
8.011105706787083136e+01 5.518636456615874097e-01 -1.179134716978386399e-01
6.209003882980692879e+01 2.806265268375657262e-01 -3.292332436180555266e+00
6.331821095824977874e+01 1.627035496951406701e-01 -2.436902851795421654e+00
8.619298370636285256e+01 4.745755173880636391e-01 -5.229498602328967044e-02
7.413179534280104122e+01 6.950368103535366215e-02 -4.562731670543222151e+00
6.752358002986088081e+01 5.219994109627317247e-01 -1.271839715653973357e+00
6.878898473618392018e+01 7.316886741037693653e-01 -2.398608958351945708e-01
6.936053684902469740e+01 3.581102133511000485e-01 -2.781170141448526145e+00
6.275181070413643170e+01 3.281517555369375394e-01 -1.987322577532724122e+00
8.726830950982059676e+01 4.408138971319199850e-01 -2.764855859161317181e-02
8.172982535430476503e+01 9.545103246584255019e-02 -1.006710140213465499e+00
7.275103527588123598e+01 6.404716414216674591e-01 -1.720621573900409373e-01
7.353857981371785968e+01 3.184325074668062361e-01 -1.779300437146148217e-01
7.694012829331089165e+01 2.016667605000676267e-01 -1.038661646513513004e+00
6.851905431176882644e+01 6.387961417508298823e-01 -3.502538811505686023e-01
7.804680105480866814e+01 4.187008914975834384e-01 -6.799077889391632601e-01
8.073586707073192770e+01 2.532820422868995447e-01 -9.373467901124569179e-01
7.895477277510076419e+01 5.873245432555646017e-02 -2.895214052579968556e+00
7.460269354661198804e+01 5.674097385382038672e-01 -1.652921620260633606e+00
8.841845934801295925e+01 5.386262761113163045e-01 -7.102503494079674684e-02
7.048541597555920646e+01 4.650344040296345849e-01 -4.545743206872757014e+00
6.306571253681193667e+01 2.236907896339570267e-01 -2.749353027358196755e+00
8.600815278367205963e+01 7.527557801480786459e-01 -5.509510581949571273e-02
6.812260822120886417e+01 4.581924217239976560e-01 -7.435320741346626572e-02
8.227268997213521118e+01 6.084080070220466707e-01 -8.490125850933227802e-03
7.790395300871048789e+01 3.936593337404664661e-01 -5.216847969385934869e-01
8.834192924262562485e+01 4.245476386830187576e-01 -8.241362263911172770e-02
7.238732762320717029e+01 2.244767182231659219e-01 -2.903343862920631374e-02
8.894485714043001678e+01 1.784012501883714963e-01 -2.609747621847123833e-01
7.579237029431527617e+01 3.885143671461371850e-01 -2.872229416656689183e-01
6.411758436902738367e+01 2.459927273160164851e-01 -7.839244812752331482e-02
7.596809524239013456e+01 1.539013459654315907e-01 -1.756810263875001388e+00
6.138977224628875007e+01 3.307468568113097057e-02 -8.526637073736719197e-01
6.701218484354926375e+01 2.963398238056758061e-01 -2.574888096800741266e+00
6.598272601281674099e+01 2.632952703220055035e-01 -3.873000582231798994e+00
6.495017149207188822e+01 7.642706746878475954e-01 -9.369551237323501258e-01
7.518529890695270979e+01 5.035384848059170082e-01 -7.460024157953363266e-01
7.740087597749979409e+01 1.451434179769198474e-01 -2.617624939977655218e-01
7.310142344829399974e+01 7.105280280869760157e-01 -4.655940330142301076e-02
5.988528655267788992e+01 6.163613613694107762e-01 -2.597282491298686491e+00
