2.633611106870859544e+02 4.770600325270466513e-01 -9.379857175439517691e-01
3.227922717922547804e+02 7.347413117111377678e-01 -1.287510787233776455e+01
3.695357071886069775e+02 7.713123855378610783e-01 -7.323645056593202085e-01
3.821077803986225376e+02 4.403431825112270603e-01 -1.979668128769626501e+00
2.850236807860611066e+02 2.484200335142217053e-01 -4.468927968060016021e+00
2.773464503589712535e+02 5.221196552551922165e-01 -2.866325780482101848e+00
3.415951482687776775e+02 3.281306988468506991e-01 -5.225218502029542744e-01
3.719178768622650750e+02 6.339396883671001570e-03 -2.381002310836203006e-01
3.054646068483103818e+02 7.551548679414374909e-01 -4.935467086574863993e-01
3.420690171693898378e+02 4.079135711791987418e-01 -7.546482955739852727e-01
3.434316866063729776e+02 3.699629718392480893e-01 -9.099627304661207505e-01
3.664162759668103035e+02 3.233586171842878776e-01 -5.473295548314101033e+00
3.031136868774624418e+02 3.368070900041588711e-01 -1.202956185204257095e-01
3.609270233063281239e+02 2.424154484669478471e-01 -6.064249267194185222e+00
2.946638251944818876e+02 6.673968872343823966e-01 -3.581837348606321747e+00
3.680270114340643772e+02 1.927129901138318613e-01 -6.941909613404519952e+00
3.482615957897590988e+02 8.867491687612442941e-02 -9.825096154468647702e-01
3.181510418800275488e+02 1.810744135421246404e-01 -1.373282003996849809e+01
3.712243938739029545e+02 1.539635442794603515e-01 -5.926779046504127457e+00
3.331890080434228025e+02 5.648501647738470854e-01 -1.611532028228735980e-01
3.634164680801187615e+02 7.188239490900710793e-01 -7.851047098442923700e-01
3.401664821760239192e+02 2.828749721480413037e-01 -1.430972401852599052e-01
3.740610035131811628e+02 1.283029920177295446e-01 -3.692789830469533463e+00
2.645417787073413365e+02 7.803998217343924848e-01 -6.276570850049701944e-01
2.668919519314372337e+02 3.877765615134275978e-01 -8.953220193727032816e-01
2.817894448423377867e+02 2.588358719780206041e-01 -6.213174432500458089e+00
3.471674761115333467e+02 6.127739024596895456e-01 -6.315583851620252265e-01
2.587699561781344073e+02 7.225276277436588623e-01 -4.714587324292750736e+00
2.692997135004840175e+02 5.832969072251524834e-01 -3.505863720079907431e+00
2.980185497284376765e+02 4.486436907801372165e-01 -1.297221247545163325e-02
3.466928700442163063e+02 7.406335107452758360e-01 -4.367041334851486378e-01
3.775326193993885227e+02 4.895462953730375100e-01 -2.316641746895547804e+00
3.611917970732567937e+02 6.441174093829005187e-01 -1.036593140281445447e+00
3.065475738552520397e+02 5.050115281946556678e-01 -1.281546029571149825e+00
3.256518290885458100e+02 2.904882714015633027e-01 -1.231305221979161857e+01
3.732639862858217725e+02 7.448407538551603257e-02 -2.957262162656737470e+00
2.872398632173985220e+02 4.572009173448782215e-01 -5.278136453984338949e+00
2.651271303074942693e+02 2.773969683571650968e-01 -2.551527210909156351e-01
3.524357015773396142e+02 3.640680931417321631e-01 -8.601344188095346732e-01
2.807649547322398575e+02 3.813998547995485211e-01 -7.541161221243259938e+00
2.902185469032709761e+02 2.331974060436914353e-01 -3.301184245428311126e+00
2.839687645717528994e+02 2.648742175524075315e-01 -4.762474052081691056e+00
3.753803773191257847e+02 3.004842834204344837e-01 -2.770332444754155077e+00
3.040041811516049393e+02 1.114999692508928386e-01 -1.499278048370832062e-01
2.567789649723065395e+02 4.336232797577008191e-01 -3.095519333668508288e+00
2.997505172732182359e+02 5.983292807098407329e-02 -2.548934294489166308e-01
3.565828824084121607e+02 6.273452653365865217e-01 -7.843361668047976742e-01
2.984058353060792115e+02 1.003463288126374559e-01 -3.532713288573205435e-02
3.509678091989455311e+02 1.413377491218646975e-01 -1.457050532827990574e+00
3.240846579627287838e+02 5.027520236492909467e-01 -1.371683354388827247e+01
2.611161147500241100e+02 5.427510607700640755e-01 -2.356942700939607782e+00
3.327172086259881780e+02 4.865267595512123844e-01 -3.247899920751208813e-01
2.755397636218407342e+02 7.008838361612270695e-01 -8.841507474930524468e-01
3.276919339665696498e+02 4.306608334583022502e-01 -6.950880428742363115e+00
2.583387801541454678e+02 5.993870199865333204e-01 -4.185351233817515393e+00
3.814008971463206876e+02 4.688951775399516908e-01 -2.015209215348742866e+00
3.839492262474309427e+02 4.101475164655283834e-01 -1.885714843097136884e+00
2.688091219744800355e+02 6.484776741434429559e-02 -2.311940403128237842e-01
3.223250971297774186e+02 2.519324564581604253e-02 -1.052402350699964906e+00
2.718992867556725059e+02 7.655524908628250635e-01 -3.510278388655240889e+00
3.073309942685113469e+02 1.844103108865328133e-01 -1.015846149028641010e+00
2.624519614459005084e+02 7.472102454228989332e-01 -1.648070633822854791e+00
3.377947788806488916e+02 5.879872797437423193e-01 -5.831472985243081608e-02
3.392883967055047378e+02 3.185434440660580568e-01 -5.595336073905245178e-02
3.206258074731624674e+02 3.119873236697480179e-01 -1.926229980180272960e+01
2.746180727429699573e+02 6.172294728168471467e-01 -1.199086818205879146e+00
3.644476820072295595e+02 3.446194369021527426e-01 -5.955825670693254636e+00
2.939088585656223813e+02 6.584209606021608208e-01 -4.735496173994635072e+00
3.587049154434325260e+02 8.389205608543598425e-02 -3.911214818603453658e+00
3.452098269195324747e+02 6.730510878761625237e-01 -3.144274368367317996e-01
3.784873919658837167e+02 3.998339567296908814e-02 -7.222705395518713711e-01
3.019121299889574743e+02 5.333180812811919580e-01 -3.856350455550969225e-01
2.781662058105686128e+02 1.479754909361502280e-01 -1.004209448018680284e+00
3.093021634030046130e+02 1.637327710833623995e-01 -2.477203987862095058e+00
3.111654532902267078e+02 2.238814866266648773e-01 -4.899535154174840201e+00
3.149554430285005537e+02 5.068226912524211036e-02 -1.266292289441135921e+00
3.294692216659757378e+02 7.064377224726403615e-01 -2.763189845455770399e+00
3.194622679902086020e+02 6.385875030808390029e-01 -1.170876308182944037e+01
2.915667891414407222e+02 8.149417991172500791e-03 -1.653806124855556448e+00
3.164401875205965098e+02 4.788670618932231587e-02 -1.823436377882980519e+00
3.542608931684906679e+02 1.758942563742721399e-01 -2.706129257418910861e+00
2.862120244708174823e+02 6.522367824526666968e-01 -6.730755719962371764e+00
3.802391642439740735e+02 6.917606872975268217e-01 -1.453020767019223447e+00
3.558192850184686904e+02 5.180918632653173095e-01 -1.212160328937991416e+00
3.150754100095136891e+02 3.525699930899375278e-01 -7.992913850520581676e+00
2.802233023398260343e+02 5.686840481395473157e-01 -8.688173337988567724e+00
3.290212752771364535e+02 5.580964146772403600e-01 -3.561149148064381986e+00
3.351499875558077974e+02 1.223789816068313469e-01 -5.751294096948799117e-01
3.501804210017317587e+02 3.971383496228302890e-01 -8.435635900355449301e-01
3.358520532001656420e+02 7.933808251720924076e-01 -9.421142623811273875e-02
3.312684208371804857e+02 1.130279578070823715e-01 -1.796879359515624885e-01
2.919928176289724888e+02 1.868706734541679404e-02 -1.246991381468268489e+00
3.652461378779226493e+02 7.883928653182938895e-01 -3.884144815831926945e-01
2.737130208294872205e+02 2.036802640354215266e-01 -5.319074123371270169e-01
2.884967232332165281e+02 4.224982973889441218e-01 -5.601381892187119682e+00
2.706282039059947238e+02 2.103612554145310176e-01 -2.331905359930543487e+00
3.107397133739988249e+02 5.443400707166595742e-01 -5.803731023636688136e+00
3.584189131212449979e+02 2.294978227051392983e-01 -3.913241650221637613e+00
2.963628416297540866e+02 6.063079477946118345e-01 -6.465413157672239564e-01
3.133291232620117626e+02 6.815849471929814607e-01 -6.490571981377557087e+00
3.237325634064980022e+02 1.871144442064210933e-01 -1.581318152358500839e+01
2.625904633864639663e+02 5.373036432092100911e-01 -1.474310928287391631e+00
3.656917821652740486e+02 4.972734161539784509e-02 -5.467905392701978506e+00
3.118447201073732913e+02 6.247507973921129221e-01 -6.685071111067091287e+00
3.055263304988144455e+02 3.392624266832403590e-01 -1.718897511875424056e-01
3.428553146831085883e+02 5.801793173253478875e-01 -7.373846162044676023e-01
3.757045564834344873e+02 5.862727129256939396e-02 -1.206450506533511380e+00
2.706579321546675487e+02 6.881140150984584869e-01 -4.680454894933805399e+00
3.627945488681707502e+02 4.516242704826702870e-01 -3.455218916101137516e+00
3.564789970645739459e+02 1.956677749748736428e-01 -3.249236546116397228e+00
3.580462377250040618e+02 7.660267907820754729e-01 -3.028506305888787886e-01
3.106273706484456056e+02 2.117777949477067101e-01 -4.240767515689608302e+00
3.743871456734393064e+02 8.495744323734685799e-02 -2.461429400945681412e+00
2.566436321478057607e+02 6.716948091245994457e-01 -5.023950374196210156e+00
3.499779385548176833e+02 6.495164008168018421e-01 -7.355596593877599121e-01
3.715925789061619184e+02 3.860169496513026210e-01 -3.413239695758696790e+00
3.813046589200651511e+02 1.835030240017178627e-01 -3.061898014711424310e+00
3.729106302754132116e+02 2.390263096451650596e-02 -6.213391114777511159e-01
3.096100157519028926e+02 2.282757548085347921e-01 -3.514299932043266850e+00
3.525393450348922215e+02 9.514116757336027463e-02 -1.887125692162371804e+00
3.335498150733833995e+02 7.029767792215682043e-01 -1.530407021076197749e-01
3.269167537816893514e+02 3.292936118102441356e-01 -9.747521856963260234e+00
3.597454514076881082e+02 5.509060631513817974e-01 -1.142323784854307966e+00
2.582829234653221420e+02 6.161650791743633615e-01 -4.291421294093047401e+00
2.832768294271593845e+02 4.148464761766019748e-01 -7.366230621999516615e+00
3.829145680041050923e+02 3.606343417929133276e-03 -8.990025529469588411e-03
3.474259188499069637e+02 6.003994372270216040e-01 -7.721294679835353225e-01
3.407506990536166995e+02 1.203846732633994110e-01 -2.131181656901936783e-01
2.742491346208940399e+02 4.002121842756359293e-02 -2.113043834649138697e-01
3.300187873367818270e+02 7.970629161788264083e-01 -1.796529976867909051e+00
3.547975568433349736e+02 7.436979700225465617e-01 -7.382679883804332821e-01
2.857221654350610152e+02 3.233360462863423823e-01 -5.405937568292439543e+00
3.371597011391183401e+02 4.902796616882192926e-01 -7.727591494129401606e-02
3.309118089667606455e+02 1.604966128878424769e-01 -4.807111438393940062e-01
2.760957750533455055e+02 3.296315163984755298e-02 -8.890148784577143193e-01
3.689445404102748398e+02 7.783263875829458112e-01 -6.672882242347853987e-01
2.929689361006796844e+02 2.556706616287213879e-02 -9.007792070666159612e-01
2.613240124248318352e+02 4.648297704132349217e-01 -1.920629704258335346e+00
3.251114983101588223e+02 2.670536942879341291e-01 -1.363439697197328471e+01
3.196511491190061633e+02 5.572708186799320007e-01 -1.301045046988733311e+01
2.891368205495606389e+02 6.806425528085298104e-01 -6.643535242140360175e+00
3.287382581696855937e+02 4.568094888094594852e-01 -4.437435045881725770e+00
3.124557196228589646e+02 2.555145574770941175e-01 -6.389160583261704218e+00
3.069190211591046591e+02 2.612706963900889856e-01 -9.123295152532591157e-01
2.936251677661826420e+02 1.452702903541516211e-01 -1.737535144124077169e+00
3.515739359845169929e+02 2.234181469113991347e-01 -1.286336066193489058e+00
3.707910374442519696e+02 1.595144070375332235e-01 -6.038870978485664232e+00
3.081328866556546586e+02 7.103475455227343804e-01 -3.170278802938300000e+00
3.541185034724287561e+02 7.163151142190932186e-01 -6.748466685029277379e-01
3.487124832213653463e+02 1.281826618877516567e-02 -2.605979608535347603e-01
3.203825462732500569e+02 3.164845299138956958e-01 -1.856867053838203674e+01
2.827687251982740690e+02 7.525984588476557491e-01 -1.015926462894618254e+01
3.782796612494619239e+02 1.307866498080463846e-01 -3.704479885248425752e+00
3.621260897840621737e+02 4.307065156555214269e-01 -3.681579571639737036e+00
2.801055547307224174e+02 2.323382253703742684e-01 -3.508494513120758995e+00
2.690749466347148768e+02 2.449396515996048740e-01 -1.860536456547973838e+00
2.876960364557490948e+02 6.598037713730019460e-01 -5.821837021425223746e+00
2.599496058098536082e+02 3.986547477493547764e-01 -2.680054045239922189e+00
3.349705115021531583e+02 5.195675847582073015e-01 -7.467425868458058003e-02
3.007143422844435463e+02 9.793559772005654140e-02 -5.940528195329062289e-01
2.966154893931249035e+02 6.439134168051489082e-01 -4.212515801238574387e-01
3.020718702158652604e+02 5.723488447714929483e-01 -2.570823269179163262e-01
2.981852348035836826e+02 3.642790518108798281e-01 -6.107073871686448038e-03
3.022714940571970601e+02 5.239718435385822826e-01 -3.079509913380741315e-01
3.469212135867915094e+02 6.359175823898730595e-01 -6.218180596215416855e-01
2.853413599305222306e+02 7.850769986383667742e-01 -8.756604699816289639e+00
3.040495934676574166e+02 4.758816903490352690e-01 -1.718677448699748589e-02
2.643131425742743659e+02 2.016131306036318405e-01 -1.380508626410455741e-01
2.656746461940824133e+02 2.730086682094016171e-01 -2.732909169762116619e-01
3.220903518835573323e+02 5.887691243546780973e-01 -1.588617686365508064e+01
2.735710882970930697e+02 7.754036619680371167e-01 -1.998331465528331519e+00
2.678314957298018726e+02 4.326205276385599041e-01 -1.539003364610558311e+00
3.443738464817587328e+02 2.981909905473599798e-01 -7.724427715595545418e-01
3.403323466126345238e+02 5.656563276385780936e-01 -1.339417586485377454e-01
3.327242375918700645e+02 6.746436870492902305e-01 -4.146815069711826673e-01
2.663561006663484250e+02 5.118864403371693461e-01 -8.266541754074092641e-01
3.171981058211948721e+02 3.576361656657605081e-01 -1.162628796541651610e+01
2.983777417187880587e+02 4.464113612173994383e-01 -6.270272516024890698e-03
2.595872984760179634e+02 4.017205396636107650e-01 -2.780742204873637213e+00
3.141865922259644321e+02 1.049734006571798051e-01 -4.011477352853688672e+00
3.454839191620919792e+02 3.720715760937540195e-01 -4.357658551744539865e-01
3.390129780866806186e+02 3.815207907156372147e-01 -6.456960110548599918e-02
3.158729786501491503e+02 1.183881623422248092e-01 -5.755563640709394413e+00
2.714397412354292669e+02 5.313017611457233613e-01 -3.932442749828087170e+00
2.956091730527277832e+02 3.455941070584003239e-01 -1.684353769871932194e+00
3.769771223734719001e+02 5.955725941587582950e-01 -1.477319877920870717e+00
3.824288878873520616e+02 7.305325660591664994e-01 -1.050580046548238000e+00
3.256056290031934850e+02 1.373963071689046078e-01 -9.490202743393725271e+00
3.608094987195653403e+02 6.137614950292501481e-01 -1.113734199331322561e+00
2.781222921634287104e+02 3.111768558405512697e-01 -3.518933344947282382e+00
2.893649562365573047e+02 7.444350186041721607e-01 -6.671228524769252211e+00
3.677924248318851710e+02 2.813099267953657057e-01 -5.685969660195581810e+00
3.667418935172115653e+02 2.956091894505701867e-01 -5.864119518929386210e+00
3.800905288624882132e+02 4.198757882079640069e-01 -2.665244957265359371e+00
3.183599567390128300e+02 7.127266528689470138e-02 -6.059920426575703623e+00
2.918289333404250101e+02 4.841767977556141744e-01 -5.208634274066798575e+00
2.812569057858369206e+02 7.297928440841863762e-02 -7.236092285975576077e-01
3.359990254953145268e+02 4.975065884211477552e-01 -1.181686646184171019e-01
2.778263007733911536e+02 1.735998144137861077e-01 -1.354751996430598071e+00
3.641391870101188033e+02 7.260423468675862857e-01 -6.891515160808178164e-01
3.358338383144871386e+02 1.761432428796402272e-01 -2.635292012214587865e-01
3.630991276821205247e+02 6.738079836428001457e-01 -1.056629656142581641e+00
2.848360187488901829e+02 3.334735391885753630e-01 -6.140216136180534079e+00
2.739036052849160683e+02 7.267255132398453554e-01 -1.675730948020726752e+00
2.598713889276949089e+02 4.407360825809310545e-01 -2.990821036963704049e+00
3.327001810674065041e+02 3.562590878377320247e-01 -2.127610334802537140e-01
3.775928974596044441e+02 2.950337013402253294e-01 -3.718620165890827778e+00
2.641678875166974763e+02 7.478509604582440629e-01 -7.071916114746772397e-01
3.478788200788266067e+02 5.570881401919834941e-01 -9.232629156454713604e-01
2.766551281871274455e+02 4.294447117586132068e-01 -1.063320376568108738e+00
2.600733183763401826e+02 6.283613500113274242e-01 -3.821028089822616103e+00
3.280988686083054517e+02 4.545180357439920771e-01 -6.060836874544235364e+00
3.270548402704412183e+02 6.678762762964872701e-01 -6.984896899820231653e+00
3.543608369134935856e+02 4.895750960198312629e-02 -1.306752046905722553e+00
3.643850001476968146e+02 8.083954602088130881e-02 -8.532354594424141681e+00
3.616706152319587773e+02 2.856210196208613938e-01 -6.083450369688372383e+00
3.519433534136595085e+02 1.000506620691623133e-01 -1.657465500256381841e+00
2.748980344610513384e+02 7.886186322774760837e-01 -1.166851800441674136e+00
2.828860244145865295e+02 1.434000994464016132e-01 -1.799223820221699910e+00
3.408157372392998923e+02 2.077942115658091282e-01 -2.387488576873099122e-01
3.490016278512627537e+02 5.779449998415552292e-01 -9.861015376136027522e-01
2.865460751855851527e+02 1.532339352946832656e-01 -1.588947688571243910e+00
3.165800660434732094e+02 3.603935477314606506e-01 -1.012633621378434157e+01
2.997839499889632862e+02 6.020918772154977283e-01 -1.461730401548946567e-01
3.499716769259914599e+02 4.326912526893759159e-01 -9.197428340130586744e-01
3.434909902380663880e+02 3.869266442450710053e-01 -8.998908366765262512e-01
3.790013289701050212e+02 3.373918796436696510e-02 -5.352342768252661420e-01
3.226469589358067651e+02 5.185748644448219258e-01 -1.707647467617545800e+01
2.660569969915684396e+02 3.245593253666454459e-01 -4.515574233875224719e-01
3.450857764995143953e+02 1.069096323921152059e-01 -3.887692256258329926e-01
3.706401851556703946e+02 7.578040537037763480e-01 -7.804674014405659221e-01
3.341429146227163756e+02 4.724440558296510995e-01 -3.662066193212951126e-02
2.718125619901486516e+02 1.940579247243314764e-01 -1.434586699388993081e+00
3.803794117414842049e+02 9.305079397381918471e-02 -2.302271784457183390e+00
3.039799122233398521e+02 2.594747158852040991e-01 -4.275062903456178232e-02
3.180597216263840892e+02 5.223494558120703735e-01 -1.139742079759109217e+01
2.676760808866615662e+02 5.430309026458139954e-01 -1.586397686777447191e+00
3.745210623888406190e+02 2.459650413283186454e-01 -3.393269587137640819e+00
3.056228859469330814e+02 1.705472726293197072e-01 -4.990741547728742150e-02
2.927801826267506158e+02 7.073490383196537890e-01 -5.308398905357282871e+00
3.122376217782665435e+02 6.613572366528143176e-01 -6.688802444596285035e+00
3.787330824293294427e+02 7.929791771600549488e-01 -1.299889234052528098e+00
2.804035069671622864e+02 6.868427189580921244e-01 -9.406015376850355381e+00
3.431048306565022585e+02 7.757147253151681632e-01 -5.517425640679126664e-01
3.392079921675268110e+02 3.827797571711868407e-01 -6.309136772955387107e-02
3.088943575221657625e+02 4.879220716427281612e-01 -3.645725882174200017e+00
2.893389003691424932e+02 7.131403297371954331e-01 -6.658114012071714605e+00
3.692209270389864741e+02 7.640284231851453001e-01 -7.368090309318998665e-01
3.025234634345606537e+02 4.098042029535867714e-01 -3.257737864505231840e-01
3.717466639473931309e+02 5.669967134430067279e-01 -1.662736048537968525e+00
3.735733926915713141e+02 5.953138440017831101e-01 -1.117914596547190165e+00
3.757547688038514480e+02 3.076816771409717211e-01 -2.759652498914494601e+00
2.696653615003156119e+02 3.129849196901509090e-01 -3.055511116395624782e+00
2.755321445854978037e+02 7.017761269255854417e-01 -8.850090474790001105e-01
2.943715302570655581e+02 7.602466598207355264e-02 -5.492721539664979780e-01
2.945491451976260464e+02 7.323354779547521787e-01 -3.511069771474004231e+00
2.977841587732083894e+02 4.691488975263302108e-01 -2.836394592194624309e-02
2.783577203650455090e+02 4.947745974722781437e-01 -5.738388896765022729e+00
3.154252652002174386e+02 3.708558386767816240e-01 -8.131984893941909931e+00
3.082336970700682741e+02 2.171191742978760275e-01 -2.027881819931968810e+00
3.257233591069179397e+02 3.008849224893709873e-01 -1.230480527022346315e+01
3.604342520615768990e+02 2.154090921555036897e-01 -6.056829829889901262e+00
3.291102299966203191e+02 6.193596756538467529e-01 -3.466431234526501370e+00
2.667827790095491878e+02 7.370383613549492674e-01 -1.245118040503556012e+00
3.463609113208298709e+02 1.216410777179640218e-01 -3.705493278175230332e-01
3.133127213363383134e+02 6.525697919962314408e-01 -6.628026379513626054e+00
3.065824113420853791e+02 6.330401570009356327e-01 -1.421858357460716205e+00
2.796490193409089784e+02 5.287305489517013513e-01 -7.463731468996846807e+00
3.372106176849947019e+02 4.579869508388693666e-01 -7.487854607053374967e-02
2.714280832221269861e+02 6.755757399236987648e-02 -2.726648058541083497e-01
3.551261198154472822e+02 1.303226680093199363e-01 -3.058084441645250617e+00
3.530620799010973769e+02 2.493264067419358465e-01 -1.754274895964557324e+00
3.394373670897421107e+02 6.449110471288687085e-01 -6.471953091859976304e-02
3.583693113114957214e+02 2.368663067553726798e-01 -3.827024618173964221e+00
2.876280795821949710e+02 5.697621628433823249e-01 -5.613262005705703217e+00
3.666211267564758032e+02 5.089473093852634467e-01 -2.166158641822294673e+00
2.994425528064969058e+02 3.383473670446814907e-01 -1.590518162162690985e-01
2.918407117135541284e+02 4.038024627543099765e-01 -5.014563070195271699e+00
3.148844295295322127e+02 2.747330111415784981e-01 -7.796247109567109312e+00
3.247973169108593083e+02 6.115928983315017664e-01 -1.062224068725240222e+01
3.020692162641929031e+02 4.444483103197435780e-02 -2.708911495049414753e-01
2.958252649221874435e+02 3.974794563926803970e-01 -1.302875968191959943e+00
3.106149677765072283e+02 2.280902927245674339e-01 -4.496577392056985367e+00
2.832046002079663367e+02 2.096560834154353667e-02 -3.511054400634948891e+00
3.833152443980591215e+02 6.885479239925057504e-01 -1.154482094964649708e+00
3.214982170885261326e+02 3.030900645760999101e-02 -1.580876692894804147e+00
3.586110367063465674e+02 1.621869691617823794e-01 -4.494367008670799635e+00
3.203148607735201381e+02 5.039817184174605336e-01 -1.544053672426786683e+01
2.580826078434673718e+02 8.862003295509941411e-03 -9.833758165787308769e+00
2.622713239493278934e+02 2.713153734817526086e-01 -7.257432021183917170e-01
3.686124376347572706e+02 7.777953862348698788e-01 -6.355687577596405013e-01
2.903341143716762645e+02 5.919379007585475749e-01 -5.872950576242398135e+00
3.569775493541215496e+02 7.458307921779626544e-03 -1.887430235833228997e-01
3.820561381702125345e+02 4.230023123822153619e-01 -2.052900313914496788e+00
3.199092171336789079e+02 5.634228847704896709e-02 -4.840766936701637491e+00
3.350684865955256555e+02 5.494802749211994408e-01 -9.253017731367746412e-02
2.570519358237984875e+02 1.197661213752431175e-01 -6.624647481868495280e-01
2.625465961858965898e+02 1.889547216813457775e-01 -2.629920948106500567e-01
3.310758667061419374e+02 3.442949198845375314e-01 -1.101004808242084687e+00
3.657112515161024362e+02 1.460660246145826791e-01 -9.988449439779587991e+00
3.528852192784828503e+02 7.596566794994763505e-01 -2.698689309091855115e-01
3.271683287504050668e+02 5.786460347074351418e-01 -7.576508237038267701e+00
3.757642109649881377e+02 2.677009962559315226e-01 -3.047422145700851015e+00
2.641146221029155754e+02 5.889677675864022355e-01 -6.703981935690193072e-01
2.734860616435769884e+02 3.962255306677990307e-01 -1.455648833739368930e+00
2.793884628271551946e+02 4.041816064348719428e-01 -5.851164543075722868e+00
3.355279832000611577e+02 4.995090681804093546e-01 -1.107530369658445701e-01
3.200432369808631279e+02 3.756792013692591276e-02 -2.195431291637362392e+00
3.515102320248109891e+02 2.433450291472466498e-01 -1.187487713684510560e+00
3.646838085515846046e+02 7.736110523437739195e-01 -4.660391908783795278e-01
3.487494605084423824e+02 3.675619739504945027e-01 -1.259837980422939374e+00
2.629495165792463922e+02 3.434559344002423020e-01 -8.577089940319266859e-01
3.565095542255123178e+02 6.195586191054244241e-01 -8.660795416198860952e-01
3.806355638553651488e+02 5.413376679392314372e-01 -1.905658336058958513e+00
3.676539713258960091e+02 6.845711515919531420e-01 -8.785450682278639345e-01
3.103709249409850486e+02 5.372253963120077191e-02 -5.008543947523035333e-01
3.134787461211171831e+02 1.544575065883895815e-01 -5.530486864289894555e+00
2.689806633063615777e+02 4.485272017118746013e-01 -2.988579242597139363e+00
3.626766147008444818e+02 5.731989717620189495e-01 -1.848238742046101502e+00
3.798192454412902066e+02 6.021500919383911965e-01 -1.844370752190345408e+00
3.827337919252939855e+02 2.024513037179484776e-01 -2.594029850220507250e+00
2.852407514376602649e+02 4.304379857143593724e-01 -7.107783366303209505e+00
2.807685994141248784e+02 2.002299846746581190e-03 -5.247856143753711677e+00
2.919400672518887632e+02 3.091486660822180266e-01 -4.455287986632006536e+00
2.998179788952244849e+02 7.812801064381448279e-01 -1.032274792873127123e-01
3.453941994245169553e+02 6.934560510386901244e-01 -3.043874220847639367e-01
2.703219994352180038e+02 1.900175905585209726e-02 -9.683767445883149083e-01
3.412507030129786472e+02 1.003901978196640593e-01 -2.634036739844270447e-01
3.547586969596541167e+02 7.932932743443933399e-01 -6.798204441530005804e-01
3.609465908317024514e+02 1.226636752586848511e-01 -7.567120944880909583e+00
3.116854750057547676e+02 4.206324280923741665e-01 -6.682041607730290877e+00
2.908106410348101463e+02 6.594373715458176077e-01 -5.462350430324944384e+00
3.432881556460579873e+02 7.080445017518458561e-01 -6.156754338010409500e-01
2.970913259896109935e+02 2.987545797848320528e-01 -1.081966648117763941e-01
3.087019014421161387e+02 7.332418845969237986e-02 -8.322737450287339689e-01
3.025905682109008126e+02 4.601040360958108533e-02 -2.230425611602930014e-01
2.719530282904614182e+02 6.510160199475691911e-01 -3.503155794915992605e+00
3.577896536405432926e+02 7.882121654686878864e-01 -3.019099141080093807e-01
3.306756305336425044e+02 6.799985097356217034e-01 -1.354623055936134524e+00
3.477445358382713039e+02 1.869095928283254215e-01 -1.121013225424957849e+00
3.739919448693618165e+02 8.144167389768676435e-02 -2.617957355513398809e+00
3.545213738309579412e+02 2.100887106021696593e-01 -2.685603003639759123e+00
3.376957624743830593e+02 5.139270281994006151e-01 -5.734768616263864055e-02
3.773814636042394568e+02 7.172957013924702308e-02 -1.954740432813073969e+00
3.736117056820034463e+02 2.386281614771179338e-01 -3.993360208159008717e+00
3.654751011489550478e+02 2.891065248025614931e-01 -7.211083873563358893e+00
2.681811127323451274e+02 6.383484277366897608e-01 -2.241287778455659296e+00
2.655848977348995845e+02 3.512101942742564820e-01 -4.220049413381418146e-01
3.034454797917919677e+02 6.463855679064578474e-01 -4.797431231258321091e-03
3.049613410792832724e+02 4.812172053860666043e-01 -1.250812226878350031e-01
2.745370285741642533e+02 3.743607611771838095e-01 -8.141458036573803181e-01
2.963229974885439901e+02 3.803837482928535407e-01 -6.209324350634982670e-01
3.013933650317790125e+02 7.300271851112910548e-01 -3.042997033007250329e-01
3.084516761858453151e+02 2.723269207085920462e-01 -2.719148496354661049e+00
2.768472639120030294e+02 5.956577310376118817e-01 -1.924806295474672302e+00
2.789807164554503629e+02 1.336712792955329909e-01 -7.109716455724680584e-01
3.344154980980298433e+02 7.498527494120676984e-01 -8.007537528004388117e-02
3.225702822953826399e+02 1.498609677727690860e-02 -3.050308521152287899e-01
2.762776057947072559e+02 5.440492596436528050e-01 -8.188828160374826970e-01
2.827598677036710342e+02 1.613493549550017447e-01 -2.374587334045525022e+00
3.616913112588632089e+02 7.164763761327015423e-01 -7.544203364273111001e-01
2.896655468753925220e+02 2.494377507345238998e-01 -3.588976044212196737e+00
2.836127176479691343e+02 7.024711857997183451e-01 -9.129737458814792816e+00
2.874640770428193264e+02 5.346397819324639755e-01 -5.542981062850657281e+00
3.722267584830993314e+02 4.357723856371508164e-01 -2.557127128467028498e+00
2.994512964592639719e+02 7.671523225282542713e-01 -6.685907525430820342e-02
3.339511027779385586e+02 4.411478668324558261e-01 -2.723561841346455042e-02
3.697495015128867522e+02 3.197746883044725874e-01 -4.548805292404160205e+00
3.186308045710574106e+02 6.259148985347848249e-02 -5.168784466138017564e+00
3.662391757150154490e+02 4.140665274530872519e-01 -3.713628120755605444e+00
3.504021240489911975e+02 1.480721827018504910e-01 -1.426946511421365305e+00
3.459393633807112565e+02 2.167760684330481691e-01 -4.349616207187899652e-01
3.212869803117484935e+02 4.932258907537795389e-01 -1.723199436576820531e+01
3.289955806834886971e+02 1.936040795422323824e-01 -2.842331093903068151e+00
3.258868520207399797e+02 2.612914979362765400e-01 -1.168630332143530559e+01
3.597173997011688016e+02 3.247736651333407165e-01 -3.435423684230702435e+00
2.624651911801546476e+02 4.792337060475545529e-01 -1.369176290682434516e+00
2.596207421054984366e+02 1.398058901084733019e-01 -2.722242108899185498e-01
3.147737394733575798e+02 3.344263996131985883e-01 -7.888142546682578526e+00
3.391435359340802052e+02 5.271996006935260048e-01 -6.264864002241860019e-02
2.861065499589197998e+02 3.573702764010835420e-01 -5.579481067671498984e+00
3.708603653593560239e+02 2.256125596949760670e-01 -5.785037511471555760e+00
2.611695394392410776e+02 4.676590021383875140e-01 -2.078612304373829822e+00
3.156367364933245767e+02 6.272174896582166648e-01 -6.469841913993692017e+00
3.394327066568464488e+02 9.418514583849031674e-02 -2.818146788773416844e-01
3.244714839345004407e+02 6.084961089304639081e-01 -1.135047593790744536e+01
3.322717495018698060e+02 1.178825187664056112e-01 -1.174514455901517762e-01
2.935193243120228317e+02 2.847327120878437867e-01 -3.958833707540248881e+00
2.948996864390787778e+02 7.372827201984706313e-01 -3.061328901933664692e+00
2.575911994488339474e+02 4.579326270674946020e-01 -3.288356114125539076e+00
2.884805584083189274e+02 1.745317596377757852e-01 -1.836435288316499603e+00
3.299031401127466552e+02 1.766530124302682636e-01 -1.239787115082967794e+00
2.669620613572758998e+02 5.660334217033441417e-01 -1.214050885699595961e+00
3.429202261456288170e+02 3.865376302724212731e-01 -9.095429619648935926e-01
3.782000148458299122e+02 6.653633327378219997e-01 -1.583985645517629326e+00
3.839041398964515110e+02 7.256715131766888760e-01 -1.084677451611399279e+00
3.170155295198121621e+02 2.514023177968822964e-02 -5.357125551123465002e-01
3.063386865609978145e+02 5.599146174765793349e-01 -1.041263528744442945e+00
3.239244206641014898e+02 5.066688155354427403e-01 -1.459440354809932394e+01
2.568176505343901681e+02 1.052721029272222220e-01 -8.787868558293630006e-01
3.210446983783022006e+02 2.821781873703003152e-01 -2.003960423476233998e+01
3.218411632190337741e+02 1.931964516639709528e-01 -1.967611543795968743e+01
3.221462623058323516e+02 3.504070520401001421e-01 -2.043523637237631974e+01
3.216407197899932839e+02 2.359109878540039118e-01 -2.067236416397442511e+01
3.196544997849966308e+02 2.603993892669677623e-01 -1.758847600055579719e+01
3.212633044618166878e+02 4.456981658935547097e-01 -1.819810466098025969e+01
3.198874887551972392e+02 6.837999820709228516e-01 -1.140039110752866947e+01
3.227449060130616090e+02 2.865527868270874023e-01 -2.007382909210318900e+01
3.221403828906952072e+02 4.615327885254016937e-01 -1.843042084941237846e+01
3.190017740212973649e+02 3.004362344741821622e-01 -1.597035913103846205e+01
3.218348034451253170e+02 3.487252473831177202e-01 -2.051320041255730686e+01
3.200207409711922537e+02 5.239493991541499529e-01 -1.453919242443812720e+01
3.226939203260036493e+02 4.536299228668213002e-01 -1.836644544418091485e+01
3.229834247051252305e+02 6.568531513214111994e-01 -1.414065938598618644e+01
3.195235464566015366e+02 3.986994981765747403e-01 -1.576800414510874049e+01
3.244972453891956548e+02 6.995167255401611994e-01 -1.016880351189942644e+01
3.226173049475424932e+02 5.208598379745555951e-01 -1.702836784872726028e+01
3.189087962979984923e+02 3.192982912063598855e-01 -1.585060407682714612e+01
2.827702946748028694e+02 7.924155894739179917e-01 -1.025399538195828875e+01
3.165860475232840372e+02 5.364477421279721936e-01 -8.348086550546069518e+00
3.188149748220326387e+02 4.400666037405067677e-01 -1.420328816218966850e+01
3.210932778943567882e+02 2.553206384060183187e-01 -1.999664044230089743e+01
3.238808864665810461e+02 5.391256144194553901e-01 -1.404768674129503303e+01
3.184226148328763770e+02 2.686542272567749023e-01 -1.498316718754322530e+01
3.186613034929504238e+02 7.490221500396728738e-01 -9.091678068878076502e+00
3.225005349140589601e+02 3.651336193084717130e-01 -1.992500755710323546e+01
3.225951665957724117e+02 1.835950261861996335e-01 -1.879539352536229302e+01
3.221747852194659458e+02 2.890014171600341908e-01 -2.100024623074651942e+01
3.225056765773115330e+02 3.511935710906982644e-01 -2.012519404276248380e+01
3.209020673742058420e+02 2.576668024063110685e-01 -2.003601499565527533e+01
3.210663257680820379e+02 3.280203819274902788e-01 -1.968876168360463552e+01
3.237133802243199625e+02 3.149701356887817383e-01 -1.718848708753118970e+01
3.238467374767903380e+02 4.691755294799804799e-01 -1.519476886312038388e+01
3.241294906844439083e+02 2.408283126749256875e-01 -1.608064881860060069e+01
3.214587140318311640e+02 2.527781963348388894e-01 -2.086898651565919849e+01
3.216325259049596070e+02 3.951069116592407227e-01 -1.955453310086289065e+01
3.225340738621449646e+02 3.984527349472046232e-01 -1.938233690510528007e+01
3.234570611734187082e+02 2.902176141738891935e-01 -1.833833983443011917e+01
3.205708434458272791e+02 2.220293283462524414e-01 -1.903114419441433469e+01
3.220305557506983973e+02 4.384239196777344194e-01 -1.891442231976618160e+01
3.207716354555079192e+02 4.063095092773437722e-01 -1.785594991784216745e+01
3.205448267788998464e+02 4.014469146728515958e-01 -1.732284811543905789e+01
3.234467879360646521e+02 4.795255661010742188e-01 -1.590602416712080824e+01
3.235753927571411168e+02 2.281529903411865234e-01 -1.685064071214127779e+01
3.213679140180600484e+02 1.998516321182250977e-01 -1.948494841659749000e+01
3.198304506455941691e+02 3.346632242202758900e-01 -1.717648297197841600e+01
3.236000188673443176e+02 1.631324050091107203e-01 -1.471783440452147751e+01
3.199229069831947072e+02 3.778630018234253041e-01 -1.657671116733306604e+01
3.245661917857710250e+02 3.340676307678223100e-01 -1.411560088824893455e+01
3.176758510484148132e+02 2.148335471276754116e-01 -1.326015732668225944e+01
3.207022870113790987e+02 2.683236598968505859e-01 -1.944189146929528533e+01
3.213840526685171994e+02 3.022178173065185880e-01 -2.046252005811537700e+01
3.204038468252550729e+02 2.817347526550292858e-01 -1.878382680458539156e+01
3.231133867189937519e+02 3.079484701156616211e-01 -1.921148050167124666e+01
3.205289428516172165e+02 2.309367895126342995e-01 -1.850122032429742092e+01
3.210873675263654832e+02 3.843487024307251088e-01 -1.884081951498801999e+01
3.212956368928165034e+02 4.042284965515137163e-01 -1.900636704425223300e+01
3.224357293270629725e+02 2.548910379409790039e-01 -2.057249176856062789e+01
3.200538420793516252e+02 3.250522375106811857e-01 -1.786581347404125353e+01
3.224853033888452956e+02 2.968651533126830944e-01 -2.063668444763936805e+01
3.216551069124280957e+02 3.085431814193725919e-01 -2.079395961406103766e+01
3.230075970568689741e+02 4.414483547210693581e-01 -1.738062207048193031e+01
3.219274838751418883e+02 4.327182292938232533e-01 -1.902783086492322084e+01
3.215769022488358360e+02 1.862471818923950306e-01 -1.927711128180510514e+01
3.220248809687940934e+02 3.232207775115967241e-01 -2.083322546891701421e+01
3.228057378522681802e+02 2.151548624038696345e-01 -1.933002683674109434e+01
3.200934942348866343e+02 3.542762279510498491e-01 -1.749921468529112900e+01
3.218329400566719301e+02 4.229111671447753906e-01 -1.922067952497114263e+01
3.210031958855527137e+02 3.962684392929077259e-01 -1.863843435979871899e+01
3.238791435377924586e+02 3.926430702209472989e-01 -1.639333237579572611e+01
3.236597093042524875e+02 3.434154748916626310e-01 -1.693760738608990124e+01
3.219812652662334926e+02 4.520449161529541127e-01 -1.863980745035852493e+01
3.236591561911043300e+02 3.523616075515747514e-01 -1.684310744863326192e+01
3.201942198137261357e+02 3.531275272369385210e-01 -1.749855650867441526e+01
3.233668695541834950e+02 4.576256752014160600e-01 -1.626568870052183513e+01
3.212022406965270420e+02 2.687758207321166992e-01 -2.058349147328698336e+01
3.219492598790582178e+02 2.439000368118286188e-01 -2.092038917278006949e+01
3.214379187036063854e+02 3.361171603933209018e-01 -2.011002076880631506e+01
3.221613052797040382e+02 3.699345588684082031e-01 -2.014179195856412719e+01
3.227673928881534948e+02 3.536092660883953798e-01 -1.953697301804611186e+01
3.224457493750648496e+02 3.243047861600596438e-01 -2.043399689843470313e+01
3.212977872851899974e+02 2.795465469360351451e-01 -2.057304063530749616e+01
3.221968107766085723e+02 2.563501119613647572e-01 -2.094144369241475800e+01
3.226748264147665850e+02 2.527380704879760853e-01 -1.994370474894861189e+01
3.223966859059231638e+02 3.567778027755293957e-01 -2.003407452454258930e+01
3.216618050444573100e+02 3.034228801727295033e-01 -2.083290960431947170e+01
3.205467663212830871e+02 2.998019793465446781e-01 -1.867581062034159700e+01
3.217643501428745481e+02 4.052129745483398771e-01 -1.935940008641929921e+01
3.231386092583069285e+02 3.657846450805664062e-01 -1.862865917927403814e+01
3.222729412482979683e+02 2.545836369443041369e-01 -2.093240221446636795e+01
3.226707756954026536e+02 4.338781356811523549e-01 -1.874590118188734778e+01
3.210000611425120951e+02 3.282399177551269531e-01 -1.969480526158638867e+01
3.196886874024708050e+02 2.602734067471238477e-01 -1.758179901248655597e+01
3.224379946010960794e+02 1.840624690055847335e-01 -1.880407817554331373e+01
3.194372275220754887e+02 3.181972604190625997e-01 -1.683896902719147448e+01
3.229592655180503584e+02 2.169928550720214844e-01 -1.855826936856091791e+01
3.210415769335113509e+02 2.399822134342403379e-01 -1.987283042565412217e+01
3.201407851028673122e+02 4.105388792640544127e-01 -1.659596369172803421e+01
3.230049820721249603e+02 2.143276214599609542e-01 -1.850154309835981792e+01
3.236957647848840338e+02 2.954998725313115471e-01 -1.727341425779368933e+01
3.219598995999014619e+02 2.040001899359588922e-01 -2.006382933693785731e+01
3.222792812326503622e+02 3.304837466001716018e-01 -2.069737826409322068e+01
3.212543189176029728e+02 3.096757640568161829e-01 -2.041633404048329226e+01
3.208848802551086692e+02 3.309487879164599855e-01 -1.967718446989359649e+01
3.223925498320766110e+02 2.773661766762720027e-01 -2.066251889673395681e+01
3.209936077985188376e+02 2.825533835327112553e-01 -2.004563166003912045e+01
3.215958693826299850e+02 2.657976030719185201e-01 -2.092903114047500779e+01
3.220928776814340608e+02 2.779331922531128041e-01 -2.101103691207347879e+01
3.217939881059982099e+02 2.335222296370330908e-01 -2.077629529145319864e+01
3.223219354813420523e+02 3.644583702087402788e-01 -2.023859466670081630e+01
3.213401584309708028e+02 3.052935613934303904e-01 -2.044395001272052781e+01
3.224379732213446914e+02 3.885494077857291062e-01 -1.954160339132781843e+01
3.219073664929352390e+02 3.212276667484319503e-01 -2.085344857789207040e+01
3.229306635527539697e+02 2.921286724225041764e-01 -2.009552674108331161e+01
3.230985811639008034e+02 3.824933046025265071e-01 -1.837953148082835853e+01
3.221822807122515542e+02 2.171480390202236710e-01 -2.033012875580826062e+01
3.211410763547406191e+02 2.209617199532450948e-01 -2.008526419073331937e+01
3.227318296917657108e+02 2.614256645922303224e-01 -2.001843287367249857e+01
3.225918271825355532e+02 3.080777379929605098e-01 -2.058728248321544640e+01
3.220501950541984684e+02 3.348535718655690774e-01 -2.069949463666310407e+01
3.224786115241224707e+02 2.203594874234815482e-01 -2.004859458544979489e+01
3.215006269812041637e+02 4.142972132205414160e-01 -1.919752423520340301e+01
3.220819932884455739e+02 3.269326329812217158e-01 -2.072358225025135425e+01
3.221635226698359702e+02 2.817230878543374728e-01 -2.101380232722981845e+01
3.217610859172501705e+02 3.841947439942902109e-01 -1.974586146550411314e+01
3.215481383560914423e+02 2.349936546592594488e-01 -2.066449485079831305e+01
3.221463965181549725e+02 2.069172252645056220e-01 -2.004161747005813865e+01
3.214827196146329698e+02 2.915702590068665612e-01 -2.091116895460328351e+01
3.220077085037750066e+02 2.813449214618148342e-01 -2.109826353693583201e+01
3.216180265216170255e+02 3.449711235571240597e-01 -2.038265307543126426e+01
3.211850013925497933e+02 3.283999509495237334e-01 -2.022973731549643261e+01
3.225402122063560455e+02 3.236209827749643164e-01 -2.045251876111550970e+01
3.227929234482460856e+02 3.052790323977393472e-01 -2.001480166712125808e+01
3.221869655906668868e+02 2.416350422584509217e-01 -2.079246306440355241e+01
3.216622984005544481e+02 3.561424294536011392e-01 -2.021649772593190875e+01
3.215800211331804235e+02 3.744904041174332843e-01 -1.992311128913320672e+01
3.223499719224835189e+02 3.115151702070251272e-01 -2.088603319890301080e+01
3.223644871528904332e+02 3.826613912685918883e-01 -1.994357202420732733e+01
3.209045747568222282e+02 2.718577834265050175e-01 -2.007098385361496540e+01
3.220911865559934313e+02 2.595377979758187736e-01 -2.095636753391634244e+01
3.217241240632053518e+02 3.065876317320985756e-01 -2.080600630709217214e+01
3.221536913493283691e+02 3.167376398022110351e-01 -2.082913332080548940e+01
3.224222566354113724e+02 3.528518199920654408e-01 -2.009209251713667399e+01
3.218839231020755847e+02 2.688687447292798516e-01 -2.109189368069953829e+01
3.224567068539905677e+02 3.436616956675868084e-01 -2.021763102005999357e+01
3.215970365031838014e+02 3.225942993399422698e-01 -2.066300928526609226e+01
3.223816110009629483e+02 2.266882693390167569e-01 -2.017610559454049124e+01
3.222052737649291316e+02 2.925939734525004887e-01 -2.099005824313005775e+01
3.208217504324483116e+02 2.821187574749967619e-01 -1.941131639403465670e+01
3.212186372817816959e+02 2.775471266029653772e-01 -2.058372238444870561e+01
3.217231521988206850e+02 2.555387309757395364e-01 -2.087307149451256905e+01
3.222901915230460190e+02 2.507992915711599879e-01 -2.090072489719708315e+01
3.215797152476372389e+02 2.027982569661592460e-01 -1.990919170142661443e+01
3.231285247257359856e+02 3.065339223973486127e-01 -1.922286028856363416e+01
3.224186898211796688e+02 3.537175962306415844e-01 -2.007970810448420096e+01
3.221386881848956136e+02 2.591816464326310299e-01 -2.095701620423719902e+01
3.209464540412303108e+02 2.431015221130012616e-01 -1.992069473250139211e+01
3.214994338246422103e+02 3.703308816300365791e-01 -1.999686155495416173e+01
3.222810817652035666e+02 2.265625729199880201e-01 -2.054768179612799273e+01
3.217525176487195608e+02 2.979794086895725669e-01 -2.086370642071464943e+01
3.216149904342752848e+02 2.800318100201424909e-01 -2.093828414414980799e+01
3.221112710264259817e+02 3.131406890370009855e-01 -2.085744738396988396e+01
3.216406468452593685e+02 3.099956703943327896e-01 -2.078258238640371758e+01
3.209835524724808238e+02 2.687726958945399480e-01 -2.005773793884011269e+01
3.212101169101064215e+02 3.619828477690906765e-01 -1.975538443240838760e+01
3.218861383985056364e+02 3.328671643750977238e-01 -2.072303282489181342e+01
3.213987749208868081e+02 3.388158199462127929e-01 -2.007831989147286578e+01
3.226429168977930999e+02 2.411756951392624027e-01 -2.044846351251686301e+01
3.222122255949531109e+02 2.165141178091247731e-01 -2.031543160213646360e+01
3.222645482527530589e+02 2.841984279452073325e-01 -2.101681305483753803e+01
3.214370779863529606e+02 2.746524561665396602e-01 -2.056324355718414765e+01
3.215487376977508802e+02 2.608638081487338889e-01 -2.091301654937015186e+01
3.220305285228607204e+02 2.763728330965403712e-01 -2.110124185248493234e+01
3.218746796107172941e+02 2.454538433353223859e-01 -2.093847932278228541e+01
3.217069419473718881e+02 3.222161100331294437e-01 -2.066156353599133055e+01
3.217462015907951240e+02 3.259640549728695103e-01 -2.061826911234379978e+01
3.220437441595622658e+02 2.824964497022528498e-01 -2.109655316835724292e+01
3.222274067835015217e+02 3.063917389356192178e-01 -2.091657752369901857e+01
3.220972453421321120e+02 2.869801781780983996e-01 -2.100068168342555097e+01
3.218031992570741409e+02 3.214756587353058137e-01 -2.085027541123922035e+01
3.216193408664688604e+02 2.742727358227545209e-01 -2.094128216897114214e+01
3.222580469691812368e+02 2.962412118911743053e-01 -2.097784438127298756e+01
3.225273042562347428e+02 3.211753486801867119e-01 -2.047399666995735856e+01
3.221279754233617609e+02 2.216491312308246919e-01 -2.043512685229768877e+01
3.226069473271065817e+02 2.520966518992881489e-01 -2.056833399473070756e+01
3.225979831918787681e+02 2.751467459545159921e-01 -2.068524397471752607e+01
3.223357328892408873e+02 3.327108047295090909e-01 -2.067541352434613344e+01
3.218375765848477386e+02 2.594678212663227845e-01 -2.105437907130662367e+01
3.220204287735139133e+02 2.560757709949836869e-01 -2.103265721262588173e+01
3.222928319928155361e+02 2.881862078524048409e-01 -2.100988176082380576e+01
3.217161020341735025e+02 2.865169050006494689e-01 -2.091800981334620602e+01
3.218103638670117448e+02 2.643542332863657029e-01 -2.107761947036021510e+01
3.216834947698796441e+02 3.138172525228802856e-01 -2.074654640180424181e+01
3.219075021249583415e+02 2.908885550414981314e-01 -2.107321534973808852e+01
3.226640915174874067e+02 2.474700221149775947e-01 -1.988928761901264508e+01
3.214501798637095931e+02 2.783737991067988804e-01 -2.055914145148465266e+01
3.214099535554424278e+02 3.054820556305036794e-01 -2.043560556884304802e+01
3.221561743007329142e+02 2.787405617472717423e-01 -2.101499325674521401e+01
3.217328687871421948e+02 3.091055425678120860e-01 -2.078527707983455031e+01
3.218935127886692840e+02 3.441698989786571294e-01 -2.057717947616352205e+01
3.221364172590149337e+02 2.730555445183936447e-01 -2.100974219503605767e+01
3.219026052032347707e+02 3.631141662597656694e-01 -2.029717371040437968e+01
3.216458546418198807e+02 3.113460343623760118e-01 -2.077067701153108814e+01
3.219003158891754879e+02 2.449724185908583041e-01 -2.093298503387837073e+01
3.221918119852769564e+02 2.935523702419659542e-01 -2.098543258500735220e+01
3.222211301995953932e+02 2.847636467090041701e-01 -2.101316700747345578e+01
3.217532081691246049e+02 2.839418658165772658e-01 -2.092314845404755630e+01
3.219936012723971430e+02 2.986788004583225131e-01 -2.103599558145027260e+01
3.217820719770200526e+02 2.858176714335574631e-01 -2.108912470868944311e+01
3.219162633273572851e+02 2.740934131127837348e-01 -2.110025971111346621e+01
3.222663261990375645e+02 2.493821603723623825e-01 -2.088576984085002053e+01
3.223034487207020220e+02 2.666704172357039493e-01 -2.100322574461943148e+01
3.218083835449574508e+02 2.508933126025911231e-01 -2.099271012093959499e+01
3.218124540026780664e+02 2.995931072106829407e-01 -2.103001586626099595e+01
3.217275444722095585e+02 2.488053014762540982e-01 -2.081988537545493756e+01
3.222357875660874811e+02 3.011021121890246066e-01 -2.095089102150651073e+01
3.220394972310060666e+02 2.767757317126877670e-01 -2.110125635656139664e+01
3.219716045940401159e+02 2.942895632076406587e-01 -2.105881339507156724e+01
3.217128471231214917e+02 2.640137427735488318e-01 -2.091650153844510740e+01
3.216607243565121053e+02 2.536452746010527948e-01 -2.086368649151691557e+01
3.218444957016746457e+02 2.899332677328986252e-01 -2.107659842384257942e+01
3.218314959249953517e+02 3.051414336171124342e-01 -2.099373611457692590e+01
3.217923821065347738e+02 2.590947983163544577e-01 -2.105229405328890735e+01
3.218406812670742738e+02 2.617621012441759820e-01 -2.106632738730799659e+01
3.220190735354910885e+02 2.629768960640929687e-01 -2.107157387849398589e+01
3.218970662672286380e+02 2.713482250125505146e-01 -2.109692690456826014e+01
3.220861101198540837e+02 2.719912927412266868e-01 -2.100478898756361446e+01
3.218693010894921827e+02 2.923596943964887340e-01 -2.106714746296784568e+01
3.219179887092553827e+02 2.762350187185457218e-01 -2.110126433133008206e+01
3.219950127637101787e+02 2.588486612590536473e-01 -2.105044853389658144e+01
3.220375252563533195e+02 2.656477919761953688e-01 -2.108209655600341392e+01
3.220229468888251176e+02 2.692680263839370980e-01 -2.109267709640846533e+01
3.219839849970776413e+02 2.938244641786791900e-01 -2.106099124909351517e+01
3.218560257300732701e+02 2.798291865446201898e-01 -2.109980745045755413e+01
3.221156093912797473e+02 2.669577056703186790e-01 -2.099309891683195417e+01
3.220041098321723894e+02 2.863833381269513811e-01 -2.108814467896491607e+01
3.220336284801707052e+02 2.821386724083699837e-01 -2.109712461808539885e+01
3.218938230220707624e+02 2.879770643855154022e-01 -2.108334789785696373e+01
3.221419807606138761e+02 2.815380685690371809e-01 -2.101262706617476539e+01
3.220566654321938245e+02 2.701146872375622676e-01 -2.109444601177734668e+01
3.220767062003213823e+02 2.609538579551555215e-01 -2.096368846595589375e+01
3.220158810270335152e+02 2.640598706000191753e-01 -2.107616521841616120e+01
3.219099581292130097e+02 2.654080525277358049e-01 -2.108151752246866550e+01
3.218252456974068991e+02 2.690737546788674606e-01 -2.109236046122497754e+01
3.219799957870733351e+02 2.784013599394367100e-01 -2.110091486922545201e+01
3.219047102853100455e+02 2.597936804717319581e-01 -2.105608706503074856e+01
3.220009212106220957e+02 2.704516979340802485e-01 -2.109524040685502655e+01
3.218590586750059970e+02 2.619958891976838511e-01 -2.106742699177671696e+01
3.218542043720831884e+02 2.884105184373053632e-01 -2.108185772492226917e+01
3.220546598838771502e+02 2.769509688407528203e-01 -2.110123111332946877e+01
2.603009817536386663e+02 6.862003125375804036e-01 -3.797297160652872705e+00
2.837840800827453904e+02 1.855443009359379336e-01 -2.712218439666300718e+00
3.453403983396796093e+02 2.068681568773347856e-01 -4.533128604353712232e-01
2.591220679194177592e+02 4.809749222173826388e-01 -3.398952118508018927e+00
3.077979966908596339e+02 7.156811124408112290e-01 -2.702813593150504179e+00
2.624815710169112890e+02 5.722572089633984893e-01 -1.515163176298638392e+00
2.969979009405849979e+02 5.173193713358837931e-01 -2.406733626334428000e-01
2.933378511751404858e+02 3.522337373736702526e-01 -4.623583982224699795e+00
3.417266459760314774e+02 4.486293118623917997e-01 -6.253449641063670850e-01
3.234551128436292515e+02 1.213683348204353252e-01 -1.254673120388620156e+01
3.289482219319608021e+02 1.517321696496143346e-02 -2.434827592805369756e-01
3.754929096632994288e+02 4.689174720492365195e-02 -7.960439856497480982e-01
2.998301340109596822e+02 7.393294847965484751e-01 -1.108670767487681535e-01
3.525726964701808583e+02 4.704331448054072107e-01 -6.655240721381219249e-01
3.298591218118679649e+02 6.925724304447337110e-01 -2.325875544401812878e+00
3.477556885199326189e+02 1.989024854269434983e-01 -1.135188199807603437e+00
3.457714342458578471e+02 1.287606982611779471e-01 -3.420599694367921217e-01
2.842705081387198334e+02 6.621977040280371263e-01 -8.933629577694427226e+00
2.903378905617515215e+02 2.733781176378053401e-01 -3.980325970457962104e+00
3.645796979581260189e+02 6.400936967157706547e-01 -1.168790503831164340e+00
3.016532719488765224e+02 2.134882943665593613e-01 -7.923925012477665009e-01
3.339419838877221309e+02 5.118953956626920432e-01 -4.954776123303979152e-02
3.688372228412816298e+02 2.903704440523685593e-01 -5.066566219104730706e+00
3.309479111665445998e+02 3.903898698611134033e-01 -1.145259577551049901e+00
2.953542076289481884e+02 5.382683705226509741e-01 -2.210465416089663737e+00
2.729033716737774853e+02 7.784829142921440015e-01 -2.514572792877802776e+00
3.785098602741518334e+02 4.360479623897386969e-01 -2.843676155590282750e+00
3.675480509826940079e+02 6.017872891967147586e-01 -1.322644663124062925e+00
3.180435030349414660e+02 6.778661900782887439e-01 -9.213788506044288340e+00
3.070147112801108165e+02 6.175225471912449970e-01 -2.090822623557880622e+00
2.912981051598178510e+02 7.431785379100576405e-02 -3.654024917838117892e-01
3.438487686594475576e+02 5.284346101048799094e-01 -7.168304258070370416e-01
2.793976628078901285e+02 3.749247954271502925e-01 -5.439727825953968754e+00
3.539013287060567450e+02 2.277929859075175367e-01 -2.260464933997712755e+00
3.498931520378274627e+02 6.443823283306932166e-03 -1.805860287342969661e-01
2.714275277290955160e+02 4.631423915639401034e-01 -3.768035141089707274e+00
3.404689792589123840e+02 5.492019552873638188e-01 -1.950673437814375577e-01
2.874009514083896306e+02 7.581584265691884150e-01 -5.715357157643207842e+00
3.198213035990234516e+02 1.730776563465578066e-01 -1.571150438072176847e+01
3.512766178347737309e+02 3.346597121221146498e-01 -7.748278289446669520e-01
3.725414453688643448e+02 2.231526552298436217e-01 -5.136388519153196164e+00
2.885189006829841674e+02 3.939009537821824836e-01 -5.382396880163872410e+00
2.649581905858536857e+02 5.271113818468752266e-01 -5.442522653897885476e-01
3.793173801974903085e+02 2.666610262740755632e-01 -3.934855503977230828e+00
3.201419677964897801e+02 4.975564116741801324e-02 -4.018014451515997898e+00
3.248277865321480817e+02 6.658434923293607977e-01 -9.950249069485868958e+00
2.750475028082454969e+02 2.635801785359283556e-01 -3.094837866579970842e-01
2.685117950936179909e+02 2.235186559848548193e-02 -7.592333262125385840e-01
2.666220467414804602e+02 8.527258104051574361e-02 -4.049775160931990969e-01
3.633751713453624461e+02 3.390205741834040332e-01 -6.147283914912913261e+00
2.772496223823280275e+02 1.380961136755507190e-01 -5.937269481410787364e-01
3.701938174528135619e+02 7.005713457142417333e-01 -9.996613943849810280e-01
3.092134341694435307e+02 2.991173858283027176e-01 -3.803332245773455966e+00
3.271743070619174318e+02 4.094152570683669556e-01 -8.655986460983580599e+00
3.221324181206246067e+02 7.939950948667124919e-01 -1.247318397269500956e+01
3.032555795310681788e+02 7.731353631953523653e-01 -1.409117183208006803e-03
3.611041039026034127e+02 9.811929955083968646e-02 -6.881596972904834963e+00
3.131258853706426066e+02 4.217874540734447564e-01 -7.460074513741366431e+00
2.573630422750492812e+02 4.029162197332474271e-01 -2.753869181226233920e+00
2.560986152329240326e+02 1.470520801103255559e-01 -7.900942014943942993e-02
3.484698021530914502e+02 7.506499118555176597e-01 -9.135654535478977545e-01
2.807755986940846356e+02 1.115639870627591901e-01 -1.342561058706138954e+00
3.560917138321983657e+02 3.205504535787189746e-01 -2.250718243036280874e+00
3.608319458718823398e+02 2.838148694319099774e-01 -5.265823283704626157e+00
3.352737422269948411e+02 3.481886123638135433e-01 -1.181825024735607688e-01
3.670136689792678908e+02 4.249389184306065492e-01 -3.259705581809141162e+00
3.360955954400477026e+02 1.620314916642272562e-01 -2.289663180562220013e-01
3.154218390854118752e+02 5.763318488848708787e-01 -6.698483444121165142e+00
3.253357764415103475e+02 9.564368455057004059e-02 -7.185472100013471142e+00
2.862196751464151134e+02 5.852592258963487115e-01 -6.584484906099810964e+00
3.578349842333001902e+02 3.069431345678171330e-01 -2.634393653713514638e+00
3.586467912313225384e+02 6.240141091750354141e-01 -6.287204816407176988e-01
3.148370938575612854e+02 1.538037138043926999e-01 -5.946533165215202033e+00
2.978203619212347348e+02 1.164738705634787569e-01 -3.194008618120464799e-02
2.786610092170768667e+02 1.785691887762856644e-01 -1.582255791440403625e+00
3.739142690094299724e+02 2.454692054349195129e-01 -3.623822632340786498e+00
3.375013517096624582e+02 6.345243316974279180e-02 -2.076351577945610705e-01
3.383970752048459190e+02 7.116316567149340022e-01 -4.237841085932212565e-02
3.649906023437216618e+02 4.782086548561360617e-01 -2.948469038665417319e+00
3.733124571084340459e+02 7.647361737315681030e-01 -6.220696896135065046e-01
2.723930888224825253e+02 7.305204404685963215e-01 -2.963065076854060731e+00
2.987346568467244197e+02 4.420480715719892206e-01 -1.175934436152760616e-02
2.701343474646283767e+02 3.864903088257900382e-02 -3.864624303464319621e-01
2.925961452366225899e+02 6.515192046743982779e-01 -5.340668177976216846e+00
3.320151848254374158e+02 6.420808510204495390e-02 -2.975834774848417075e-01
3.059311354735621080e+02 4.929940058887917198e-01 -7.114968530095276966e-01
2.763069613901298567e+02 3.063222910275991903e-02 -9.909283572264440121e-01
3.817325961406492070e+02 6.376859139969534018e-01 -1.313057168867310498e+00
3.815166368923739242e+02 5.928513115734540539e-01 -1.516425253083600433e+00
3.167238344187150005e+02 3.144449087312108926e-01 -1.120134642998352525e+01
3.552177252966493484e+02 2.537399502065141865e-01 -2.617616235891440546e+00
2.619459290644760472e+02 6.115772850792818849e-01 -1.927211187055333674e+00
3.102815223377510847e+02 3.819851234675089025e-01 -5.081118472215526261e+00
2.819011484843337030e+02 7.230226734380420517e-01 -1.079603742489221752e+01
3.773872825628963028e+02 7.881527967228970644e-01 -1.023127625092021598e+00
2.652442132165962221e+02 3.620796742909238031e-01 -3.962927816469661857e-01
3.834671338422473923e+02 5.023508893874139014e-01 -1.643494159416466482e+00
3.119863480037526529e+02 5.575701868093025926e-01 -6.837518959755121806e+00
3.038212385094224146e+02 5.646813079740696795e-01 -1.129955561160179978e-02
3.426511572668574104e+02 2.391888826673343460e-01 -8.250761044588198478e-01
3.216931613641518766e+02 4.081592872817534356e-01 -1.930673367897482606e+01
3.220346241011895358e+02 2.378992508166980491e-01 -2.084156097275990760e+01
3.210277045994857303e+02 3.860460744549762957e-01 -1.881839891555065591e+01
3.232541207646974613e+02 4.017454266556885201e-01 -1.811237899465032797e+01
3.228612213403182523e+02 3.268324091997778513e-01 -1.986101459035997152e+01
3.212661030982768580e+02 3.090578158992127178e-01 -2.042049938484468896e+01
3.223598530005235716e+02 3.787030696868896595e-01 -2.001036665991921026e+01
3.224408761527232059e+02 2.851809852896456943e-01 -2.066543131963613789e+01
3.229531348365086387e+02 4.578317642211914285e-01 -1.781199502549681668e+01
3.219973430406262764e+02 3.921114444732666238e-01 -1.980367512880031455e+01
3.202154617604762734e+02 2.769008101402144484e-01 -1.814200621774108413e+01
3.219795214504309229e+02 4.551896572113037220e-01 -1.857597407990168392e+01
3.208401290000197150e+02 3.312520313994884447e-01 -1.902537979953751801e+01
3.213577750613227408e+02 3.813467025756835938e-01 -1.941748976001371929e+01
3.218303552743531100e+02 2.126436233520507812e-01 -2.032448423407414850e+01
3.213757117977520466e+02 2.587581634521484708e-01 -2.053350048299241948e+01
3.197780045357538938e+02 2.620022535324096902e-01 -1.757073456530950750e+01
3.232097617156699130e+02 2.992463588714599498e-01 -1.927580592439181473e+01
3.236387395313097386e+02 2.531195878982543945e-01 -1.716890845013616840e+01
3.205746852386046157e+02 4.516994307100494210e-01 -1.639689469380134312e+01
3.235609375931132945e+02 3.035723837883328446e-01 -1.832292922980246530e+01
3.199945632602029946e+02 3.636887764444918791e-01 -1.738045783426256463e+01
3.237886360730645379e+02 4.167654991149902788e-01 -1.601410065253530490e+01
3.216184883416902380e+02 1.891937004676343681e-01 -1.940054065390269855e+01
3.236459688750230725e+02 4.249106401612645634e-01 -1.585045699283523923e+01
3.214211637087772715e+02 3.188152994297763776e-01 -2.031349664820752565e+01
3.220008514357023159e+02 3.052438594306792208e-01 -2.099366716389328502e+01
3.229404998832800402e+02 2.824653591308206591e-01 -2.011226476317740364e+01
3.205051159507052034e+02 3.219969236415591296e-01 -1.849321209518087272e+01
3.213428499002238823e+02 2.718688213484395377e-01 -2.057241749303371847e+01
3.222314569929575327e+02 3.056109506683787336e-01 -2.092219952565748642e+01
3.214980372086249645e+02 3.498008896421442304e-01 -2.031912651273491122e+01
3.223421694443010210e+02 3.408058312735593454e-01 -2.057679039429099177e+01
3.217061392874940680e+02 2.849538004502115696e-01 -2.092313883531338448e+01
3.206411433925571828e+02 2.936540696139413598e-01 -1.939352561074895220e+01
3.218424784281633606e+02 3.160590965493315641e-01 -2.090363087901593175e+01
3.217220062726687502e+02 3.836973403561990126e-01 -1.975655083306182291e+01
3.209004783030485441e+02 3.482443936047001087e-01 -1.944457403339892920e+01
3.229466647348945685e+02 3.662400985770238870e-01 -1.939447579980099334e+01
3.210985128338462573e+02 3.426491425285372872e-01 -1.949793205400991170e+01
3.228103432571582516e+02 2.789001431128972919e-01 -2.008857371562813299e+01
3.224171975389261320e+02 2.928998281123715852e-01 -2.064357094183080932e+01
3.211435541251000814e+02 4.193941851203312199e-01 -1.818913067054975841e+01
3.223532623970241957e+02 3.565919771247021974e-01 -2.035966221826261346e+01
3.230111339207700780e+02 3.126419362057099582e-01 -1.915901899680648768e+01
3.208077170587534397e+02 3.731708604117244255e-01 -1.842691297791492389e+01
3.234377747939068399e+02 2.450594151881056448e-01 -1.814291389395427245e+01
3.220238936335442190e+02 3.585134591149192751e-01 -2.036948022084029830e+01
3.228615870622166995e+02 3.910119683506363408e-01 -1.899550592964556728e+01
3.210438855381262897e+02 2.778038465479460983e-01 -2.004838972115475215e+01
3.219365134824615780e+02 2.756132612353350275e-01 -2.110111989544062183e+01
3.211856059087396602e+02 3.423821627691847058e-01 -2.004991592510347687e+01
3.207344025119289199e+02 2.999623824718694043e-01 -1.934041209681390328e+01
3.223387863319807138e+02 2.624761143451496692e-01 -2.098705089013223457e+01
3.220046925987161330e+02 2.574358976574275815e-01 -2.104175470277418825e+01
3.219841308885429498e+02 3.459635971801396370e-01 -2.055296992630553632e+01
3.221229535262044692e+02 3.389821966533415054e-01 -2.058567547374409301e+01
3.219876651602531865e+02 3.405967919899652863e-01 -2.062571297762358569e+01
3.210192661644227883e+02 2.644572552816744082e-01 -2.004457929847690068e+01
3.222416423020804359e+02 3.500900082298424310e-01 -2.044591760442970596e+01
3.213651203136115555e+02 2.328886574453278568e-01 -2.027832164002095894e+01
3.225522651577684883e+02 3.221168428732676947e-01 -2.046834794769289445e+01
3.218754819168498216e+02 2.903389926483425643e-01 -2.107520888440469520e+01
3.217278793684383800e+02 3.279041478472658477e-01 -2.059693842836454181e+01
3.235943800735125819e+02 2.418649545048421334e-01 -1.704838078014040903e+01
3.224924343172165209e+02 2.790278198958714984e-01 -2.067558801253806067e+01
3.212746981762013547e+02 2.848452976711570162e-01 -2.056296497848051175e+01
3.223477115977829612e+02 2.376482851562753129e-01 -2.074496510426888563e+01
3.219259218877700732e+02 2.548647011598703105e-01 -2.102442950598823046e+01
3.208836455227943816e+02 2.809193186200101833e-01 -2.006467466420980017e+01
3.221589587080679848e+02 2.814796528919009111e-01 -2.101374551488586917e+01
3.225011707980054325e+02 3.771538957554796401e-01 -1.973778175613654895e+01
3.216767318162915217e+02 2.592282823428779248e-01 -2.089758843517753562e+01
3.211514317990117320e+02 2.959520815147605455e-01 -1.996627701050174863e+01
3.215604876491675554e+02 2.795707555105907405e-01 -2.094184126672731239e+01
3.218037456435502577e+02 3.331906697513285498e-01 -2.071855080246390912e+01
3.224486270596593158e+02 3.413975473000202543e-01 -2.024483974292873967e+01
3.215348300081900561e+02 2.465447114914196269e-01 -2.080977402541548216e+01
3.212050382700700197e+02 3.228632333474084071e-01 -2.029114441941313274e+01
3.221455060168032105e+02 2.876090071768676038e-01 -2.100220653855782160e+01
3.216196236858634165e+02 3.347005837329943834e-01 -2.051974596928970129e+01
3.222179724062600599e+02 2.884438141403456446e-01 -2.100454813505307783e+01
3.220135067378353142e+02 3.138487225935073233e-01 -2.092451676633940139e+01
3.227540287564524988e+02 2.556883600720207816e-01 -1.998245571800181608e+01
3.223211445833678681e+02 2.595615955945391740e-01 -2.096984059046679150e+01
3.219002084475092147e+02 2.570666245457415289e-01 -2.103972399508264246e+01
3.214046152500316111e+02 2.448068444454026826e-01 -2.042593195963100783e+01
3.216341214336105168e+02 3.152224432730818537e-01 -2.073592214018760771e+01
3.223609987143505009e+02 3.018322425935562325e-01 -2.095441014402345203e+01
3.211860252006399037e+02 3.325120035828712517e-01 -2.017961055882466326e+01
3.214180168998374825e+02 2.766054199945688352e-01 -2.056426670990348882e+01
3.218651851123065626e+02 2.734511899098719390e-01 -2.109966075932259955e+01
3.223266731692797862e+02 3.305216321717814876e-01 -2.069996896126868435e+01
3.232685119711534298e+02 3.316519848220458311e-01 -1.906180073721109736e+01
3.213456184700183940e+02 3.459901998321035510e-01 -1.998452772151037138e+01
3.212733727542304223e+02 2.795586932121347234e-01 -2.057549019303603899e+01
3.216707689845085270e+02 2.993786647157141156e-01 -2.085954161892983194e+01
3.223950104204195100e+02 2.656421439417093744e-01 -2.063386296694828204e+01
3.210303153450651052e+02 2.863865495919591386e-01 -2.002849862093973243e+01
3.220387424429519001e+02 3.208077128033915426e-01 -2.085827578805969296e+01
3.215349549146356480e+02 3.296578273159634920e-01 -2.058580658742062397e+01
3.229336180026862735e+02 3.182308513282674500e-01 -1.995035435780569344e+01
3.219818677920341088e+02 3.271037365360061067e-01 -2.079076239537225135e+01
3.213776774825627172e+02 3.111100707319688352e-01 -2.039176099728402392e+01
3.214641635849675367e+02 3.233294401435145571e-01 -2.066145886764466866e+01
3.220072840056519681e+02 2.797491858446147228e-01 -2.110000240298381513e+01
3.209434751291436214e+02 2.603068349627990496e-01 -2.004174132456834201e+01
3.209725802355426936e+02 2.461552475967460352e-01 -1.994652427914549619e+01
3.224751593000032130e+02 2.991261418810706174e-01 -2.062500308834239604e+01
3.215720489873207271e+02 3.069392440041609493e-01 -2.081108853972281381e+01
3.219084718856514087e+02 3.351440527174928130e-01 -2.069521827556698668e+01
3.224290978160673262e+02 2.906754032185243641e-01 -2.065204870462776299e+01
3.221669738765201600e+02 3.046494181056119133e-01 -2.092448010764423927e+01
3.218277115623948248e+02 3.205440501869851189e-01 -2.085994248784311011e+01
3.216613863621190603e+02 2.919439783179895720e-01 -2.090017341746725776e+01
3.215001845594640599e+02 2.745745898863905521e-01 -2.094783545069913799e+01
3.230422541701308887e+02 3.583401024049266970e-01 -1.870581481786830835e+01
3.211193094487467761e+02 2.881819203596969192e-01 -2.000939215740921995e+01
3.221325076986915406e+02 2.327646951281732157e-01 -2.065584881491224323e+01
3.222229409155698363e+02 2.719792070155328534e-01 -2.101314039422244662e+01
3.218301277386044603e+02 2.437091183778905545e-01 -2.091877854714275031e+01
3.216922055540495649e+02 2.941019240073233232e-01 -2.088821936215582653e+01
3.214055036360147142e+02 2.850600027680141868e-01 -2.054909768337759601e+01
3.221230089893280706e+02 3.107061923158798145e-01 -2.087788025323657948e+01
3.222713943902051597e+02 3.023692554365721152e-01 -2.094560401890935708e+01
3.212314234272523663e+02 3.185469389476347501e-01 -2.033452677039507250e+01
3.228972886610503110e+02 3.095351170527100848e-01 -2.000768448211006501e+01
3.218954103622509137e+02 2.886903799764538037e-01 -2.108106093185080354e+01
3.222217552400201726e+02 3.040915068152279521e-01 -2.093164737352220683e+01
3.221998137133113005e+02 3.042277956130617356e-01 -2.092935816892313383e+01
3.214686413612502065e+02 2.747988693204228561e-01 -2.094954752246311358e+01
3.220445035450908335e+02 2.251581857488242633e-01 -2.062006605864706188e+01
3.213227317605767439e+02 3.132368042462035929e-01 -2.037774686815986769e+01
3.223608480179344724e+02 3.062816961888181755e-01 -2.092572828613683811e+01
3.209507894397144128e+02 2.689008759689199834e-01 -2.006244661997347833e+01
3.215088312360055056e+02 3.196756355366570101e-01 -2.069806936602482850e+01
3.218745121738201647e+02 3.041831633584850536e-01 -2.100070373471269392e+01
3.223709188430476615e+02 2.677978212966908855e-01 -2.063947118904049915e+01
3.218700968181387907e+02 2.592589393050054869e-01 -2.105315380225237476e+01
3.218994639797744526e+02 3.090212944077588286e-01 -2.096475128268404831e+01
3.222563833151121457e+02 2.899872972444022534e-01 -2.100235979515052875e+01
3.223498375238378344e+02 2.827056752416265972e-01 -2.102409919830238394e+01
3.215358635611321461e+02 2.903515008374026318e-01 -2.091367051233863350e+01
3.218117299056738148e+02 2.706260823313543784e-01 -2.109560521070924821e+01
3.221415267474811230e+02 2.635707391757353690e-01 -2.098089311071013441e+01
3.228281781298239252e+02 2.904300567637056463e-01 -2.008152665827453021e+01
3.219894819646934252e+02 2.972267442639612289e-01 -2.104404871234549290e+01
3.220280778575264549e+02 3.106129754075299676e-01 -2.095230598132362587e+01
3.214771663028280955e+02 2.589252624454033702e-01 -2.090741611703400338e+01
3.216600583322746729e+02 2.603794392856228490e-01 -2.090434411303545659e+01
3.222828820357078712e+02 3.013437474093247359e-01 -2.095245070726488734e+01
3.218067450673830194e+02 2.897139275240621648e-01 -2.107724449353826657e+01
3.218992463624678635e+02 2.745823621062608577e-01 -2.110060324731507109e+01
3.222472518165898805e+02 2.752103849427509075e-01 -2.101917393716810167e+01
3.221930831317987440e+02 2.627609038719778689e-01 -2.098007927378786519e+01
3.222028887549154774e+02 3.050242483830130635e-01 -2.092431532406421724e+01
3.218679975697471036e+02 2.653972022862491342e-01 -2.108151160203923880e+01
3.219633137972818986e+02 2.656876896576103597e-01 -2.108242286362026618e+01
3.217859444497373147e+02 2.709802677653467273e-01 -2.109619967797685547e+01
3.219893671073811561e+02 2.743170069748991913e-01 -2.110040545316299188e+01
3.219805740969019894e+02 2.758767814361696158e-01 -2.110119024488894723e+01
3.215920966858022894e+02 3.020520020915785087e-01 -2.084610344559051498e+01
3.219829601266353620e+02 2.817776636917015964e-01 -2.109766642999626285e+01
3.214660708401243028e+02 3.000387185734337270e-01 -2.086582993110074469e+01
3.218231722205215419e+02 2.645249980665844158e-01 -2.107828453832749815e+01
3.218592218993679808e+02 2.906591565137143229e-01 -2.107395027604163218e+01
3.219982317883851124e+02 2.904602223403362493e-01 -2.107501394040470899e+01
3.217025037364044238e+02 2.834188608173445201e-01 -2.092720713665073973e+01
3.222219562621202158e+02 2.998754136388764313e-01 -2.095697103834935859e+01
3.222305140335611782e+02 2.667855587250926308e-01 -2.099938204024987343e+01
3.216734909456811806e+02 3.056237905860655912e-01 -2.081607655303022142e+01
3.217656343225337423e+02 2.734450181773494526e-01 -2.109948140632835489e+01
3.216277281012282288e+02 2.759187361074963429e-01 -2.094088518569532553e+01
3.224565030892798632e+02 2.823773655899127211e-01 -2.067039191772092011e+01
3.218068139779991270e+02 2.734151784762132720e-01 -2.109954320093663682e+01
2.765485064872865451e+02 5.928441934261647894e-01 -1.483984803543017650e+00
3.668300739612300276e+02 3.891007689955124360e-01 -3.873907806965666722e+00
2.949697446887681735e+02 6.968798159007644211e-02 -4.950988772778012192e-01
2.696191978472741653e+02 7.067589505253644155e-01 -3.854235554264306529e+00
3.134073354409017043e+02 5.099503314557898292e-01 -7.256871686577324176e+00
3.185234664282415906e+02 4.543130249242074981e-02 -2.898414809349909582e+00
3.097389491270844815e+02 3.163509848398666779e-01 -4.178311453532701947e+00
2.821164952829352615e+02 3.038129473823036331e-01 -6.995378464500360494e+00
3.030424121971303180e+02 4.224396678787910031e-01 -1.282016679763325340e-01
2.931603797066754851e+02 5.734635448754601406e-01 -5.173309253796089635e+00
2.602469356949208077e+02 7.255293789815997485e-01 -3.913041576804590083e+00
2.745002866638954515e+02 3.509571376735407533e-01 -7.525416157280682139e-01
2.783392479784294551e+02 6.699842689586594791e-01 -6.106413941145699020e+00
2.580018215914648749e+02 3.039228837743397985e-02 -6.773784964732907810e+00
3.655974815937744324e+02 3.528854051719468865e-01 -5.221827029549827692e+00
3.147618819217680652e+02 2.777760710469278638e-01 -7.819265740928737607e+00
2.958328248671322740e+02 3.973725221990453416e-01 -1.303708944623935384e+00
2.795628004562053093e+02 9.527563544364975323e-02 -3.954196614443823421e-01
3.195128922166894654e+02 6.276591395317404620e-01 -1.187324647720543780e+01
3.548698563809918483e+02 4.549164171212831675e-01 -1.403864629304402811e+00
2.999745893623983761e+02 6.180140992763810681e-01 -2.135020595378656072e-01
3.302145211675970131e+02 1.147255290571048553e-01 -4.654190655421994172e-01
3.482599767914269933e+02 1.859190454733634645e-01 -1.392797534319626607e+00
2.989770705674861233e+02 5.039602257848371236e-01 -2.470353843186995357e-02
3.326069822418891135e+02 3.731841369966666933e-01 -2.258087003569568818e-01
3.812393488795813710e+02 6.573377663741911681e-01 -1.308566749885610392e+00
2.909728825111243395e+02 3.656743642163822194e-01 -4.845469368653600561e+00
3.795333853746190016e+02 7.171503201790270232e-01 -1.445528734933241743e+00
3.174780565039440603e+02 2.124200266360718181e-01 -1.243642581061867602e+01
3.396175779566802930e+02 4.074266030999572630e-01 -8.249039948355478546e-02
3.481148646728556173e+02 7.961098120089133978e-01 -8.324125755516148528e-01
3.840877406656809399e+02 2.397781163321998088e-01 -2.045844969402184521e+00
2.663798250645916141e+02 4.683275266226381017e-01 -7.689738558508572019e-01
2.844124821912536731e+02 6.213903337456520154e-02 -4.296533237702301333e-01
3.578045475566759706e+02 4.631456455332591537e-01 -1.343852176030845280e+00
2.864131256656105506e+02 6.115076104962398063e-01 -6.669351161135788075e+00
3.379201385847337633e+02 6.475542650819743340e-01 -5.693073000752838647e-02
3.359108884774024091e+02 6.063417995058260068e-01 -1.095488428909022205e-01
3.599375369704408172e+02 5.823949716622743855e-01 -1.076323078483115037e+00
3.771196634623423734e+02 2.301404929593610926e-01 -3.926448570630874269e+00
3.273639116791013066e+02 7.792212381671174137e-01 -5.928206555902656660e+00
3.114796631070027502e+02 8.666589440460734095e-02 -1.655214550682757357e+00
3.039636168979329227e+02 5.370853043631077517e-01 -2.788361178516468933e-02
3.223493771690716585e+02 3.791216406478831180e-01 -2.000268328237273252e+01
2.890826713893434317e+02 1.102687852226448897e-03 -3.461111251964648972e+00
3.431023698512319129e+02 1.225901137380106393e-01 -7.659712482197386096e-01
2.937758353690974786e+02 4.128467562756873988e-01 -4.539056015123388299e+00
2.653853687602588138e+02 1.470885153945597490e-02 -1.124826925364549091e+00
3.207207258049228358e+02 7.604759533180280862e-01 -1.161859496891425003e+01
2.681760050658090222e+02 2.800029677700502928e-01 -1.309935374460614366e+00
3.069102878832084116e+02 6.964933191594931960e-01 -1.787296028127591585e+00
2.720142109642021637e+02 6.487855864452526378e-01 -3.506551147094476129e+00
3.545037459000559465e+02 7.357831773899448091e-01 -7.131836978330621246e-01
2.811060991403385856e+02 1.723630536359891108e-01 -3.500011741602460535e+00
2.770905684765226056e+02 4.727519931833126243e-01 -2.108518159871054731e+00
3.345681582976619097e+02 1.668058470768553903e-01 -3.229995139553584749e-01
3.784572997812780955e+02 2.595485528072971060e-01 -4.106074352225582480e+00
2.590726769322203609e+02 2.640519638232555755e-01 -1.281485903974253437e+00
3.723389166593717050e+02 1.326925222770748702e-01 -5.128312405551859854e+00
2.649376788675186845e+02 1.590052715706802289e-01 -4.443090783906606528e-02
3.567127983538722447e+02 5.285745057858752816e-01 -1.096417401304880634e+00
3.110368054373622613e+02 2.881495662109874178e-01 -5.459839570669685394e+00
3.049421497714337761e+02 3.115607221130253235e-01 -3.035658566801784086e-02
3.309400829802393673e+02 7.428822891746308388e-01 -1.107648746230267323e+00
3.749895824764242320e+02 4.875310393635970962e-01 -1.482640949424334442e+00
3.504440375637350371e+02 5.873227523515280879e-01 -5.068322588272917706e-01
3.731133647083896108e+02 3.344708033244698370e-02 -1.034213458707446298e+00
3.246846595474708579e+02 3.370900783949039026e-01 -1.412373983651255571e+01
3.614831827842405119e+02 6.731759962542898101e-01 -9.549492708446674083e-01
3.711475488006238947e+02 5.651497703499378522e-01 -1.721655715478067838e+00
3.444988509854099448e+02 1.927930292617614227e-01 -6.340382320928852344e-01
3.755763453550632676e+02 3.320152902814399454e-01 -2.578018381426845806e+00
3.513654970994843438e+02 2.445316004351562322e-01 -1.123451261491344111e+00
3.385504503556097688e+02 2.051829782305114314e-01 -1.707387975083936305e-02
2.838539605204961163e+02 2.101394826863258250e-02 -3.493915708171625223e+00
2.978244697494740763e+02 7.440349309598692784e-01 -4.066493890395866256e-02
3.332092495710710978e+02 7.706271654592861120e-02 -5.797890028535106488e-01
3.151174861661045270e+02 4.445194010898825265e-01 -7.531137121391567213e+00
3.682990088031687037e+02 5.219872860308942819e-01 -1.994976486103697155e+00
2.561991047448347558e+02 1.827331625144733851e-01 -2.221811853138351903e-02
3.464935623902630937e+02 5.438404265895083883e-02 -2.459627984437520454e-01
3.015835471124835294e+02 7.569978170774205317e-01 -2.432199292271392532e-01
2.730389264600887600e+02 2.490446981092937495e-01 -1.072178510895444248e+00
3.283853232833011475e+02 3.273020311168726715e-01 -5.305376149626407134e+00
3.689876767748623934e+02 1.038103262289969547e-01 -5.503841783035739788e+00
2.703160445390480504e+02 1.364465428171039441e-01 -1.275615638276915931e+00
3.261185359097027003e+02 7.724548662787256159e-01 -7.190256665412551484e+00
2.637491238947019383e+02 6.940062680815559659e-01 -8.572227152803654215e-01
3.433339254471484310e+02 5.136209560881950242e-01 -8.172596310199905512e-01
3.637700159419227930e+02 6.326343214108112178e-01 -1.308909772370448810e+00
2.614323283488737388e+02 4.934131409603376150e-01 -1.890570890471196419e+00
2.894635636368580549e+02 4.270720948385152704e-01 -5.767298489794143279e+00
2.873714791798511783e+02 1.515918834543468763e-01 -1.337518926508880934e+00
3.079808122301790263e+02 7.846316400976609540e-01 -2.915520663382483502e+00
3.586301854750361144e+02 6.816389747678021083e-01 -4.629250161356134319e-01
3.226724409382215981e+02 4.378050015986442722e-01 -1.867088748178243662e+01
3.634509195760269904e+02 5.509380240977288512e-01 -2.129783979781284309e+00
3.413725146452618446e+02 5.593808030521534302e-01 -4.500667189193767181e-01
3.521434785353796428e+02 1.054056137376522262e-01 -1.826773652031544515e+00
3.826422213649109381e+02 2.177705664990071122e-01 -2.605645565802980457e+00
