2.453605680550803925e+02 7.102840389511916319e-01 -3.351604535495393833e+00
2.543539876299672358e+02 5.492676123493908102e-01 -5.222405490646203630e-01
2.486464587613197068e+02 4.026016787789772344e-01 -2.726606982712828753e+00
3.153883585301919084e+02 4.364894159636766857e-01 -2.902633947342672549e+00
3.257985795187034341e+02 2.842236529738856876e-01 -5.355108544122828107e+00
2.331667077821056466e+02 1.394474107414503949e-01 -3.948979290522799390e-01
2.323192684693933359e+02 7.944099762350632643e-01 -3.437261176528034756e+00
3.042562290215861367e+02 3.831288705421581620e-01 -2.778338811346384052e+00
3.072353800478466610e+02 6.942738988875170048e-01 -2.719911797660929054e+00
2.749227879659871974e+02 5.029431550327242428e-01 -1.381335840690189221e+00
3.137978391338039046e+02 4.166654366763370421e-01 -3.423336916593403778e+00
3.282408949308705814e+02 7.247158641668585144e-01 -3.785637022980123945e+00
2.888153279462372893e+02 4.658557705627204837e-01 -7.399775215362974556e+00
2.950530557453992060e+02 6.583506661183635700e-01 -6.554395317531030329e+00
2.372766017965429342e+02 2.618598590715393581e-01 -4.227178946788037184e-01
2.822317386498451697e+02 5.178199732178472292e-01 -3.734642005536030318e+00
2.576221066612093864e+02 7.524985271720612268e-01 -8.384770291331218317e-01
2.507535604854073199e+02 6.776196061187826913e-01 -1.567619236904964186e+00
2.650596006915422436e+02 4.941750240644615655e-01 -5.505740196268873454e+00
2.816742294178926613e+02 6.161304470784315646e-01 -3.226668235943101148e+00
2.766320360451901479e+02 7.984240469759891490e-02 -2.220574554433909775e-01
3.301580098244556893e+02 1.971618128134161874e-01 -1.061636279920376857e+01
2.619669823702185454e+02 4.988799551267104893e-02 -8.167233974156972165e-01
3.058032372715396150e+02 3.516422265470324771e-01 -2.644007594379965909e+00
2.916846235941543455e+02 1.445083005526223430e-01 -1.140006001568267483e-03
3.440807354596911409e+02 5.237203343995128213e-01 -1.846874950541068858e-02
2.470226630755486781e+02 7.516388926790193992e-01 -6.831729153219888495e+00
3.355033451468734711e+02 9.284135099406959357e-02 -4.173991339069521800e+00
3.387718534511748771e+02 7.939143381129538588e-03 -1.664030058151997060e-01
2.777149720992347852e+02 2.396360849209928645e-01 -6.530319929956792668e-01
2.942816998468887277e+02 5.834551081305873188e-01 -4.699699986695614840e+00
2.388389800676627033e+02 7.809008172170452955e-01 -1.153681348408919227e+00
3.009964239071222210e+02 3.085120031750607783e-01 -3.024174671459012753e+00
2.521632322310871928e+02 2.522783800423277975e-02 -1.235489003635634297e+00
2.538332404121730406e+02 3.255454462708737839e-01 -6.900563815115140498e-01
3.204569957988180704e+02 6.866311474504390722e-01 -1.799396350202066674e+00
3.166235877123850742e+02 5.063645870611804822e-01 -3.045217000992408440e+00
2.786663151974139510e+02 7.336608282111742874e-01 -3.723021808857312376e+00
2.932264802357055373e+02 4.143967662048091971e-01 -2.219188200972723735e+00
2.961511460618978617e+02 1.775200982713484033e-01 -4.496736072435443710e+00
3.446569137131484695e+02 6.961273331985652346e-01 -6.648049768716401964e-02
2.980832782511854475e+02 2.353576904205591236e-02 -3.976993461512496331e-01
3.127827148490098921e+02 4.530087624960263404e-01 -3.510081652534277730e+00
2.906590537996556805e+02 7.601286037320922340e-01 -1.516544743450925381e+00
2.799280875219257041e+02 5.818181685312878021e-02 -3.017027972612121300e-01
2.724696842264659722e+02 2.954144978909513664e-01 -7.134280447087870680e-01
2.735310837322091402e+02 4.829212397791537992e-01 -1.074870185219973101e-01
2.407416921029164030e+02 4.412226623580735030e-01 -1.705924869456141024e-01
2.607081339069596311e+02 3.621660314445025453e-01 -4.761307102644628308e+00
3.412691690561524069e+02 4.300981669767523496e-01 -2.628233313762888823e-01
2.970405302544836559e+02 8.346066670499210916e-03 -5.002563076275876597e-01
2.511036572186736464e+02 5.993564115318906760e-01 -1.295782016980402629e+00
3.181964732535568601e+02 2.160346186899578247e-01 -5.141006355077029077e+00
2.591433363285566429e+02 3.130766254171728491e-01 -3.448578697942294435e-01
2.561773138281361071e+02 1.751975686200126225e-01 -2.663273661451057261e+00
3.243560932890345043e+02 2.019636777720557053e-01 -4.495275601387850095e+00
3.225578660551818757e+02 2.445594946830089433e-01 -4.261937543423016450e+00
2.993474852763809508e+02 2.249572271400700763e-01 -2.320197118867590724e+00
2.888687475075313955e+02 1.893547556307220714e-01 -7.555379103425853948e+00
3.220691661369168060e+02 1.224751689516642844e-01 -3.040176785001084792e+00
3.277932367973417627e+02 6.796393846831548513e-02 -2.777056058693075702e+00
2.351620807607563393e+02 2.998381267260186167e-01 -5.443053725125965858e-01
3.089542743715974780e+02 7.134604990289958870e-01 -2.635906452141733247e+00
2.588425627887447718e+02 1.536903512906221403e-01 -2.895228053131423951e-01
2.361804443045536459e+02 5.754667587861378442e-01 -1.640843037593804787e+00
2.712897874593517713e+02 6.068209786324795241e-01 -1.319129387255922214e+00
3.078245283811704098e+02 1.084640252579650022e-01 -3.523792049955902783e+00
3.152360541270857652e+02 1.282385736223261574e-01 -1.906741149201269137e+00
2.836197343124283634e+02 3.898290465289663276e-01 -5.434114872122050244e+00
3.323895821867620270e+02 5.348595723723382767e-01 -8.213016278218082888e+00
3.029108661836676788e+02 7.379655401772935441e-01 -3.997051856192782360e+00
3.024557210483732206e+02 1.012441890143595952e-01 -1.706745913329235920e-01
2.658594214915836460e+02 4.623869063535727131e-01 -4.248263862886758169e+00
3.374095356845325568e+02 6.705307787473318015e-01 -4.257881077806889181e+00
3.107576881985424961e+02 7.895088039591156015e-01 -2.977713048619236691e+00
3.338585289502869955e+02 6.291892699653054422e-01 -8.066267009321773429e+00
3.404937999728734326e+02 8.731754310806905117e-02 -6.680490278125279513e-01
2.641365314245497302e+02 5.903075069719977419e-01 -8.904312408401136025e+00
3.427192420020575128e+02 3.369420751840184747e-01 -2.210384576239904364e-01
2.431979048856530312e+02 1.149153269230413638e-01 -5.904747491423515404e-01
2.688562470902652422e+02 2.785303223960811647e-01 -3.321037417803603287e+00
2.845663963530050751e+02 3.315236735459586304e-01 -6.361671375383201266e+00
2.442083975065579295e+02 6.154116667685491926e-01 -1.295950939606294927e+00
3.096603897729761457e+02 2.149419796198422938e-01 -5.738231529807539921e+00
2.421238639949872322e+02 2.692656930639392709e-01 -1.692190714295774834e-01
3.250900295184789570e+02 3.997262454687017241e-01 -4.453895314720356602e+00
2.311119129074665466e+02 5.638583988630749833e-01 -1.741963615056753234e+00
2.676963854532837104e+02 1.675503554681491147e-01 -1.692458360310858501e+00
3.364389062559883996e+02 6.359832781391379086e-01 -6.419580729731591440e+00
3.197592700156739625e+02 3.595425181768786005e-01 -3.330598488859148443e+00
2.864870866278437234e+02 3.759326491025444250e-02 -1.469817821507239053e+00
2.346899121864049675e+02 6.427443631932691082e-01 -6.207953502548967384e-01
3.333935869534827816e+02 5.414629524720838694e-01 -8.430869781666066487e+00
2.758927703603737882e+02 5.539722143501132345e-01 -2.367296547520949979e+00
2.704372483134100662e+02 2.503332248955801309e-01 -2.942932776888808721e+00
2.394660333895985502e+02 4.748582510418615787e-01 -4.715527717266452812e-01
2.870485402104831678e+02 7.693912750051221661e-01 -7.437532210848893044e+00
2.627591571302886564e+02 3.753827105153305643e-01 -7.881125610896705602e+00
2.483190082532223073e+02 6.552841933606774472e-01 -4.780748330436018989e+00
3.307284321375851164e+02 4.425705230604282808e-02 -2.815667649343870593e+00
2.918767166498491861e+02 6.956223376803791769e-01 -1.411653223936063295e+00
3.249998193475211679e+02 2.967318471650762790e-01 -5.112647134967601481e+00
3.099342176226633114e+02 3.616306173617644948e-01 -4.176501852433302631e+00
2.721024861110321353e+02 2.831153976538237638e-01 -1.074983050667313700e+00
2.457661330493487242e+02 6.867395995604741454e-01 -3.784405418747909255e+00
2.412544492804263996e+02 2.463859319106208590e-01 -1.319870352222247134e-01
3.093434141017772276e+02 5.379364899525076460e-01 -2.876306619198151004e+00
2.383245544949294867e+02 2.745224609097048421e-02 -1.738595884673225456e+00
3.240712720313001682e+02 2.203543655688725567e-01 -4.428092957186858136e+00
2.900442907536520352e+02 2.730203745468655629e-01 -3.801301138524296075e+00
2.527916096699117929e+02 1.352538855823853248e-01 -2.881409636365470095e-01
3.188745236765468007e+02 4.791958584222124617e-01 -2.532235677480508595e+00
3.352628089705714842e+02 2.127370699880860166e-02 -4.449560102095575509e-01
3.394619830835284802e+02 5.597474872284392555e-01 -9.515010627989902714e-01
2.596725466990852738e+02 2.343142466174532312e-01 -1.029541388444817684e+00
2.322144104766307748e+02 3.330328498393020364e-01 -1.247051138900706402e+00
3.448233574585100882e+02 2.614669282298620057e-01 -2.127628596156273255e-01
2.943755597256440524e+02 5.306268721005373834e-01 -4.712787723632027692e+00
2.580909952494933464e+02 6.773637013160270781e-01 -2.681770611499132428e-01
2.363062687184523725e+02 1.612715191495272538e-01 -9.976893885792233185e-02
2.957570059286955484e+02 7.081865123152519814e-01 -7.719369383385688899e+00
3.362248028738802077e+02 7.834628622877630733e-01 -5.743443081927405380e+00
3.293689932589270484e+02 5.488340066250331217e-01 -6.885093185159490758e+00
2.307134738390796258e+02 6.299600307881041139e-02 -1.549841458748964618e+00
2.898973948025530945e+02 5.784096040150937812e-01 -3.933276459038102857e+00
2.963633913213081996e+02 2.538799676659694859e-01 -6.040929210236043900e+00
3.000991054711641368e+02 9.210645726039289050e-02 -1.553497101846365580e-01
2.797375705182736283e+02 4.104655810699124885e-01 -2.426179416143123824e+00
3.025777595305088425e+02 1.589315252418418423e-01 -8.602466478551875628e-01
2.443393897452655779e+02 6.068987616584793354e-01 -1.482468005787525023e+00
2.761412248671504130e+02 7.557504878833434248e-01 -3.072534671317260102e+00
2.427864780687569350e+02 3.456238758217977658e-01 -6.019175081566717489e-02
2.430375137534021235e+02 6.227832127218994041e-01 -1.086525721122426347e-01
2.546803495409219238e+02 7.648506455157253470e-01 -5.095012883701237616e-01
2.690443512260220018e+02 5.218669558723981750e-01 -4.149832398046725324e+00
2.352579521001416936e+02 5.198864988466818104e-01 -9.223824960263861117e-01
2.826197087380746211e+02 3.055336143775522206e-01 -3.978461612641623901e+00
2.472138174318564268e+02 7.128686182833163798e-01 -6.531575974119697037e+00
3.165182937745223057e+02 7.222243302920403618e-01 -2.231422937979574694e+00
2.662317280638666830e+02 3.691981099382055098e-01 -3.428122520170165277e+00
3.159728798614389689e+02 4.484735144216528413e-01 -3.024358933621531964e+00
3.176611378532369940e+02 3.890479558468581955e-01 -3.995805653542971125e+00
3.277632415557509944e+02 5.867670567770585377e-01 -4.306746474379559153e+00
2.558744067256596111e+02 7.358671705366082172e-01 -2.054472305815188804e+00
3.055651767063027364e+02 5.104192399091733723e-01 -2.866274838635041178e+00
2.645130305657833674e+02 5.491825955768997458e-02 -1.197422826597881684e+00
3.074320643178365344e+02 6.142381082147240212e-01 -2.647756023612591214e+00
2.543384666072107905e+02 2.088612842678387038e-01 -1.216895588855890775e+00
2.971567123426086141e+02 4.056736284446315483e-03 -8.417369784083715833e-01
3.212485306550777864e+02 3.938775180192837788e-01 -3.853701976875119062e+00
2.497531188389519059e+02 1.040178636172240795e-01 -1.389967753687522400e-01
2.653442945945554357e+02 6.734532893484693195e-02 -7.885641540094339152e-01
2.871627274332499837e+02 3.437495028563710697e-01 -1.213914139242976908e+01
2.377943553126012546e+02 3.191454388496676731e-01 -5.938492383945420672e-01
2.862705099696872821e+02 4.716351707302168794e-01 -1.060263436199128328e+01
2.988445714577721901e+02 1.241665086385790318e-01 -8.565820720166471558e-01
2.850405302734493489e+02 4.406874622396730889e-01 -7.660383204082238606e+00
2.671170932389624681e+02 7.227095558596824398e-02 -9.824255109926900709e-02
3.373603376614383365e+02 5.753269541106178497e-01 -5.195627103000865610e+00
3.410499703945854435e+02 3.371559575977078199e-02 -1.239662146617088873e-01
3.264027929014067126e+02 4.188951942287384433e-01 -4.461621732832814047e+00
2.715162487463795173e+02 7.898731426501583996e-01 -9.688863223957203674e-01
3.004347346852666760e+02 6.606142809411714723e-01 -4.862354093991914539e+00
2.482549479457288157e+02 6.262402084012153036e-01 -4.623060657300674059e+00
2.742946214759048189e+02 2.926233600026912907e-01 -5.096099263101949717e-01
2.832911716704514333e+02 7.930210803337323089e-01 -4.260920885470179442e+00
3.426565842883325104e+02 4.078251623133180570e-01 -1.431443256000569375e-01
3.116039110785336561e+02 2.310548013609940166e-01 -5.488020216655698391e+00
3.280435786008278569e+02 4.842330286699589315e-01 -5.545283028080397969e+00
2.489499689089703054e+02 6.410511947063918248e-01 -3.867254496675647690e+00
2.569875046232213549e+02 4.260687767521957880e-01 -2.552379021483624832e+00
2.884544547402855414e+02 1.022105404107541693e-01 -4.961760777310527004e+00
3.119820264637469904e+02 6.379742508054805361e-01 -3.233656464481560189e+00
3.030342651365418192e+02 3.252842794155914041e-01 -2.696355396996767073e+00
3.044515732841626914e+02 3.779134000018578021e-01 -2.764359897588560600e+00
3.401223326339885489e+02 2.000993372086433686e-01 -9.962348605883045716e-01
3.067229956795359840e+02 6.978828077611014535e-01 -2.834805054488865217e+00
2.514052065137661884e+02 1.733172786048122749e-01 -9.889564441232868985e-02
3.225913676859086650e+02 3.565883682352888329e-01 -3.958506029494761158e+00
2.339301308385456366e+02 1.462050284842500436e-01 -4.047698939466928825e-01
3.200972728695451792e+02 2.704198075487406205e-01 -4.048104840905420332e+00
2.703172758034887693e+02 4.368162979076180008e-01 -3.283264399908076836e+00
2.629090857285518155e+02 4.977739191359644710e-01 -1.019130226004396178e+01
3.303386800638347154e+02 8.778556919183565233e-02 -7.011417079652976447e+00
2.779912294558793064e+02 1.400530456778926458e-01 -4.883439983880758645e-02
3.439234842827388547e+02 7.391001220154920226e-01 -2.791020389986148889e-02
3.347431984116332160e+02 1.966185813514176595e-01 -7.391312213617939442e+00
3.317569836221762785e+02 5.950264794053267137e-01 -7.568322812768890628e+00
3.131189422041019270e+02 1.381353616653703542e-02 -3.635445599017673168e-01
2.818816175815010183e+02 6.672863256046593916e-01 -3.593220817021089086e+00
2.728764914640141228e+02 1.192415366552076056e-01 -1.496680452555520624e+00
3.141871269566672709e+02 4.248043668056932648e-02 -6.736025769115744355e-02
2.785806497535941730e+02 6.489334051346297150e-01 -3.494879367158281180e+00
2.333819660715415125e+02 7.460210440656989128e-01 -1.363132004331574443e+00
2.768582378681095406e+02 1.858709912923776075e-01 -2.874115932218724301e-01
2.927994238076312854e+02 4.597507062748527051e-01 -1.819537654659427295e+00
2.602119997714906958e+02 1.769056518858430349e-01 -1.168000958038549308e+00
2.621733358500142117e+02 4.934405617712468994e-01 -9.930545441233380899e+00
2.404663412305544909e+02 7.739547130532695718e-01 -4.807357249487999584e-01
3.327360630348700852e+02 5.640242972424958090e-01 -8.150064648656952571e+00
3.212835994714643562e+02 5.813841078871477830e-01 -2.643378927926844479e+00
3.275206596164730968e+02 2.832399084725231719e-01 -6.480229548043007881e+00
2.344472085952049270e+02 6.277306941261424633e-01 -5.288217011845571802e-01
2.957920013065767080e+02 6.712729995060662258e-01 -7.823876448416526408e+00
2.408086011322101854e+02 3.882770234515556251e-01 -1.341308908740518335e-01
2.795745694584712737e+02 7.072257787976110599e-01 -3.388517769979682015e+00
2.781649384413933603e+02 3.721916166376801338e-01 -1.862345990695972953e+00
3.042473751607616350e+02 3.805740238155068400e-02 -8.335591742267219884e-01
3.176082042875653428e+02 4.334730076248645148e-01 -3.656360340942429232e+00
3.337506441533777775e+02 4.675604374240004413e-01 -8.634914126664606115e+00
2.741929976724229618e+02 5.522575177372985866e-01 -6.094079231837759014e-01
3.332473671805159938e+02 1.172253635712789954e-01 -6.464635473086093320e+00
2.569227244790546933e+02 8.958736397611409552e-02 -1.051196037611775935e+00
2.755593674299977920e+02 6.430350923265352181e-01 -2.427702325380590054e+00
2.613243321906927576e+02 7.607638972876243910e-01 -9.679042419677012177e+00
2.900670038896815299e+02 1.286871195740316443e-01 -2.599775136976096857e+00
3.252041216784166409e+02 7.834257282960870317e-01 -2.203477977514262776e+00
3.243871091951526751e+02 2.549201640226437804e-01 -4.714662751242404859e+00
3.372907264186423504e+02 2.789470028274378469e-02 -7.318659424542083292e-01
2.422447499699845537e+02 2.663978430377951789e-01 -1.726916407818423205e-01
2.880823570390722352e+02 6.930135751587198634e-01 -6.316734307806820325e+00
2.583536698890986258e+02 1.848366260672380801e-01 -5.872615939924964445e-01
2.998074436538080931e+02 4.507047150803324964e-01 -4.362802879276699741e+00
2.495196907098000452e+02 7.746614984168966878e-01 -3.478351445092881189e+00
2.917436217903999136e+02 5.241391450190637791e-01 -1.099645369261011529e+00
2.721078356087911629e+02 4.229655881975950549e-01 -6.788010031389996035e-01
2.678561487834379022e+02 1.713802150242776656e-01 -1.852296814439818640e+00
2.827273693181098224e+02 4.850980787758807367e-01 -4.490207558567539614e+00
2.604272872669165508e+02 2.403357208237807408e-01 -2.693689604679851524e+00
2.733796796450538977e+02 2.237749022489427808e-01 -6.972509988101391887e-01
2.682762714161864324e+02 1.413862226264350208e-01 -1.317173790997271388e+00
2.841363133510450325e+02 1.790808168625975527e-01 -4.840854063282366226e+00
3.437614741110767227e+02 2.398610553232546905e-02 -2.697553241706754368e-02
2.321223350778198835e+02 4.245838682738771463e-02 -3.814659436705495121e+00
3.451015897600226481e+02 5.348290086941043242e-01 -3.639828096753666004e-02
2.305361129332029293e+02 2.595019560164604222e-01 -5.607754280731985785e-01
3.319319074269988050e+02 2.023935458263024789e-01 -9.893961635956495471e+00
2.562786706735579401e+02 3.159130816236261352e-01 -3.312433386735158969e+00
2.704593886459047667e+02 6.621252896928438991e-01 -2.736468886972317716e+00
2.599420115570903249e+02 4.475712700131362354e-01 -2.502381854943978468e+00
2.441365900256567443e+02 3.080316892838392273e-01 -1.305557467754902001e-01
3.135157044759067730e+02 9.626855697024284952e-02 -1.841336068249668889e+00
3.364310800404524571e+02 8.215416770992030543e-04 -4.468160093338230610e+00
3.058699787162122448e+02 2.241496249798895224e-01 -2.290065475055769184e+00
3.154030758820679239e+02 7.314483653847277944e-01 -2.344447879798426282e+00
2.548169956824407905e+02 5.133771760950074370e-01 -1.035455001541392583e+00
3.025322757278934205e+02 7.399904720026142524e-01 -4.296518770132257359e+00
3.096458927811146395e+02 3.409992042992583960e-01 -4.251301571057992668e+00
2.937173176676463981e+02 5.122888345589245163e-02 -1.938592546286659335e+00
2.982212451728531732e+02 5.715122516257745838e-02 -3.473732077917336680e-02
3.383974989937979672e+02 1.024218959453583253e-02 -2.442789144521928524e-01
2.974267154753275690e+02 4.724489520687762401e-01 -6.120909119786044350e+00
2.392597331227791244e+02 2.118135730967428132e-01 -4.172593920146613032e-04
2.768395178970823167e+02 6.779525815894633656e-01 -3.206699645598130921e+00
2.800067511471903003e+02 5.421073389170321111e-01 -2.907490881015193374e+00
2.669317158893875330e+02 3.808876630339715907e-01 -4.146804624590171073e+00
2.889339121398100474e+02 7.849775779083366378e-02 -2.775645442623515979e+00
2.432780494326189853e+02 5.042771747173769858e-01 -6.445500332074453886e-02
3.355127124295403860e+02 7.856026784909070360e-01 -6.561204889408440266e+00
2.812989130994822062e+02 1.073406628729197260e-01 -9.536375754458596976e-01
2.354146787823745797e+02 3.489077802743834056e-01 -7.364057710891183106e-01
2.503897819271969070e+02 7.031650352763189060e-01 -1.897867532664841095e+00
3.014656809535861157e+02 6.230152534365530625e-01 -4.517323400830548508e+00
3.203185667262121115e+02 7.506943309976090717e-01 -1.423793761488987730e+00
2.933053178907021561e+02 7.538746919054464257e-01 -2.332150726024589282e+00
3.118011331765360978e+02 3.946739170167735677e-01 -3.929110899407669333e+00
3.293065996879162753e+02 4.017346728325932870e-01 -8.194304095323278858e+00
3.422397621126387435e+02 7.929194998717544740e-01 -4.373869291284673139e-02
2.469737488929493736e+02 4.258698937865776357e-01 -3.433063200858762709e+00
2.635028557789602246e+02 2.790315941081535356e-01 -4.816052546006303281e+00
2.538336632357951430e+02 2.963062594594249033e-01 -7.533610046255929671e-01
3.082240498326552824e+02 6.059299152551123058e-01 -2.606079906973520988e+00
3.197853801191405978e+02 1.617176233799222096e-01 -4.197777734341846312e+00
3.284703215925361519e+02 7.152674115836258339e-01 -4.184713978136544554e+00
3.406899374920635637e+02 1.490629610922041548e-01 -7.926355153746726945e-01
2.531121023783113060e+02 7.249314071519269431e-01 -4.007143106003798194e-01
3.150246901557411547e+02 3.630471924923928118e-01 -3.041070303973866906e+00
3.085509472020866610e+02 5.893982662829349017e-01 -2.633541819422173802e+00
3.404607130196293951e+02 6.538180117114885670e-01 -2.990562987780646664e-01
2.947292143324000335e+02 1.203560315072988857e-01 -2.685533910724202666e+00
2.870857533188789148e+02 5.011665183696764059e-01 -1.033353404249914576e+01
2.514523815345564515e+02 6.878404520008370993e-01 -1.262650627611711984e+00
3.124387320177016818e+02 4.144287172405518027e-01 -3.649013170041893073e+00
2.480776731052770288e+02 8.209151061791709891e-02 -1.131417566537928243e+00
2.456940345405577375e+02 6.391326595160364832e-01 -3.442928530382081131e+00
2.854513687079623310e+02 1.577898506283163249e-01 -5.944343814779767143e+00
2.702164038527629373e+02 5.600896159088714077e-01 -3.134897263702294712e+00
2.376753614228697131e+02 2.360080124729969642e-01 -3.201769425844171457e-01
3.035674546013230497e+02 1.944200123050012774e-01 -1.419320488401414559e+00
3.070156115179354401e+02 4.948106542019691800e-01 -2.701388682086423465e+00
3.262756462649142577e+02 3.248733457495884269e-01 -5.158299218883746207e+00
3.182582247326673723e+02 2.919870472900962244e-01 -4.652708430331923495e+00
3.309876150291108274e+02 3.281611719567453234e-01 -9.962215550299969635e+00
2.334684510208455208e+02 3.560032480158674684e-01 -8.698665006357449159e-02
2.636437988533109547e+02 6.135980842214380226e-01 -1.056940743566402041e+01
2.365009421677249293e+02 4.614743831430753729e-01 -1.484497067990957930e+00
2.851344352933078881e+02 6.713657743522029320e-02 -1.648822374118234624e+00
2.650024557305274584e+02 5.972620537455904932e-01 -6.832960848348061944e+00
2.401137268543776315e+02 5.471822395130997441e-01 -3.880174670929910641e-01
3.225024728991412530e+02 5.727280802988773400e-01 -2.706395858301033019e+00
3.301300135264374376e+02 4.728719493770461302e-01 -8.153353494699244308e+00
2.873267820041335767e+02 2.013986125331306831e-01 -1.128310049188452702e+01
2.355341169638379881e+02 2.863805374071916598e-01 -5.930608303064128783e-01
3.283385129867497199e+02 5.866795928085358769e-01 -5.085795450108404836e+00
3.062520430268667724e+02 1.252409752534753562e-01 -2.013814889822153287e+00
2.956172102438122806e+02 7.659618873066970091e-01 -7.537013067060914118e+00
2.576198636375052615e+02 5.122406375963023395e-01 -1.162070691298840552e+00
2.364095779635227075e+02 1.908877506166608840e-01 -2.219523863849826861e-01
2.478226679552084306e+02 4.848851124786596190e-01 -4.094278622567885328e+00
2.863690485436476934e+02 1.146361075127660112e-01 -5.881430801799036878e+00
2.915030836824043945e+02 4.206870999382243959e-01 -8.883718361876099534e-01
3.169866516435303652e+02 3.708015791371500058e-01 -4.008097022385072705e+00
3.116384306267208899e+02 7.905004119557063058e-01 -3.134950352880906621e+00
2.908779434566245641e+02 2.433722790388082591e-01 -1.463733691823364991e+00
2.852796310508986721e+02 6.091242358161182979e-01 -7.554728735653908345e+00
3.185525378395312828e+02 1.753468925793742056e-02 -7.886461108928912722e-01
2.466771143283550884e+02 5.597746649601995639e-01 -4.714160679043831514e+00
2.693258120249431613e+02 1.394401249298200807e-01 -1.415132186170372952e+00
2.629211519395304890e+02 7.155001090174745171e-01 -1.249628464775548586e+01
2.510578044704603258e+02 4.346484151802655349e-01 -1.003819073200826750e+00
2.312077804511853287e+02 7.739862066454397116e-01 -2.528328816726649997e+00
2.373876315864744129e+02 5.221436451457490691e-01 -1.332456499346596601e+00
2.403063837849243214e+02 6.863911727124025752e-01 -4.864024274837279727e-01
3.269455503211045198e+02 4.537491199302543521e-01 -4.448561520918214107e+00
2.838051499185373814e+02 6.764307803804854302e-01 -4.751965082867814161e+00
3.060758923048783799e+02 2.359189067186029110e-01 -2.441545078910200672e+00
2.811850653865168397e+02 6.696352680756165743e-01 -3.070791093730228294e+00
3.189037118340150982e+02 2.782882590356752783e-01 -4.231233459407247821e+00
2.888964736926304226e+02 4.116688883304191471e-01 -7.874565117532709380e+00
3.201859637180003233e+02 2.203920104438692462e-01 -4.316582513737658111e+00
2.780291305559376269e+02 1.477690224512331375e-02 -2.779254697162347743e+00
2.428601196302865901e+02 6.194306787512959822e-01 -5.576352326092702538e-02
2.533065532615721338e+02 1.305886624209714186e-01 -6.059295595176658056e-01
2.749125064983217612e+02 1.520914427992739182e-01 -8.163006968111123918e-01
3.153321061685476252e+02 7.046579378945110050e-02 -6.013188994939033805e-01
3.373263858305309668e+02 7.324156678726252423e-01 -4.646228093089490585e+00
2.689265214867743907e+02 6.328140310461124463e-01 -4.359773504333770866e+00
3.239943033677529911e+02 3.795561980129048552e-01 -4.111777075109960045e+00
3.331821429501169405e+02 4.653260662335003683e-01 -8.690360349920355887e+00
2.413303485028395983e+02 1.932047127361441741e-01 -1.936616217558382036e-01
2.420284797949404094e+02 7.260106110866623164e-01 -7.376398241782748666e-02
3.354920555241415059e+02 3.505688565160877679e-01 -7.943364009494538358e+00
2.885055959690503187e+02 6.116753886925112987e-02 -2.381902867090906817e+00
2.969596462508778814e+02 1.041877579568125517e-01 -1.705754704347343997e+00
2.647962895041421802e+02 7.521386098179574375e-01 -8.232145016238824553e+00
2.524881663021479881e+02 6.248618164188566304e-01 -7.987800623043762593e-01
2.636341649466370995e+02 3.155988243952640437e-01 -5.652380019164017000e+00
3.394790695086109054e+02 5.331333274921871146e-01 -9.951805627997142301e-01
2.995390519870572916e+02 4.062019371669958190e-01 -4.147076492130635117e+00
3.364102281972488981e+02 2.539142299157463589e-01 -6.744689076587971677e+00
3.080136308843057691e+02 2.119795317772153465e-01 -3.896213942192281010e+00
3.105229102842924931e+02 1.660720334211834570e-01 -6.446032197709082645e+00
3.398728681660639381e+02 6.567207907794367916e-01 -5.798716982819288601e-01
2.929460433950716833e+02 6.522748559194897489e-01 -2.206187906169124080e+00
2.580200014731000806e+02 2.680510465706016365e-01 -9.374841984707211751e-01
3.131789611023469320e+02 4.910187812289445453e-01 -3.404390443023507906e+00
3.414435712483675047e+02 4.425695439138649379e-01 -2.551893875806372503e-01
2.552655675075412489e+02 5.825780692213172740e-01 -1.372525737760107667e+00
3.087935255166246407e+02 7.781195053923233296e-01 -2.616091666325393028e+00
3.441191783973555403e+02 1.717006695580092961e-03 -7.283009461683496166e-01
3.037861413032125029e+02 4.814056525213867427e-02 -4.709349218645346724e-01
2.968407688195571836e+02 3.059313136172849834e-01 -6.248148907374857508e+00
2.500132110484182135e+02 7.419132738026062990e-01 -2.616730887406621076e+00
2.615568432799076390e+02 2.575637192561062716e-01 -4.633842798295873422e+00
3.308256014570839625e+02 3.545536385922882783e-01 -9.693164780678531045e+00
3.348913111336079282e+02 6.044858531067386354e-01 -7.802051095611484577e+00
2.830441453426765293e+02 6.453613256074665072e-01 -4.443665083799149151e+00
2.388446309219283421e+02 7.005428160863343967e-01 -1.077260006611318710e+00
2.602940924693435818e+02 4.996494497007623048e-01 -4.290742584737994747e+00
2.793022489898073104e+02 2.300424760564925286e-01 -1.068110520818563725e+00
3.259599369989493312e+02 3.025570038133256756e-01 -5.259932603806161566e+00
3.427990749336422596e+02 4.017843740789139168e-02 -1.697025171101026741e-01
2.489672589581907118e+02 4.313470024128270852e-01 -2.759603934488852328e+00
3.162544517576685053e+02 1.029828981351162548e-01 -1.956818346792598806e+00
2.556066629074841501e+02 5.441278205015284142e-01 -2.039096340842879496e+00
2.943019390857087387e+02 7.884982510438989789e-02 -2.093338033684238653e+00
2.731045221778223322e+02 6.946655092996698588e-01 -2.459260805092790964e-02
3.219579306021697676e+02 5.439574745094190034e-01 -2.909378975867676242e+00
2.459036773217675886e+02 4.616019491796938823e-01 -2.222036997254031476e+00
2.711253990509175082e+02 1.719219887509151057e-01 -2.204364522580504637e+00
2.719572951904073648e+02 3.331309919412182852e-02 -1.798878235459701935e+00
2.321617133644435569e+02 5.939947572817071419e-01 -2.698311174807951573e+00
2.327194618059388631e+02 3.953727996442700232e-01 -9.046996850733388662e-01
3.009422450293010911e+02 5.726240069166542712e-01 -4.541868863841519222e+00
3.224100184123535655e+02 1.464287024918769498e-01 -3.431089123421278142e+00
2.985675501301258805e+02 3.326732107950182704e-01 -4.083545990645273349e+00
2.677498902333342130e+02 3.402534271525603504e-01 -4.091069163315260049e+00
2.751191869003011448e+02 3.901683623257438116e-01 -1.147821944677146488e+00
2.767997324680110864e+02 2.642823905016214447e-02 -1.859784785132287954e+00
3.246158902172922467e+02 5.608449237960390077e-01 -3.177518728712741325e+00
3.043181697644957353e+02 2.905654114766745844e-01 -2.361894887459413006e+00
2.600169403732165847e+02 1.781492958770590496e-01 -9.331857611990537205e-01
2.442015690298333084e+02 7.469399797836959731e-01 -1.802924908709575558e+00
3.319177134086469323e+02 9.250705723185737028e-02 -6.657881539764783696e+00
3.127466539822864888e+02 3.675686344042320974e-01 -3.751691962851329443e+00
3.435463723314373965e+02 5.068708326428627009e-01 -2.965533200902233449e-02
2.666441217298644801e+02 7.064996691395704076e-01 -5.560368003339740461e+00
2.341643998615558075e+02 3.268632282256913602e-01 -2.072678114893661550e-01
2.804105515486458557e+02 8.138815240064489753e-02 -5.535464831872441982e-01
3.019620108501651998e+02 7.973984502466024971e-01 -4.632930839777356979e+00
2.713253424105063232e+02 5.956353280179417231e-01 -1.334744283777098639e+00
2.700573359458563800e+02 4.748212128050106617e-01 -3.453991829724810003e+00
2.893923302686291095e+02 5.542441038948033860e-01 -5.269006547042319966e+00
2.810951369239483029e+02 5.751652681845902393e-01 -2.974033762190729568e+00
2.574112794474262387e+02 6.599853799030152013e-01 -1.212851664174255717e+00
2.673787693630834497e+02 5.197003156017542258e-01 -5.072655681397007399e+00
2.605660295270971005e+02 7.433974433990644393e-01 -6.718051061965656601e+00
2.908045339002443370e+02 3.631406258986757396e-01 -1.736395997223379561e+00
2.840691717361538622e+02 4.195246447740519358e-01 -5.692006036594198903e+00
3.398686889832553106e+02 2.195182597404766178e-01 -1.180262595256841962e+00
3.280784109714116994e+02 1.182625920872155539e-01 -6.116588391392575375e+00
2.866576739414336430e+02 7.986579154975468331e-01 -7.807139228439966772e+00
3.340383960740453517e+02 1.818054550542111958e-01 -7.461220809903699624e+00
2.600607262840977683e+02 7.016867603630965178e-01 -3.998361899084918125e+00
3.065324799863287240e+02 6.788847138927436298e-01 -2.877907981539128190e+00
2.796975327467905572e+02 5.889561255141432250e-01 -3.072388681124372134e+00
2.796975911847486032e+02 7.923345566672453932e-01 -3.408515402562869223e+00
3.084211315623527980e+02 6.544454610490735291e-01 -2.597237042072680691e+00
2.571119995373654774e+02 5.736429661740772845e-01 -1.947780590813926072e+00
2.554369635344659173e+02 7.632855989210916015e-01 -1.559844446722034705e+00
3.006003246698729754e+02 5.200010257855812723e-01 -4.509341049541829349e+00
2.724845496133331721e+02 5.096264833510713022e-01 -2.271745606542269758e-01
2.751499208622923334e+02 4.648329066986680025e-01 -1.431727641128605288e+00
2.594907807313644525e+02 5.346916072251679530e-01 -1.384245747089633882e+00
3.150307300955305436e+02 2.966020575998073450e-01 -3.065699765828182155e+00
2.805364653877084606e+02 4.694542620032345903e-01 -2.674450868334882436e+00
2.438931556748640332e+02 7.950169837361350522e-01 -1.372718693884672048e+00
2.323011215740671673e+02 6.826137430940864004e-01 -2.993690838901450046e+00
3.335452289740974265e+02 2.788912791663267776e-01 -8.701294071435670574e+00
2.672671470704955823e+02 4.770932914475247144e-01 -4.860637583655234017e+00
2.646457580093747879e+02 7.930641154652051661e-01 -8.965077369365335613e+00
2.907572721483447822e+02 2.921872467455137179e-01 -1.612108602851172634e+00
2.821388535787316982e+02 3.407544977031696787e-01 -3.437794946115535932e+00
2.778805155950323069e+02 7.880894822158849289e-01 -3.885521259524352011e+00
2.834142510029103050e+02 3.463997968685508799e-01 -5.287855337426630165e+00
2.790757257315192419e+02 4.951809538508097908e-01 -2.813826450566243143e+00
2.780580503995783488e+02 4.637445276960104334e-01 -2.544306336137648561e+00
2.613351119014441224e+02 6.145617289172826680e-01 -9.147560761049746247e+00
3.357462480784539594e+02 3.627782677700138736e-01 -7.716005596832885338e+00
2.814690295730839011e+02 7.652565615785927866e-01 -3.313899145918257627e+00
2.644142654900027196e+02 2.167360958588476216e-01 -2.176271723571399530e+00
2.701368651452540348e+02 7.954137866886701325e-01 -2.895822367419836674e+00
2.620677497909598515e+02 7.243741376843733093e-01 -1.167260838630264708e+01
2.871506111841898132e+02 1.845506307588647976e-01 -1.090912889399405117e+01
2.672148979780215541e+02 7.834925973013082690e-01 -5.728917654369312551e+00
2.874780951459769085e+02 6.522939398692149116e-01 -7.752462823102598044e+00
2.799647797796814075e+02 7.464826965838842199e-01 -3.269430524134812277e+00
2.738694261035192881e+02 7.717680577340857440e-01 -7.407966782232475733e-01
2.783822720483317426e+02 3.582823117379185240e-01 -1.777478218024262757e+00
2.814307371437686811e+02 3.669975285355442929e-01 -2.641392228216367766e+00
2.874544307619075880e+02 3.171162298362243392e-01 -1.163359555929041100e+01
2.864103067743723159e+02 3.204336947484816567e-01 -1.199713159837493670e+01
2.567368043992851767e+02 6.079363279631675443e-01 -2.371752966804484331e+00
2.890588939999554441e+02 3.274883158424435337e-01 -7.810600326315449315e+00
3.328673154746900877e+02 2.215787320398945881e-01 -8.829975711334796529e+00
3.147895343948268305e+02 4.106603399013424027e-02 -1.498576576876753212e-02
3.296005436651487344e+02 2.311366058096273324e-01 -1.015963197286520092e+01
2.502332025760200622e+02 6.847602520166664597e-01 -2.089769681557801295e+00
3.329586155225374569e+02 3.200776250454655525e-01 -9.055465790280358362e+00
3.196537107462463609e+02 7.030846196456587427e-02 -2.452830745033439452e+00
2.979961469314308715e+02 2.929734686394807053e-01 -4.195465612806661859e+00
2.340127441596087863e+02 7.825447480246312537e-01 -5.900411314653450923e-01
2.892435392557994760e+02 3.179479422461778948e-01 -7.164305806717091940e+00
2.666224406899250425e+02 3.259001217572450870e-01 -3.278383671196825944e+00
3.284631391324809329e+02 3.473732331021026631e-01 -7.382800517117122929e+00
2.635344594034157240e+02 7.239896859068992718e-01 -1.179755817992783129e+01
3.290903319660236548e+02 2.408279941673547864e-01 -9.257440393608048268e+00
3.371878516863704363e+02 2.984987126719981232e-01 -5.508413049824895324e+00
3.072824125679974259e+02 7.785213614596205867e-01 -2.770030170402291159e+00
3.149905520012447369e+02 2.588327949874359990e-01 -3.024577036349449521e+00
2.956022122048652250e+02 3.615880735943350355e-01 -7.469100651784227551e+00
3.068124161236234499e+02 2.923815105820318228e-01 -2.782703124306112663e+00
2.615000472455857334e+02 6.636920508242369898e-01 -9.943448011928435193e+00
2.644603372382812267e+02 7.189730066609331116e-01 -9.217455742899529625e+00
2.655419724481473622e+02 7.310934119714707080e-01 -6.326079230130993380e+00
2.643456253328744765e+02 7.606278180106289533e-01 -9.393271754024224762e+00
2.872723767903598286e+02 3.266017711618560138e-01 -1.197440643684174155e+01
2.623119831439908012e+02 6.391218440599268913e-01 -1.173437863613673215e+01
2.631453417822966117e+02 7.211735864915981287e-01 -1.238165823331035575e+01
2.862483445308535579e+02 3.460794135564632112e-01 -1.145590088244549776e+01
2.627873690328729595e+02 7.142036243311813415e-01 -1.252799176297572359e+01
2.621945133929552298e+02 7.754616543088851399e-01 -1.229957837442788104e+01
2.629038267744811037e+02 7.191526864635999772e-01 -1.252009010935106659e+01
2.611446292507549742e+02 7.211071570194770297e-01 -8.927424091328679978e+00
2.618402686749564054e+02 6.291921894520078329e-01 -1.070812033515242767e+01
2.855155916772522460e+02 3.399233282086042696e-01 -9.351308053775344575e+00
2.858171514723838413e+02 3.290092089403593434e-01 -1.011548728647832895e+01
2.852615260622129085e+02 5.206147045181407362e-01 -7.976633730154166990e+00
2.658692326777872950e+02 7.092106225607461845e-01 -5.742599136385685199e+00
2.870640281329472145e+02 6.122506505835172419e-01 -8.984860516526403273e+00
2.639507442068759246e+02 6.173847940479851859e-01 -9.654001274531127663e+00
3.286786658997532982e+02 1.379268462221619751e-01 -7.780973193705248647e+00
2.881301928472486225e+02 3.408269985967725679e-01 -9.936127194399348994e+00
3.323513548103696849e+02 1.215141578061139510e-01 -7.577613482169113901e+00
2.603469296114142821e+02 6.433868078280080560e-01 -5.669069531211597734e+00
2.581091701105978586e+02 7.823972232566165363e-01 -2.173073908114653563e-01
2.638743245072547552e+02 7.767604877594616042e-01 -1.115091880748515685e+01
2.863441489545664353e+02 3.108412639164099822e-01 -1.201122471319929375e+01
2.905782986829056540e+02 4.240269498238681267e-01 -2.341052309584291891e+00
2.617618138488391537e+02 7.832041690295334924e-01 -1.092009796475432104e+01
2.639451629985156274e+02 6.519711456558936469e-01 -1.044437589459715632e+01
2.636068908577836396e+02 6.648287581396052914e-01 -1.098079238362151600e+01
2.873318226676232712e+02 3.618735013528346922e-01 -1.168318149569482323e+01
3.317723920059524971e+02 2.537133742108887424e-01 -9.951001245790340732e+00
2.868365706980416121e+02 3.280792834392922130e-01 -1.235473443498584700e+01
2.630516704950051690e+02 7.243024224825410640e-01 -1.239697937956887941e+01
2.869093479829303988e+02 3.202870743120580510e-01 -1.238855096368136266e+01
2.628695134047151782e+02 7.826126579812916484e-01 -1.288497343500916159e+01
2.640196758506280048e+02 7.749772691581734430e-01 -1.060230638958366711e+01
2.872986795047477244e+02 3.187584855957658614e-01 -1.202498737700102005e+01
2.644251657889203102e+02 7.993394136557915308e-01 -9.560228091317092947e+00
2.866258314886531480e+02 3.075492989045320313e-01 -1.231892032622197064e+01
2.868005641665802159e+02 3.799611805060441605e-01 -1.196830780220679991e+01
2.865987680564481366e+02 3.368476556930647403e-01 -1.223618909622457629e+01
2.616444892807186875e+02 7.164354345693804138e-01 -1.071016869796578064e+01
2.861241715820934246e+02 3.440378287162901838e-01 -1.147815152549146411e+01
2.860817424802518190e+02 3.152145854263666003e-01 -1.084032028080541288e+01
2.429076770993431467e+02 7.549813013423474217e-01 -1.562484180834645131e-01
2.875734159576793445e+02 3.755251714079255176e-01 -1.112786077269700868e+01
2.870215425765665600e+02 3.386637378597201486e-01 -1.217112410039170989e+01
2.640774871978092051e+02 6.577996192877497705e-01 -9.972187028789351260e+00
2.867468930281258395e+02 3.505731089978030290e-01 -1.215532649979851776e+01
2.876846142853995616e+02 3.267589285450586689e-01 -1.109101543659476796e+01
2.662729730119321516e+02 6.561037009088206418e-01 -5.359975764957956912e+00
2.432213170020571056e+02 7.944419322923522708e-01 -4.196399095671086155e-01
2.866495289018010908e+02 2.934732462337628078e-01 -1.231325298276888525e+01
2.862495849406586217e+02 3.155040496883260159e-01 -1.149921177522180571e+01
2.876870742892261319e+02 3.387542024909214744e-01 -1.099639238878853575e+01
2.634236318158744439e+02 7.662320762447651923e-01 -1.201672366822979399e+01
2.865704264161156516e+02 2.707184862242871803e-01 -1.223461014392516866e+01
2.627871777221735101e+02 7.794096447117425663e-01 -1.290715719659722183e+01
2.633158504327849982e+02 7.777744366767520567e-01 -1.243918332746354416e+01
2.863286597594566274e+02 2.760228420939184746e-01 -1.134868432104612168e+01
2.636033655443588941e+02 7.095886873331959110e-01 -1.127841495365847990e+01
2.872131058141341668e+02 3.277482767712632805e-01 -1.196221576776108009e+01
2.625458616700556149e+02 7.643901268636152935e-01 -1.274762701492922901e+01
2.873116254044913376e+02 3.034633677705163013e-01 -1.209773002058559932e+01
2.873932352567448447e+02 2.821076623595603627e-01 -1.214233063729282058e+01
2.869071568093615383e+02 3.273308259563518230e-01 -1.235786680881034449e+01
2.865440286922509472e+02 3.557718906732925124e-01 -1.213171550348464045e+01
2.857907766024080729e+02 2.636200711062662849e-01 -9.804821849117040244e+00
3.305568217295505633e+02 1.557230787821125562e-01 -1.016168254906639845e+01
2.620494275035997020e+02 7.710848638059889515e-01 -1.188519194549278701e+01
2.866010738617212041e+02 3.492868454812289025e-01 -1.216974648043266427e+01
2.870129565239470821e+02 2.930557842465097984e-01 -1.236843926271484406e+01
2.867468902157201569e+02 2.655203062363014621e-01 -1.218646694423292942e+01
2.626320055526792885e+02 7.274590872844040046e-01 -1.253475757597102636e+01
2.866965643670616259e+02 3.030494809325336991e-01 -1.231676460405759421e+01
2.632243164823530037e+02 7.156469204715923960e-01 -1.208179919535686686e+01
2.637535950429775085e+02 7.590088965228259932e-01 -1.156670731573224664e+01
2.628182993283149926e+02 7.449955430276351542e-01 -1.271966961174702249e+01
2.650087904036528244e+02 6.243597965548689510e-01 -7.019752274033764117e+00
2.874723558752948520e+02 3.583745469743934708e-01 -1.129699200295686268e+01
2.865783210364589877e+02 3.479821891848344784e-01 -1.217846743988967972e+01
2.865849150630262443e+02 3.431696048638918639e-01 -1.220509231919436566e+01
2.860964833397702591e+02 3.089266827953401351e-01 -1.082630660138835488e+01
2.874935311126115494e+02 2.824596155538629527e-01 -1.176353336844393915e+01
2.873685666790935898e+02 2.990025266954179362e-01 -1.211615403697341620e+01
2.869520121599402955e+02 3.064178577792085467e-01 -1.242870318375197947e+01
2.869175743341181715e+02 3.194891615781524363e-01 -1.239154214384172903e+01
2.868358861176153596e+02 2.679052217747521225e-01 -1.237248868907934884e+01
2.609657844647054503e+02 5.438573071946238846e-01 -7.553217871341590062e+00
2.864078445209474921e+02 3.097626638848710590e-01 -1.200467971297546832e+01
2.869272980616761970e+02 3.552037515568013948e-01 -1.218199251618169754e+01
2.865409102954524201e+02 3.681226162147351322e-01 -1.204469686373209747e+01
3.402290580930762758e+02 1.425252222326262030e-01 -9.942344489258310158e-01
2.872809992563822448e+02 2.952585172084211673e-01 -1.211997902059877319e+01
2.875204845410948451e+02 3.038762204982776716e-01 -1.170967363787065096e+01
2.872219974491481480e+02 2.684437147874500496e-01 -1.211205945153971619e+01
2.870111120400306390e+02 2.798249742315443434e-01 -1.236463866602575123e+01
2.872343648286210396e+02 3.592098995842955556e-01 -1.170137015516706036e+01
2.642420404934281351e+02 5.970476176471295471e-01 -8.976089849734707471e+00
2.873454319461076238e+02 2.778498370753268443e-01 -1.213724479997853756e+01
2.868774720162609810e+02 3.085671736870787552e-01 -1.242528326276071127e+01
2.657434074068952441e+02 6.339214531704739919e-01 -5.580042798926241332e+00
2.872027787880359142e+02 3.319802422315344947e-01 -1.193164022770503863e+01
2.871744856843786806e+02 3.022775006629841998e-01 -1.235727756551199086e+01
2.873247618178601783e+02 3.278117023697355581e-01 -1.197018683726872901e+01
2.863784378916300284e+02 3.369005675600422745e-01 -1.196003554093451626e+01
2.867180888515349011e+02 3.309751424547174303e-01 -1.225554664554195305e+01
2.626248779321426241e+02 7.515856065572767974e-01 -1.267525796317987563e+01
2.864595441661363111e+02 3.437593538538668003e-01 -1.192674844528382039e+01
2.870027060341782885e+02 3.220288809696154608e-01 -1.227444893919021496e+01
2.870837642107529177e+02 2.683040572546399050e-01 -1.233379615261328510e+01
2.865605102300594353e+02 2.999464750531052881e-01 -1.232486449913193205e+01
2.872728606236310043e+02 3.183701294159886341e-01 -1.202530997618753261e+01
2.866736022212859893e+02 3.558753216320355017e-01 -1.212540179266593476e+01
2.868999959290238735e+02 2.629898077043007487e-01 -1.234081599757031888e+01
2.872932034379399511e+02 2.812306103175649663e-01 -1.213588336956709490e+01
2.865403796172577700e+02 2.697053446836026880e-01 -1.184817158277126303e+01
2.874642035086810665e+02 2.707521375303955646e-01 -1.175705587250168271e+01
2.867710482540924204e+02 3.154973122642822925e-01 -1.240719475761146207e+01
2.873692597526033978e+02 2.883283442153248832e-01 -1.213764851370821418e+01
2.868782323012742381e+02 2.964654863285922093e-01 -1.244104803197965481e+01
2.868462880074509371e+02 3.121992740296368751e-01 -1.241646269328840724e+01
2.869320139173838129e+02 2.533272559730145312e-01 -1.226341844335036235e+01
2.612653132500106494e+02 5.925355493064640156e-01 -9.040786366563560605e+00
2.871427638737694110e+02 3.144802193449608985e-01 -1.231528421930505957e+01
2.867873440594420344e+02 3.349873689075622551e-01 -1.231822834465350169e+01
2.631957959964838665e+02 6.825145530416572015e-01 -1.211414545134161180e+01
2.867113274353890802e+02 2.738519972499353083e-01 -1.224227894861382637e+01
2.625040976284946055e+02 7.938310770214247469e-01 -1.289415711055228542e+01
2.872055121606129546e+02 2.937411304000033252e-01 -1.211818265546967233e+01
2.865538642020654834e+02 2.852936866497475243e-01 -1.230130212453884653e+01
2.869579496658497533e+02 2.982245868276908740e-01 -1.243885440900457162e+01
2.871131445008820720e+02 3.117215217701236885e-01 -1.232553461505182923e+01
2.868132930307550055e+02 2.956110138136065490e-01 -1.244238562522487435e+01
2.869137977822119865e+02 2.668024207332257425e-01 -1.236405961309547230e+01
2.867036188836309520e+02 2.699830329250856864e-01 -1.222018967117902655e+01
2.868550236874050938e+02 2.685911096586034441e-01 -1.237564346389083880e+01
2.865997556010029825e+02 2.656831966926230804e-01 -1.219890111716327397e+01
2.871396705303683348e+02 3.168692152438593590e-01 -1.230464066129093048e+01
2.867297827249735747e+02 2.844716100286036053e-01 -1.228668598033420700e+01
2.869404994621610285e+02 2.876976001050957632e-01 -1.243550506934500532e+01
2.866067536614397113e+02 3.267976429551069373e-01 -1.227709517393336824e+01
2.870857533640179327e+02 2.740754802247908906e-01 -1.235369394683324629e+01
2.869207753350432881e+02 3.257806958949928666e-01 -1.236504717806222153e+01
2.867236120303949747e+02 3.306135740547100355e-01 -1.225668490583400327e+01
2.871465756355365784e+02 2.960710880697749459e-01 -1.236849194280107866e+01
2.870621556449891045e+02 2.861667234930575510e-01 -1.237184097494292345e+01
2.870498910182449208e+02 2.791601768157217500e-01 -1.236441475436582316e+01
2.870664270969887184e+02 3.181080704076926224e-01 -1.229638671798817029e+01
2.866326799030453003e+02 3.131133126088907481e-01 -1.231147808832489332e+01
2.866396742006186855e+02 2.672601785230525051e-01 -1.220704624380394954e+01
2.872981434214667615e+02 2.910788626963579651e-01 -1.212929757094949679e+01
2.870034832230370512e+02 3.098784565231980093e-01 -1.232891132064837159e+01
2.631028696283179329e+02 7.652652030208867417e-01 -1.263856752649229165e+01
2.868759945473801167e+02 2.959982738439705385e-01 -1.244121016856569817e+01
2.866371691411345068e+02 2.946175613213543598e-01 -1.231565611939949889e+01
2.624427953919515062e+02 7.100632539106511709e-01 -1.224125241201223879e+01
2.867979915677137797e+02 2.885404625867002415e-01 -1.243946260223932754e+01
2.870058284274472840e+02 2.848402236004478616e-01 -1.236985802411137492e+01
2.866435150290725460e+02 2.846488440858995772e-01 -1.229322012456167457e+01
2.866120904884555785e+02 3.004080900223387585e-01 -1.232180379052195285e+01
2.869928074002671110e+02 2.807749527303952664e-01 -1.236561221894379869e+01
2.866535916421522074e+02 3.080767296038700587e-01 -1.231678842882099900e+01
2.630259818235995795e+02 7.466431381021616520e-01 -1.269296030303586065e+01
2.869807965722098402e+02 2.999777561642039680e-01 -1.235686610141139141e+01
2.869255238167139623e+02 2.871682784975841951e-01 -1.243510910493287014e+01
2.866173844697885329e+02 2.997917357328685473e-01 -1.232126171258719438e+01
2.866226162999606686e+02 2.863348467632619299e-01 -1.229968262824328562e+01
2.868822105719989963e+02 3.099440521208112753e-01 -1.242196620736349644e+01
2.868540285091630722e+02 3.112350474089010666e-01 -1.241900914564862646e+01
2.867896975958407211e+02 2.934289795278835489e-01 -1.244277479356508209e+01
2.869878306488491262e+02 2.823804979146654071e-01 -1.236743306524140529e+01
2.867343363521895299e+02 3.059816161903869403e-01 -1.231342350795257090e+01
2.869898751691416692e+02 2.928471350102346271e-01 -1.236799973736201252e+01
2.867736694469945746e+02 2.838452262463779796e-01 -1.243270236979001986e+01
2.866902656959381943e+02 3.064618801501039491e-01 -1.231583761881578276e+01
2.869107285142140427e+02 2.948713209835882032e-01 -1.244070915309634096e+01
3.036300109090147998e+02 7.780623146865654760e-02 -1.220176575662459267e-01
2.397679574045415904e+02 5.454576861018723966e-01 -5.090358239667763796e-01
3.047799576274267110e+02 5.737675114983430413e-01 -3.039388009806248014e+00
2.492180164428345677e+02 4.759674391997531506e-02 -2.674258980425741061e+00
3.109603068261848762e+02 2.776562141254628260e-02 -1.484943009214839238e+00
2.849013557437042437e+02 4.332426239679942892e-01 -7.065283389001843162e+00
2.579953875798500462e+02 4.530672141248510698e-01 -7.167595694446481369e-01
3.008824758666393109e+02 5.819380474482339638e-01 -4.639374565101227255e+00
2.374215258924281216e+02 1.478117275287095522e-01 -1.598134539884035199e-01
3.234026343585331915e+02 2.250742244439046247e-01 -4.183911610341132459e+00
2.482545372160220438e+02 1.813166899533401322e-01 -2.427358547901152797e-01
2.656317294684313310e+02 1.557678519861131206e-01 -3.035756373835060140e-01
2.515369072941462321e+02 6.651470138813819766e-01 -1.246416605113133569e+00
3.079350672624196932e+02 6.620885887494667131e-03 -2.758250477877145723e+00
2.863492503263971116e+02 6.672495474238294977e-02 -2.391701072581241760e+00
3.355199720414555031e+02 6.123450707441544516e-01 -7.397672226433968490e+00
2.502551167878844183e+02 5.874313047662533815e-01 -1.990901081683955853e+00
2.795933163090946891e+02 4.187738587605362439e-01 -2.443278897623150314e+00
2.357514329410333289e+02 5.278355796030054226e-02 -5.277856968144863936e-01
2.724784255058753502e+02 6.980662532675991905e-01 -1.423198859658462434e-01
3.430898443051189588e+02 2.044467756077349707e-01 -4.682329104360594685e-01
3.120301316934929901e+02 3.891849286856364221e-01 -3.883990871372831499e+00
3.188388493219460997e+02 7.673543207418178635e-01 -1.071087568518181099e+00
3.054085853548123168e+02 1.010654110353114421e-01 -8.799642759448120799e-01
2.317009461588323518e+02 4.152184621665788722e-01 -1.763031600446085534e+00
2.765930212526405398e+02 1.362628948850101440e-01 -1.249960234612295940e-01
3.144939774395293171e+02 2.159419192892548800e-01 -3.087502463680303677e+00
3.135270815072631194e+02 3.353675607981425055e-01 -3.633182032528976091e+00
2.915059141747793205e+02 7.490769556881803348e-01 -1.228479290482155761e+00
2.363883762005999358e+02 5.228236306082053586e-01 -1.616942681049668318e+00
3.364496846293294539e+02 3.597086319749987493e-01 -7.071767204440488896e+00
2.835932365734853420e+02 6.480164781852449929e-01 -4.725661901705373147e+00
2.994240550130443239e+02 2.474273925705438304e-01 -2.642755598944784623e+00
3.252953288648716921e+02 1.058869400977681396e-01 -3.338366876296399166e+00
2.570289516471021329e+02 6.852857433455168401e-01 -1.716966737260431364e+00
2.340771188167193202e+02 5.967720646823461150e-01 -3.645984721697310693e-01
2.387906666773301083e+02 3.797473947945502193e-01 -4.915984119152489451e-01
3.229552631204162481e+02 6.792605096403421250e-01 -2.225143086673297521e+00
2.971281052183869633e+02 5.061978216219740201e-01 -7.032286070034335701e+00
3.277403214028003049e+02 5.430232608968984520e-01 -4.635602661451797779e+00
2.631127107973434818e+02 4.686350159997366704e-01 -9.582482694889243646e+00
3.167465895478942457e+02 3.224481689614342450e-01 -4.078188177330069664e+00
2.706371832889993243e+02 5.536661392228522383e-01 -2.586600626401718728e+00
2.443380887025893742e+02 1.964985326355399575e-01 -9.133497160683184610e-03
2.985414443732972245e+02 2.690643053835343745e-01 -3.402866456707675180e+00
2.886875499332739992e+02 5.171791078843321898e-01 -6.930695725400854990e+00
2.774029052839674137e+02 3.996769727864096788e-01 -2.013492696763672374e+00
3.420919103387238920e+02 3.399314674664819513e-01 -2.764291236809781616e-01
3.397252739556948882e+02 9.563770815140104631e-02 -1.066274474423202001e+00
2.965891374902271878e+02 2.846393951009050238e-01 -6.292960434747241649e+00
3.184789557649029916e+02 6.893594022813968047e-01 -1.639962995509588684e+00
2.414254333917870099e+02 4.570261039003710168e-01 -1.065404046941151456e-01
2.799672719018676617e+02 6.201238342487751520e-01 -3.086144545183285626e+00
2.603094018902143603e+02 7.843193282897571450e-01 -4.994332043272620147e+00
2.641322828621644021e+02 3.516585334020898568e-01 -5.981468466807254636e+00
2.525306767594883581e+02 2.956564453007402560e-01 -4.162803674143128463e-01
2.729157378343617779e+02 5.784907097515470942e-02 -1.835713297881821360e+00
2.555260403827440427e+02 1.336602325331939616e-02 -1.951520556012951990e-02
2.752237173565416697e+02 3.022659298902583558e-01 -9.319209941272900144e-01
2.533929747911988670e+02 6.249055848965869853e-01 -3.016771403991027056e-01
3.325320995395595673e+02 5.671502614748978877e-01 -8.138494046137545013e+00
2.667212921396921956e+02 1.841995224989491642e-01 -1.240859580600714773e+00
2.904955529489287187e+02 6.423458713226338768e-01 -2.017780996808821392e+00
3.300630033295247472e+02 7.755471470263494149e-01 -5.329770248130508925e+00
2.944417860842793857e+02 7.997752782065948862e-01 -4.947011928518343815e+00
3.380289839665769591e+02 7.373504412158664589e-01 -2.874226531659316741e+00
2.820913228251796454e+02 1.694651900487289808e-01 -1.993877346239866899e+00
3.093072076340878311e+02 7.141564775193839365e-01 -2.676157641184007119e+00
2.747805333340440370e+02 6.073155609020624013e-01 -1.485236935429926852e+00
2.888717528016034066e+02 2.768046691137996396e-01 -8.484411840571327801e+00
3.162017073085154948e+02 5.300805421119777483e-01 -2.855049435852976991e+00
3.267584915066397571e+02 1.315043535904730498e-01 -4.737150045635567075e+00
3.287282260874968074e+02 3.188750966965836486e-01 -8.188885883913902930e+00
2.867410214197014966e+02 4.919118012042132948e-01 -1.078722148651292834e+01
3.064713010795978221e+02 2.626698789080314511e-01 -2.696788350667315370e+00
3.387382356227932405e+02 1.604873431004906204e-01 -2.384393499206326705e+00
2.329725695078695651e+02 2.533029067667660339e-01 -1.836603775809806105e-01
2.808892508426392851e+02 4.877768922795162609e-01 -2.769317554774362478e+00
2.548828456546245320e+02 4.000721980572298775e-01 -1.292390936680112068e+00
3.344066584073856347e+02 6.321078510088744551e-01 -7.936004523320857373e+00
3.025341366007310171e+02 3.717988409469270561e-01 -3.126285495986227403e+00
3.412687791219568680e+02 3.613342587075161760e-01 -3.349012025878567167e-01
2.933424619976099734e+02 2.191725503359421845e-01 -1.413232045798989089e+00
3.306653898129184199e+02 4.977791648372897892e-01 -8.098718282907752197e+00
2.471761315261395850e+02 1.243013762445555753e-01 -2.506597634914356498e-01
2.681376999820842570e+02 7.347072249715945746e-01 -5.083684106146247217e+00
3.335524004778737890e+02 1.178701052787968079e-01 -6.225633037122796587e+00
2.698621149201462686e+02 7.050814488547699765e-01 -3.485171747234964368e+00
2.458610340015634392e+02 6.613760351304420748e-01 -3.956424955802760657e+00
2.618505394009549150e+02 3.040342948426465464e-01 -6.012267526500539638e+00
3.214161558706975370e+02 7.589634118784209793e-01 -1.913180528521175372e+00
3.209944111551560582e+02 2.351561084643486454e-01 -4.580904799194194688e+00
3.104235122087785612e+02 2.124475493044154784e-02 -1.484743246297689057e+00
2.948263137719247311e+02 4.448819571132553441e-01 -5.982440641507599466e+00
2.307291749945387380e+02 4.775747292941921462e-01 -1.340972814075644282e+00
2.438349072957576311e+02 7.809944027271568112e-01 -1.337343904152351159e+00
2.419392855354972767e+02 8.439230409495072915e-02 -8.048130634363590552e-01
2.682462571082499494e+02 7.254630123893150984e-01 -4.897372761067427582e+00
2.599338180201050363e+02 3.659399866277012608e-02 -7.999694682990393657e-01
3.444187378586824479e+02 4.288457902442817105e-01 -3.994223187177687456e-02
2.625827205719879771e+02 7.820637996078828591e-01 -1.283491943947965730e+01
2.623846087230502349e+02 7.979386389321013739e-01 -1.270398105401065969e+01
2.629645875356087004e+02 7.708413029475438272e-01 -1.282628141527066035e+01
2.657537068594431275e+02 6.077617906781216384e-01 -5.432796304579700752e+00
2.624663360345962246e+02 7.177643628068024473e-01 -1.228690367084822554e+01
2.622585800018629811e+02 6.587189131067573422e-01 -1.162709358850406716e+01
2.631919028727448904e+02 7.542589822450479486e-01 -1.258284220392706487e+01
2.626541889065179021e+02 7.681767069734558584e-01 -1.276230210676152765e+01
2.631448288556531452e+02 6.768025320728890959e-01 -1.206801651723614910e+01
2.664256861966821361e+02 4.436272477423224281e-01 -4.212138803707611956e+00
2.674422711155561387e+02 4.733229493224027085e-01 -4.880047974557133017e+00
2.634015055537497005e+02 7.885475475535825840e-01 -1.212008318320626188e+01
2.628087152542089484e+02 7.262244920977420914e-01 -1.260566796084705921e+01
2.627082463100025507e+02 6.778858308889719186e-01 -1.226849190456816885e+01
2.685443963848373983e+02 4.475949471334749186e-01 -4.331008709871146500e+00
2.631032080127272366e+02 7.393697129985651317e-01 -1.249234714451210060e+01
3.202635904020255566e+02 4.508472758488276111e-01 -2.875116380638539137e+00
2.621992785450818815e+02 7.473408494721756057e-01 -1.216781737738516789e+01
2.628360746868324895e+02 6.842825275402469876e-01 -1.231590264993692685e+01
2.935801321870323477e+02 3.155300347646942116e-01 -2.623604535744846089e+00
2.862156155353582676e+02 4.575170405490316394e-01 -1.073045649931081513e+01
2.838143455249138469e+02 3.371388698523234417e-01 -5.684910389144330445e+00
2.944778435664387075e+02 3.530230446770674657e-01 -5.006412145805134273e+00
2.632482441179933517e+02 7.441162272773105268e-01 -1.225570521881763142e+01
3.295140150759099811e+02 2.247672564501459469e-01 -1.017689811167610792e+01
2.623790979150355156e+02 7.307030405762360292e-01 -1.236954581540813791e+01
2.628011950062927440e+02 7.805449022373924794e-01 -1.291267720115228279e+01
2.628294598711669323e+02 7.279663423703777170e-01 -1.261638825559336574e+01
2.909600753691814248e+02 4.068002373388392434e-01 -1.301297610540534944e+00
2.628864232130994765e+02 7.914635237299068038e-01 -1.292885250403288211e+01
2.624258648429580489e+02 7.990464663089777986e-01 -1.270543391158253499e+01
2.628563762038891127e+02 7.675290568791321988e-01 -1.280653720950064134e+01
2.629141924963244037e+02 6.953052693224927028e-01 -1.235580101545904341e+01
2.624073348414289626e+02 7.784173506379462593e-01 -1.261487774504232462e+01
2.643470061598025040e+02 5.017794789607741279e-01 -7.507819313720458965e+00
2.626728692994405492e+02 7.816271721122021177e-01 -1.291980528442295117e+01
2.886651963346562297e+02 4.750439904910026545e-01 -7.737570663114848202e+00
2.624548180737022562e+02 7.124017351511363616e-01 -1.225492679862064271e+01
2.630496936057630819e+02 6.921578613681513836e-01 -1.217837808356326690e+01
2.911280859336206959e+02 4.678895603567065908e-01 -1.092095110365276067e+00
2.632546440339937703e+02 7.316981407898393019e-01 -1.218369222937105079e+01
2.653797653489845061e+02 5.204354656269611912e-01 -5.378717457328920482e+00
2.634069863900018618e+02 7.873895902326808471e-01 -1.211542088769100900e+01
2.633682594779610895e+02 6.681324909863294303e-01 -1.175570738430625362e+01
2.630122151347438830e+02 7.626710319606747612e-01 -1.278332473670961456e+01
2.626896986221101429e+02 7.283413333782068344e-01 -1.262035493045875789e+01
2.624650223209311548e+02 6.917497647974232278e-01 -1.212070645377708189e+01
2.622798237023068850e+02 6.831964834573777123e-01 -1.179327268702313880e+01
2.627756399129443139e+02 7.210722589419171769e-01 -1.257312997738055493e+01
2.633518090219791361e+02 7.726443735797099421e-01 -1.241648275467232843e+01
2.624872164639537004e+02 7.864138231065629370e-01 -1.264524829448959231e+01
2.625193751909102389e+02 7.629025392111468129e-01 -1.274101134919766487e+01
2.626949221554968972e+02 7.772958310087559886e-01 -1.289765993512828146e+01
2.630383680683304419e+02 7.597404824598693596e-01 -1.260543632770343692e+01
2.628535364916187973e+02 7.911229536491810599e-01 -1.292655503935669259e+01
2.626514378923898221e+02 7.209588993948817803e-01 -1.249365515238763891e+01
2.630279528987700814e+02 7.996431065653366588e-01 -1.297029577140855494e+01
2.631374303204028138e+02 7.632647172594847484e-01 -1.262958075173172467e+01
2.625729718017554433e+02 7.119312854881826302e-01 -1.243924144407809962e+01
2.622537853456927337e+02 7.270894152805680299e-01 -1.205719802809411512e+01
2.622649934195669630e+02 7.477770836453522252e-01 -1.216313792738238497e+01
2.626258398070011140e+02 7.520134483807907610e-01 -1.267757373551616062e+01
2.629755140721653106e+02 7.490328258481622203e-01 -1.270589619139755122e+01
2.626672021446401004e+02 7.935776755297747620e-01 -1.288528390684937719e+01
2.628000438993905163e+02 7.367713045282547890e-01 -1.267099978977509345e+01
2.625651807258687995e+02 7.594342635748589920e-01 -1.272056277516345268e+01
2.628299681272060866e+02 7.544913673304354251e-01 -1.277390063764653405e+01
2.629387762175555281e+02 7.420255912986244429e-01 -1.266398958642315087e+01
2.629109527312599539e+02 7.767836377157056882e-01 -1.285619071308512851e+01
2.627205034023627377e+02 7.458319692373410748e-01 -1.272575033339617789e+01
2.634871354788246549e+02 7.047531357372387451e-01 -1.167333583962160048e+01
2.630839730347547629e+02 7.122294707562055738e-01 -1.231992776180397975e+01
2.634170047964869923e+02 7.809684868822128756e-01 -1.208696453426034623e+01
2.834489520089692860e+02 5.243745904974457250e-01 -4.950431973457947166e+00
2.625756086601157904e+02 6.826725574358486481e-01 -1.223632633949064719e+01
2.628494627563571271e+02 7.896413006210575292e-01 -1.295675378756018326e+01
2.628818021158805323e+02 6.542374659058211028e-01 -1.203152117908217456e+01
2.621067225405813019e+02 7.767191407343818632e-01 -1.189998857533334942e+01
2.623013303459530334e+02 6.911963836785544046e-01 -1.184247965743169573e+01
2.632072805418944768e+02 7.140767552883025004e-01 -1.233833289164081926e+01
2.626959086845020579e+02 7.907703673204397044e-01 -1.296433497768817489e+01
2.944752446180701781e+02 5.730929468242900171e-01 -5.384383919535470575e+00
2.622593770671823563e+02 6.552348808218874110e-01 -1.160164374922196728e+01
2.624855994176704144e+02 7.687735281704108914e-01 -1.256283800846680876e+01
2.626504095098192124e+02 7.640025188359444996e-01 -1.274083118219573230e+01
2.632274957941301636e+02 7.758331657554916605e-01 -1.242264213790013017e+01
2.624109012763688042e+02 7.098556058696073867e-01 -1.224225586071020899e+01
2.622510444515824588e+02 6.818011176677118979e-01 -1.178693351207621198e+01
2.630011532113799717e+02 7.943618963598350069e-01 -1.294494209794985906e+01
2.628292291925969835e+02 7.026730118694595184e-01 -1.244904982255749992e+01
2.626749584224317005e+02 7.283086672300336240e-01 -1.262030986983051051e+01
2.625565031159761133e+02 7.437994169147014167e-01 -1.263459413706295287e+01
2.631250440892878260e+02 7.987341278018510460e-01 -1.280601836145865668e+01
2.634541648317868408e+02 7.850349659290986049e-01 -1.210957339632678753e+01
2.624133905369528748e+02 6.879135707434774760e-01 -1.209825103802233492e+01
2.627783939189554872e+02 7.121433303881282706e-01 -1.251434183486284191e+01
2.629204700187424351e+02 7.740051721953329356e-01 -1.284200247434189102e+01
2.629685413253956767e+02 7.582632216265255964e-01 -1.275817602291683173e+01
2.628966820069845767e+02 7.319135812744859138e-01 -1.260152248214071591e+01
2.629920258219590323e+02 7.477305416070341160e-01 -1.269865477235726203e+01
2.631630819075839440e+02 7.227589654369395156e-01 -1.239271261957930292e+01
2.629460023228744490e+02 7.773076318772684790e-01 -1.285956656811802112e+01
2.627776891846296508e+02 7.924626837321400163e-01 -1.297131663598068307e+01
2.628584723567597621e+02 7.795249370679699918e-01 -1.286916187755882213e+01
2.625294934076190430e+02 7.102583796763969337e-01 -1.243010877016661553e+01
2.629718371370929049e+02 7.898467646239919482e-01 -1.292267413115414776e+01
2.631284866126648012e+02 7.895367695946300390e-01 -1.276288407038591188e+01
2.627611882283762839e+02 7.478515633736244617e-01 -1.273697411548533687e+01
2.628900976870529576e+02 7.407292662710397435e-01 -1.265525721144408422e+01
2.632423352230839555e+02 7.509637305361570592e-01 -1.229361278698095461e+01
2.632615907203802408e+02 7.951455619132692387e-01 -1.251713221422421007e+01
2.628009829339805492e+02 7.407382326401974471e-01 -1.269478629202861342e+01
2.632798087194350956e+02 7.718923237236167134e-01 -1.240705736497771383e+01
2.625196405067433716e+02 7.625781694218413120e-01 -1.273929043909612879e+01
2.631246946741084685e+02 7.736545039588204054e-01 -1.268366683840320164e+01
2.624908310251611283e+02 7.610788275296896943e-01 -1.273264279624379292e+01
2.625727251367259214e+02 7.891236078577867907e-01 -1.286906075767985413e+01
2.629087985760660331e+02 7.980287918566149052e-01 -1.296051536355152933e+01
2.627364395640157682e+02 7.869537770714164493e-01 -1.294530134491681395e+01
2.633144425595963867e+02 7.194691648782014504e-01 -1.211305879914792882e+01
2.628109045397357590e+02 7.813471293494207437e-01 -1.291656188079370615e+01
2.625444070083511292e+02 7.501406575622265871e-01 -1.267084876767645341e+01
2.627292920069564843e+02 7.206845966960350180e-01 -1.257114353806431062e+01
2.627534668575646606e+02 7.746460041437921440e-01 -1.288332469652452339e+01
2.626115019272878612e+02 7.246978717389995772e-01 -1.251867755395071491e+01
2.627204201613162695e+02 7.977036377035755521e-01 -1.299681951631028731e+01
2.626906738847155793e+02 7.857132547229678243e-01 -1.293983100809153086e+01
2.630581281382977181e+02 7.901417328420974329e-01 -1.276221338409330208e+01
2.628833253018131018e+02 7.417865455279167852e-01 -1.266144702415859769e+01
2.628409409885676951e+02 7.874683426258216601e-01 -1.294634661218848137e+01
2.627940384849423481e+02 7.687161480873951902e-01 -1.285184955994667710e+01
2.626188116420581196e+02 7.985725405894602558e-01 -1.291033974729014133e+01
2.627225364230218361e+02 7.516165869624249485e-01 -1.275901820830527100e+01
2.625139406312182473e+02 7.462088049294207659e-01 -1.265014757122633249e+01
2.629358650657038652e+02 7.913783533267105819e-01 -1.292940390719023114e+01
2.629524586270967461e+02 7.827654662329723845e-01 -1.288736516957499667e+01
2.626236893399085943e+02 7.427260346168793603e-01 -1.262548259890004587e+01
2.626368037125902219e+02 7.906385331109188064e-01 -1.287312474756052438e+01
2.626833832671152322e+02 7.556808270889888712e-01 -1.278239702352448326e+01
2.629651656567242526e+02 7.439534249516112085e-01 -1.267596307684184609e+01
2.625429698222073398e+02 7.745737848988121232e-01 -1.279987038382565778e+01
2.626707670274730049e+02 7.620985105644395574e-01 -1.281793469614029668e+01
2.629296130794758142e+02 7.675857701833366242e-01 -1.280830395124861099e+01
2.627022172405531819e+02 7.605244127247896557e-01 -1.280896501128729348e+01
2.626498082418451077e+02 7.956814261957340095e-01 -1.289575400041763231e+01
2.628384455600103706e+02 7.513359327175952451e-01 -1.275596115876800596e+01
2.628812006411081370e+02 7.910717889566521999e-01 -1.292685768582843409e+01
2.628489310795492884e+02 7.735544807640299947e-01 -1.287638793900564060e+01
2.626353101550551514e+02 7.760249157398066977e-01 -1.280284211475927592e+01
2.626278859361370337e+02 7.559874977730848267e-01 -1.269918983047532457e+01
2.626851356156137172e+02 7.693617279283585519e-01 -1.285665795207475171e+01
2.628637481534139511e+02 7.827696145633377123e-01 -1.288564497319941360e+01
2.625890735794060902e+02 7.995743887116831816e-01 -1.291626202369324972e+01
2.624801378488750174e+02 7.807344848032903295e-01 -1.261992827519496352e+01
2.629318640681282204e+02 7.687717643571708726e-01 -1.281467772294936047e+01
2.624559042888187150e+02 7.937875609038261837e-01 -1.268038733387066230e+01
2.627699095270280623e+02 7.613059334581071536e-01 -1.281238712769234311e+01
2.625083078064898814e+02 7.932933998943849652e-01 -1.289148256432306816e+01
2.627595799123481584e+02 7.817755186375439092e-01 -1.291940993033726848e+01
2.626406049627089487e+02 7.586285862693228355e-01 -1.271283455175945853e+01
2.628696672167656629e+02 7.877702577147691620e-01 -1.291055505019620497e+01
2.625380801001326176e+02 7.812023357799225964e-01 -1.283280470050828370e+01
2.625159440091017586e+02 7.847131559227377151e-01 -1.285077404074556462e+01
2.626687827252720240e+02 7.611796241032677823e-01 -1.272512561839580414e+01
2.629827777587964874e+02 7.941276930595757566e-01 -1.294348314309945103e+01
2.628494793404275356e+02 7.992408878484741352e-01 -1.300209874711240587e+01
2.629900764702135234e+02 7.618218518143047291e-01 -1.277825490652084639e+01
2.624632249292275787e+02 7.759318091462008571e-01 -1.259885592903753171e+01
2.894140440224099393e+02 5.716219873940299179e-01 -5.167427050947299705e+00
2.626179423479301249e+02 7.834104201531928435e-01 -1.283977469629860302e+01
2.625622914040561682e+02 7.982062258764232032e-01 -1.291137696604404894e+01
2.628485343718359104e+02 7.779606556300145970e-01 -1.289896779912483815e+01
2.629872092133715569e+02 7.968370759403651249e-01 -1.295640669845598048e+01
2.626119090934162159e+02 7.689959643715987836e-01 -1.276845962642151733e+01
2.628655838907405382e+02 7.526277015404945203e-01 -1.272436517732936956e+01
2.629637410708904781e+02 7.775241961912742195e-01 -1.286101899487711364e+01
2.628910442684135660e+02 7.970858086040958357e-01 -1.295573984007921275e+01
2.629242235482217325e+02 7.762977677866441661e-01 -1.285394982589287949e+01
2.629089151119779899e+02 7.809951400342555194e-01 -1.287761388237355931e+01
2.629301890050111865e+02 7.906300253062549244e-01 -1.292567702964253762e+01
2.628556992532719505e+02 7.981984608827942251e-01 -1.296026818961540883e+01
2.629488908145594905e+02 7.980226478417333791e-01 -1.296125610981352416e+01
2.628471087562975868e+02 7.770989464533739621e-01 -1.289460694843682909e+01
2.628001740984486787e+02 7.859893537368030092e-01 -1.293970285840358336e+01
2.627817145651680448e+02 7.802285492771356967e-01 -1.291135642956979979e+01
2.628414486822983349e+02 7.943120342608972484e-01 -1.297917395587879241e+01
2.627529355929701183e+02 7.957988524759280757e-01 -1.298745436616489712e+01
2.629454790700758622e+02 7.843155785788830103e-01 -1.289497198427760338e+01
2.628936626520063555e+02 7.897652242952912793e-01 -1.292076998127543774e+01
2.627752997207497287e+02 7.909674120879182091e-01 -1.296419860099627108e+01
2.628119142545683076e+02 7.874434668365275503e-01 -1.294664305508680080e+01
2.629394763126879866e+02 7.944466712653945883e-01 -1.294418227949521061e+01
2.628618466118004449e+02 7.880271070098796571e-01 -1.291165795768512936e+01
2.627274415368776204e+02 7.924934303876350894e-01 -1.297215966468595916e+01
2.628179106598588533e+02 7.964637587268085239e-01 -1.298964328181529737e+01
2.628742746636949619e+02 7.965462321576097793e-01 -1.295286721632031224e+01
2.629207568762809615e+02 7.870542945570000448e-01 -1.290804406038072472e+01
2.627765447994994474e+02 7.789857078304988081e-01 -1.290516137896713822e+01
2.628213275046283570e+02 7.749171466774009698e-01 -1.288380165763082807e+01
2.628135626111481997e+02 7.847738173779301718e-01 -1.293353874138011506e+01
2.527491366310149488e+02 2.248370132185051884e-01 -3.350023544873169667e-01
3.177927008522550523e+02 8.457577542601690812e-02 -3.430622940257395115e+00
3.133048371165621120e+02 5.490995125159975343e-01 -3.333971289463271148e+00
3.304826278408542066e+02 3.776962827953904145e-01 -9.411933721603707781e+00
3.188766443697771820e+02 4.826999185008276072e-01 -2.506865727987558579e+00
3.004843096603659092e+02 2.983604800575589966e-01 -3.041849059805893596e+00
2.856198491975383718e+02 5.623869027271314325e-01 -8.373271433562077704e+00
2.681481505902781350e+02 6.796182076659014193e-01 -5.031540503381013885e+00
2.834859332272301913e+02 7.623254309833056297e-01 -4.381351984325795534e+00
3.348883823950803844e+02 1.860512365879628538e-01 -7.089335730247538159e+00
3.099210129379956697e+02 6.315439334134665961e-01 -2.924762575136362397e+00
2.601118652817646648e+02 6.530167691526161944e-02 -2.642170094767251620e-01
2.991139957654102091e+02 3.712992231932647491e-01 -4.005829824335271461e+00
2.850263423596441044e+02 7.136604633391770980e-01 -6.082274174660607713e+00
3.430159031309998454e+02 8.842182008622338774e-02 -5.891692164340861515e-01
2.540404993441036936e+02 1.393308525446284585e-01 -1.090708616787949392e+00
2.828733590900592390e+02 5.003888082769626378e-01 -4.467695902285337972e+00
2.819236083129010808e+02 4.246166836597811689e-02 -5.789781742871599191e-01
2.622019150882056238e+02 7.753007793196422526e-01 -1.229808397238400453e+01
2.628626671411450957e+02 3.346950749749320053e-01 -6.855382020772819551e+00
2.872463751321052996e+02 7.097930435434933738e-01 -7.584212459552760244e+00
3.049963130703283127e+02 3.168624130054953358e-01 -2.515878520962643083e+00
2.353277100337750483e+02 5.201512491050479525e-01 -1.001805027854053565e+00
2.767620884116898878e+02 6.206795921869052712e-01 -2.945824433496499584e+00
2.325839573586482061e+02 2.178922619627809143e-01 -4.517321233185946916e-01
2.480915028414974586e+02 6.555507278450892761e-01 -5.014594724420372351e+00
3.332705720865799321e+02 4.212028184943342746e-01 -8.814171154725348956e+00
2.309354000518651162e+02 2.438912730406306018e-01 -5.716954870466398608e-01
2.507752559011816516e+02 6.115012011764547895e-01 -1.512695687890818652e+00
2.933570512701571715e+02 2.910525377982171036e-01 -2.116341695544552426e+00
2.565740594606192531e+02 2.720503620839254677e-01 -3.071718214659075574e+00
2.700946199613794079e+02 4.653809211402822332e-01 -3.462562827037309887e+00
2.398461371586892881e+02 1.353198200710938881e-01 -3.231183314617268598e-01
2.729655147536129220e+02 3.968038470590904421e-01 -2.123130327512541549e-01
2.343542222854831323e+02 7.598240078362742400e-01 -5.491002127043245196e-01
2.459824994030703067e+02 6.588474652852059910e-01 -3.925052856606421336e+00
3.000630677285665229e+02 4.111274769856781974e-01 -4.097003470735455011e+00
3.354773852569311430e+02 2.497992939208414365e-01 -7.513689201230104864e+00
3.201195662693457393e+02 7.795676736392451178e-02 -2.490676473518087963e+00
2.424606216951862336e+02 4.764477260035000494e-01 -2.295644200482825636e-02
3.241089698219157640e+02 3.546095260151316819e-01 -4.252286345664091805e+00
3.044641954113325255e+02 4.044152524427246376e-01 -2.846342220335903672e+00
3.362758389379579285e+02 1.743875867260488363e-02 -3.836358910114354148e-01
3.034510346700544687e+02 6.969386832198840587e-01 -3.673336251344494929e+00
3.253511326275834108e+02 1.939563654994966857e-01 -5.114907003548304409e+00
3.289455786700875706e+02 2.800057364885442102e-01 -9.048156964785588841e+00
2.314830280397736146e+02 3.074693165496858449e-01 -1.100568991214090797e+00
3.380417315042946598e+02 5.100918855788811879e-01 -3.470038540411131578e+00
3.418542080755149186e+02 1.461045894963026170e-01 -6.800702735148838052e-01
2.748902178497908153e+02 2.383302223142872434e-01 -6.723756018326700890e-01
3.128177132745133804e+02 4.386229766835328947e-01 -3.543088662143814016e+00
3.225191546425642741e+02 6.397385306330819477e-01 -2.374955805436071987e+00
2.889553441898665369e+02 2.103904765957917977e-01 -7.266805063991534475e+00
2.568754568755166474e+02 4.609299709493148711e-01 -2.476432991655739269e+00
2.910102288856561472e+02 5.281439546377114658e-01 -1.372483304325376796e+00
3.395768334566012072e+02 7.958878377775460145e-01 -6.386762719531001720e-01
2.554205749347081280e+02 7.896710924948818419e-03 -1.633548602952758846e-02
2.653719353854200449e+02 2.669075346043749408e-01 -2.185079841174236037e+00
2.361502780304612088e+02 6.408459923171154760e-01 -1.608845693855021741e+00
2.953572825326385214e+02 4.533501012955682419e-01 -7.646821990120207246e+00
2.791471300971571736e+02 3.375245484486875669e-01 -1.820622239289904520e+00
2.597439694520454623e+02 5.537115263770071572e-01 -2.065415645687264767e+00
2.406201400957300507e+02 5.981084635835737240e-02 -1.441703734919185464e+00
2.716581245573300976e+02 2.613365559081759493e-01 -1.775744325773303878e+00
3.154083010213883540e+02 3.514361159874577201e-01 -3.017594529470730702e+00
2.914296384360766865e+02 2.731122246470770246e-02 -1.582049010932186528e+00
3.446867074535486495e+02 6.007518518188624812e-01 -4.064775068802914393e-02
3.264182297832880977e+02 5.594784924921597513e-02 -1.534134667925481255e+00
2.936025566505912821e+02 6.804383710314274580e-01 -3.001410756049916362e+00
2.664657525060122794e+02 1.271377030354431670e-01 -2.114641751796719482e-01
3.301751902665341731e+02 1.619780546621479023e-01 -1.020663225990678136e+01
2.444799629097059608e+02 3.806927833075779422e-02 -3.125133596339046083e+00
2.379806958406563808e+02 9.324051022480212003e-03 -1.994813433613264353e+00
2.883022760392864257e+02 6.644350999595276530e-01 -6.286016312721721455e+00
2.966422571395117416e+02 5.145828318815652835e-01 -7.784861922140991375e+00
3.017292950279567663e+02 1.709360212677489277e-01 -1.066117464582329699e+00
2.489666733554555833e+02 7.913902546254201198e-01 -4.314169425357982313e+00
2.519230325395771501e+02 5.822853286885281143e-01 -1.009104298313827197e+00
3.271240857305821237e+02 1.583894176208021365e-01 -5.501610068081788540e+00
3.109571453237770129e+02 4.900534679172185992e-01 -3.515749255874195622e+00
3.092247533766562810e+02 4.316375228432199340e-01 -3.281837448153555048e+00
2.801819726864746372e+02 7.292521441956792971e-01 -3.174439030235105985e+00
2.639947460585799490e+02 6.909163176447887800e-01 -1.017279618388352702e+01
3.394394700705288415e+02 7.819770441956660489e-01 -6.458385729780167228e-01
3.316159525364720366e+02 3.625589035655931713e-01 -9.455237754729425959e+00
3.063837059318647675e+02 5.963972092751332887e-01 -2.858511311168216107e+00
3.415651415989995030e+02 1.192623259541681358e-01 -6.972804312181229980e-01
3.152755225815014342e+02 1.094046910036635539e-01 -1.536466426696944776e+00
2.711731097984003895e+02 3.203973295606143967e-01 -2.153637875385372880e+00
2.388470059548255620e+02 7.279485769596441003e-01 -1.105564151518669824e+00
3.171075162611002725e+02 3.847939887416261251e-01 -3.920043516884519352e+00
3.078031903534944149e+02 7.488141849240906867e-01 -2.653988733552145707e+00
2.975640861883933894e+02 5.859865553481110600e-01 -6.295933014610476164e+00
2.438830799356722423e+02 1.806158216799353677e-01 -9.996659744414963800e-02
2.580629171464199771e+02 1.023423391513094138e-01 -6.180701130942185539e-01
3.220003178552695431e+02 7.431251701609031812e-01 -2.024504013677209890e+00
2.783636614981976436e+02 5.382632809012783959e-01 -3.007416395240324558e+00
2.471459567760138043e+02 4.406379182196820121e-01 -3.725125748391808767e+00
2.754716257741445702e+02 2.024722517011414424e-01 -6.362704131875148716e-01
2.686172839739120946e+02 5.692004716250533836e-01 -4.441660429165439794e+00
