7.428981802885370200e+01 3.288278786864722303e-01 -6.939081578191105826e-02
6.571907939376752950e+01 9.949406366528393275e-02 -3.183865726852686429e+00
6.592752773220833262e+01 2.967443666803634139e-01 -5.013818516918455259e+00
6.652324820493841173e+01 5.943998970645093527e-01 -3.722600463491982481e+00
6.844493101963058734e+01 6.761053386225307493e-01 -1.155366159488000255e+00
8.097763979152145453e+01 2.438794176380311152e-01 -6.827136095969851270e-01
6.292077808065706535e+01 5.143167297281236311e-02 -1.601730171181684037e+00
6.935718413962770512e+01 4.513476477654101982e-02 -4.685671778471649063e+00
7.521962862922595150e+01 1.382200131731043391e-01 -8.732922994121089522e-01
5.854473880856314594e+01 3.763446709626004361e-01 -4.005422483670933786e+00
7.038001762707951059e+01 4.171932558513589129e-01 -9.564726894860330342e-01
7.199280496741012314e+01 5.132635179727884633e-01 -7.808061579430009003e-01
6.526541943421294434e+01 6.479083460822074869e-01 -7.455429715160021287e-01
5.755989356165016346e+01 8.465135684640189007e-02 -3.053640438941203072e-01
7.436124204991236297e+01 6.615509341941969712e-01 -1.677316785383817510e-01
5.781907381981550742e+01 1.267708565737016291e-01 -6.828026092557099025e-01
7.282344063225185948e+01 3.368969669636554531e-01 -2.896932008581953433e+00
6.238046954324920534e+01 4.991459977408860826e-01 -4.993749216102311705e-01
7.835707430507360982e+01 3.230961557530116490e-01 -2.414705206267201212e-02
8.035246897616781325e+01 5.653613989010329854e-01 -1.953076610644101652e-01
7.988469348632732192e+01 6.886129818174957506e-01 -8.840236180016992906e-02
7.825557628777505670e+01 2.681540856751968849e-01 -5.839697459044491251e-03
7.328393841501606687e+01 3.881226564899373233e-02 -3.971215812155858504e+00
8.163710598254637318e+01 7.983961830568069296e-01 -5.304602101700644362e-02
6.343537347702510942e+01 4.614439743532238736e-01 -5.289493379443808152e+00
6.051090400000889957e+01 3.532533911470038812e-01 -3.959408975831383959e+00
6.610528601986604258e+01 4.397302557542670520e-01 -5.028566216014922041e+00
6.110522468631240400e+01 2.495427490425159989e-01 -3.219304732699737048e+00
7.253818960822202655e+01 5.807396060639373747e-01 -1.279712119964752537e+00
8.010948727816521853e+01 5.081898530374105993e-01 -1.048199782137052422e-01
7.011302196292049871e+01 3.981931350040617268e-01 -2.271793582183818216e+00
7.959272794672010320e+01 6.362095921254024011e-02 -1.422774880225344596e+00
6.029027302215727957e+01 4.080231973902731513e-01 -3.389455854294136206e+00
6.396147258762375287e+01 2.133672459663459309e-01 -4.101115824342670635e+00
8.238766430508159999e+01 5.914620341863020547e-01 -2.123581845468431872e-01
7.511086181484407120e+01 6.303042703835091132e-01 -1.965296293438451858e-01
7.631243456504117262e+01 7.698756439692204800e-01 -2.295103968901115454e-01
6.170100791810435226e+01 2.597863047734557673e-01 -1.796794904083653277e+00
7.236440465300699998e+01 4.292173735780395738e-01 -1.641949910225542819e+00
7.093347232827881044e+01 3.466327890156439828e-01 -4.073333192202205355e-02
7.746406840110988412e+01 5.429769792878550438e-01 -4.884544649506427499e-02
6.689850873357502792e+01 2.273401506682685980e-01 -3.720098046924928958e+00
5.831454859562573034e+01 2.892013047202106613e-01 -3.413787454037545910e+00
6.249551644234625769e+01 4.433515824356150659e-01 -9.547463152191987268e-01
7.707084653441795297e+01 5.486691733987268949e-01 -1.619626191617244970e-01
7.564920497655693055e+01 6.084337722217388889e-01 -2.698208524989338386e-01
6.196619156935284423e+01 4.486994283826553631e-01 -6.721855764862512128e-01
8.315580632635024472e+01 3.127953404908716539e-01 -2.908730220637499309e-01
5.679206799211690537e+01 5.704519049785216067e-01 -2.934194654354645326e+00
6.791132992131203139e+01 7.067010023760907922e-01 -6.605198080222778045e-02
7.481792015657632078e+01 5.266675251679885372e-01 -2.104970349044599509e-01
8.054364136874575308e+01 4.898339289976381128e-01 -2.823652633951164170e-01
5.891256128800102232e+01 6.355773741334611593e-01 -3.915181966897568255e+00
7.585315457310375109e+01 7.468082995245537425e-01 -2.700448970224822998e-01
6.458547793324562747e+01 9.403693170793762934e-02 -1.036562132244457812e+00
5.801540114967482964e+01 7.766696941617923233e-01 -2.100484598133240510e+00
6.369370966407454659e+01 1.669622845871316930e-01 -4.507532941188996389e+00
6.744812135928653163e+01 7.304892520848536019e-01 -7.236410840167898373e-01
7.061670482178270447e+01 2.871719006325715307e-01 -3.992112062430658304e-01
6.504726430325695219e+01 2.781144298133683690e-01 -2.150638529953694256e-01
8.270562283453830332e+01 1.907878820615220572e-01 -6.723152893157145066e-03
5.694334065598825134e+01 7.909728377966797064e-01 -1.624620434949719527e+00
8.119865905430678765e+01 3.694334993490278052e-01 -2.217524993561461599e-01
7.917695977940162777e+01 7.373492376009965765e-01 -2.742254466590077211e-01
6.873254622730451047e+01 1.393716356313607491e-02 -5.747214719522003579e-01
7.140740729089229433e+01 1.186604591040918699e-01 -4.678093834826895780e-01
5.712955344679897962e+01 6.491444767119720627e-01 -4.373668589922998229e-01
6.310354700563203068e+01 3.667355929191347119e-01 -4.273957463313900362e+00
6.422168590341159700e+01 1.312670606143151175e-01 -2.164772861618530442e+00
5.916745712018538939e+01 3.887227713527617312e-01 -2.183356360219970593e+00
6.716387819862163155e+01 2.352864433369359354e-01 -2.488225143189102706e+00
7.795555439230597017e+01 7.273715792243609646e-02 -2.126906848987378140e+00
5.587283727847080428e+01 1.598925651574160112e-01 -1.359894385203642253e+00
8.274013950647095328e+01 7.636683455407691223e-01 -2.594289394874490506e-01
6.913563202374078287e+01 3.042056626739699232e-01 -4.348086090405293369e+00
5.636379845404363209e+01 1.471025589563201008e-01 -2.502969312026599891e+00
7.602897895513923743e+01 6.656555573201181630e-01 -2.814520497749391503e-01
5.990505742823413726e+01 7.179271597452321352e-01 -7.949396982208002393e-01
7.899868435885446161e+01 2.022378716879218163e-01 -2.447592263667098811e-01
7.358342040994939737e+01 7.595314734517103483e-01 -2.127443404896186552e-01
5.949359793080279246e+01 6.559764322381721191e-02 -1.237586240969636570e-01
7.864991110629514992e+01 7.002086617868515939e-01 -3.530807006163162454e-01
7.304349251055515424e+01 2.623552286514268042e-02 -2.974963003414860196e+00
6.478945183746306213e+01 1.837204971595211012e-01 -6.103969200312273635e-01
7.177360898828092672e+01 1.747127115440871847e-01 -1.332795929287942771e+00
7.393708875416169235e+01 6.827302494176048508e-01 -1.205177225565459420e-01
8.195928551834265363e+01 7.251703021966580121e-01 -1.487750644795619859e-01
8.346650682860160941e+01 1.929871716042884378e-01 -3.919512838048520575e-01
6.972632549772154675e+01 4.059269911640754902e-01 -3.382635317398145158e+00
6.150063804282758184e+01 4.795473374103097486e-01 -3.111278352706738026e+00
6.891199433802543695e+01 1.777857972071932718e-02 -8.920081064914575641e-01
5.980914889044537830e+01 6.016595192144262860e-01 -2.903510741536841078e-01
7.128808213348062850e+01 1.054560369762609223e-01 -3.319754163579448081e-01
6.675504880535171992e+01 4.680047243400282664e-01 -3.082155296985433335e+00
6.078817224942088870e+01 5.352270016118414464e-01 -4.577296996543004148e+00
7.671246611943730898e+01 2.233096762365981702e-01 -1.775028330968660306e+00
7.741978821485541573e+01 4.839224773515272138e-01 -9.589764646304696494e-02
5.611938307695058370e+01 4.040311692313177153e-04 -2.514258983096327338e+00
8.153232992111924204e+01 5.552482331197797771e-01 -5.311082523937472877e-02
6.822307290376971878e+01 6.168998759396840947e-01 -4.628970792467977935e-01
6.686075125799894181e+01 7.855988149922321639e-01 -1.787556646174579100e+00
6.523095157345740347e+01 7.129102854706127479e-01 -6.305558796348686990e-01
7.544029983189457766e+01 3.376088132410883791e-01 -4.066647214373030894e-01
7.225201043932425193e+01 1.337796235116927579e-01 -3.708227169949741331e+00
8.127953126125146355e+01 9.787626571179666723e-02 -2.387276165448186216e+00
7.866350153390456512e+01 7.727690014430731447e-01 -4.088599756258877727e-01
6.244022534277127789e+01 2.830468645933156835e-01 -7.627863303229880376e-01
5.809863768000785456e+01 2.258737684757060604e-01 -1.845260499703297308e+00
5.594882666977654395e+01 4.428174604484108601e-01 -2.146400070311180741e+00
7.441463455242363523e+01 5.523877013620260845e-01 -1.415963419460277428e-01
5.603184805658469969e+01 4.134733691759537866e-01 -2.587096214940938665e+00
7.662598505004230276e+01 3.548023950606510879e-01 -7.881508330668557383e-01
7.252647671471157764e+01 2.654201772583217322e-02 -2.530132027539201633e+00
7.296990933076639863e+01 7.531713574983033010e-02 -6.513541336017503625e+00
5.994837598903814069e+01 2.066209554079501132e-01 -5.470448656328569248e-01
6.496491631380575882e+01 5.648094576306602610e-01 -8.089979581556080990e-02
7.702678596359993435e+01 8.978946078764488137e-02 -4.056990295622139975e+00
7.945792968820070712e+01 6.054047175327046393e-01 -2.405433159087075612e-01
7.850723508361983249e+01 1.915530612675150901e-01 -1.190886498761755579e-03
5.747776705280465848e+01 8.256619425536447510e-02 -3.152736430164242432e-01
6.322093353892333312e+01 7.112356791459846228e-01 -4.535797215253881909e+00
7.058695049019202372e+01 5.868675749978655709e-01 -1.705508903042400604e-01
7.080769264718776412e+01 5.707605309592295173e-01 -1.999408616598418245e-02
7.163761107101230152e+01 5.603494763937313244e-03 -1.011772491724692025e-01
8.345449999333794722e+01 4.606172545919532957e-01 -5.197799691448719006e-01
6.122985341328416098e+01 5.230439556483441610e-01 -3.715977522667158972e+00
7.413324960070833924e+01 5.759086120047090390e-02 -1.515273837638151155e+00
6.175462851605125536e+01 2.610575540164087882e-01 -1.687897079272823841e+00
7.185528386235903042e+01 7.426189214142188133e-01 -5.293056797075914588e-01
6.187802966435291552e+01 7.300007145214496562e-01 -7.843700988281252506e-01
6.729146575190348756e+01 1.838203307946603415e-01 -2.227607356303038966e+00
8.157041891706845149e+01 4.792547969809864417e-01 -6.475217593221298251e-02
7.386174002878583167e+01 6.362410887878819921e-01 -1.539525746256323602e-01
6.358390954353037472e+01 1.629906023446779095e-01 -4.722029038259832667e+00
7.349414365983074049e+01 3.793556596945454884e-02 -3.638714077913625999e+00
6.229809691424428308e+01 3.704360061992776898e-01 -3.236139809485070740e-01
6.937418015763937262e+01 7.219791539208427755e-01 -2.092269335944053843e+00
7.355986675674111552e+01 1.151487001863458759e-01 -4.528180557465841360e+00
7.807175037455688482e+01 4.472246254050833009e-02 -1.833498735071731778e+00
7.657821587147473963e+01 5.366141018381309635e-02 -4.096635905736984995e+00
6.834961891886457863e+01 3.787185202470837453e-01 -9.571563000437323110e-01
7.597573786186927691e+01 6.494501034439794651e-01 -2.958834125665086856e-01
7.571109280156710497e+01 4.254901018583646111e-01 -4.408913998061392281e-01
7.141526783705876369e+01 5.782628370331023282e-01 -3.721955627858761217e-01
6.743315429224293212e+01 5.435136907514135363e-01 -8.923455292055384458e-01
6.968831257098145215e+01 3.179194117629433602e-01 -4.550522447705603213e+00
7.774785759553442688e+01 3.942745320220064631e-01 -3.675587203553330740e-02
8.079439845896486361e+01 6.696866775517783532e-01 -1.762391053724853829e-01
8.299389196284542436e+01 2.388975718267337678e-01 -1.059526137186020400e-01
5.847591692167250699e+01 6.411499686814450261e-01 -4.258345909627982095e+00
7.934815347495560900e+01 1.113336543337000717e-01 -8.058833983668064471e-01
8.168581077542980040e+01 5.004852481517935159e-01 -6.566920375100578078e-02
6.397554555710308222e+01 2.681475737620337418e-01 -3.896962424210886233e+00
6.597263731331602798e+01 7.667335520729621212e-01 -3.434078205030012043e+00
7.270896333007867440e+01 2.105909059040806108e-01 -4.637964755634687464e+00
6.915039266584216193e+01 5.076656575126743398e-01 -3.020921875783382671e+00
6.063912292048504327e+01 6.769052313744065019e-01 -4.308921101228801120e+00
6.600378896476775026e+01 3.675347537176335000e-01 -4.932149106565670849e+00
7.725446571788936012e+01 6.157001737533815966e-01 -7.520121171295808538e-02
5.871790591975492646e+01 1.721450916408905352e-01 -3.272934656446003121e+00
5.902430732354652321e+01 4.064074936816163275e-01 -2.859332498493689645e+00
6.798267307872450260e+01 1.470267588624549204e-01 -2.727802608273600105e-01
6.437341432007279707e+01 5.941325089415496752e-01 -1.699226380069368769e+00
6.548846869634979839e+01 2.986757999911640593e-01 -2.133944640948703508e+00
6.679090571376551111e+01 2.436635971474125917e-01 -4.210021166410633064e+00
6.774116136711663216e+01 4.672667968446997944e-01 -2.024884069844179457e-01
8.071106015357086960e+01 7.925297386045095926e-01 -1.785079273075381168e-01
7.980557896793973782e+01 4.905464082743385967e-01 -1.457389498752318380e-01
7.625241256223900166e+01 5.472022858735217099e-01 -3.628901295101876756e-01
5.708976216211121368e+01 3.102820799589421363e-01 -5.745470960783872760e-01
7.769392715072629585e+01 7.121114500228876987e-02 -2.547476860412007937e+00
8.201949514432280353e+01 3.911893992240722540e-01 -6.207516778564851206e-02
6.877946461246425258e+01 5.174543137252126668e-01 -2.552823506511398222e+00
6.428008380561063007e+01 4.530321293264469862e-01 -2.045324125164569740e+00
6.990117399618290506e+01 2.881085203041217624e-01 -4.086433555526060246e+00
8.292578047902257765e+01 2.188618742080414015e-01 -5.773112457157909133e-02
7.023007981097362062e+01 3.350103266248019573e-01 -2.157749948987667032e+00
5.652705682801991571e+01 1.929537389977335482e-01 -3.137463758734517327e+00
7.468247391750037423e+01 4.826779809046950476e-01 -1.787844233907921743e-01
5.946266203619236279e+01 1.595192504398873501e-01 -3.336880217661688519e-01
6.015407505446661673e+01 6.854636835963119346e-01 -2.313073584682538542e+00
6.143555580694882678e+01 7.812346274649479838e-01 -3.348357713079558540e+00
8.240807827168832489e+01 6.316786860283901683e-01 -2.261854204586726536e-01
5.970517684469319164e+01 1.266913645867513150e-01 -1.433563112448170140e-01
5.720169433678557880e+01 6.936870909006871422e-01 -2.938356131773325886e-01
6.899083264452445974e+01 6.617653700876999778e-01 -2.600267230939473873e+00
7.106314529478824227e+01 7.588736061249280462e-01 -9.313209768687018275e-02
8.011492526124698088e+01 6.228108761281161421e-01 -8.247006143446550253e-02
6.293964078071613244e+01 3.492690347901476478e-01 -3.684065189638618509e+00
6.486617842074728912e+01 2.760441927558411890e-01 -3.088051004440516278e-01
8.264139012118270955e+01 7.004904086582524059e-01 -2.394629850976561503e-01
8.039527294954811509e+01 5.288669671968965202e-01 -2.293399379410580585e-01
6.652864597490166432e+01 1.795471312836359121e-02 -9.078246610182360010e-01
7.504596474748630897e+01 4.236105603115068452e-01 -2.469866237766438766e-01
6.074727697824449280e+01 7.491031102395667718e-01 -4.485388544687676671e+00
6.278189018373564068e+01 1.382967249027809015e-02 -8.516209473849545297e-01
5.926891124548989609e+01 4.333293014836588353e-01 -1.479635183818149846e+00
7.902142913541402436e+01 2.502381690429400507e-01 -2.900044001343739519e-01
5.773144068933576989e+01 3.221406031346414345e-01 -9.825386424023466736e-01
5.663854995489732147e+01 1.421290591207821641e-01 -2.487871516227942337e+00
5.917601130076512561e+01 7.087008852772702650e-01 -2.132229212782393635e+00
7.948395036228502875e+01 7.562669344270298577e-01 -2.348320850503043677e-01
7.968058717467329188e+01 9.423788573799268820e-02 -1.595024650425546975e+00
7.830000613283263533e+01 1.692273965240288225e-01 -1.213068611986914819e-01
5.857031467438178396e+01 3.200608874741873722e-01 -3.958563957922128118e+00
7.765195530594787954e+01 2.483840099583949357e-01 -3.922478725781073372e-01
5.593249672497862690e+01 1.194182209119643706e-01 -1.439669664916441549e+00
7.396869381959447765e+01 4.049373038372510170e-01 -2.433315617332830194e-01
7.165390888678518877e+01 6.475547816345951224e-01 -4.940546713126351963e-01
7.638928914922567515e+01 2.107643326106673765e-01 -2.090475509562673473e+00
8.269270882866402417e+01 1.664486879307365552e-01 -3.051161262549578063e-02
6.454004588294290556e+01 5.774394840255200334e-01 -9.595040708676678687e-01
6.933166390584102601e+01 1.548371815365684467e-01 -6.800731687874204567e+00
8.303670780146586594e+01 1.875405849288568072e-01 -7.165113245695456379e-02
5.773918320059494391e+01 1.511801782512824932e-01 -5.885083931692882686e-01
6.293812746381326662e+01 4.155251180985326531e-01 -3.704152418379150991e+00
7.369644480260799924e+01 2.730214657327331707e-01 -1.442677937901080343e+00
6.308531887721804310e+01 8.237995893987919149e-02 -2.420806621062192576e+00
7.472458335858451051e+01 7.325523008258476576e-01 -2.157259728103148588e-01
8.161309660037095171e+01 2.963493998439470367e-01 -1.609330557651429405e-01
6.250239243946610657e+01 4.207717167173762873e-01 -9.504105931878261693e-01
7.694725792294066480e+01 6.759247152715569529e-01 -8.995600327208405633e-02
7.124382030934076226e+01 6.932924190457282476e-01 -2.412519323476862432e-01
6.964437992991666704e+01 2.805953496362076360e-01 -5.240946634338248700e+00
6.851799736163215471e+01 3.511186145810226145e-01 -1.638031008765177710e+00
6.335082182798363704e+01 5.383083031123656603e-01 -5.112473912483725513e+00
5.844073085230860443e+01 3.944964156595060500e-01 -3.761051938553781504e+00
7.446551919003901787e+01 6.613872643555250563e-02 -5.358151214572647314e-01
6.838404388354669550e+01 5.638629512953926559e-01 -1.006925305532776704e+00
7.675896741672281109e+01 5.040190936148531975e-01 -2.718610220140683098e-01
6.482944273745883379e+01 6.972026394019574802e-01 -1.096298733155714328e-01
7.776504056379829422e+01 6.265033669920316850e-02 -2.575369626311162730e+00
6.765599730311390658e+01 7.145509560479489375e-01 -3.154816366196932509e-01
6.944226044282925159e+01 7.652216809037765133e-02 -6.939479461726778098e+00
6.804761031662233961e+01 3.692564470548395650e-01 -1.975711727719327293e-01
6.400990685948592329e+01 5.140102873135417028e-01 -3.374377533341274216e+00
6.571777259838245300e+01 4.039125171380118784e-02 -1.546794811596264863e+00
6.364495388599370074e+01 5.599425582540702440e-01 -4.475977871129490637e+00
5.604912637280391863e+01 1.222380265264820381e-01 -1.603905932382641453e+00
8.275483567194591217e+01 7.432296565340185124e-01 -2.706496364838252289e-01
6.599688661933038247e+01 3.047738871601347599e-01 -5.227038781800152911e+00
7.862195300056801273e+01 4.571714346909342419e-01 -2.383675304509332293e-01
7.497189483876773863e+01 7.501298229692953123e-01 -2.170911415986924720e-01
7.714656960011480180e+01 5.271947573147899302e-01 -1.752502567889469287e-01
8.062561290643142797e+01 1.821691502371090010e-01 -1.367193939948635695e+00
7.336456743927813307e+01 7.629897474958228232e-01 -3.293275264684159542e-01
7.227807058859492884e+01 2.432809525412067408e-01 -2.565514286547829759e+00
6.182662848231829145e+01 7.760287263489713538e-01 -1.029989600587838394e+00
8.039286618982008292e+01 6.092028588841090775e-01 -1.854547953351181055e-01
5.937959616325471046e+01 3.665730967155790831e-01 -8.083745516407677689e-01
8.225179687588709498e+01 7.912785787870934007e-01 -2.558917382590657486e-01
8.328903474118787642e+01 6.173439854181284048e-01 -5.423394197332348510e-01
6.210662705968243813e+01 1.004708701026985618e-01 -3.334956023806197045e-01
8.119179863376631090e+01 5.371931297064395233e-02 -2.983606476859935075e+00
8.149333104451471854e+01 3.813292214913914790e-01 -1.101112589194413877e-01
7.302490077435871285e+01 6.605785926834663035e-01 -9.781377718580670511e-01
6.178505189767852812e+01 5.723204250043074648e-01 -1.355093116502882777e+00
6.063482246765115491e+01 2.946111642662528896e-01 -3.928595792645944496e+00
6.793865431959174828e+01 6.713203463609891397e-01 -6.775134049350288457e-02
7.616022383704742538e+01 2.391949556380864594e-01 -1.380797331393826211e+00
6.109677629698477119e+01 5.442824864346861302e-01 -3.832544362261013582e+00
5.745223324516941688e+01 4.424365917247989888e-01 -1.291702311025727246e-01
8.082017702472711562e+01 1.287803635119663115e-01 -2.115764700277375621e+00
5.709597237106890333e+01 3.283571872907111722e-01 -5.699434692276020842e-01
5.684606268995504763e+01 3.168440102018065807e-01 -2.275584896899373710e+00
6.131429866586211119e+01 4.354843430589546149e-01 -3.574301890842232599e+00
6.092081532353444828e+01 4.902220070897474469e-01 -4.357184169986219935e+00
6.627845363900773634e+01 2.304141031413181884e-01 -6.502192858169614453e+00
8.211646566624997945e+01 6.376422763452129772e-01 -1.807610607014452642e-01
5.995256307866929291e+01 1.202383413656270966e-02 -3.067281202994917022e-01
6.702568724265840672e+01 7.953631973902477448e-01 -1.176877124094499960e+00
6.536606475799183613e+01 7.238189008467121877e-01 -1.194364824470890429e+00
6.508828762368122511e+01 6.035477636004478175e-01 -2.434419205688337362e-01
7.072715810344530496e+01 3.477476031512143767e-02 -7.975560115327550159e-01
7.013232817013899023e+01 1.938769475080216742e-01 -4.172145459266280554e+00
7.596754466175920584e+01 4.843931961606726677e-01 -4.171358648213658316e-01
5.802086307108700680e+01 2.231627632163519503e-01 -1.379875919211091873e+00
7.923226782087328957e+01 6.294368229948439364e-01 -2.477073018020682638e-01
5.665879772876127163e+01 1.065457736534678318e-01 -2.066550386163592101e+00
6.899948561462575469e+01 2.192418657723785649e-02 -1.305891220897391847e+00
7.153369130003815712e+01 4.245986601251872661e-01 -4.908788348945323232e-01
6.737410898724672847e+01 3.523768229575096611e-01 -1.322773448518671957e+00
6.422993385465274230e+01 2.676303658281074527e-01 -2.351917080575128605e+00
7.408610015587197495e+01 4.648154240716191876e-01 -1.138117191993700400e-01
7.883007885737619347e+01 2.639311326723265405e-01 -2.187661148678637646e-01
6.636916797968450510e+01 3.117505770756666753e-02 -2.054416513400707522e+00
8.003481912794514130e+01 4.999410055265597896e-01 -9.767447682034197110e-02
7.567648207044776143e+01 2.039792063394868515e-01 -1.187611060459107470e+00
6.033793556837848371e+01 5.284413692947294017e-01 -3.931893322837035409e+00
7.037705106017857304e+01 5.900214476552702036e-01 -5.927863091149708774e-01
7.282785198622171663e+01 3.399723090520758717e-01 -2.865025508019039435e+00
7.536083806737252644e+01 7.704468322086521770e-01 -1.308726815162394308e-01
7.203156300991987848e+01 5.986534389383191268e-01 -7.080573939718575183e-01
7.810398142530212340e+01 4.226653891225907664e-03 -4.154224911281168553e-01
5.880825031301627348e+01 4.778480914372666977e-01 -4.395061431155434128e+00
5.984730093884792268e+01 4.506573290341311377e-01 -4.295008003553460463e-01
6.660829899266373388e+01 3.850600096752305745e-01 -4.267880934275832594e+00
7.259983856918213974e+01 6.483224037838293263e-01 -1.113805314812674085e+00
7.082347226050828226e+01 6.830088944621268698e-01 -1.328554443735254983e-02
5.650319147006109688e+01 1.367088339533173991e-01 -2.672585814346733368e+00
7.194356062351793923e+01 6.298592366489762229e-02 -1.841774248756065546e+00
6.038431588902057001e+01 1.744256208449917467e-01 -2.988060101559753878e+00
8.013830530193479262e+01 6.116509028507888246e-01 -8.359091278793595592e-02
6.276138143640232414e+01 1.320049376833992150e-01 -2.106037883289377355e+00
7.180420576450383408e+01 4.922610027289449630e-01 -6.894354330587293411e-01
5.961223663965357389e+01 4.718965277005416903e-01 -1.660486115848214539e-01
6.789473225042975457e+01 2.740327924798285908e-01 -1.433015045663098563e-01
6.330075331728590271e+01 4.357765363591977748e-01 -5.124987436116834161e+00
5.711542789730244607e+01 6.979167555970278158e-01 -5.294481556742376416e-01
7.936400222919408520e+01 4.004966750230882777e-01 -2.784022916248134472e-01
7.687061304341283119e+01 1.906723785382992142e-01 -2.091629351790549318e+00
5.870093579507778969e+01 6.955908208787662250e-01 -5.091341040308813959e+00
7.975042310966748005e+01 1.837066645190942038e-01 -8.575026546358374135e-01
6.893552564263634963e+01 2.304838270934267061e-02 -1.224019917141098368e+00
6.971471023052468752e+01 4.495835716252521985e-01 -3.096813999286919028e+00
7.764177020978266341e+01 1.003703780943874802e-01 -2.138367713597836950e+00
6.378371706928351870e+01 2.279816272485445383e-01 -4.529921726741673815e+00
6.145774295186149772e+01 6.307050327996965855e-01 -3.265237345784774092e+00
6.294788286918959130e+01 4.584917772267322333e-01 -3.701313811432229262e+00
6.934411652509577095e+01 5.683816576603301085e-01 -2.692607986326320368e+00
6.499140860034975731e+01 3.221278576819035511e-01 -1.587876691065941426e-01
7.840806697813812320e+01 3.489414869674629660e-01 -5.654868564825883681e-02
7.524613151123952548e+01 7.621426038586166796e-02 -1.174250879348933463e+00
5.702475525124131650e+01 5.629881379536832986e-01 -1.103602147598816252e+00
6.805486497707241256e+01 4.101545912556880946e-01 -1.888244257486088595e-01
7.227650294028202893e+01 4.272899107711002897e-01 -1.467548877683314323e+00
7.419258971508637046e+01 2.486197956485120819e-01 -1.886650968400761241e-01
7.491078003467367807e+01 3.604604860216290702e-02 -3.814396265955911081e-01
7.374561563324510871e+01 7.106384350955725626e-01 -1.675218619241601592e-01
6.851077287951645189e+01 7.722888179102209705e-01 -1.191335145010316676e+00
6.709413886589302933e+01 1.967197060241902828e-01 -3.003079172448495093e+00
6.228274950258770559e+01 7.957798962026112477e-01 -2.153984264997929055e-01
5.825283331597146486e+01 3.071285088840899902e-01 -3.330287498026160087e+00
7.939960564086472061e+01 3.172904060419190486e-01 -3.479245972537450271e-01
8.292765957795027987e+01 7.491330115608795248e-01 -3.486793243017653476e-01
5.649175740214091945e+01 4.287767121114419849e-02 -1.989387431763520730e+00
8.163111281980272338e+01 5.478375299243690710e-01 -6.001569687862665786e-02
7.460955997706206233e+01 6.407993885468837858e-01 -1.957921328710719722e-01
6.613655123536173619e+01 4.740212607115352750e-01 -5.003788716943927462e+00
7.001157561165759091e+01 5.567244293281314871e-01 -1.752515593054458698e+00
6.845737153435128164e+01 2.126885893982760622e-01 -1.635768373446443880e+00
7.125805249313461331e+01 7.606089410555763042e-01 -2.389661113356742472e-01
7.881317034857609372e+01 1.541993811706910966e-01 -8.029728938319011244e-02
5.886271765557850699e+01 5.761656403486766775e-01 -4.090371111866609510e+00
6.471810147138636182e+01 3.018434995961626344e-01 -5.818601574098472007e-01
5.576928432641719979e+01 3.828028586012991452e-01 -1.180828312404645697e+00
6.633706349996239737e+01 3.582664668974678834e-01 -5.671658089880367903e+00
5.680987713711408560e+01 6.813466850048192081e-01 -2.767899559972355483e+00
6.100256069051324204e+01 5.424664057154143793e-01 -4.048057668118026697e+00
8.250310898066544496e+01 1.344872604289629289e-04 -1.305105881692846026e+00
6.093293879336926011e+01 3.727199276916433046e-01 -4.174368558978180488e+00
7.138555251431893112e+01 7.565555546235356310e-01 -3.348644432730937259e-01
5.610998903463652709e+01 1.393271154580594251e-01 -1.802629644243328277e+00
7.030346719342047379e+01 2.524627720751906890e-02 -1.536962632661164951e+00
6.667709706397866398e+01 4.834385620110763226e-01 -3.559917894800344040e+00
6.763156858750711820e+01 6.219240662170296696e-01 -3.401326498819742250e-01
7.267725367183004437e+01 1.279473898426778666e-01 -6.051442933273752267e+00
6.519138127328542964e+01 7.875943702959358195e-01 -5.314944453198071628e-01
7.810604159597286866e+01 1.117631210434827937e-01 -1.036187985230166975e+00
8.113761802608691198e+01 1.190803409276826735e-01 -2.132781825973512291e+00
8.048505869899848619e+01 7.406370057514033434e-01 -2.042037266785450833e-01
5.917141527310570837e+01 7.783325165214073360e-01 -2.111505989112808290e+00
7.336787785073538259e+01 3.305061831190005406e-01 -1.747248116744443136e+00
8.033584923808606959e+01 5.299686180437722660e-01 -1.811776013171445543e-01
5.746930289415167437e+01 6.681492134713606923e-01 -1.639434116985818979e-01
7.787467268536909160e+01 2.703973972445224971e-01 -2.209766093320384706e-01
8.342714086439798393e+01 5.123318445929631038e-01 -5.459816269237039998e-01
7.407032816313287071e+01 7.189537967411337993e-01 -1.249919460358715484e-01
7.098146454465820909e+01 6.614770699523134789e-01 -4.112846841021389893e-02
7.635386019718235673e+01 7.282988696607047840e-01 -2.471611868859271699e-01
7.320205771224661362e+01 5.912863599505272516e-01 -8.359319595564790317e-01
7.583740781201504433e+01 3.981214790277149973e-01 -5.376584602430763971e-01
6.261131514080053506e+01 6.325225773108429372e-01 -1.680871240320495952e+00
6.006051499858327247e+01 3.630842553938942174e-01 -1.336515467657426237e+00
6.561812525627757964e+01 5.114554751227373686e-01 -3.260956163916994388e+00
6.069142722458605732e+01 9.533883554996192000e-02 -2.542776210726896302e+00
8.090004108289853946e+01 2.058128852422885235e-01 -1.008776732969906886e+00
6.156933220904385706e+01 2.930849511406354302e-01 -2.444841671655157977e+00
6.437908501439305553e+01 4.427058168557460593e-01 -1.717337795531736822e+00
7.290759934945060650e+01 2.570174815122229783e-01 -3.890916764100908587e+00
7.503413886259690457e+01 5.494218029754632110e-02 -6.702868153744314661e-01
5.791796983646491981e+01 5.241853264378617538e-01 -1.773698190266278285e+00
6.589317730926106265e+01 3.847844451316016490e-01 -4.488274926708508694e+00
6.369659358311482578e+01 4.181710812778576813e-01 -4.511608732869444971e+00
7.859734558998536613e+01 4.978646606152195564e-01 -2.625983695908606919e-01
7.615820563574061453e+01 1.671925754268381858e-01 -2.206760773745624071e+00
8.204707854059802230e+01 3.430523345572362715e-01 -3.778946310336402103e-02
5.794158309370804716e+01 7.254274580804366268e-01 -1.908270893113722444e+00
6.723844417656225403e+01 2.840838077558930919e-01 -1.997088073968773525e+00
7.719211652079243891e+01 1.443141146295877919e-01 -2.647357003325111702e+00
5.951549516868850276e+01 6.894475884572764945e-02 -1.216522847453781891e-01
7.557964197680590246e+01 2.401190894861350289e-01 -8.685927720871460256e-01
6.429412859954136650e+01 6.012381266148738579e-01 -1.925096446896289670e+00
7.670673184565794145e+01 2.171373763900196485e-01 -1.858051052787371038e+00
8.215965708226987374e+01 6.787880350582681244e-01 -2.072579776918070660e-01
8.136152684543023383e+01 1.099133038054695560e-02 -6.557897736235959174e-01
6.188000844326764849e+01 5.961039168191198945e-01 -8.783393875646656745e-01
6.916954005095220737e+01 8.005895560182377246e-02 -5.336229783739308452e+00
8.305548821120262915e+01 6.533072173779870262e-01 -3.934862040398122707e-01
7.047625104406279206e+01 2.359264044379522363e-01 -1.135834532724265822e+00
6.525673249821028321e+01 1.221424377719586146e-01 -7.165526519808074202e-01
7.763667935693915467e+01 3.885435048525463179e-03 -2.037922761570016839e-01
6.561536303662074943e+01 3.606633794380272318e-01 -3.358453408844675803e+00
7.272284634768588774e+01 2.909326533142135296e-01 -3.384852004219334631e+00
6.769101540782592963e+01 3.054284542006454051e-01 -3.577562149443778705e-01
5.731073998057632934e+01 4.265692874897112907e-01 -9.884264727191413580e-02
7.593009287751523573e+01 2.061036166141164971e-01 -1.408685912594589418e+00
6.168836345898760953e+01 3.372911209570756408e-01 -1.991907994418467887e+00
7.135574271595056928e+01 2.276090180625167658e-01 -4.154464135039847572e-01
6.340644703337485311e+01 7.797041533598974006e-01 -4.823082634087730192e+00
6.788258827130802331e+01 1.550486816673526391e-01 -2.301118178329256969e-01
6.503760164784058873e+01 1.507306423017483743e-01 -3.620906550767116205e-01
5.743414414994754225e+01 3.168905566590065059e-01 -1.001251682338854532e-01
6.323269222542973012e+01 2.182030295328264702e-01 -4.596221429041460027e+00
6.456644815230022516e+01 1.042883427491075043e-01 -1.159228135151639139e+00
6.596644065049696337e+01 5.760820462506904827e-01 -3.915912260107335729e+00
6.894451580820791037e+01 5.961383286155625891e-03 -5.046522577998611148e-01
6.068469327483445142e+01 1.317510718829768002e-01 -3.112688352159731053e+00
6.455564447970702702e+01 4.623285729406720890e-01 -1.090515189049900080e+00
5.988035537793876983e+01 1.581215214583633066e-01 -3.441238950881876368e-01
7.168603957431055562e+01 1.333470642376745341e-01 -1.080103531012402751e+00
6.399017021272143779e+01 3.301955413684878327e-01 -3.775984649824667638e+00
6.843288167432265823e+01 2.781278957874309676e-01 -1.414091860467936224e+00
6.386751629745893410e+01 3.931844980067544237e-01 -4.072082944105220648e+00
6.671487920219941259e+01 2.467603991495395110e-01 -4.609990187319323418e+00
6.772229604462796715e+01 4.161329840526613033e-01 -2.213904035078591570e-01
5.920633536570081645e+01 4.791062595288567150e-01 -1.841317771455342589e+00
6.889632698980271641e+01 1.035372326271167265e-01 -4.169348072865947330e+00
6.761186648006990652e+01 3.523425832947884584e-01 -4.948321088138198931e-01
6.590572671031760876e+01 5.161579684158638104e-01 -4.052501014262788637e+00
6.870608687967137485e+01 2.653046905080508333e-01 -2.859131858119174918e+00
7.025363398157061567e+01 6.783509954285898980e-02 -3.690911842542415222e+00
7.240349207525039787e+01 1.533270527361577651e-01 -4.378052854919751269e+00
6.971709282248802708e+01 1.135755236900182902e-01 -7.739417195109167480e+00
6.589603712642676214e+01 1.887600807091460720e-01 -5.123067889100878958e+00
6.501381257177247619e+01 1.598697654396408208e-01 -3.459315922342391381e-01
6.981233736105404830e+01 1.212013158149682496e-01 -7.231434767862573665e+00
6.621728957762270795e+01 5.382281775270225666e-01 -4.883983944057640691e+00
6.390508906209873885e+01 5.424435179132418572e-01 -3.643722047438740397e+00
7.197469199829481568e+01 1.393212979067720569e-01 -2.059685865780267022e+00
6.044472089302787765e+01 4.972109046385599362e-01 -4.203303668823780370e+00
6.606086193753414193e+01 2.975769044906859118e-02 -2.002544420740457021e+00
7.123570196262150489e+01 9.542466997574987342e-02 -2.963115890440286559e-01
7.113274637759263896e+01 1.414886567648495630e-01 -2.094652731259123712e-01
6.694252378650708124e+01 1.447016016405447414e-01 -3.862176776183016358e+00
6.757817196358280398e+01 3.425920278081614478e-01 -6.116798030908144890e-01
6.677571519098638930e+01 6.303789848490674863e-02 -3.227655037261728754e+00
7.394697100190246886e+01 2.100077375984459038e-01 -9.910334190473676363e-01
7.350264882792896515e+01 1.722230414100695828e-01 -3.726924605919575750e+00
6.913292081037729986e+01 9.079988558536730703e-02 -5.316821723369445252e+00
7.040311028797810877e+01 6.873357430345632124e-02 -2.564684024853823630e+00
7.090878623746986875e+01 1.718072402771866347e-01 -2.141107133044512500e-01
6.207063945410491357e+01 3.945691073196678222e-01 -3.606150714334753760e-01
6.987167012957563372e+01 9.247837295103307487e-02 -7.024229938291716380e+00
7.063921522924471219e+01 6.580662673845055766e-02 -1.320267524601754561e+00
7.323540037790462520e+01 2.139551479884465590e-01 -3.711949226736534158e+00
7.418445960650424809e+01 1.065628824663334140e-01 -9.391669163406978216e-01
7.278868163706269456e+01 2.019475027848241511e-01 -4.883380941185233581e+00
7.370954977187813029e+01 1.101447646088495880e-01 -3.881317962294145385e+00
6.963218417066028110e+01 3.029146144274559305e-01 -4.886932766304926012e+00
6.960808861970816963e+01 2.383648212973864811e-01 -6.074725016117702658e+00
6.200098234893878413e+01 3.862998622878217048e-01 -5.294903661042947851e-01
7.669814485692708672e+01 5.143584879036592478e-02 -3.922839642883471978e+00
7.424350666673076660e+01 1.335277143878117190e-01 -5.717805687426527061e-01
6.553648945676454218e+01 4.079284403633601785e-01 -2.764006001482839370e+00
6.555682740364898109e+01 2.478153102335286517e-01 -2.984814305495075537e+00
7.133992457274399612e+01 3.086822398891679864e-01 -3.628645233586280661e-01
7.373664526053100587e+01 1.654332600593516611e-01 -2.629380279303878076e+00
7.334255788041753021e+01 8.901236872721823845e-02 -5.654208797509587825e+00
6.899795404925821174e+01 2.043297046433222575e-01 -4.911272326903449503e+00
6.451051221940073788e+01 3.660994407152071695e-01 -1.348693873992398817e+00
6.665658801976547920e+01 1.971972257317348431e-01 -5.335017648743333396e+00
7.221121565051890911e+01 3.009222416509839126e-01 -1.812845856971856850e+00
6.532708401424321210e+01 5.345590538035599470e-01 -1.034753427208597643e+00
7.237895986488510403e+01 8.415535454618075506e-02 -4.850608635884991138e+00
7.255155896311627828e+01 6.845339608194234149e-02 -5.426663759503434825e+00
7.474600567106561755e+01 1.496949230492264638e-01 -1.398893800587976965e-01
6.967002187010116643e+01 1.248828682333299467e-01 -7.803667708525539481e+00
6.958423132701824443e+01 1.451249373715236268e-01 -7.738276384161265398e+00
6.969878073670879814e+01 5.188534815123904687e-02 -5.575863233571613620e+00
6.921670556059613943e+01 1.150045019589507334e-01 -6.153372899173254140e+00
7.000086793018004983e+01 1.599273739999946264e-01 -5.540064922409785098e+00
6.793582377238129766e+01 1.983181556800970857e-01 -1.926578385162162899e-01
7.119426077893601246e+01 2.175240919119727501e-01 -2.648200655823009786e-01
6.357735077410350755e+01 5.047729644335077204e-01 -4.880161416632681437e+00
6.346508656035194207e+01 4.997975220271477781e-01 -5.195924462510233433e+00
6.974854487140950710e+01 6.568587313018471596e-02 -6.530118378647800981e+00
7.522372905852493830e+01 8.271929843780652034e-03 -2.033891505202690131e-01
7.332704108070768712e+01 3.731357090695455042e-02 -3.770075851608241102e+00
6.930203959755851884e+01 1.482832853300089238e-01 -6.618778711936731618e+00
6.803886458507508905e+01 3.046684019670510557e-02 -1.559974843491958585e-01
6.981368029576468359e+01 1.456746275718802941e-01 -6.927261778739524090e+00
6.423505381731270347e+01 4.196037942370234308e-01 -2.354431977116730135e+00
6.960058542951480831e+01 1.003310335461097824e-01 -7.857413567352603323e+00
6.896480270653867706e+01 1.327176158702709774e-01 -4.820738294290771719e+00
6.965252930451713098e+01 6.542086501012309152e-02 -6.624284608648332906e+00
6.955423222600889233e+01 8.038575162862016121e-02 -7.366811965401941720e+00
7.303308205970472500e+01 1.301733196060070596e-01 -6.188571579639612352e+00
7.046314711689167609e+01 1.161467255008753335e-01 -2.073318041650391130e+00
7.173088066667918383e+01 1.893354455132243985e-01 -1.086415131610945606e+00
7.199660988971558595e+01 2.126612487730271117e-01 -1.686396361609292294e+00
6.968634072293819770e+01 1.799148989812455190e-01 -6.994184140450003362e+00
7.211274385756874494e+01 2.279136120264945164e-01 -1.969002505736563879e+00
6.960587919692152070e+01 1.119146090157307205e-01 -7.943372323916529254e+00
6.955330880608453015e+01 1.089723233883279491e-01 -7.921836601260735300e+00
6.956778578403023516e+01 1.274302181391708255e-01 -7.913183033441382186e+00
7.251843054628305651e+01 1.732682458650580959e-01 -4.767395808509007793e+00
6.935848487512329541e+01 1.733761047698109126e-01 -6.593506522957817140e+00
6.943364986062162814e+01 1.591207097249184577e-01 -7.333610790005669955e+00
6.941031042871622958e+01 1.918759697025890221e-01 -6.702128902546692579e+00
6.962120423348888210e+01 1.252710907688766862e-01 -7.881554770578056868e+00
6.968085037272879845e+01 8.204174178558409913e-02 -7.389890645703932393e+00
6.976210829532440982e+01 8.970939223401303009e-02 -7.422464042004766505e+00
7.195321795236463913e+01 1.666646799393497747e-01 -1.800841587414787393e+00
6.930204999915875419e+01 1.170260885612226104e-01 -6.712040420705870147e+00
6.983895450542947003e+01 7.809852925122072465e-02 -6.728944929515480844e+00
6.946656823636737954e+01 1.353015194345278116e-01 -7.583537616530906966e+00
7.282463157908333073e+01 1.005735640469031661e-01 -6.612663736176898510e+00
6.949303162988550753e+01 1.521603933666583197e-01 -7.548298598246775626e+00
6.989394674709589594e+01 1.218182032851667512e-01 -6.812921464620658618e+00
7.188579766477005251e+01 2.873539465684663702e-02 -1.007530403687640908e+00
7.316287329823288133e+01 7.100793753266834707e-02 -6.099639871918170364e+00
7.267700638947324876e+01 1.644323880508846980e-01 -5.437836955999156174e+00
7.078942764065175197e+01 1.088444704537173680e-01 -5.771053547933819861e-01
7.294234951451700510e+01 9.744436097727242341e-02 -6.693802447423184532e+00
6.969033762326407100e+01 1.067450515349315926e-01 -7.728582997361905349e+00
6.956206145796096507e+01 1.211824807040236540e-01 -7.938325368958868644e+00
6.975103168176927682e+01 1.177761606681508311e-01 -7.594995570223270320e+00
6.931812893945109977e+01 1.373143066006537738e-01 -6.685414515109052047e+00
6.957890693590934461e+01 1.338456035603570182e-01 -7.868367949763538149e+00
6.949570007255863402e+01 1.548996152073697230e-01 -7.513298260888545244e+00
6.968542940351343873e+01 1.522772502601877076e-01 -7.483007311733203437e+00
6.983231819679930652e+01 1.022732423243327138e-01 -7.278986294048369388e+00
6.963491747772251017e+01 8.454934220349824558e-02 -7.511511441806458578e+00
6.983801985333039397e+01 1.557599929175624565e-01 -6.761371758937264609e+00
6.943908004205708551e+01 8.944248521659199647e-02 -7.340298017085524762e+00
7.235766110776837934e+01 1.699866913251069922e-01 -3.874718904138739983e+00
6.951785002969553773e+01 1.877454675920517957e-01 -7.060674750115099485e+00
6.989156306744128244e+01 8.902079965898514191e-02 -6.792032906272439163e+00
7.290689496543012638e+01 1.716313124197632600e-01 -5.502754597855034291e+00
7.331848937816239697e+01 7.778938966959618451e-02 -5.734868026935324714e+00
6.924426010369747075e+01 2.562657422727184220e-01 -5.046248403938055738e+00
7.262034550297963165e+01 1.021891670881764358e-01 -6.153814586292529754e+00
6.933576711985620022e+01 1.166943684086697158e-01 -6.979459555160740791e+00
6.940774130861939284e+01 2.229645658361342486e-01 -6.205548006794054494e+00
6.942891929652118677e+01 2.064686581049084424e-01 -6.471524869515179468e+00
6.927641109096097694e+01 1.939002032547981758e-01 -5.935908276259869609e+00
7.282665071000275248e+01 8.636163396829221739e-02 -6.577372208629111761e+00
6.961798489062275053e+01 1.930399478942096125e-01 -6.934464247917449420e+00
6.327019731295014537e+01 4.214298196620500092e-01 -5.022783737235846147e+00
6.956006606610206688e+01 1.485084650732941547e-01 -7.708674950680699745e+00
6.956668814224377684e+01 1.328177694703493728e-01 -7.876562861555478356e+00
6.959379304958071089e+01 9.760643869926022287e-02 -7.820119840946656353e+00
6.963588006452171442e+01 1.137944714064816759e-01 -7.913261306480880108e+00
6.970640592322408224e+01 1.546988923668215776e-01 -7.311377481651706312e+00
6.953195140642894501e+01 1.034661204965242470e-01 -7.821420784297461459e+00
6.946245969286161426e+01 1.149619372039488302e-01 -7.640149621765911725e+00
6.948068667464953307e+01 1.306712703252368157e-01 -7.754114686792377142e+00
6.958511843948457454e+01 1.239552725295594293e-01 -7.930820252185588615e+00
7.304418777718309741e+01 1.389256140460950750e-01 -6.017473402839357277e+00
6.935791000843423149e+01 8.358845567066262860e-02 -6.793243207095876812e+00
6.947311875614715859e+01 1.117600885826524060e-01 -7.778710876037470356e+00
6.961529009880585761e+01 1.423682670189709010e-01 -7.773631674148459680e+00
6.970504691993383517e+01 1.055862274502128023e-01 -7.723577524235955671e+00
6.977512806294608083e+01 1.015950789876907401e-01 -7.437906148575919474e+00
6.963135244087473552e+01 1.071461802204104752e-01 -7.892122535357518842e+00
6.966243282674356863e+01 1.276352242234754242e-01 -7.783666501719983977e+00
6.984732400685003029e+01 1.477437537926850897e-01 -6.685320905768354471e+00
6.953647772407114758e+01 1.174805291421936043e-01 -7.891235238198027524e+00
6.964655964472098049e+01 1.565670499451453368e-01 -7.514870764995333019e+00
6.949214328556010400e+01 1.648536062359243215e-01 -7.373848270796726112e+00
6.960739736427746038e+01 7.881420734781535709e-02 -7.325623356458107693e+00
6.975805192413912437e+01 1.353342195970103634e-01 -7.442592041791531443e+00
6.939267370692826375e+01 1.133378052375209610e-01 -7.447099279412422668e+00
6.949813085402762169e+01 8.683172204315620091e-02 -7.415028658059224398e+00
6.974699522979700816e+01 1.183768353888132729e-01 -7.591984952391205965e+00
6.955122519269897907e+01 8.611982151295163868e-02 -7.553753359567727976e+00
6.975791705128295916e+01 1.159385503763287473e-01 -7.602583253291173904e+00
6.953664354626016575e+01 1.155663341474275074e-01 -7.889655478688990087e+00
6.959144028088961420e+01 1.201146117354831983e-01 -7.944284603484846663e+00
6.956802803631802590e+01 1.237484839710816797e-01 -7.930404330691894543e+00
6.976518611269256098e+01 1.271230293433328606e-01 -7.531408881852472703e+00
6.956021943725339440e+01 1.296077338742996632e-01 -7.899854699839679029e+00
6.971309683775902499e+01 1.124983355792481127e-01 -7.739907282284986145e+00
6.948405590896607009e+01 1.282080936666524507e-01 -7.767410627027414805e+00
6.977745865896631017e+01 1.190693448037723479e-01 -7.428013882686746783e+00
6.965140255472000774e+01 1.247657261811812024e-01 -7.885204268897847868e+00
6.955658775240027580e+01 1.333023238542725974e-01 -7.872514716274604751e+00
6.953341927592046545e+01 9.910750761625247707e-02 -7.768032306793393182e+00
6.936012872068180002e+01 1.193560053409565835e-01 -7.234457236184096196e+00
6.961482337040736468e+01 1.097641130860763092e-01 -7.935428415228956922e+00
6.973669149545244750e+01 1.349764939763026528e-01 -7.445364919095545098e+00
6.969474364181289161e+01 1.316905568377357560e-01 -7.629523900852863250e+00
6.969812331953512796e+01 1.064448589931226152e-01 -7.727456603865935136e+00
6.949656690974840956e+01 1.174410075553514177e-01 -7.791250405789336142e+00
6.976335648878149698e+01 1.109900169230603195e-01 -7.611874830195164421e+00
6.968485874519056722e+01 1.376807727231084966e-01 -7.685353993255914951e+00
6.978307219094332936e+01 8.636967878458540193e-02 -7.230982065757710409e+00
6.948630345515057627e+01 1.346956004565158238e-01 -7.726936229180084048e+00
6.954916123379888404e+01 1.442729956228350763e-01 -7.760976802838551514e+00
6.961703810756526423e+01 1.291879306846530628e-01 -7.854559941891162467e+00
6.956557000994547479e+01 1.174822178758974794e-01 -7.943210111431272757e+00
6.947412501887988867e+01 1.066477037005197775e-01 -7.748308200423332792e+00
6.959214856018181194e+01 1.298429451490937803e-01 -7.895777908471225182e+00
6.959000374066157235e+01 1.212327416469425601e-01 -7.941199989780201918e+00
6.956876748111226050e+01 1.141369115313493610e-01 -7.940492167647823507e+00
6.957147981429902472e+01 1.302751404215413411e-01 -7.895468775362494362e+00
6.961231235165881515e+01 1.149115256586044770e-01 -7.948733602347820337e+00
6.965827847066037748e+01 1.267683436731011359e-01 -7.790104613007772905e+00
6.954677947053340858e+01 1.347862154813698476e-01 -7.859795483737084254e+00
6.969519306059487462e+01 1.163152949669247482e-01 -7.733704714792421164e+00
6.958462112709544556e+01 1.121293233114392107e-01 -7.944172542060954356e+00
6.949785255010522178e+01 1.350851910964176728e-01 -7.723951321082607180e+00
6.962793848291561005e+01 1.031558965177358511e-01 -7.862677119660810732e+00
6.968753229668699589e+01 1.146629744372261173e-01 -7.842075093293622956e+00
6.964279534032988295e+01 1.000812851795589431e-01 -7.829895102674512941e+00
6.973547803677568879e+01 1.189008211818708693e-01 -7.588764349718388758e+00
6.947729558868988420e+01 9.932546594970666221e-02 -7.669309032231503842e+00
6.945470013760234451e+01 1.215344863088200084e-01 -7.643869573370975168e+00
6.958241407875021878e+01 1.015771221136151370e-01 -7.872798731455304733e+00
6.969218341299077224e+01 1.217795800392810490e-01 -7.710126637261037530e+00
6.968273571090759333e+01 1.050703974893125309e-01 -7.815156183309740712e+00
6.959787503101128436e+01 1.238347116225194666e-01 -7.931499357866886868e+00
6.954401901035282663e+01 1.097096752179719109e-01 -7.925967375261461889e+00
6.964736340063826958e+01 1.303846475703824559e-01 -7.845931021823099094e+00
6.960767954638528465e+01 1.046125369629234830e-01 -7.902134691973020431e+00
6.964492277890822436e+01 1.115460312136491716e-01 -7.909787466657453692e+00
6.968552089473669753e+01 1.172319294236488230e-01 -7.838236146846575103e+00
6.956274919643476551e+01 1.099816618508934751e-01 -7.926823547199300712e+00
6.960010169255188828e+01 1.180731949599571617e-01 -7.948007542286109839e+00
6.963133495087080860e+01 1.055180389137539837e-01 -7.881683483482802899e+00
6.967005730440301647e+01 1.187900493896823229e-01 -7.833503799803728462e+00
6.962356287257534859e+01 1.136918045191307319e-01 -7.913116642170748172e+00
6.961988422246810160e+01 1.174906001053674931e-01 -7.911443082611731015e+00
6.962390427558010231e+01 1.242412409680727498e-01 -7.887436578670254939e+00
6.954495923496635612e+01 1.097000516629826755e-01 -7.925895304571758615e+00
6.963774256273028129e+01 1.170828830140447779e-01 -7.912268659973229035e+00
6.961261077123202767e+01 1.122173541408705150e-01 -7.944132639605319568e+00
6.959149018586403201e+01 1.148436616680915956e-01 -7.948784626549978860e+00
6.962120417481955315e+01 1.232754178700005004e-01 -7.892337091836470364e+00
6.959523750356751748e+01 1.048255085697907679e-01 -7.904256422034535490e+00
6.959878402173980305e+01 1.158702932141136011e-01 -7.949242739701159799e+00
6.964257571026448090e+01 1.113432961333868099e-01 -7.909290816499032317e+00
6.959678894552403960e+01 1.168877237776452804e-01 -7.949053536172471901e+00
6.954722518862820380e+01 1.120496359804266373e-01 -7.935517727140972255e+00
6.963103297902743805e+01 1.161858296161552978e-01 -7.913180182765724879e+00
6.959175894061209533e+01 1.173990784643994395e-01 -7.948704456674071217e+00
6.957269344460929972e+01 1.241641695715966637e-01 -7.928801778590804261e+00
6.963606285879164659e+01 1.154015030277602549e-01 -7.913653833813254046e+00
6.958760170152220326e+01 1.110280886131543437e-01 -7.940793521795469267e+00
8.221562025874830226e+01 4.121786581623160806e-01 -9.296086901687233839e-02
6.795577092925560692e+01 3.442903964891501634e-01 -1.196889009842930091e-01
5.710176624456035910e+01 5.549986987474683220e-01 -5.346115526055501554e-01
7.817783672717442300e+01 2.244752633117835794e-01 -1.157977782658565213e-01
8.307386202541755438e+01 4.988320132324169376e-01 -3.600562344803274750e-01
7.339494396777382690e+01 5.059293902873162468e-02 -4.666285598116704847e+00
7.131145576091333282e+01 5.987467779077150221e-01 -2.995725093374522752e-01
5.993419464231675420e+01 4.460743822035317385e-01 -7.744593357135773903e-01
7.704675477832111596e+01 4.310286732395958165e-01 -3.489855382174091303e-01
8.144471693489717268e+01 2.884690043400053860e-01 -2.697631625876178996e-01
7.429795774885866422e+01 5.729645962031394424e-01 -1.253220697871746669e-01
8.109026387406593983e+01 6.458269028726579819e-01 -9.564657511566150572e-02
7.953889434584381490e+01 1.393131848698315467e-01 -1.027418407135913592e+00
6.964718651823639561e+01 6.493885864235522665e-02 -6.617192377597425512e+00
7.207323708119481864e+01 7.089475005683945064e-01 -6.338454569271141370e-01
7.245423814019362396e+01 3.261978089088748423e-01 -2.483909195699749439e+00
5.648730771109812565e+01 7.512396206327394133e-01 -4.175268554091451811e+00
6.726395957473999943e+01 2.180700471366282811e-01 -2.202486653365404390e+00
8.062706864747596569e+01 1.348777022432353090e-01 -2.070872204978200237e+00
7.609300331388521954e+01 6.866719960951602753e-01 -2.608308615922078633e-01
7.317248203647824312e+01 1.936963864622260889e-01 -4.431062418992222085e+00
7.389922001153227882e+01 1.232710070142760128e-01 -2.227969196308098976e+00
7.113457880239010933e+01 5.892795353405432257e-01 -1.807159306028430779e-01
7.782336428168747489e+01 4.178220448836287293e-01 -1.897157883726633548e-02
6.594246988982362723e+01 6.167679583577433400e-01 -3.796359408698122717e+00
6.179279411254903209e+01 7.764035242502173029e-01 -1.199968668201994548e+00
6.648262572329606712e+01 1.131033689256130681e-01 -5.915739115233738410e+00
5.891699031846824397e+01 1.113554069912424532e-01 -1.718247861677816291e+00
8.264879647013211184e+01 3.558650664473479441e-01 -9.837187026818586255e-02
7.002440833312172686e+01 4.707758879192445178e-01 -2.074543058245682747e+00
7.890518595648083533e+01 3.068743027059817607e-01 -2.722486250458495682e-01
6.388205005358400967e+01 6.658906036140082030e-01 -3.471237617224305350e+00
5.576362742926506399e+01 2.730974769398518756e-02 -6.778398124039930472e-01
8.005423699492183687e+01 2.170272018183277973e-02 -1.144899421822339836e+00
7.161922431844027415e+01 7.706002355322616459e-01 -4.466301317315490294e-01
6.276574232222745309e+01 1.645774910124280788e-01 -2.362972251802920365e+00
6.313586693581239473e+01 1.376741354416646801e-02 -9.748762290335620806e-01
5.962855500154795862e+01 3.905215506726858465e-01 -1.370827292522895369e-01
7.228345197671563938e+01 4.218190859488567257e-02 -3.148587548204914821e+00
7.848524305948400581e+01 5.106724278592967847e-01 -1.727750895665747244e-01
5.774064148043071043e+01 7.259421017125304854e-01 -1.147056780667194520e+00
6.909111733011030765e+01 6.073499212937734093e-01 -2.701771324178454226e+00
6.891330289466564807e+01 5.363677430412060465e-01 -2.952035917379601582e+00
6.508415753018707051e+01 4.943015920386005790e-01 -2.325744045007402117e-01
7.575415386189339984e+01 9.092537694005695115e-02 -2.281681128748445531e+00
5.758945947813040789e+01 4.339041760086364552e-01 -3.678294055359394021e-01
5.796979824333078568e+01 5.246125652892646984e-01 -1.820786756322347211e+00
5.873366639967058234e+01 6.551713569681334448e-01 -5.010286306658580990e+00
6.265461663839939632e+01 7.303578804219738874e-02 -1.137400919860780624e+00
6.107909973610698984e+01 2.374989299555004818e-01 -3.220050880459799814e+00
6.624878416420492044e+01 7.977096638968549369e-01 -4.077981557480883978e+00
6.154412966433045540e+01 6.256628521522360487e-01 -2.889162578885649424e+00
7.540664013585586645e+01 7.370600509075719842e-01 -1.397507884949469870e-01
7.491903392410375773e+01 2.876923090716491660e-01 -2.425322890455340052e-01
6.070693091606745639e+01 2.688109007701006692e-01 -4.083928878613567015e+00
8.030546355134659109e+01 3.602156427448169329e-02 -2.543471747827566354e+00
5.661978785056216168e+01 4.759207422222457851e-01 -3.744236142240054743e+00
6.876875260010442048e+01 7.554977812686356486e-01 -1.951873955247803272e+00
8.208578122044242775e+01 6.090961265902916644e-01 -1.715309192764065960e-01
7.742414844653234240e+01 2.614205582326910027e-01 -5.716255246381820587e-01
6.761234539249284126e+01 9.667541391450751309e-02 -8.283677268063264210e-01
6.470384398216641841e+01 5.477089972668491846e-01 -4.100670293607572292e-01
5.951399012058106308e+01 2.986608085380539901e-01 -3.118539411123450455e-01
6.088413800626936734e+01 6.771939923528402794e-01 -4.411388490425611764e+00
6.555021362909118920e+01 7.311714638934370125e-01 -2.619466757359844689e+00
6.418531366198608623e+01 6.591500860652467209e-01 -2.408561973396393441e+00
7.091783731059165063e+01 3.940127201952361435e-01 -2.952304491088301661e-02
7.029032325732103459e+01 4.031417684205850782e-01 -1.369009842564006707e+00
6.768843430098041836e+01 1.776035283698890188e-01 -5.112935791022166221e-01
5.615503396174570838e+01 5.638691505967879936e-01 -3.486739064991135617e+00
8.351411425986023573e+01 6.341838325426610856e-01 -6.146844989119031322e-01
8.164034712296300711e+01 5.187546854573483746e-01 -6.143289093239677479e-02
6.954898081601542970e+01 7.028734540558350119e-01 -1.983704276471301764e+00
6.670546441304186658e+01 4.495429427984782844e-01 -3.546647743996615532e+00
7.045818463123515585e+01 4.853209395139287397e-01 -5.165578514950868172e-01
8.280659414870575574e+01 1.480391977040931561e-01 -2.582417338399748200e-02
6.216618590605426675e+01 3.431655188844429660e-01 -2.333891561516752700e-01
5.825238480994369183e+01 1.687931671193657057e-01 -2.660391832360433195e+00
7.444044563245631707e+01 7.844339485729956429e-01 -2.067761564584537082e-01
6.459866460824028422e+01 8.294828189705341637e-02 -8.997959244330386852e-01
7.868798898817655640e+01 3.715722746078620187e-01 -2.381463446670508688e-01
6.834750330358168924e+01 3.795055103695980647e-01 -9.569957131021518126e-01
5.682017235628083540e+01 2.026295816839558950e-01 -2.166384211631863899e+00
7.926005575472611042e+01 2.122134050306216657e-01 -4.318990086957145147e-01
7.572290858576323558e+01 5.767322229376343756e-01 -3.046954814629379005e-01
7.359570579646438659e+01 3.122625380811984153e-01 -1.476050395510267954e+00
7.667110487463730806e+01 1.595673340528560857e-01 -2.908453954040580491e+00
7.269662728403596930e+01 7.674661155883694130e-01 -9.006748185132080753e-01
6.204912015353525589e+01 3.607371069899969473e-01 -4.612507835473994566e-01
6.363449515640187570e+01 1.910937921578201582e-01 -4.762778160325231269e+00
8.100647813682468268e+01 7.195715444228705238e-01 -9.629349908752114773e-02
6.345314022488377503e+01 4.630355708033866979e-01 -5.287587604390557416e+00
6.705312717854508264e+01 3.351997709783794965e-01 -2.254966332560349507e+00
7.473468031363381670e+01 1.476339323004992017e-03 -1.329516687279004850e-01
7.737802000497232768e+01 2.463481494828942131e-01 -7.620054449869696489e-01
7.971890075742422255e+01 2.757522942212174422e-01 -4.367537502736782429e-01
6.025141755852400394e+01 5.289807728042544843e-01 -2.979416562530213142e+00
6.529141387596693846e+01 5.897368852894391278e-02 -6.559366918503126698e-01
7.651387717036868708e+01 6.914260616511983537e-01 -2.333698840289043508e-01
5.923766203580326817e+01 2.543133322055294854e-01 -1.587136016349171452e+00
6.535429351600578229e+01 1.813654198615662627e-01 -1.246368234491343818e+00
7.403693928697114757e+01 2.152607004941350377e-01 -6.611327338622219330e-01
6.575028804191160248e+01 1.540045109971015513e-01 -4.205467098828161276e+00
6.920030653342982419e+01 6.316984136592532217e-02 -4.740303621048605365e+00
7.050067846451324272e+01 3.839398954284875543e-02 -1.670213269567077941e+00
5.956650459159808975e+01 9.320553028710043542e-03 -2.570353947107402171e-01
7.197061631534685944e+01 1.482982010940440964e-01 -2.018375808124313053e+00
6.461910551711534367e+01 1.633449631439610750e-01 -1.130755192128074293e+00
6.407675475094502815e+01 5.052975396807544151e-01 -3.081753408479245948e+00
7.181960573574315276e+01 8.274385132434074197e-02 -1.567302515147301234e+00
6.255122431675873429e+01 2.690867778104739094e-01 -1.222948136202179237e+00
7.041631259856356451e+01 1.297335950648510761e-01 -2.233992784100115259e+00
7.119940690120643012e+01 1.576672168629341952e-01 -2.695598780679387407e-01
7.223782859131569012e+01 1.829314819989209251e-01 -2.921255941158136249e+00
6.559450361332686441e+01 2.595117099819704287e-01 -3.314066066452111325e+00
7.240170897470436273e+01 2.305971493814470696e-01 -3.321746796909608612e+00
7.472791410930244638e+01 1.799418926605252100e-01 -1.057254926164305359e-01
6.450267833983517107e+01 1.691821362963989439e-01 -1.504496327367771391e+00
7.590904599631826954e+01 3.617434494819233293e-01 -6.293939043202527728e-01
6.979610888216669196e+01 4.144272989486213511e-03 -2.077327551741334211e-01
6.585845053509686409e+01 1.060287928845774774e-01 -4.233847053831958362e+00
7.457337760621511791e+01 2.327801241951311939e-01 -6.055679414409003564e-02
7.310153750568971986e+01 1.091504043860626744e-01 -6.316002366728498352e+00
7.213668133114663306e+01 2.652304425982299207e-01 -1.881674698385650046e+00
7.081613572328146233e+01 2.079205637228366543e-01 -2.423435616594624142e-01
7.290254003481838652e+01 8.462734696520146649e-02 -6.652906406910450876e+00
6.603753962523406074e+01 9.689877605692696905e-03 -7.724468492394748198e-01
7.288992449962290721e+01 1.109514290435260064e-01 -6.587194210761698088e+00
7.003114946762279658e+01 8.415466675064248170e-02 -5.795896179560666717e+00
7.292924127986367466e+01 8.475186270589159243e-02 -6.662198773145059150e+00
7.301369403059666752e+01 1.579612514421200320e-01 -5.697726297169691811e+00
7.277564426975796152e+01 1.185718630572921151e-01 -6.410231144831921135e+00
7.308978148139337350e+01 1.153191837195243485e-01 -6.347722894093965174e+00
7.298024366364191451e+01 1.113923482519982439e-01 -6.553025986451054052e+00
7.269759258304952709e+01 1.047097564950121296e-01 -6.365512920301836353e+00
7.289726054888288331e+01 1.273412000289443069e-01 -6.375723087215266816e+00
6.948961973128209024e+01 8.694136452616318955e-02 -7.418774274943283231e+00
6.965431607639744982e+01 5.942636172946635931e-02 -6.220844455216493429e+00
7.316070357443105365e+01 7.667689094093116386e-02 -6.215004533331361714e+00
7.291629307835880525e+01 1.094276932210592607e-01 -6.618887519380384887e+00
6.659867618463812278e+01 1.478112489329038715e-01 -5.641367387004970979e+00
7.028221172728541433e+01 9.438140957282678545e-02 -3.882633506197690654e+00
7.309386349538559102e+01 1.006789623326850985e-01 -6.512241374950933803e+00
7.293057279295894091e+01 1.823406344305967819e-01 -5.280762697363209135e+00
6.860628367255441162e+01 2.583553586086997367e-01 -2.378518415970163336e+00
7.287634724790797236e+01 8.859200811692755084e-02 -6.649585799920050277e+00
7.304663126622750724e+01 9.708685366801050876e-02 -6.614176479719514390e+00
7.297050222904344707e+01 9.429572962355879662e-02 -6.700552329567647902e+00
7.304215278465946426e+01 1.098761863117644622e-01 -6.509925449517772300e+00
7.360317272596918770e+01 1.769437289758491296e-03 -4.472207499458643459e-02
7.301050881661288372e+01 9.039486425665489711e-02 -6.672817267708410327e+00
7.323619593119759941e+01 1.101433552244363706e-01 -5.886702524876950449e+00
7.013395336825119841e+01 2.723364294019041121e-01 -3.166966386764081598e+00
7.283094725808574310e+01 8.823475838295165297e-02 -6.592185051387172479e+00
7.376312861714862379e+01 8.555167027351834319e-02 -3.591481829918046653e+00
6.905186507242436278e+01 1.146740168083720257e-01 -5.008701400146160942e+00
7.311631092135712606e+01 9.855849191507275175e-02 -6.417531420260087494e+00
6.650516234427954032e+01 2.464383938880120584e-01 -5.773957574911346313e+00
6.940689783929575185e+01 1.286094393347963494e-01 -7.438902105173316848e+00
7.288409715685645551e+01 1.040790643912586771e-01 -6.642173617275155983e+00
6.962535520194528260e+01 7.409077088360550845e-02 -7.116557027668264368e+00
7.278972810625332102e+01 1.088588275366423191e-01 -6.505810226859765955e+00
6.662504656569677763e+01 2.670582886430674097e-01 -5.078002155115324712e+00
7.307101257606863953e+01 7.305156481363023202e-02 -6.351112237913706160e+00
7.275418909346322494e+01 1.009222351199046686e-01 -6.467468334349536718e+00
7.283461133135389787e+01 1.044384102191375785e-01 -6.595874743701545029e+00
6.869280004629440839e+01 1.235485067945164828e-01 -3.016535637215003618e+00
6.625225167445272234e+01 2.810734133364659604e-01 -6.223377325517263081e+00
6.758600992473390079e+01 2.689918328905121503e-01 -7.144570042089730677e-01
6.722598670155925049e+01 2.633180585691531628e-02 -8.486677054745563886e-01
6.917121106357623717e+01 9.404547300709507895e-02 -5.647014401324557120e+00
6.978784292438238879e+01 1.120085168733682135e-01 -7.457580571289499360e+00
7.303294362008750795e+01 1.015797708578559666e-01 -6.588553682074441475e+00
6.976351796495757185e+01 2.684380527238704461e-01 -5.032619761916731882e+00
7.300580184069012546e+01 2.458972254780121824e-01 -3.937624265475629048e+00
6.961700814782798830e+01 1.150404566236166021e-01 -7.913576402029777412e+00
6.946925559025639529e+01 2.014128917072308678e-01 -6.680145406566253996e+00
6.967952550201790984e+01 2.163950238236159174e-01 -6.281580648561465807e+00
6.928957978557642150e+01 1.764239440898744959e-01 -6.343500819490597742e+00
6.969593651498112763e+01 1.736155670334857681e-01 -6.971645752615023284e+00
7.291682680530351490e+01 8.933673328237778932e-02 -6.685540228035042887e+00
6.983820004407755277e+01 2.111327257174707706e-01 -5.711289174396790180e+00
6.940594957789640773e+01 1.242010789852893149e-01 -7.452577913199338155e+00
6.943059372871704227e+01 8.052678982734855218e-02 -7.087650434537462907e+00
6.960136109686010286e+01 3.511128323875408741e-01 -4.314207982537947572e+00
7.274219651009188681e+01 1.091874022258661203e-01 -6.428923681421617076e+00
7.280342037331442384e+01 1.093834781391823524e-01 -6.502144247339204597e+00
7.279124021280587442e+01 9.980003914916441010e-02 -6.549549161371196249e+00
7.290186090777683603e+01 1.071930901832746780e-01 -6.638611544786352070e+00
7.298473710627985156e+01 1.031776966041469401e-01 -6.634530462022466324e+00
6.652180582525328134e+01 1.039976333661828956e-01 -5.532668088753340818e+00
7.005162722007889897e+01 2.020115369491821411e-01 -4.592227964380546368e+00
6.921359329963102880e+01 2.309036850190974433e-01 -5.204687507532343105e+00
7.327628780835979683e+01 7.539388227099425022e-02 -5.823287157540591785e+00
7.294411201196291472e+01 7.716137698537239853e-02 -6.563908357157297147e+00
7.302384458133272460e+01 9.147802315230356418e-02 -6.621430423981707669e+00
7.295658480297799997e+01 6.929084913912096633e-02 -6.379644834957709953e+00
7.303493417755487371e+01 9.687482588631304847e-02 -6.614174544674873424e+00
7.286508993866608819e+01 1.505318176621915915e-01 -5.947228134998860050e+00
7.308742263785119064e+01 1.026546640775459623e-01 -6.496637754441427326e+00
6.465924177291132935e+01 3.210439003267142599e-01 -7.756874386355585571e-01
7.533263873152442613e+01 4.201117520183943466e-01 -2.652662293003194005e-01
6.636133255931628128e+01 7.084848613735736933e-01 -4.046705930582719546e+00
6.765238844139278740e+01 7.197570056492081925e-01 -3.142478745742018353e-01
6.713340713689464678e+01 6.298562628612134340e-01 -1.237081767607874028e+00
7.291724975103628026e+01 8.562835632532234120e-02 -6.662011524091302483e+00
6.433124539108031570e+01 3.980743250176855819e-01 -1.978989731639475114e+00
7.297259533515702401e+01 1.031390773470336475e-01 -6.633981914657193002e+00
7.279324034520531939e+01 1.076503864862917575e-01 -6.514515836976695340e+00
6.773495676205308769e+01 5.250009800706773033e-01 -1.858625025316603396e-01
6.674046837393251508e+01 5.580649524431298136e-01 -2.895832056237167329e+00
7.263273433877819230e+01 5.395771012134402689e-01 -1.457296717854928314e+00
7.296286257609801851e+01 8.444790793392477346e-02 -6.660603747152333831e+00
7.295752576761397279e+01 9.924760831003046069e-02 -6.688100231510829552e+00
7.304128620750928746e+01 9.517158451294442656e-02 -6.619714763119497469e+00
6.738461415864618687e+01 6.595613708952678955e-01 -8.396761446477930546e-01
6.402965815226430379e+01 4.164512426170136061e-01 -3.422891805373809326e+00
7.310277591575869849e+01 9.646500563613387424e-02 -6.427328154769389457e+00
6.395792168385974463e+01 3.566623502029437898e-01 -3.861744153041532179e+00
7.216125193702438878e+01 4.913843565215154086e-01 -1.046948331905023899e+00
7.301692894804116918e+01 9.254762202581866271e-02 -6.621399790831755006e+00
7.294726142066517127e+01 8.089142622063200117e-02 -6.621299706232257165e+00
7.371954736250332019e+01 6.748680661669563818e-01 -1.900523073341222891e-01
6.792821489767284504e+01 5.934461288020408398e-01 -7.275681227617915303e-02
6.660283489612919539e+01 3.933212159145631492e-01 -4.398241177515481937e+00
7.291657038690948411e+01 9.333335850267901468e-02 -6.696707059602446499e+00
6.943792699480805197e+01 1.405603342684004220e-01 -7.541495831975012720e+00
6.973696083428484371e+01 1.451926940915404807e-01 -7.305122958664729715e+00
7.296934207220377289e+01 9.161533826712914275e-02 -6.698509562196578671e+00
7.293356367590230604e+01 8.731980498989304340e-02 -6.680704899892177195e+00
7.292309921164380171e+01 8.963787589960679758e-02 -6.687071935901199637e+00
7.285954081165938589e+01 9.118652685775570366e-02 -6.661619615750675294e+00
7.295645414270219931e+01 8.949817055217355877e-02 -6.691956879929983337e+00
7.299061202648287860e+01 9.920081605795159907e-02 -6.659657639439699572e+00
7.296454641924742646e+01 1.000737586702544618e-01 -6.684740525286041013e+00
7.307388424702246255e+01 9.339053868430906291e-02 -6.541825976755121452e+00
6.888364158954651373e+01 2.005932947039068270e-01 -4.310780918519634852e+00
6.302014760013675243e+01 4.675955846973645080e-01 -3.913351993339455603e+00
7.285388337030744310e+01 9.623150055256703139e-02 -6.668545693178801415e+00
7.291307836457922065e+01 8.810872235822053700e-02 -6.679136812166417414e+00
7.291406199257571075e+01 9.745125942127347285e-02 -6.693901750075370138e+00
7.296281461506423227e+01 8.790146720457875373e-02 -6.685000247908281068e+00
7.286439871563874249e+01 9.911691336881817138e-02 -6.663796301064091487e+00
7.176341711700037251e+01 3.929506189179556852e-01 -7.703072404139743590e-01
6.902581556899144744e+01 3.209847905894906428e-01 -4.136882637716566613e+00
7.307290155742877857e+01 9.828353853093824144e-02 -6.525272972540480332e+00
7.293800860626760141e+01 9.410411872100837849e-02 -6.699103867439196058e+00
7.294754981310981634e+01 9.495246865283897553e-02 -6.699008428062112941e+00
7.300060269916903621e+01 9.144315550139606175e-02 -6.674346913710623497e+00
6.890869062527558242e+01 3.894967343855451070e-01 -3.561019558057396228e+00
6.673529879702044809e+01 3.802080023329601488e-04 -2.362049682114098825e+00
7.438091196963259222e+01 4.392203744157101020e-01 -9.951368386721154424e-02
7.795927151040172021e+01 6.015496792560792033e-02 -2.224967360033649477e+00
6.580681271387432218e+01 1.392896685401847634e-01 -4.279011155581621040e+00
5.713840075820997555e+01 2.641439447835503551e-01 -3.963768465806433161e-01
6.106134282686483061e+01 1.976228431305810940e-01 -3.028447180571779640e+00
6.738686417736595047e+01 3.682631382902555317e-01 -1.284598219384118334e+00
6.209199182581696874e+01 3.655403147203972747e-01 -3.113707622070069903e-01
8.037496197587205415e+01 2.187389738182291543e-01 -9.370965902754864185e-01
6.744705220660743805e+01 4.562741960178081091e-01 -9.119964193502357874e-01
6.431289065459637300e+01 4.974473194398720266e-01 -1.888062739026180381e+00
8.262664188396733778e+01 3.829148443200351415e-01 -1.191692187927107793e-01
7.195902727328183346e+01 7.550983741491887891e-01 -5.460787004470302186e-01
6.929168036177482293e+01 7.648462263863132771e-01 -2.018893974030944616e+00
6.954049422713718798e+01 1.733261801994175622e-01 -7.309798386544473559e+00
6.601890792224561721e+01 7.911570690024976038e-01 -3.566125453589051197e+00
5.958597596852234091e+01 4.410656038463678374e-01 -1.660297122804206549e-01
7.741366903964063795e+01 3.971354829082199278e-01 -1.913804133817352815e-01
6.158473224784606970e+01 3.546967647809144975e-01 -2.581102024099322545e+00
5.918007389058430334e+01 2.139943047202924609e-01 -1.843754202118812247e+00
7.544198917101763868e+01 5.309225604346688027e-02 -1.520765661067385643e+00
6.006513247957262536e+01 7.125285410455192148e-01 -1.719919726045747943e+00
6.769441054467773711e+01 5.295175012052907304e-01 -2.373883654590510095e-01
7.690575561366172508e+01 2.822453207485743354e-01 -1.033390078483607200e+00
7.896811431233004441e+01 6.592624125295805104e-01 -3.680242503933721099e-01
7.366766919311351103e+01 8.166451556531650890e-02 -4.451032442202150108e+00
5.881161639486003878e+01 3.504873194236274303e-01 -4.100108271980019481e+00
7.851217026704168234e+01 4.068477231457847676e-01 -1.444330376422493234e-01
6.965321177586412205e+01 6.227545621804768672e-01 -2.112478277759513468e+00
6.282855050359938076e+01 1.641811232181440705e-01 -2.664969215570653915e+00
7.316782417178222886e+01 1.210985460592108459e-01 -6.003734172331345320e+00
7.472310462780745866e+01 2.884901472115571075e-02 -2.384483289084055602e-01
8.219789419962927468e+01 4.866338217648236153e-01 -1.361124744187728053e-01
7.594263903852120734e+01 3.337865882690732033e-01 -7.135999669191547268e-01
7.649962915264831054e+01 2.725093510311484279e-01 -1.431899007618647301e+00
5.983689294891861721e+01 6.665160547027706439e-01 -3.987344076903049928e-01
6.528961285782526147e+01 4.532150547192171364e-01 -8.739821601222222958e-01
5.612547590564238931e+01 5.717035171236667379e-01 -3.408524312546846957e+00
6.651312094618393189e+01 2.949073313182866696e-01 -5.424720007111397457e+00
7.122489935158051821e+01 7.002800680781275100e-02 -2.808774413771074618e-01
6.358822085147098591e+01 7.465173743014266172e-01 -4.427200304977632506e+00
8.063380139542933023e+01 1.451134193511735004e-01 -1.892047875068791019e+00
7.673644242634658497e+01 5.895618075982154149e-01 -1.950321414681432663e-01
6.127969856273787741e+01 2.591655894595141230e-01 -3.281703458355775815e+00
8.014266456942209516e+01 6.506240196385273400e-01 -8.005326983636595894e-02
6.326127570409866507e+01 3.051170805884748649e-01 -4.863663185088003438e+00
5.761303126586550860e+01 2.502059051294120429e-01 -3.614148904592649481e-01
5.659411736851871666e+01 1.798496268674729670e-01 -2.933857323741650536e+00
6.263528219344655668e+01 7.274357296820090912e-01 -1.672899344970522506e+00
7.059606139347101816e+01 5.251126250446142008e-01 -1.566880830097685806e-01
6.824145596142984971e+01 4.644476700022019955e-01 -5.862397871755241630e-01
7.184490199225999163e+01 5.139212009127911429e-01 -6.954760681829503799e-01
6.025786031290194700e+01 1.186622216244550554e-01 -2.007235431154995808e+00
7.806540557842632211e+01 6.259347056128449216e-01 -4.489283138107823951e-02
7.875833769676891905e+01 4.296779085495419093e-01 -3.025388417592675960e-01
6.094779222787759210e+01 1.037901576609215060e-01 -2.565407104468670152e+00
7.015306701374048259e+01 3.898695320315369306e-02 -3.076973177741646914e+00
6.702899454526793477e+01 2.307481199602962052e-01 -3.035140205065582464e+00
5.868174578734751634e+01 3.269869902896407332e-01 -4.413480354520206816e+00
8.348646029588726947e+01 6.840982442359020421e-01 -6.227079690908033927e-01
6.444989472245426043e+01 3.861616872280392299e-01 -1.559405055111616534e+00
8.089083901782464636e+01 4.094665652237571840e-01 -2.517071155216566436e-01
6.054014628086412131e+01 4.582522442916014960e-02 -9.134436713819981124e-01
7.026047418915801757e+01 3.138858075608383924e-01 -2.077635169961530970e+00
6.321012416972736503e+01 7.929824578902211485e-01 -4.359841886899575414e+00
5.596383725612801641e+01 6.727347451615145468e-01 -2.442673483568461812e+00
7.571694158270040020e+01 6.102751713307998926e-01 -2.875762093275556208e-01
7.955048303567403423e+01 7.309856863608898969e-01 -2.211647268229866292e-01
7.255347217902600221e+01 4.941355384621290980e-01 -1.590012314307193364e+00
7.763579036431298164e+01 5.781242889579529809e-01 -1.102343446427765487e-02
7.146690295373065283e+01 7.836058871883386789e-01 -3.738934752386500748e-01
7.971413595854222933e+01 5.520656616772088299e-01 -1.640335374269057123e-01
5.811527833378051611e+01 6.984169023107866803e-01 -2.826591386991121002e+00
7.342030119920649156e+01 9.308887371736431632e-03 -6.089252046905172522e-01
8.321533397366304996e+01 7.109570456526953519e-01 -5.213791553475506380e-01
6.548783317781058599e+01 4.176781112603860646e-01 -2.171082304822758768e+00
6.813008823420966564e+01 5.492640176824391540e-01 -2.940523123645082393e-01
7.917538928179254754e+01 4.783331458054094210e-01 -2.594246306477192010e-01
7.607802235104171018e+01 2.981576051061227139e-01 -8.977264868698485722e-01
8.174352491253868891e+01 1.872003150488512832e-02 -1.083108173256537743e+00
7.431470489700780035e+01 7.725139850711044698e-01 -1.883535147381134589e-01
5.829500117086907096e+01 2.045620742195701780e-01 -2.998102512232722727e+00
6.901167261990613611e+01 2.380874093405860314e-01 -4.710127968385883435e+00
5.692307125605080387e+01 1.876567447478614536e-01 -1.572848435753766427e+00
7.090930783340068899e+01 6.078533904406890898e-01 -2.353820504346268785e-02
6.213470530300498496e+01 5.436446397007033138e-01 -1.962145343079984561e-01
5.773288453795053243e+01 9.598476015151609364e-02 -4.218315536554279599e-01
8.209104578465817781e+01 6.350235758683147047e-01 -1.800413081796691517e-01
8.274508573538687983e+01 6.421948031413067248e-01 -2.391337363709263308e-01
5.633246268575668836e+01 3.414148695867774697e-01 -3.443028825435347606e+00
6.495966069522791031e+01 6.941553870143004623e-01 -7.111908502653094266e-02
6.381696716451149598e+01 7.867715364758783025e-02 -3.206385994108909898e+00
8.157732539375905390e+01 5.949289903805827784e-01 -5.231002065726054334e-02
6.852706135932500331e+01 5.627636046779523893e-01 -1.420961714445079682e+00
7.515329558547881561e+01 7.379002344980615247e-01 -1.715052517460788906e-01
7.384537341242000252e+01 1.081327731395766156e-01 -2.728875484468906709e+00
7.230803302467282379e+01 1.561474449829622080e-01 -3.765246543260411638e+00
6.482364810265379163e+01 1.358738729931764089e-01 -6.237125223383707118e-01
8.110286006921944590e+01 5.069085301915229325e-01 -1.267025610882971665e-01
7.293206112788455187e+01 2.444812435071132828e-01 -4.098025768735900520e+00
