2.502067335031042035e+02 1.399216174718551087e-02 -4.259432915059637170e-01
2.249196019615546618e+02 5.183757013062406660e-01 -4.437548906644262381e+00
3.108386811060987611e+02 3.632026056165325589e-01 -4.205837976445438109e+00
2.282900637290109387e+02 5.307383372898536456e-01 -1.076977695075958863e+00
2.169917920750446569e+02 7.630896557538066061e-01 -2.717695007047467470e+00
2.398462745875884252e+02 1.495181798733239420e-01 -9.367952252971963878e-01
2.907670630968159458e+02 7.364764349353478678e-01 -3.478971124839175810e-01
2.609884619822641980e+02 2.193680052668080804e-01 -1.039290750825031084e+00
3.212404418025444102e+02 5.924409449889467272e-01 -1.679759227096958851e-01
2.430837410123742757e+02 4.902000252830203131e-01 -7.546758387831363990e+00
2.347567488265878239e+02 1.064718861203369366e-01 -1.387424802229646703e+00
2.612108430192178048e+02 6.160924684877717716e-01 -3.672312951001159842e-01
3.000620272947103899e+02 5.727055595038508251e-01 -1.223609737343989146e+00
3.070047963475954020e+02 3.222769282597326423e-01 -8.342150984259255608e+00
2.825196339945981094e+02 2.654781113405116910e-01 -2.160491686102017916e-01
3.201354990270575058e+02 1.876229560846430777e-01 -2.352695608812681805e+00
2.470831566648377873e+02 7.149666914247849725e-01 -2.805270287307836341e+00
2.184504549281408572e+02 4.846327476422222502e-01 -6.974808866682126185e-01
2.194939305316685250e+02 2.000424054229221760e-01 -8.590494065414262526e-01
3.171187030150760506e+02 1.009472799253242070e-01 -2.955182800685887567e+00
2.951927229185280908e+02 4.368872848383082985e-01 -2.444169698109474265e+00
2.849059498631670522e+02 6.519284918561275566e-01 -3.902462519365581528e-01
2.289000222023117317e+02 6.950060536737012740e-01 -3.458693186198031011e+00
2.759267573692243900e+02 2.568357950665222864e-02 -5.566444465127249330e-01
2.415738234569450356e+02 3.342592914834563445e-01 -4.860837926504876449e+00
2.915317800050602273e+02 5.238198048743494262e-01 -8.348602855537076151e-01
3.063732120980504305e+02 8.749389825754530503e-02 -1.042708224750376189e+01
2.200411323263250267e+02 6.468663522719046988e-01 -8.971154221735664347e-01
2.260713263087988594e+02 6.309213382591374319e-01 -2.846373771933982333e+00
3.044482181318267067e+02 3.985181969200349839e-01 -4.768377630087023533e+00
2.720308165357882899e+02 1.769931958770665503e-01 -2.953545825450269113e+00
2.446266299800165882e+02 2.530349285614645338e-01 -3.151386439707846154e+00
2.585555474783923273e+02 2.562140512530849956e-01 -3.970276061751265018e-01
2.225758845111796234e+02 5.499458440693225647e-01 -3.760352498694616408e+00
3.081901240458199709e+02 3.411543923788875471e-02 -3.180613697948623031e+00
2.538772346924537828e+02 2.349184631003058410e-01 -2.880309109325009387e-01
3.222840870076876172e+02 5.556382140886103604e-01 -8.237480202503266735e-02
2.528980078779940186e+02 5.906488649341192776e-01 -1.002907169338897349e-02
2.806681366644598938e+02 3.297538852763358657e-03 -7.289915876971008180e-01
3.055617671550395471e+02 4.477976967413368481e-01 -5.217721685644763241e+00
2.666743661576111890e+02 3.137324036329801058e-01 -2.822079953893262427e+01
2.298178245990372943e+02 3.584036207133042828e-01 -4.025068913296058426e+00
2.709303285016868017e+02 2.143939722671872605e-01 -6.536777339210588345e+00
2.323298342552419342e+02 4.052367274774504868e-01 -3.995372943955920686e+00
2.893476869364390041e+02 1.127465181971501196e-01 -8.932486524669479566e-01
2.334765868865511607e+02 2.317274428911185180e-01 -4.247128023496196114e+00
2.884529997744323282e+02 1.575993029920752520e-01 -9.105929389004734364e-01
3.003861656348931319e+02 2.977649996144437483e-01 -4.015528193467806872e+00
2.853500910613690280e+02 7.851866933103093249e-01 -4.666311579603388826e-01
3.134329806828452547e+02 7.697807265709402103e-01 -8.702593490047417779e-01
2.458473088420500119e+02 2.427181343867535479e-01 -4.194046051682389198e+00
2.772543565552035716e+02 1.362723957149201415e-01 -9.640357278886289849e-02
2.707194362478541052e+02 4.700537912252208961e-01 -6.535595934608916302e+00
2.687399442274213470e+02 5.360386893889881321e-01 -1.837696214522678773e+01
2.460464928188785052e+02 1.696365434404263350e-01 -3.197783091139664968e+00
2.377698898331239263e+02 4.178998531001205108e-01 -7.661776455642860917e+00
2.623590855023290374e+02 1.983802848384909612e-01 -2.217321998327423049e+00
3.249470246153890116e+02 5.988720397207397683e-02 -1.811993970093881551e-02
2.831051649560311603e+02 4.144422501231659339e-01 -6.061532588160237212e-02
2.523388419082889413e+02 2.821572064864285578e-01 -6.922225314135894980e-02
2.676761355635156292e+02 3.426475436281866127e-01 -2.811132431589328817e+01
3.158466456462364249e+02 6.633972901500023722e-02 -1.407369820088326673e+00
2.353640980454381975e+02 3.897116647666458156e-01 -8.303931602904903286e+00
2.559551245417530083e+02 6.151011108328811039e-01 -4.704115240419816657e-01
2.796740487288910799e+02 7.108189531017093943e-01 -5.732291489793092110e-01
2.425969955436575560e+02 4.277951698507723721e-01 -7.320208131054656064e+00
3.022887149086235468e+02 7.941456092651252852e-02 -6.959314451266628510e+00
2.372132681358671107e+02 5.830367775031856103e-01 -9.305208967846086310e+00
2.659479799768532757e+02 6.624119236164174307e-01 -1.798599150461078011e+01
3.093853385148419193e+02 7.981827918753374718e-01 -1.223293299840179094e+00
2.784209436241005733e+02 5.090861811278782900e-01 -3.186307808828001131e-01
3.122293832031170382e+02 6.779988907522154218e-01 -1.365633215262308298e+00
2.731542273842818531e+02 6.991158983654970349e-01 -1.531586138119723550e+00
2.965763422605528490e+02 3.058140496028692867e-01 -3.265548954652540914e+00
2.389896272567155791e+02 4.482733076550888818e-01 -4.826925958906859826e+00
3.191973228037242052e+02 4.391004447521382192e-02 -7.985072960947146026e-01
2.241895569929336318e+02 3.744666070670991664e-01 -4.030924432250372114e+00
2.988185571529592153e+02 4.991152532246416473e-02 -3.612272037363918109e+00
2.744820034535858326e+02 4.591006904493468710e-01 -1.532894464319528360e+00
2.867091267078168357e+02 1.342825087731929767e-01 -1.838059778663417299e-01
2.511845748023535521e+02 6.845604443111019677e-01 -1.203663875532889338e-01
2.649799622307311893e+02 6.375578444004055267e-01 -1.238377194363893352e+01
2.570046076285078129e+02 3.448115734278867084e-01 -3.502745626975903304e-01
3.151153564043856363e+02 1.674378382042284452e-01 -3.218754433487868383e+00
2.969403359818001036e+02 5.029033176330957033e-01 -1.880551509004356747e+00
3.176643306887445988e+02 7.492476653090084371e-01 -3.563521393569367146e-01
2.215224921646736789e+02 7.276395067999007482e-01 -1.468496479512665598e+00
2.546689129370155342e+02 6.070283878606937966e-01 -2.001063867415617537e-01
2.590733307100793468e+02 7.293187681021069402e-01 -4.834867470864178535e-02
2.275018229479649676e+02 4.773776553044107307e-01 -4.596692380491765872e-01
2.946651505958171242e+02 2.781572582280771311e-01 -3.203889607491849478e+00
3.111749591161577655e+02 3.810293840805152876e-01 -3.842154838916210124e+00
2.484257170325744255e+02 9.083770001898931745e-02 -1.227347513924446298e+00
2.929074249281322864e+02 7.590263021753607120e-01 -7.392031957962400535e-01
3.026608659498880343e+02 2.906378498044994152e-01 -5.930077241495792073e+00
3.232614171180061930e+02 1.220377552462372645e-01 -5.114290672970189799e-01
2.876600520763429358e+02 5.643720892754928720e-01 -6.410039050117132264e-01
2.795475004585156285e+02 2.361504814463555313e-02 -4.730152021041583721e-01
2.315378242121386450e+02 6.690835806970190092e-01 -4.916645068314291045e+00
2.641141913261545255e+02 7.772557943106698231e-01 -6.106114114033899476e+00
2.655042496888612504e+02 7.854210509716372801e-01 -1.370259677343466542e+01
2.415852234168807229e+02 1.748783142091696607e-01 -1.665123687342396019e+00
2.295348340161893361e+02 5.060100809900753838e-01 -4.277147545015030694e+00
2.788744849429920691e+02 5.197699219043255825e-01 -3.919905009937841300e-01
2.986329143026488282e+02 3.773451607622365644e-01 -2.981749399703799153e+00
2.362581759290630146e+02 5.241872096717004048e-01 -1.078285675557774503e+01
2.546493704458648040e+02 2.670121246217543876e-01 -3.715217395170847814e-01
3.048951220306589676e+02 2.984684992209658549e-01 -7.553883061246331465e+00
2.205505158954528042e+02 4.679104439975056984e-01 -9.251261558788655970e-01
3.174254642238665838e+02 3.612364961744856107e-01 -2.339451074501588845e+00
2.730502305102159539e+02 1.109816678922071198e-01 -8.471418953157132670e-01
2.256408736149976448e+02 4.248962250331163037e-01 -3.294881357842836422e+00
2.736165256018529135e+02 6.480639656800956105e-01 -1.414399772998372162e+00
2.627449650182566074e+02 5.340165422188563049e-01 -2.523929891839805872e+00
3.070694362034457185e+02 5.457211228945736403e-01 -3.965557030810558548e+00
2.494780492380773467e+02 2.445023832549726439e-01 -1.016096116570069707e+00
2.798326576250236712e+02 1.140820894604493985e-01 -2.642090435766411560e-01
3.245916653537634033e+02 4.893960435822438670e-01 -2.121523343952198132e-02
2.175339391402395108e+02 5.389270675687557466e-01 -1.098524024380657993e+00
3.016342371016100969e+02 4.172887238137937271e-01 -3.380540248963180172e+00
2.714940276062209819e+02 2.340558724354185327e-01 -5.092593326316697144e+00
2.528547200109205448e+02 6.447375834629043290e-01 -1.029669652158579987e-02
3.092098157772258560e+02 1.635394132287101149e-02 -7.674634015891161898e-01
3.149213836613975559e+02 7.234284970077101695e-01 -8.777748116748782525e-01
2.213784814424268177e+02 2.220260181544317646e-01 -7.178322651097270857e-01
3.105851571539859606e+02 9.676231146754472878e-02 -6.804546074131859079e+00
2.359549871972270978e+02 2.574144791872205462e-01 -6.525746137699407257e+00
2.845322177329207420e+02 5.358340956286300472e-02 -4.355892159497377070e-01
3.027284328246535097e+02 3.840147665326107962e-01 -4.306484095204630158e+00
2.229353991484794619e+02 6.281027899207385357e-01 -4.725885356581853713e+00
2.193226950217960791e+02 5.964808915365769210e-02 -2.597803872700560124e+00
2.930588240842633923e+02 5.989410630719086415e-01 -1.116684676892410577e+00
2.991115950468620213e+02 5.955026401416752685e-03 -8.778513338597815352e-01
2.881371367683981362e+02 6.573166046972036547e-01 -4.696340144077899015e-01
3.156741672108091166e+02 3.290099880641500496e-01 -2.992484668114784085e+00
2.377459431455374954e+02 4.351394887507314957e-01 -7.809871134979225360e+00
2.334564679041725412e+02 6.017609395168023179e-01 -6.023043195659307791e+00
2.824508194150844815e+02 1.587773810952897158e-01 -4.200470208222802371e-01
2.837685583191175169e+02 8.806708047665463487e-03 -5.387763578202303671e-01
2.444480195621738403e+02 2.898033069568222153e-01 -3.588370676357116373e+00
2.238034440015360644e+02 7.673036970884719032e-01 -5.911761052320636978e+00
2.451435199869823691e+02 6.346839118004556912e-01 -5.310629287982941982e+00
2.521411381213335119e+02 3.576858776605558177e-01 -1.542804899304260277e-02
2.763093573212599949e+02 3.714761905805545328e-01 -4.015460310691596479e-01
2.275245156619210718e+02 6.456792699360844323e-02 -4.880630285525023315e-01
3.008043099941175456e+02 3.203586328047405840e-02 -3.615551423581595536e+00
2.187963355580319558e+02 6.111613170466627665e-01 -9.819800085458946226e-01
2.859648904314262836e+02 3.467663688163504787e-01 -3.787155718708675178e-01
2.666846823462061593e+02 1.310505577667830657e-01 -1.871914765223147370e+01
2.748849578801298321e+02 3.188412398732922703e-01 -1.387069427565466473e+00
3.176500424884882250e+02 7.937347631663325132e-01 -3.050909795714012440e-01
3.138189319890262823e+02 5.699624487356446112e-01 -1.472396362722498075e+00
3.087278782539612507e+02 7.725845495568366417e-01 -1.588813111990485805e+00
2.775719018344849474e+02 6.720656950201283619e-01 -2.679856004280894988e-01
3.042172643431567849e+02 4.416436118853054871e-01 -3.879951015546230675e+00
2.895584039014259474e+02 6.237824297269201068e-01 -3.367491340058680893e-01
2.864824190835017816e+02 6.910374065907457508e-01 -6.185254642759628885e-01
3.116947894483001846e+02 4.044137328835408773e-01 -3.413440482467132497e+00
2.298172904440270372e+02 4.830885731030656327e-01 -4.748025457058606236e+00
2.545798282522401337e+02 4.135665274418234283e-01 -2.935631679854078246e-01
3.226650212091191179e+02 8.498519825431677388e-02 -7.544553704061131016e-01
2.938054152376601564e+02 1.437666027494900189e-01 -2.998692718548212177e+00
2.692685615211540267e+02 5.800048378047045761e-01 -1.525703783244524914e+01
2.346953646250566123e+02 1.955725609198632753e-01 -4.184658565136132324e+00
2.594017803001896709e+02 4.975073859702368040e-01 -2.489055220776106303e-01
2.473918655311518648e+02 5.872033156575976465e-01 -2.110902527937135620e+00
2.890343110316006232e+02 6.873215356758202166e-01 -2.858932078963015710e-01
3.206129933329091273e+02 7.901027252894542163e-02 -1.415212345163159968e+00
2.914974598331168636e+02 7.329383499881183539e-01 -4.620890958049932440e-01
3.212228607718149078e+02 5.679990680750320875e-01 -1.793508987276919986e-01
2.812849473539289420e+02 2.524159041379858137e-01 -3.398800873851338666e-01
2.462048774622750500e+02 1.262245914994344353e-01 -2.387285653353164783e+00
2.607821294078757433e+02 4.703616842264701781e-02 -1.347047227656996915e+00
3.124848859435579698e+02 2.288717570668034329e-01 -4.786294930033712092e+00
2.308675898294659703e+02 1.461239945470441393e-01 -2.229403499041634262e+00
2.682234843320524647e+02 1.854298229437545409e-01 -2.494009410540854077e+01
2.279607249205352275e+02 4.748344605413084007e-01 -5.829901779707196141e-01
2.909444753485659589e+02 1.603395205108768262e-01 -2.031439477418475192e+00
2.652212993241240611e+02 7.025755040303998111e-01 -1.257877150667635391e+01
3.192977735028539428e+02 4.501494076119865184e-01 -1.099771657840828754e+00
2.571540761089552234e+02 7.057537779027989178e-01 -1.627860555864422132e-01
2.704776198591376897e+02 7.153498420065915742e-01 -6.283272232452494777e+00
2.482165745178035365e+02 7.435548374242699765e-01 -1.130477339397154335e+00
2.615350247975968045e+02 3.097811967804281474e-01 -8.899566592695002942e-01
2.505966155594543920e+02 6.704734568341954581e-01 -6.218640275559633723e-02
2.643036957767850481e+02 2.746715942237216157e-01 -1.182734551172097959e+01
2.588593013687257667e+02 7.827604443606592799e-01 -2.553792698283652296e-02
3.239239880021784188e+02 3.071188602774757234e-02 -4.818605021496726870e-01
3.064693289490317625e+02 4.617326521831428554e-01 -5.260651026177336931e+00
2.951709697388202471e+02 9.508202633470354270e-02 -2.626336248434760101e+00
2.431187337429101945e+02 5.534271384880738998e-01 -7.766214908921566185e+00
2.975331382743590893e+02 2.824332650854882720e-01 -3.801840222053807672e+00
2.567594466509908671e+02 7.513374320819560248e-01 -2.643924202611904195e-01
2.394806801782551418e+02 2.112649043997731901e-01 -2.159314255381007186e+00
2.385379750754028692e+02 2.016532866328857032e-01 -2.447439232219774219e+00
2.964414899047951621e+02 1.779434869490010840e-01 -3.920109854570847041e+00
2.416396418756561957e+02 7.537274430906952816e-01 -6.802469055588292512e+00
2.757021962440237530e+02 3.436108314402641639e-01 -6.598097665176234639e-01
2.247520525954143977e+02 3.209312515624278550e-01 -3.355828603066881577e+00
2.327082850814642541e+02 3.934322716391418506e-01 -4.226208718839472134e+00
2.983051489046167717e+02 1.294132762202186426e-01 -5.136890860056632313e+00
2.798270872699770848e+02 1.025376543079155323e-01 -2.491824852714610017e-01
2.309019575424581205e+02 4.740244842326157282e-01 -5.447434446962793331e+00
2.237056196217533852e+02 2.974030994887131782e-03 -4.916344040212816680e+00
2.810443951878381199e+02 3.367155018545666678e-01 -3.442225019810844500e-01
3.190586147031978044e+02 7.121105000423750830e-01 -3.934230198730938599e-01
2.639457982823499833e+02 4.294013246583135990e-01 -8.843707837409988670e+00
2.593993447439536908e+02 3.684695985991759404e-01 -4.348676731956446773e-01
2.245336222737037701e+02 2.012558735464448356e-01 -1.751120976680496044e+00
2.785128266638977834e+02 1.399417548384778720e-01 -1.732150473672874336e-01
2.284629897968816010e+02 1.448541999316140250e-01 -5.607548794035719375e-01
3.089452239993649414e+02 5.359139929670598823e-01 -2.992784299555554917e+00
2.685662014137463416e+02 2.193432059825526359e-01 -2.452863195851945477e+01
2.783177227555015634e+02 2.966891893322050680e-02 -4.628100308518043327e-01
2.213990180894805064e+02 6.318005258233715393e-01 -1.247820367524893115e+00
2.895520388583454974e+02 7.600447164808933342e-01 -2.161114381278656515e-01
2.687663451598530742e+02 3.250060953081748139e-01 -2.346888710434753733e+01
2.838456900580179081e+02 5.474905225453976509e-01 -1.695713440580354225e-01
2.709427921970126363e+02 4.553827092121747744e-01 -5.758989525123205944e+00
2.928792927176221497e+02 2.850310471826784653e-01 -2.376162492441965757e+00
2.605696377945557742e+02 7.212866765330522290e-01 -1.939122808981237345e-01
2.520154795591761001e+02 5.163252119265421269e-01 -1.350103012671602376e-02
2.472714467625362147e+02 7.368415590707133589e-01 -2.041973437748831888e+00
2.418417497614039746e+02 7.845443923102082273e-01 -6.948236370927383554e+00
2.945433186148563891e+02 6.036055801035387081e-01 -1.667178793363732092e+00
2.671048133608012449e+02 1.278536360325195458e-02 -4.283406642186526891e-02
3.170308844157262911e+02 4.227226538679001999e-02 -9.079174671716894185e-01
2.402612873232977506e+02 5.616036312512372453e-01 -6.454629925026872606e+00
3.230936735515898022e+02 7.501789402657366157e-01 -6.588413474776010081e-02
2.773667652542915221e+02 6.730525960498960902e-01 -2.503076206148826532e-01
2.851262560892382680e+02 5.052256866259193790e-01 -3.688469040436926361e-01
2.369888619588460870e+02 1.718395742176861696e-01 -3.432193792183401815e+00
2.323451461063218062e+02 4.030941186842041946e-01 -3.990459061682638087e+00
2.579980340224727229e+02 2.450181681220101049e-01 -3.982568915429943734e-01
2.435567342714414565e+02 7.010564497769354864e-01 -6.909495098591016848e+00
3.101181084368303686e+02 4.337714141380533128e-01 -3.565706988314384596e+00
2.842305419523779619e+02 3.932506994284217239e-01 -1.181600454373955000e-01
3.017824170155250840e+02 2.588285555396215853e-01 -6.073007832221296809e+00
2.704823503550370560e+02 6.588950416048124925e-01 -6.801381277606424192e+00
2.757411650332371664e+02 3.008853790095281644e-01 -6.497076742068444988e-01
2.335181782573985174e+02 7.535116095104466005e-01 -5.750005543839984412e+00
2.176562444083193952e+02 7.978360554938257465e-01 -2.289633485470140783e+00
2.412085810389236826e+02 1.994621260867972257e-01 -2.066095111007689500e+00
2.394471949044198027e+02 6.913374482875352944e-01 -5.296016924498395895e+00
2.195519091914683543e+02 2.735140699691531729e-01 -6.060845763561168997e-01
2.747244068371802541e+02 7.621327810169215011e-02 -1.669397008529772686e-01
3.031704803466736848e+02 1.569648042436520841e-01 -8.201015662543344575e+00
3.147865468891443470e+02 3.346785134204866008e-01 -2.772236764597592273e+00
2.564137441042456658e+02 8.456311209583952659e-02 -3.702130263756784334e-01
2.205907884647613173e+02 4.238958145042766579e-01 -9.479143957457309977e-01
2.358439238735967365e+02 3.643767532358464512e-01 -8.855523174864737612e+00
2.187565543978351457e+02 6.064900654885006098e-02 -3.051719016806837104e+00
3.083567940144831141e+02 4.573674685214850211e-01 -4.581032059002579260e+00
2.290927015112303025e+02 1.236903757045658275e-01 -6.008232277776642816e-01
3.246295307562363064e+02 2.515804346291165006e-01 -2.869214132460932119e-03
2.977658397735517610e+02 2.107233881064683456e-01 -4.598178311055041156e+00
2.452910708905172612e+02 1.821287737874575097e-01 -2.716935709772860363e+00
3.203556705376720402e+02 5.962855219189405753e-01 -3.584040326388991948e-01
2.221940363759584329e+02 6.679931964674303835e-01 -2.715609060786587925e+00
2.992150661678477377e+02 4.686677810347640305e-01 -1.990312720361800736e+00
2.723733665818027703e+02 6.746318491789135563e-02 -3.328033571743764796e-01
2.906784084056505435e+02 6.499971816579668271e-01 -4.472361780861900948e-01
3.076373006552685752e+02 5.412016201201831356e-01 -3.746773365546770762e+00
2.503861101800825679e+02 6.193745456447410369e-01 -5.720440451388186624e-03
3.134792285269912213e+02 6.367709195548534318e-01 -1.245581580347265183e+00
2.307549493663007070e+02 3.554846930898272195e-01 -5.074341487805486217e+00
2.546126818875364961e+02 5.890897460940913710e-01 -2.080334599069780799e-01
2.342009678867438538e+02 7.113531135112056702e-01 -6.823511595347799386e+00
3.111420328373388315e+02 7.354561951341070936e-01 -1.092013703790380541e+00
2.866719358223208474e+02 4.960641310759433265e-01 -6.379980763054277082e-01
3.180024363908830196e+02 2.008130897718955060e-02 -2.520298874229833785e-01
2.628670894532895659e+02 3.058178116518303624e-01 -3.530065078393223921e+00
2.963428728207380232e+02 1.059736841741396041e-01 -3.415985009644227688e+00
2.494345291636941511e+02 3.190608493319277983e-01 -7.492607714289563070e-01
2.378487530606450662e+02 6.473259313256831682e-01 -8.303029096765865091e+00
3.128577244013719110e+02 3.472746342962671484e-01 -3.559703450791143364e+00
2.270547955983194868e+02 8.949952732580800097e-02 -2.979390454451076864e-01
2.658408939678322440e+02 4.927322340033426507e-01 -2.000914308594201430e+01
2.874834609801205261e+02 2.342315215680301488e-01 -7.677176093325835948e-01
2.949423257027848422e+02 4.818719255985064454e-01 -2.211082678802426038e+00
2.819157684435809301e+02 2.302020264064693067e-01 -3.574864613367973454e-01
2.555923627683647510e+02 1.902410502959381022e-01 -4.280922226932325492e-01
3.065936735224968857e+02 5.216558303257368134e-01 -4.312365211716942426e+00
3.047791752725086099e+02 5.599859818734952421e-01 -2.855797789096853112e+00
2.438671347383070156e+02 6.833010229020556325e-01 -6.460163486046972992e+00
3.042567683505996001e+02 6.107412476704467963e-01 -2.137624885966068700e+00
2.264373071616914501e+02 7.755970992253995444e-01 -1.751588019583828038e+00
2.735135047714599068e+02 3.852893410013586983e-01 -2.227737805902520130e+00
3.214437623546579061e+02 2.672676152343430589e-01 -9.798942810171986650e-01
2.574076312924395893e+02 5.808569348077768923e-01 -1.581385745516754315e-01
2.652742847469027083e+02 1.189265365540244368e-01 -1.156357306790810391e+01
3.222715714640551141e+02 2.912071681170249060e-01 -6.622197408073974279e-01
2.882451515800868833e+02 5.686490632226517405e-01 -5.589489087223837860e-01
2.490227264051573854e+02 1.650640421329041263e-01 -1.618629113044866896e+00
2.465896201955018796e+02 3.829479337481687673e-01 -3.706431214625009574e+00
2.922129351099798669e+02 3.934148249344048692e-02 -8.025878457453183845e-01
3.003944511249227389e+02 7.766562764896113302e-01 -6.331625934454124804e-01
2.612986283594038355e+02 4.833967897615053938e-02 -1.045448504003409607e+00
3.153254254130267782e+02 4.416641249747370601e-01 -2.060968069043155104e+00
2.533002398767942509e+02 4.117851503763227949e-01 -7.484126988197954689e-02
2.446864753734619455e+02 4.277537988793855828e-01 -4.521307884837459490e+00
3.148321573669810505e+02 6.226522550543568402e-01 -1.168028116031043284e+00
2.191534036405637664e+02 6.271347282853750871e-01 -8.135679989950462820e-01
3.129690303303279961e+02 5.382474630049814968e-01 -1.898004661942571225e+00
2.307948762725537222e+02 7.173376251105704343e-03 -1.173309351381098820e+00
2.752270535557851190e+02 7.766185977990863742e-01 -7.320690575556159096e-01
3.058444561519879130e+02 4.127597222889607398e-01 -6.065202221230950208e+00
3.084756654063560291e+02 1.418372042536061341e-02 -6.158614717666793803e-01
2.827560264664247143e+02 3.557391049868509070e-01 -1.182562942101060971e-01
3.239598155866714251e+02 3.749127689692002829e-01 -6.701808089577970806e-02
2.649146589376010184e+02 3.165073580046329216e-01 -1.639687619186907952e+01
2.904222232526100811e+02 2.102734069223665125e-01 -1.669448148734842263e+00
2.490579095291323881e+02 1.692519485284178504e-01 -1.612092269143560630e+00
2.773998705482296145e+02 3.385588209818069516e-01 -1.270423960581688327e-01
2.344142474205986275e+02 5.942048972419215064e-02 -5.644848215661198987e-01
2.841146434632430555e+02 2.291987117572558685e-01 -1.361083500814675232e-03
2.813783410724204828e+02 1.056993979451323479e-01 -3.955984537057291028e-01
2.426023246529344419e+02 6.721099498973753805e-01 -8.069992027397127288e+00
3.164947529102643671e+02 4.114579220904534401e-02 -9.306625598495413820e-01
3.210367619492485574e+02 2.664752577857811278e-01 -1.312910638515798478e+00
2.367918076641160781e+02 1.916640830470907053e-01 -4.354353281159759170e+00
2.887398342649444203e+02 6.338857547132332737e-01 -3.991884801106304614e-01
2.174454969146371752e+02 5.273069272609801628e-01 -1.077293606737733445e+00
2.990272083045225031e+02 7.483154475595436006e-01 -5.716145820090577923e-01
2.556901863424766077e+02 1.607042293151192958e-01 -3.993898080326143685e-01
2.957542708252088346e+02 4.900922947109624950e-01 -2.136375581739399010e+00
2.337813035644089155e+02 5.885264077773829650e-01 -6.605483871713841992e+00
2.992865001336695627e+02 4.737687762575379380e-01 -1.888736947180905901e+00
2.587869498550844582e+02 6.409191301214792746e-01 -6.140885496053045262e-02
2.244310385354106074e+02 2.055815422663886116e-01 -1.816822251675720201e+00
2.769392466094594170e+02 1.974982600572283420e-01 -1.298051513938678903e-01
2.510977848237924945e+02 9.857350062434665217e-02 -6.696752329638371304e-01
2.802194896038240017e+02 2.537645629503883504e-01 -2.937147478715687599e-01
2.939131586271394099e+02 2.406555657372226043e-01 -3.097541370096998481e+00
2.623540693043601095e+02 5.520188650838262490e-01 -1.629948606771418174e+00
2.437570615523854940e+02 1.387582809237339621e-01 -1.236532738193301117e+00
2.534987803072125132e+02 2.103093639782471422e-02 -9.595055645414753975e-01
2.355960452594253240e+02 3.978861035589320583e-01 -9.117349159669011271e+00
2.961950819931499268e+02 3.819592954810577257e-01 -2.693612325363719417e+00
2.616633433338031409e+02 4.616045292465183469e-01 -9.080287311851854559e-01
2.724971194532901109e+02 7.106081924362337432e-01 -1.892148196479670252e+00
3.245890533492135432e+02 2.390480829541368202e-01 -3.084880106821321234e-03
2.901737045252924645e+02 2.639859772785922432e-01 -1.379787285018451382e+00
2.870942310491935814e+02 7.180368156756656850e-01 -6.174482777642124054e-01
3.104761342027545652e+02 5.662316830183464766e-01 -2.032429902313173553e+00
3.141191886578212689e+02 2.227175115796621307e-01 -3.259985820213778585e+00
2.467819140161801954e+02 3.314764254091209228e-01 -3.185718695555036284e+00
2.272299521354415788e+02 6.598049266519566414e-02 -3.248926841783164599e-01
2.608773835131910914e+02 2.823606779008291934e-01 -8.638938690456193781e-01
2.676235825909828918e+02 2.979948568219345506e-01 -2.912232872756991142e+01
2.236145693743277718e+02 1.556244739578130087e-01 -1.150130840832691792e+00
3.016151528024993809e+02 4.655977497275753940e-01 -2.845594482466295538e+00
2.859627418030950139e+02 1.769201094470955471e-01 -8.214540404680932550e-02
2.402873107316979429e+02 6.092167564321634421e-01 -6.562955278967463002e+00
3.076905144946053383e+02 2.785932270803490041e-01 -9.029467844040592439e+00
2.735482152330116037e+02 4.517914957029360301e-01 -2.050368026484810091e+00
2.882105081738833974e+02 4.332021174007916198e-01 -7.375160002810646764e-01
2.180161416110680932e+02 1.307793808994903439e-01 -1.098016374063706113e+00
2.280889791622004168e+02 4.979278149059042646e-01 -7.842849681957170249e-01
2.263759794460470118e+02 2.683675287204304732e-02 -6.227167287061982082e-01
2.599503415494870069e+02 5.745387709265491472e-01 -2.773958056567414898e-01
2.705204252059683654e+02 7.207294349135943134e-01 -5.261506179387096083e+00
2.203726540030208980e+02 3.878981393559064461e-01 -8.304683483534023303e-01
2.636836676999733982e+02 6.989687161577142760e-01 -5.114098770280692818e+00
2.710042040919109354e+02 5.123745516519727650e-01 -5.304830366882210768e+00
2.226573456832094564e+02 6.713344263858745942e-01 -4.010719739627091052e+00
3.162419150686918101e+02 5.043005651537227907e-01 -1.535219610137516399e+00
3.185419520269011855e+02 7.814896118328569508e-02 -1.699985710093456337e+00
2.790183868195171613e+02 7.327950655354171783e-01 -5.496338796071139621e-01
2.414449856618019794e+02 1.182863002590608670e-01 -3.729635812883813628e-01
2.520832723355880489e+02 7.978842353574827628e-01 -1.138696573207518686e-01
3.222625876022838156e+02 3.058007428273621375e-01 -6.013209403370047834e-01
3.119926144516373370e+02 4.023372293222647333e-01 -3.372242706916016797e+00
2.377364083340009415e+02 7.729724284063400619e-01 -8.628457786693054743e+00
2.569474833961082822e+02 3.613653666731033720e-01 -3.385417567837795128e-01
2.745149094668423686e+02 5.109450784977086907e-02 -5.761102384341078991e-02
2.935856454931545159e+02 7.859699793666727885e-01 -9.570300623249969885e-01
2.475624289831653186e+02 2.910451420187004645e-01 -1.919891803964767885e+00
2.919513548252891724e+02 6.068638358880931172e-01 -7.463499355174187944e-01
2.683784293764909989e+02 3.685228592594064906e-02 -2.587782419711672777e+00
2.312679049012227495e+02 5.280870519177390809e-01 -5.312417670356659016e+00
2.697741525856230282e+02 6.957216236599585990e-01 -9.749785018150888050e+00
2.546242372810567645e+02 5.989999571539967871e-01 -2.039197047310049304e-01
3.046238537249655565e+02 6.615317733674626055e-01 -2.051465427699378008e+00
3.011239632375308020e+02 7.392124804654580661e-01 -1.007987982271076000e+00
2.390341244129520533e+02 4.442266417380932864e-01 -4.810795566369706400e+00
2.493180529832868615e+02 4.829989375700406429e-01 -5.217180264682087509e-01
3.033540695213825984e+02 3.263781525100077352e-01 -5.415499022060903833e+00
2.456361830159265764e+02 6.868759656529273006e-01 -5.647362697917758467e+00
3.185711569781913113e+02 7.528378957665458060e-01 -3.236017441809068140e-01
2.219304316109606816e+02 7.675067220290077152e-01 -2.151340144937302856e+00
2.828943327690059277e+02 3.485203569501496013e-01 -7.584579986867423518e-02
3.096936854720705128e+02 1.495066684730110007e-01 -9.290266601020510606e+00
2.658142193781367837e+02 4.169119240278048588e-01 -2.135264070020872396e+01
2.324246326782254073e+02 1.225456771191316963e-01 -1.377689865800860280e+00
2.564201170705433697e+02 6.503829379333261329e-01 -3.907365034116811464e-01
3.040028440853661778e+02 5.508170883023745246e-01 -2.514530937602033056e+00
2.978496434941365010e+02 8.806185670472969906e-02 -4.126981254258187626e+00
3.203723088884008234e+02 8.240885201108300029e-02 -1.549096337434937576e+00
2.293913325856764232e+02 5.787141069962090656e-01 -4.246297140263230574e+00
2.705475741430190624e+02 2.873676094036301532e-01 -9.268436133539445620e+00
2.691942978819903942e+02 3.347398723789593022e-01 -2.045074681011487527e+01
2.696534706052106003e+02 3.233171825797618304e-01 -1.736238201377054224e+01
2.764305288529033078e+02 3.222266734277010602e-01 -2.934166467633562703e-01
2.714933271034759628e+02 1.916940605498269612e-01 -4.643160534921697113e+00
2.685856171908318402e+02 3.457220085499092543e-01 -2.437971484046649095e+01
2.618324646410548553e+02 1.578953597823535837e-01 -1.147925646070156347e+00
2.675650124216628001e+02 3.256027926814266671e-01 -2.886857097714949205e+01
2.652051462220489384e+02 2.705485398451530354e-01 -1.770937519679056393e+01
2.720109840151446292e+02 2.735848011078909625e-01 -3.745374555217856116e+00
2.656814230024771177e+02 3.410727971136104375e-01 -2.232651586671359922e+01
2.704866567370795565e+02 1.652213831764668683e-01 -7.740213978496613301e+00
2.653403396464946127e+02 1.640177493198365921e-01 -1.553206439784071335e+01
2.669405089839060565e+02 4.418255708782841129e-01 -2.661135519132655247e+01
2.716650252288832803e+02 3.841284202535650283e-01 -4.361290661824717141e+00
2.664403946061428314e+02 2.310491961309296127e-01 -2.500020244097504118e+01
2.709501367864277199e+02 3.747466866992804069e-01 -6.422010354349550809e+00
2.649483902907341530e+02 1.298814608599026255e-01 -1.063924203358095433e+01
2.658797411646768296e+02 3.433427521151618533e-01 -2.372226802332332696e+01
2.660766875942255751e+02 2.336833922694117049e-01 -2.402312282590083470e+01
3.024230390499275245e+02 2.247676625182657151e-01 -7.046868764946095709e+00
2.638056500224942624e+02 1.928690486750804789e-01 -6.846338913025047823e+00
3.088798550697989072e+02 1.480971558793693632e-01 -1.086539530626633621e+01
3.119489803973253288e+02 1.903506887716518714e-01 -5.582085403195562456e+00
2.664212275347862828e+02 5.338111819493386312e-01 -2.265698632136901125e+01
2.675355005811970841e+02 3.767449617385864591e-01 -2.790550435957625908e+01
2.670674248361080458e+02 3.224228382110596036e-01 -2.906438674904332942e+01
2.639189055285947347e+02 3.123492781364078930e-01 -9.242701285251474275e+00
2.321431474012220519e+02 2.642318667439295249e-02 -4.406825681126651517e-01
2.677094385810364656e+02 3.745589821594593697e-03 -4.047816827029134257e-01
2.672258408628719621e+02 3.246571787280768118e-01 -2.903528880783076715e+01
2.652627067860645980e+02 2.238770405001835884e-01 -1.685564750958000957e+01
2.681505383925540968e+02 3.016484737396240567e-01 -2.722147581138290207e+01
2.677358829064968972e+02 3.973278522491455189e-01 -2.685704644964959797e+01
2.683033103110705042e+02 3.848379135801129336e-01 -2.456306431818250147e+01
2.676708815064261557e+02 4.654540538787841908e-01 -2.487435491300909973e+01
2.667704290060088965e+02 2.682579994201660378e-01 -2.791599864152787447e+01
2.692799835705977785e+02 3.382537832619113005e-01 -1.872163879104813944e+01
2.674432663484888053e+02 4.604746341705322488e-01 -2.605080334274175868e+01
2.660847090733896039e+02 3.426602602005004994e-01 -2.504508353087139128e+01
2.677913538572494190e+02 3.017866376309719656e-01 -2.869653003763577104e+01
2.628012033222034347e+02 2.988805408517785644e-01 -3.548979920866018656e+00
2.433985122249492292e+02 4.452973385754031843e-03 -4.757228952415879952e+00
2.672601838630681073e+02 5.050936698913573997e-01 -2.498449741207067021e+01
2.680278183169996282e+02 2.433384656906127930e-01 -2.788464506720813318e+01
2.662533539331438419e+02 1.837057285757111580e-01 -2.255488462163276253e+01
2.677522149258553554e+02 2.574548382409162506e-01 -2.861773637050961838e+01
2.538478927055452914e+02 2.224487169840322354e-02 -8.508464514510638566e-01
2.332744453894656544e+02 3.137866021798860761e-01 -5.062626380001145954e+00
2.604303602837040899e+02 3.310312168650776377e-01 -7.946806212960897398e-01
2.698587848128740347e+02 2.455801811402775758e-01 -1.576542383608555831e+01
2.648761216901133935e+02 4.853979586584355466e-01 -1.324144425677389414e+01
2.642172936258281197e+02 4.274815478073398234e-01 -1.002679747691566092e+01
2.674098062625800480e+02 3.395928582356297909e-01 -2.889772209476436160e+01
2.677327094329215811e+02 3.541898518307532995e-01 -2.789752139558427757e+01
2.665143147391635239e+02 2.501170668365628180e-01 -2.669029951629367048e+01
2.682941846996698132e+02 3.478951336728796639e-01 -2.542978911756062388e+01
2.475815023406133832e+02 3.597527305706691991e-01 -1.941672228978744030e+00
2.628214757839111826e+02 4.567896749261363687e-01 -3.312454595346459918e+00
2.678188003501838921e+02 3.917828272698275494e-01 -2.702785298821551407e+01
2.671503495905724321e+02 3.232459397730700901e-01 -2.905239539901136325e+01
2.666123697456621358e+02 3.903469043356105894e-01 -2.657178454526470901e+01
2.674916926816489990e+02 3.771823276715760009e-01 -2.788682698814958982e+01
2.672350001428007999e+02 4.102595353060924932e-01 -2.751319370436515399e+01
2.667943132374812194e+02 4.157320126581209307e-01 -2.680465158364562583e+01
2.676195724779579450e+02 2.760378759695302775e-01 -2.911777585157748760e+01
2.679148170494210603e+02 3.006649899932957726e-01 -2.805184872422109876e+01
2.668777287514893715e+02 3.527676667047117687e-01 -2.843971264182414416e+01
2.669798963650517862e+02 2.548529951700471696e-01 -2.832429572272019414e+01
2.672467393315312165e+02 2.174065563515114041e-01 -2.753368906151498052e+01
2.617549549381419070e+02 5.095355211032868148e-01 -8.472669009719291378e-01
2.675861472900476201e+02 3.188143518191292602e-01 -2.895413799262897214e+01
2.447937729923706058e+02 4.631063716077116199e-01 -4.706672710977808372e+00
2.666956214769163580e+02 3.032588956749711073e-01 -2.822113260146777947e+01
3.029880661803348403e+02 3.750726658636724942e-01 -4.481583000265925598e+00
2.675222207656825049e+02 3.420083924365873718e-01 -2.861272325989244436e+01
2.672014183653967052e+02 3.399755311367659294e-01 -2.886896401870431106e+01
2.673215442327523306e+02 3.650403493078663297e-01 -2.844741792162892935e+01
2.665182536506632687e+02 2.683219464579597591e-01 -2.706793393198250186e+01
2.664659203984321039e+02 3.641280575335557046e-01 -2.701532066089322015e+01
2.675911540524602401e+02 2.210157555633783244e-01 -2.798390372110977253e+01
2.676264164743366791e+02 3.169275419143597339e-01 -2.898063834163355423e+01
2.670906068875918322e+02 3.077777084111770201e-01 -2.915265354171460999e+01
2.721104763826645012e+02 4.786268561502706742e-01 -3.208642775207383835e+00
2.675467354748690241e+02 3.708808754444524181e-01 -2.804160396134352951e+01
2.666193903817039086e+02 2.617012137264151383e-01 -2.690758211517905707e+01
2.675033839471791453e+02 4.242608854180875966e-01 -2.666939356673432826e+01
2.674714480318922938e+02 2.367537156247616348e-01 -2.849848645296497551e+01
2.691694497714798899e+02 2.688404206590275236e-01 -2.095233918830049191e+01
2.663238257665227593e+02 3.138356361980027542e-01 -2.634216027933566551e+01
2.672365631660542249e+02 3.309616757227737960e-01 -2.897311116601246184e+01
2.671065628541329602e+02 3.844924714432378932e-01 -2.809764445706251479e+01
2.666377568917473013e+02 3.859696559064191290e-01 -2.663571169645672043e+01
2.671970034821701461e+02 2.816477130781157023e-01 -2.911215923748459744e+01
2.675981954772371409e+02 3.009678002662117269e-01 -2.910472241908035329e+01
2.666800619571814082e+02 3.228324757948841661e-01 -2.818556888869966670e+01
2.669217176881581395e+02 2.772133948502411571e-01 -2.869218661423325401e+01
2.667309153923350777e+02 2.955330280716678693e-01 -2.819099596172638300e+01
2.683278515916973106e+02 2.998043869140523121e-01 -2.621945216387779709e+01
2.674211538634110639e+02 3.983429568962044698e-01 -2.771287667321746184e+01
2.670109998201552344e+02 3.217900370464996662e-01 -2.873773372126839831e+01
2.677254015351151111e+02 3.712916184763981331e-01 -2.751269306959465055e+01
2.675401966396883608e+02 3.193744379026139391e-01 -2.894081857626914100e+01
2.673470921827091047e+02 3.246346628862050721e-01 -2.908693485277198931e+01
2.676601396756274767e+02 2.812040799841969418e-01 -2.874188655140365967e+01
2.666804983124274031e+02 3.512346716255663193e-01 -2.793900441421460457e+01
2.677944575405959426e+02 3.172499248017297546e-01 -2.854241192565569207e+01
2.671121194041265312e+02 3.337742174892344149e-01 -2.894902417049044985e+01
2.677689625608080064e+02 2.665795699128079010e-01 -2.871020133989171441e+01
2.674125034714462572e+02 3.783500595471309125e-01 -2.817630902688352279e+01
2.678419288798712614e+02 3.502738513309506252e-01 -2.800819084035625650e+01
2.682229580762908085e+02 3.408166535732667923e-01 -2.665320006234525607e+01
2.672202009348910678e+02 3.484761935572984193e-01 -2.875019700906249298e+01
2.672861364671081219e+02 3.574875593831272069e-01 -2.858998930505632430e+01
2.674529392249293096e+02 4.138430158211874321e-01 -2.732625739802462661e+01
2.669930809695076732e+02 3.399464289475553347e-01 -2.858279708288667109e+01
2.671556632198061720e+02 3.071462837701707804e-01 -2.915004085098777153e+01
2.676893099861248970e+02 4.034639680504584769e-01 -2.667763443387302047e+01
2.675768187204324704e+02 3.621379199316335229e-01 -2.823707719176296749e+01
2.670584604859126898e+02 3.644104047176980332e-01 -2.823846139297323177e+01
2.680959638993552403e+02 3.605679982303686693e-01 -2.616934013086036614e+01
2.675121117183905426e+02 3.378073066436945715e-01 -2.868094868195822400e+01
2.672027264831908724e+02 2.863121459314361128e-01 -2.913756891152424444e+01
2.677755920564803773e+02 3.285149230281257937e-01 -2.838039423155275642e+01
2.664883268367422033e+02 2.504929484749860991e-01 -2.671081095205877176e+01
2.672845954354926334e+02 3.349069444118285555e-01 -2.895674398073511213e+01
2.677125896696495033e+02 2.758768337274744575e-01 -2.874519321711449749e+01
2.672297019093335848e+02 2.889961686301924515e-01 -2.914565975615785476e+01
2.668103308722093061e+02 3.357496771443306827e-01 -2.806299827008544412e+01
2.673076779419998843e+02 3.645209848356568139e-01 -2.845659485482776674e+01
2.677799449806816483e+02 3.516068601320054277e-01 -2.796412552206416535e+01
2.674197153853495479e+02 2.831138462309844006e-01 -2.925778344909267403e+01
2.669400568217710656e+02 3.768593804092577049e-01 -2.804097177535794572e+01
2.676822872276603675e+02 2.841828173100449662e-01 -2.874625030501489675e+01
2.674107726755635213e+02 3.066994307050021629e-01 -2.923670601853338269e+01
2.673469401698231422e+02 2.584900364487697222e-01 -2.901746910823260706e+01
2.676726537668625951e+02 3.231394017414967457e-01 -2.843280952664225580e+01
2.669261987383959536e+02 2.941326930412885288e-01 -2.880282047975264348e+01
2.671964353638190346e+02 3.540062702141746898e-01 -2.866604728770154509e+01
2.668477141544927349e+02 2.822848737460570412e-01 -2.806715666994097447e+01
2.669678276152963576e+02 3.246174464512935343e-01 -2.872650518895090599e+01
2.671843383929627862e+02 3.194060231968339769e-01 -2.908081522973997934e+01
2.672047046473217051e+02 3.678573827920014194e-01 -2.842627855924245495e+01
2.669647170805142196e+02 2.998168780922758625e-01 -2.880682733108040949e+01
2.669359405823627753e+02 2.599877857587891694e-01 -2.843922834298598445e+01
2.670860315014351727e+02 3.048817684099393577e-01 -2.916242662427233512e+01
2.673633618570821113e+02 3.150961539019376811e-01 -2.917861788428304592e+01
2.671289465943530672e+02 3.002029963049351324e-01 -2.916791891751342547e+01
2.668062146328010158e+02 2.967936314198376113e-01 -2.817311631862039434e+01
2.670468541979383303e+02 3.132594882545036707e-01 -2.877310682791578600e+01
2.677443428044481379e+02 3.146142178898992392e-01 -2.856138830488579927e+01
2.673592075087321405e+02 3.563084436307236702e-01 -2.861731761321289369e+01
2.667449773107306328e+02 2.675522999520758005e-01 -2.791293148314186823e+01
2.672486919763994706e+02 2.938050336985529865e-01 -2.915579495944543353e+01
2.672283909668085471e+02 2.986882620775428987e-01 -2.916045916816245054e+01
2.679131137587360740e+02 2.707093779094709163e-01 -2.814045210606822423e+01
2.676696581733292533e+02 3.215536071926432538e-01 -2.845406783760740055e+01
2.671959960211419229e+02 3.061336446619346008e-01 -2.915019127346872807e+01
2.681117068216345274e+02 3.443042456939958140e-01 -2.653297175991374246e+01
2.676099103519314326e+02 3.102112529092829196e-01 -2.904224496822113366e+01
2.646233566797445746e+02 3.984773539351224025e-01 -1.289301223850333500e+01
2.670216976800037401e+02 2.816318521397250252e-01 -2.871215530332611365e+01
2.669916704642489549e+02 3.120248997372507826e-01 -2.878751210035868624e+01
2.671606223097651878e+02 2.781665383224883326e-01 -2.909033986959166995e+01
2.670626785825725165e+02 3.197873307358956585e-01 -2.908576081425277593e+01
2.672228628310124918e+02 3.338259750922264457e-01 -2.894244866354726398e+01
2.674140671269597647e+02 3.249124718290059555e-01 -2.908713058385239592e+01
2.677995689068479805e+02 3.067086858108512559e-01 -2.865753979946841312e+01
2.670856396398036736e+02 3.297306214597217622e-01 -2.899459651690855466e+01
2.654844826333228980e+02 3.877802326959099988e-01 -2.039872908649798333e+01
2.669550485721908899e+02 3.349121166409380068e-01 -2.864147393393808372e+01
2.670029727645548405e+02 3.280927446146528759e-01 -2.869430529605891422e+01
2.671017562056804877e+02 2.873124524695082616e-01 -2.915163750382529884e+01
2.674238514804478086e+02 3.522003222028510239e-01 -2.869537410471964733e+01
2.677611712017530294e+02 3.003917265322954555e-01 -2.869937422344734301e+01
2.672874053294675036e+02 3.139139440900738376e-01 -2.918481231605644410e+01
2.674182781584174791e+02 2.800259193215868803e-01 -2.924357969767190468e+01
2.671767123433008919e+02 2.631768288119498145e-01 -2.891163749682254291e+01
2.671602168569957598e+02 2.986338036279573283e-01 -2.916642705906445698e+01
2.671700755835794894e+02 2.831049718850248698e-01 -2.912404722310561311e+01
2.671465007329978789e+02 3.006782520953669158e-01 -2.916594164363128172e+01
2.670854166166699883e+02 2.866598441689646726e-01 -2.915044556287245925e+01
2.676430234961902670e+02 3.001699890742715593e-01 -2.911483571863499265e+01
2.676975785346094767e+02 2.509548644347408541e-01 -2.851583816690963147e+01
2.672299111126662865e+02 2.597553953212464739e-01 -2.884818875595581034e+01
2.671992053668129188e+02 2.770386919397518355e-01 -2.907669146490657397e+01
2.673167625991158047e+02 3.022155845503206040e-01 -2.925427996861903779e+01
2.671134160425032178e+02 3.081689785770444501e-01 -2.914948224962913059e+01
2.676336949758090213e+02 2.467204828127406158e-01 -2.875018857029179742e+01
2.674317074721566314e+02 2.767105991010304078e-01 -2.922349880077461393e+01
2.676057817857854388e+02 2.921608469327782731e-01 -2.913831296657086511e+01
2.671117906015618928e+02 2.776653916641776965e-01 -2.909133645922782208e+01
2.673503979337598935e+02 2.651008125818380412e-01 -2.911209003119477856e+01
2.676010928726151405e+02 2.781736569885032151e-01 -2.912524628699640061e+01
2.674570857039706766e+02 6.649187949821266930e-02 -8.561232990171550483e+00
2.672095985511934941e+02 2.900202662432923018e-01 -2.915093707693625902e+01
2.676771331917701104e+02 2.887393662258557758e-01 -2.873680610018665860e+01
2.675819342481775038e+02 3.084215231619844566e-01 -2.905292554791603976e+01
2.675490506413831326e+02 2.809272930667118806e-01 -2.912835052161832294e+01
2.675114494988912384e+02 2.928607248871099578e-01 -2.912461837982198176e+01
2.674564587848108204e+02 2.950870483873979100e-01 -2.911092277745769508e+01
2.675173291651098566e+02 2.970473808126415372e-01 -2.911206777160102277e+01
2.673757122193389932e+02 2.885890586731068574e-01 -2.927213349136351184e+01
2.675083495183050672e+02 3.004302883168957217e-01 -2.909524971730848719e+01
2.673143334992693099e+02 2.916044385132660621e-01 -2.927367969874842757e+01
2.675735062490651899e+02 2.777627145191589597e-01 -2.912049201517916686e+01
2.673746535233678969e+02 2.646996615030118849e-01 -2.910675160242302795e+01
2.673092694284878235e+02 2.949815621342467553e-01 -2.927204206363214922e+01
2.674534461667401501e+02 2.769007047791244847e-01 -2.922475911650981573e+01
2.674685715333271219e+02 2.781122217576642575e-01 -2.910974197633446181e+01
2.673468254600646219e+02 2.884953570250626820e-01 -2.927155599288328247e+01
2.674784227311722020e+02 2.784775045720356834e-01 -2.911228035388305813e+01
2.674585321786150871e+02 3.020997557802966860e-01 -2.907895444872960411e+01
2.672573607739743693e+02 2.720960456117599291e-01 -2.918714723683237011e+01
2.673958876108237064e+02 2.741417696325504916e-01 -2.920447046502419752e+01
2.675343605765700659e+02 2.822502341681172311e-01 -2.912971339185675035e+01
2.673846938583929500e+02 2.846826024545759948e-01 -2.926306659347167738e+01
2.674382949747008524e+02 2.640425392371903435e-01 -2.909735159871533128e+01
2.672697295093810226e+02 2.649087843193348446e-01 -2.911032122441659453e+01
2.674102731361771816e+02 2.861887379845572399e-01 -2.926765494997750849e+01
2.673376795184288994e+02 2.906764356693857798e-01 -2.927374306909815971e+01
2.673109552349578166e+02 2.733526912596532799e-01 -2.919805325496953685e+01
2.672890082754194054e+02 2.713313735600437759e-01 -2.918025622725800261e+01
2.673208084619456031e+02 2.641442835629482233e-01 -2.910015613505926879e+01
2.673721542942073484e+02 2.835030143833651706e-01 -2.925889106914014448e+01
2.540535939626771267e+02 3.219469885824439714e-01 -2.627674046371831218e-01
3.065293393987653303e+02 4.750719710009674301e-01 -5.029876011790827661e+00
2.886244258726711109e+02 3.395624758420638378e-01 -8.752626627736577181e-01
2.457702270326415430e+02 2.899847993085676312e-01 -4.662582757320303806e+00
2.358771632177240178e+02 1.248996798792311042e-01 -1.461706928830058594e+00
2.181868039242624207e+02 5.646440365890886826e-01 -1.093998964223341641e+00
2.284543401139628429e+02 7.721599620754689974e-01 -2.312858130282156921e+00
2.272291680853728906e+02 7.009716537433028360e-01 -5.727232261391808077e-01
2.774842429480216879e+02 5.543403877107279110e-01 -2.174528655722337001e-01
3.009117427038847836e+02 2.729490724659073275e-01 -4.772162869771988447e+00
2.788998918282927661e+02 2.054008226210658761e-01 -2.401445415702842534e-01
2.210072028992280480e+02 4.588619121846782001e-02 -1.168188159520991531e+00
2.437680774553777781e+02 4.987490425719041109e-01 -6.075863232170835460e+00
2.374386304551431408e+02 7.568140119591131310e-01 -9.120157119681534752e+00
3.225636603711906787e+02 7.910220254823967234e-02 -7.410318248463927393e-01
3.181504859429446697e+02 3.134246660466100121e-01 -2.496457676918298230e+00
3.157039940391050550e+02 4.321601989773941610e-01 -2.126945781903329280e+00
2.857206977772812593e+02 7.430167218509047267e-01 -4.979634026217225617e-01
2.977833894537633341e+02 2.140890952524980850e-01 -4.570742989609740903e+00
2.415211462490569261e+02 5.703195322868469530e-01 -6.482019291726643928e+00
2.299911830571654150e+02 9.296062192371458421e-02 -7.927398572776033214e-01
2.404586859499441971e+02 3.091665841056728814e-01 -4.387183835959468148e+00
2.807483250831375585e+02 7.863484235180876469e-01 -6.366827808184188919e-01
2.722435077492448272e+02 4.243421669150810316e-01 -3.176272048594843689e+00
2.620424746416796893e+02 7.290813312560611159e-01 -1.071587599813335734e+00
2.554015101695843555e+02 3.847140826089877064e-01 -4.310406290153169784e-01
2.735984226407791198e+02 6.370527752744936656e-01 -1.519424033108748295e+00
2.501956489663137688e+02 1.026656872651631434e-02 -3.075453389023021233e-01
2.607456868894539639e+02 7.601218360739523394e-01 -1.929873989098511156e-01
2.927198411202531361e+02 5.855144772749567572e-01 -9.774975711546588508e-01
2.369678558274181626e+02 6.097556369300395351e-01 -9.927863219541739781e+00
2.241176642569230069e+02 6.614786793511433505e-01 -5.411637476521280021e+00
2.650347482597977660e+02 6.177036955955932385e-01 -1.264209324470279938e+01
2.589755517794042134e+02 3.710252872282635561e-01 -3.027789253143279291e-01
2.764048864603132074e+02 6.484012436641775068e-01 -3.191908105770075998e-01
2.958230112603887392e+02 1.471394131008884887e-01 -3.677198499300216916e+00
3.110056613308906321e+02 1.581472826315982738e-01 -7.308255613836034392e+00
3.202676630787464660e+02 7.238925233773375600e-01 -3.391693806544038292e-01
2.712121275999774070e+02 6.715079663607184113e-01 -3.613128983518331783e+00
2.227967927638601964e+02 9.757723056204126166e-02 -3.774244907172540353e-01
2.863400532512803238e+02 7.140354393888086459e-01 -5.934414794730866749e-01
2.510085067380055648e+02 7.490421897023442632e-01 -1.445036225030544297e-01
2.685238034389101358e+02 1.985898527297952076e-01 -2.374130872696701644e+01
2.561740057149614813e+02 6.923429187622326397e-01 -4.281619179323589708e-01
2.979982217791178982e+02 3.614153269734655116e-01 -3.080588413223728672e+00
2.176960538849008344e+02 3.315522070879081684e-01 -1.168652199368202249e-01
2.488080293456604295e+02 7.773331388352052729e-01 -6.722110303181144664e-01
2.337516150848473160e+02 5.826398922149554904e-01 -6.615854419721004298e+00
3.053847755297733784e+02 4.013232576566187482e-01 -5.886997557632978051e+00
3.103689123018903047e+02 8.222343450618152527e-02 -6.583359260827415405e+00
2.394249096313311895e+02 2.189848615209940563e-01 -2.305332313159739854e+00
2.998220632631364424e+02 1.828669673140116969e-01 -5.538554251113910532e+00
3.029567826363210088e+02 4.559586428522329205e-01 -3.346877701961584517e+00
2.247511390904904545e+02 7.959312642845254304e-01 -4.991874266433139695e+00
2.707088689757463840e+02 5.045712407558547996e-01 -6.198170519714500948e+00
3.068058324819861014e+02 6.010677507416398724e-01 -3.371549066314075915e+00
2.958107003128451993e+02 5.560356645836456169e-02 -1.675194903264146440e+00
3.149291276399321760e+02 4.860974878214736616e-01 -1.782797824642983198e+00
2.529686227241896574e+02 3.052336542899419802e-02 -1.061052688068347516e+00
2.640919975724510209e+02 3.929364996879829430e-01 -8.961740405560753686e+00
2.571592047183935961e+02 5.609563073086348828e-02 -4.612535384588818954e-01
2.324042826844356284e+02 3.529158784636295398e-01 -3.852899602903898213e+00
3.165136423258874743e+02 2.321891231062087613e-01 -3.943773670943681253e+00
3.141463102068141211e+02 1.708676671055857355e-01 -3.005044810776848152e+00
2.188958464280780447e+02 5.970853147700506680e-01 -8.671993115551102083e-01
2.797623050588968567e+02 2.993944578091005670e-01 -2.996036099784671336e-01
2.830540640600723918e+02 4.452673352711235544e-01 -9.610681561934764083e-02
2.524130333624997036e+02 4.930335717530382432e-03 -7.014431447752703663e-01
3.248386983162475303e+02 3.508734442205700688e-02 -2.933164613225303780e-02
3.190750923381484085e+02 5.478481861663951902e-01 -7.458467778428834460e-01
2.476199352577202717e+02 4.236658518463786161e-01 -1.758599911898832913e+00
2.579187714937562532e+02 2.505889826088377181e-01 -3.930356889941407084e-01
2.657604261300054418e+02 5.284649020620800774e-01 -1.937181567401268367e+01
2.943256211031221028e+02 5.210021670118827330e-01 -1.866041277123387410e+00
2.343013999296865109e+02 1.082562131370782554e-01 -1.440077860767842832e+00
2.742853690830318101e+02 3.822241872543740149e-01 -1.800008913828317070e+00
2.690716088442943601e+02 1.158528699068355206e-01 -1.350562217368006657e+01
2.873246437887492561e+02 1.900149698267858955e-01 -5.731090768752660214e-01
3.213838108622217078e+02 7.107723737875084602e-01 -1.702054181062847837e-01
3.233053194002814053e+02 1.418810500823207699e-01 -5.200696736296420708e-01
2.629788447983997912e+02 4.568112062134386253e-01 -3.982932752161721712e+00
2.255740814324125836e+02 6.288342553857447781e-01 -3.707976028737558494e+00
2.440813224909805115e+02 4.718844657456623404e-01 -5.187558997194400057e+00
2.213343904100035786e+02 5.164152080793468214e-01 -1.103074230052086824e+00
2.316100044191314282e+02 4.080745193670074489e-01 -4.610966332989833383e+00
2.470332636967917495e+02 3.485127260608174016e-01 -2.802155296362999870e+00
2.672301879146712622e+02 1.289014284886185191e-01 -1.948206132057435624e+01
2.918239574764655799e+02 2.629259036478634459e-01 -2.161644742843591427e+00
2.895138054926302971e+02 2.467770720648673477e-01 -1.183200808451776220e+00
3.015418987104706048e+02 6.732604518387826920e-01 -1.430071896149001542e+00
3.090814733359729303e+02 6.823473925022429665e-01 -1.866797613006046408e+00
2.754109843858813633e+02 1.673038735590350323e-01 -6.537952156109601010e-01
2.826428827127354566e+02 2.310010356766569461e-01 -2.101359833874115735e-01
2.840367268640681573e+02 4.886941260042353408e-01 -1.606792039030569552e-01
2.912734018666340035e+02 1.904575357832098692e-02 -4.182030123592649917e-01
2.421954372239848396e+02 6.603612112567094905e-02 -1.382179224283839325e-01
3.120842033046039887e+02 6.460329579357281249e-01 -1.528220321166931184e+00
2.295936243390524680e+02 2.811736569590800316e-01 -2.655000241810987927e+00
3.043740513749401089e+02 5.381922082488217463e-01 -2.901712698952748859e+00
3.087151927236608344e+02 2.655423012228310120e-01 -8.436873951192854548e+00
2.670670508839421018e+02 3.163273015044776315e-01 -2.911001514671304946e+01
2.687409825985841394e+02 3.246559373360560219e-01 -2.345802979370120411e+01
2.671431637048702328e+02 3.314146225518105893e-01 -2.897362456714568424e+01
2.776473909994626297e+02 5.891809220893121091e-02 -2.496473616695296938e-01
2.539365036967165281e+02 8.635136510280862210e-02 -3.448702958678891983e-01
2.686612830233087834e+02 1.929251265283084271e-01 -2.222933612274239934e+01
2.687423367506580689e+02 2.154916507603860110e-01 -2.314454673860383238e+01
2.579286073637829304e+02 1.423702348393324213e-01 -5.546754073541242391e-01
2.664163983192224805e+02 3.451779880991756588e-01 -2.615462618651823590e+01
2.676551925351495811e+02 2.988090087518590621e-01 -2.912290158479193636e+01
2.622483471285043493e+02 1.696046955594864847e-01 -1.673838326797036702e+00
2.666956843425268744e+02 2.469567184967025320e-01 -2.748529488010477806e+01
2.682490961144556536e+02 2.956682191488069766e-01 -2.731719628362008123e+01
2.605023537137495850e+02 1.643814619340948358e-01 -1.373249051450391445e+00
2.497027958308808593e+02 5.232990618185204279e-02 -1.154273550268607895e+00
2.685100270659888793e+02 3.286903982822716452e-01 -2.465275760794186866e+01
2.668964224279138193e+02 2.349078520088955235e-01 -2.778859597072482401e+01
2.677325008944566207e+02 3.471627954853748754e-01 -2.804017328848149404e+01
2.567301081473670479e+02 1.498507556048202793e-01 -4.910316708465825575e-01
2.689111763991060684e+02 3.098327807794971078e-01 -2.223249779202575738e+01
2.684089253203021599e+02 2.489472195849394831e-01 -2.626242719337816212e+01
2.669585817027526105e+02 3.121670025790920233e-01 -2.879311732543465752e+01
2.664952151812908028e+02 3.204305973233934068e-01 -2.737508360412462949e+01
2.685214419522871481e+02 3.304674680147590138e-01 -2.462888000941688915e+01
2.653473485413142612e+02 2.132240666407209939e-01 -1.802768895393582582e+01
2.671746854215958820e+02 3.143094602271974125e-01 -2.911520274473532055e+01
2.678513427656567387e+02 3.313904747856837862e-01 -2.835484151706691591e+01
2.667962777583232992e+02 2.910252159044167675e-01 -2.814925336705887560e+01
2.675726672412720859e+02 3.266295218240364839e-01 -2.885621994701863358e+01
2.676308259657809003e+02 2.777596783876816189e-01 -2.912686304980695695e+01
2.667565046931294432e+02 2.656690352016949364e-01 -2.787794126662698346e+01
2.701806155650306209e+02 2.394220800913660074e-01 -1.222170975942982984e+01
2.661612523822816456e+02 2.831194034414417082e-01 -2.498613531719117375e+01
2.672064694891663521e+02 2.328105640272213062e-01 -2.815978457690519221e+01
2.542662722065761329e+02 4.491277751770708093e-01 -2.077098877411677480e-01
2.668817130022665651e+02 2.153588224935971407e-01 -2.698456435000132458e+01
2.676180599858687401e+02 3.079319308434639857e-01 -2.906186815638122667e+01
2.670685352989200965e+02 2.594132594132596004e-01 -2.886232208578179836e+01
2.681005778714662142e+02 3.169646480716223902e-01 -2.701146339677462294e+01
2.661186374734160154e+02 3.325159174717753352e-01 -2.508980184062466634e+01
2.672890310051799929e+02 3.210825790076555220e-01 -2.912115514219899026e+01
2.664969681574789320e+02 2.559601962614368453e-01 -2.683811707509673639e+01
2.679590319338802260e+02 2.854274305337050621e-01 -2.815685991050658288e+01
2.667635519902573833e+02 2.055569442892971610e-01 -2.574944905425049768e+01
2.665719999275066812e+02 2.705854271904361008e-01 -2.708148523850635314e+01
2.682621157148989823e+02 3.523796907330035144e-01 -2.531691374962608165e+01
2.669049753837646222e+02 2.997648724919500518e-01 -2.881826373296791388e+01
2.681237808340189872e+02 2.407177166981173677e-01 -2.705789851033659943e+01
2.683570620741696189e+02 2.641076757525692709e-01 -2.635583917319554104e+01
2.664651683373157880e+02 3.500745120098542329e-01 -2.718023014540856153e+01
2.676906616080131016e+02 2.742035845612745271e-01 -2.873501266585389047e+01
2.679525302307871470e+02 3.111857365392947106e-01 -2.795589473521223667e+01
2.663116546831441838e+02 2.921908273362948671e-01 -2.628711576002309158e+01
2.662306666232900056e+02 3.346249284237554633e-01 -2.501940659028655745e+01
2.672414512072433581e+02 2.959701817738599749e-01 -2.915886196547774389e+01
2.675999201005978989e+02 2.741683340208360686e-01 -2.910557602873568683e+01
2.675251660587652509e+02 2.874953017700240809e-01 -2.913336808609544093e+01
2.674806272169461181e+02 3.690979424266526698e-01 -2.806879712423363316e+01
2.672861781344677752e+02 3.606196358437382399e-01 -2.853089173590610983e+01
2.670243414644266409e+02 3.225953967075488316e-01 -2.873028488461677554e+01
2.673586908677735892e+02 2.532934794489482555e-01 -2.892558702678181248e+01
2.676189694789849227e+02 3.922619562625422884e-01 -2.754563774979516211e+01
2.671923536611546410e+02 3.191064196302307865e-01 -2.908247190778896396e+01
2.668143658954361968e+02 3.207713200991836322e-01 -2.815768595927412932e+01
2.678611463858145498e+02 3.163474759783310164e-01 -2.785785416539697223e+01
2.666953143697088535e+02 2.826787020507892101e-01 -2.811828429311957933e+01
2.681555840390053618e+02 3.261496073750876357e-01 -2.689231408375881571e+01
2.676937192666954388e+02 3.557433424028338953e-01 -2.785379830965439396e+01
2.685817974145859921e+02 2.941002440201694879e-01 -2.514013123133765504e+01
2.667897351635713790e+02 2.699414872069182958e-01 -2.793569840058064813e+01
2.678468528500820867e+02 2.894841631209632560e-01 -2.877400127362885485e+01
2.674958725406713711e+02 3.500082261781725657e-01 -2.846425144780717886e+01
2.682548054646622973e+02 3.120777478458130472e-01 -2.714614963386062030e+01
2.674497121280148235e+02 3.619703862942353911e-01 -2.851756074030440757e+01
2.664727779337462721e+02 3.027730322817467901e-01 -2.739252557992726267e+01
2.673231642183269514e+02 2.976927141146043510e-01 -2.926796658256700212e+01
2.669713042972350081e+02 2.765651664976623292e-01 -2.867480986162156853e+01
2.674901446812096992e+02 3.101287325764593428e-01 -2.902548491810185638e+01
2.668263099600117698e+02 2.780582589866671950e-01 -2.803030270050895112e+01
2.672576248747704994e+02 3.141136954080276378e-01 -2.918192865305594097e+01
2.671588030077665508e+02 2.908349069478614601e-01 -2.915805279663310046e+01
2.674084696563407988e+02 3.981032227298724191e-01 -2.771748271300370448e+01
2.674122861421428752e+02 3.037713875759706639e-01 -2.925078015962194300e+01
2.674797366776357990e+02 3.529943254432666433e-01 -2.840427189460742241e+01
2.667724781721294107e+02 2.671479940414429044e-01 -2.789749212614434271e+01
2.672507708944590377e+02 3.011693149935278369e-01 -2.915644714706652607e+01
2.669134932772511775e+02 2.892977474774346969e-01 -2.878575503422137061e+01
2.680446257464732298e+02 3.109586367641021254e-01 -2.799047550419023622e+01
2.675256246259150998e+02 3.470250168860298801e-01 -2.852472189947799208e+01
2.671043406666802866e+02 2.866006603441232370e-01 -2.914841117572186846e+01
2.674227061812980537e+02 3.297596454620361772e-01 -2.903128534030804886e+01
2.678692096974558581e+02 3.134180847280440552e-01 -2.789912295277807885e+01
2.679564495276283083e+02 2.958710743589291758e-01 -2.810352023586974823e+01
2.670019756819525583e+02 3.539839696365584265e-01 -2.840433096575014815e+01
2.668215696016872016e+02 3.139339757293515554e-01 -2.817827194098607180e+01
2.675820303146398373e+02 2.830911773303876333e-01 -2.913696633418386739e+01
2.677463459431840533e+02 3.009329132506144977e-01 -2.869192074813370397e+01
2.670525401857514112e+02 2.974688220008008255e-01 -2.878611759624342881e+01
2.676571422801886797e+02 2.928759027997797637e-01 -2.871732145537972158e+01
2.671186207468703628e+02 3.312540157400329921e-01 -2.897669024432663321e+01
2.669137191086634857e+02 2.794910413548571948e-01 -2.871611114589823899e+01
2.674714831107517625e+02 2.901533190840221432e-01 -2.912442133653433629e+01
2.667331798570990031e+02 3.268357488088639573e-01 -2.814865898105867359e+01
2.672394434368464431e+02 3.141759722696422785e-01 -2.911122927865442378e+01
2.673724649869224095e+02 3.023265018948115834e-01 -2.925550661170982991e+01
2.669745529745052863e+02 3.134718173050637935e-01 -2.878564189319407163e+01
2.669282750476871797e+02 2.997896266003279853e-01 -2.881382820242148313e+01
2.666881463546239388e+02 3.022069931030273438e-01 -2.822190937714602654e+01
2.675780779804231884e+02 3.106681749848329011e-01 -2.903375194670365644e+01
2.678776240253856713e+02 3.123185148299774117e-01 -2.791586753469415427e+01
2.674852319231641218e+02 3.296511835629779563e-01 -2.880046010404704404e+01
2.676929553280467076e+02 3.025506756229829342e-01 -2.866665134006036553e+01
2.678496660187280440e+02 2.711913177287088583e-01 -2.875594111670124065e+01
2.674510276073045816e+02 3.226235932948913754e-01 -2.911306705576776821e+01
2.676406541939513772e+02 3.379731629801552284e-01 -2.869968829738719052e+01
2.676869310917406892e+02 2.947360134800284803e-01 -2.871571112882071475e+01
2.678225807415413442e+02 2.643979276007271118e-01 -2.870382067640312584e+01
2.680367429235946588e+02 3.143102247498576474e-01 -2.794635450232968310e+01
2.666125539624559906e+02 2.619330860279735496e-01 -2.691496061406903095e+01
2.672884863908876696e+02 2.440307342109565014e-01 -2.872438058965931873e+01
2.678071651555565609e+02 3.546003248431022215e-01 -2.790957274247555375e+01
2.671051748755937751e+02 3.058316976218700134e-01 -2.915820814937426420e+01
2.668405210344526495e+02 3.112337899254227769e-01 -2.817771916601868298e+01
2.677875129425416958e+02 3.030280754687534883e-01 -2.868602816576028403e+01
2.681701504792626451e+02 3.572232758447476120e-01 -2.627963681259377537e+01
2.672740160131185689e+02 3.102291597200830253e-01 -2.921079788675026023e+01
2.670657582152298346e+02 3.379018493797818490e-01 -2.890182082617090131e+01
2.675491913824934045e+02 2.792141828713137763e-01 -2.912317407882515852e+01
2.674017485813681674e+02 2.760489979718958597e-01 -2.921890200864981679e+01
2.675062219457532251e+02 3.013509131157946497e-01 -2.908998594289140982e+01
2.672574539404918141e+02 3.173582453384033997e-01 -2.915471857124486377e+01
2.672523027975327068e+02 2.997519535790596490e-01 -2.915773801141086352e+01
2.670754998044711783e+02 2.836442044395316442e-01 -2.913648385666319740e+01
2.675791971029139518e+02 2.978428281010591649e-01 -2.911711226279043174e+01
2.672615560341901073e+02 2.778417599997640153e-01 -2.923017258146120767e+01
2.668678996601462359e+02 2.634992841079699666e-01 -2.851770099801728264e+01
2.676989063215299325e+02 3.090025587115711736e-01 -2.861060983443640637e+01
2.674987828345202274e+02 3.284256710701267679e-01 -2.881988897770786551e+01
2.669050421145652763e+02 2.704250991005523463e-01 -2.861509962706802668e+01
2.672280690050991439e+02 3.826729716841279494e-01 -2.813382325816842311e+01
2.670029618890154097e+02 3.590587398168801347e-01 -2.832998533643205263e+01
2.674735475830760834e+02 2.728987616145967521e-01 -2.908398080442632150e+01
2.669191992742509569e+02 2.952898780958994607e-01 -2.880751622095391085e+01
2.671487562095783233e+02 3.171356560465610208e-01 -2.909925545783649525e+01
2.667209335455627865e+02 2.639922522338241095e-01 -2.786012687632632989e+01
2.678879730360533813e+02 2.965806554591375321e-01 -2.807525330007828401e+01
2.669932879485136255e+02 3.192856996439954465e-01 -2.875552060171292013e+01
2.669307490457698577e+02 3.113136873644204439e-01 -2.880089112133483553e+01
2.666128385583757563e+02 3.212811969272979518e-01 -2.732788656228663982e+01
2.671546182256343513e+02 3.354632469109838921e-01 -2.892717472314898686e+01
2.672909067508856538e+02 3.157854449065881086e-01 -2.916984370924021519e+01
2.676640646763148084e+02 2.987451537064471085e-01 -2.868691998110904606e+01
2.672266680856266703e+02 3.342887574502921288e-01 -2.893694880854479834e+01
2.670562727886274956e+02 2.950203715716612218e-01 -2.917441954516161573e+01
2.676183379574974879e+02 3.136480441415430143e-01 -2.901244915631915688e+01
2.672664259209082616e+02 2.945894863614955117e-01 -2.927138133428861977e+01
2.673992844521299048e+02 3.363073725606926523e-01 -2.894419677309111805e+01
2.677821408650347053e+02 3.120052426395361067e-01 -2.860026095914030364e+01
2.676490319291501123e+02 2.953846270827661380e-01 -2.913534346123716645e+01
2.675732387525875424e+02 3.147989343253680961e-01 -2.899458685482453646e+01
2.672230041748404119e+02 2.761946765120861236e-01 -2.906654512103356325e+01
2.676471816765927088e+02 3.171612397762539892e-01 -2.898122613856087071e+01
2.671691835510024475e+02 3.160127687085045878e-01 -2.910520703741486770e+01
2.675787017790926257e+02 2.792759717218151749e-01 -2.912677632159359931e+01
2.670504025594570408e+02 3.011433236728492946e-01 -2.879112391258391668e+01
2.670246571559996482e+02 3.140459201085974428e-01 -2.877430125448790932e+01
2.671620635497592389e+02 2.860918189337534057e-01 -2.914057725149183398e+01
2.669939006618669737e+02 3.172780050190379120e-01 -2.876580946397221439e+01
2.678419165859319264e+02 3.071086678546136595e-01 -2.866420650168167228e+01
2.673365525051390819e+02 2.986005363630144793e-01 -2.926622517298945780e+01
2.671847313761322198e+02 3.101293175667971247e-01 -2.913597450652331133e+01
2.672102663961585449e+02 3.043673712481282934e-01 -2.915392942631896034e+01
2.673534632040086194e+02 2.822272407913720138e-01 -2.925366936466758716e+01
2.674033391578082615e+02 2.785663058990694441e-01 -2.923533962022455057e+01
2.671064529842764728e+02 3.182359106468413690e-01 -2.909443698309552673e+01
2.672711288423808469e+02 2.717911002857371638e-01 -2.918444835488073252e+01
2.675664443077361057e+02 2.867272784224686455e-01 -2.913850668510665542e+01
2.673515793417718669e+02 2.979775253866144280e-01 -2.926807382018296977e+01
2.676226871554630407e+02 3.084872726667083898e-01 -2.905817905874476992e+01
2.673370146051485108e+02 3.053597363180238777e-01 -2.924120541292691655e+01
2.674948434261556258e+02 2.953863457523985825e-01 -2.911513490281606664e+01
2.672499452684810990e+02 2.756978653076234131e-01 -2.905892643659346675e+01
2.673796973213779893e+02 3.056985147523201829e-01 -2.924089668493227023e+01
2.675913256952327970e+02 3.064020251721586430e-01 -2.906955943279596255e+01
2.672888817753736248e+02 3.016903241892359699e-01 -2.925536488561159132e+01
2.671009381620320937e+02 2.874894476773653396e-01 -2.915242227639715011e+01
2.675586047622652472e+02 3.290938645796041562e-01 -2.882027754947711529e+01
2.671712495479090421e+02 3.031696632678921866e-01 -2.915984542832078219e+01
2.671515643922805907e+02 3.070597192436028688e-01 -2.915065684583094452e+01
2.674871130338921716e+02 2.873994259663060213e-01 -2.912857629373618451e+01
2.673757896970558363e+02 3.195688927656256673e-01 -2.913990878718451683e+01
2.673748040234324890e+02 3.016003059805451580e-01 -2.925823632442698852e+01
2.675157801110764240e+02 2.930085844436146614e-01 -2.912483220150956953e+01
2.670712388341324299e+02 2.995736299008329717e-01 -2.917319929650772536e+01
2.673333965480089205e+02 2.866494149751753207e-01 -2.926782832246820476e+01
2.673028764242847615e+02 3.062351576603289383e-01 -2.923559383532748868e+01
2.674876610662481653e+02 2.676742816666030089e-01 -2.904588376249050086e+01
2.671796073179670543e+02 2.872339496452775420e-01 -2.914386794353979582e+01
2.670488796304364882e+02 2.600671476721376218e-01 -2.841459136658236773e+01
2.673945390412131928e+02 2.990376876610909562e-01 -2.926658169608159099e+01
2.426231139745024166e+02 6.072157660206950469e-01 -8.021225974515065360e+00
3.003176700828579442e+02 4.301863810801056509e-01 -2.348145242474954486e+00
3.093661927796391637e+02 6.358335913809863849e-01 -1.992852699607255973e+00
2.823730191733607171e+02 7.177409111727069968e-01 -3.241556143246079880e-01
2.394657051187486445e+02 1.664929577317257048e-01 -1.271983160888368936e+00
3.223633803178929611e+02 2.390797363711169299e-01 -7.571848671989601653e-01
2.272794698443965160e+02 4.453397894727956219e-02 -1.673378890686394449e-01
2.801556068673030495e+02 8.095980713832751086e-02 -2.105260911853748529e-01
2.443154830306667407e+02 6.938681673361458691e-01 -5.358058881275145069e+00
2.610674847581624931e+02 3.299787159912257462e-01 -7.406324572429606734e-01
2.501581242672549479e+02 3.728091154930617164e-03 -1.705284339688554196e-01
2.594227806727932943e+02 1.242030858713192298e-01 -9.862009179565333072e-01
3.073260587979607408e+02 5.784804223252844324e-02 -6.928562492670643280e+00
2.787460674868827368e+02 4.508279806424362879e-01 -3.441111450563299479e-01
2.839584270565672455e+02 1.198728065568684109e-02 -5.659553929460399146e-01
3.237922556366528397e+02 7.691464603977241632e-01 -7.017438385673849255e-02
2.539192180944829715e+02 7.041990253667776978e-01 -5.729745930734308351e-02
3.171332009276030703e+02 2.757868738426855759e-01 -3.398532783728620110e+00
2.866938832898808869e+02 4.605074009977885297e-01 -6.785430278700379514e-01
2.360861128665336821e+02 2.147389338330704944e-01 -5.186679517705386822e+00
2.336238222173471968e+02 6.684520491984475843e-01 -6.238715171710027541e+00
2.207766346536162985e+02 3.013832048494434201e-01 -9.155316643378321739e-01
2.568497028832085789e+02 1.551951912217376106e-01 -4.907172242599451284e-01
2.415551633586160847e+02 3.640086485108209868e-01 -5.244532202941363686e+00
3.159007966124538598e+02 7.252214596963137971e-01 -7.718377075558014999e-01
2.259676027384930137e+02 5.819241102375806163e-01 -2.811405064785273300e+00
3.111470804216314718e+02 5.511792818568269636e-01 -2.073322123212412826e+00
2.978518314133016247e+02 4.823439560680213289e-01 -2.043682946407402223e+00
3.030222544035492547e+02 2.183838098954770934e-01 -7.443561436442890589e+00
2.276065864893037940e+02 3.462976575719187156e-02 -2.994072514333889767e-01
3.017935935477952398e+02 3.475279156364281530e-01 -4.546522369478811498e+00
2.830282364672081599e+02 5.256948193457415819e-01 -1.312299074286564504e-01
2.318465111334975006e+02 7.597564260671698655e-01 -4.404830018128463642e+00
2.921864317807140878e+02 4.919379548823096110e-02 -1.077741378778949821e+00
2.936757755323671972e+02 9.793097077883117230e-02 -2.370557284618242555e+00
2.949686842572616570e+02 1.370410034484804140e-01 -3.250656509478675460e+00
2.856275908987607295e+02 2.552115676222881380e-01 -1.887844700487580074e-01
3.059529499539846711e+02 4.330374898343415935e-01 -5.651137116958827811e+00
2.362479184736581601e+02 1.107333587827215027e-01 -1.064339274885661935e+00
2.399177845738923054e+02 1.923354131375958898e-01 -1.902204506015487073e+00
3.126637746624892316e+02 2.405140122920468304e-01 -4.423924378515520672e+00
2.480692282659092029e+02 1.752473482967373819e-01 -1.612570930686906490e+00
2.881626017168335920e+02 6.523912594533705089e-01 -4.742642580851784140e-01
2.715163151202990548e+02 4.884674623355675926e-01 -4.249995486315939708e+00
2.725881418544988719e+02 4.172602076281463623e-01 -2.751115706077487566e+00
3.151362492539692539e+02 6.157569792061913239e-01 -1.185788370815847870e+00
2.967932140279837085e+02 5.132196933624186830e-01 -1.842695325278636664e+00
2.510993878268575941e+02 3.689662066997299039e-01 -1.065199237296771823e-02
2.897179426770072723e+02 1.192480644081532204e-01 -1.118447098227485448e+00
2.552462857281610127e+02 6.618540930727064009e-02 -2.630416495030687973e-01
2.780409136995003792e+02 7.332568507761291210e-01 -3.654780375089774491e-01
2.469118739202000654e+02 3.101529837620276564e-01 -2.743277993361854072e+00
2.344704003648704429e+02 5.624697223712910032e-01 -7.155593689400129520e+00
2.558835700642010806e+02 2.624945310104291329e-01 -4.743132130691312121e-01
2.244524619110034109e+02 5.757693421027741953e-01 -4.943685917238103578e+00
3.250657171754487536e+02 3.139612404639999799e-01 -2.793590065030387287e-02
3.082605015398611386e+02 6.996897942083802890e-01 -2.203931417031575801e+00
2.987583583849463480e+02 3.536569068897813528e-01 -3.228173314304211949e+00
2.688905659317786103e+02 4.069494006267982411e-01 -2.038914658120314982e+01
2.514159463053838408e+02 4.435447018163265476e-01 -2.027973557256550121e-03
2.708306115135637810e+02 7.989097345985995968e-01 -4.065544105250995521e+00
2.651714496238393508e+02 5.865429062894484957e-01 -1.438620585069710422e+01
2.326148554423524502e+02 6.838187803352253624e-01 -3.913697476305245004e+00
2.197380764628061911e+02 3.380690631187525663e-01 -5.497092847462184961e-01
2.661187902469886239e+02 1.846132281210202120e-01 -2.154812902504407646e+01
2.301320504220408054e+02 1.831021379808048799e-01 -2.494449622598189364e+00
2.633492851934354348e+02 1.354324545594718654e-01 -3.854359776376512947e+00
2.613153368489766422e+02 2.702567339096601517e-01 -8.680923912149760557e-01
3.191114330124185585e+02 7.633338375363659667e-01 -3.391969678693657619e-01
3.134440656444818387e+02 7.393437640410960299e-01 -9.561589391128738624e-01
2.187068485420678599e+02 6.227499563943279526e-01 -1.012664071583973868e+00
2.491308610542839403e+02 2.951862210610309289e-01 -1.208198742328924880e+00
2.770726002871824676e+02 6.474984144380754314e-01 -2.384930974493456035e-01
2.432107169194395624e+02 4.114611419653930735e-01 -6.801634404023228164e+00
3.183412242070751859e+02 5.289964422306995262e-01 -8.960815706317374341e-01
2.376769733675231180e+02 6.742063036300703915e-01 -8.641828592518933760e+00
3.199131562761651253e+02 3.821068581424305055e-01 -1.258110640614232612e+00
2.926883034878516128e+02 2.526642097204753745e-02 -3.849243646745845182e-01
2.296536470434541855e+02 4.774924858887262258e-01 -4.455438278875019087e+00
2.173743555420010409e+02 5.969147542023406361e-01 -1.453396942774195288e+00
2.754832805816712380e+02 2.836937712108127951e-01 -8.030465440345162520e-01
2.731005720328362258e+02 6.602821396784263053e-01 -1.629246837079433519e+00
3.053286838005556660e+02 7.796160561593739047e-01 -1.751712754559710872e+00
2.995593005645063158e+02 2.306726804337443648e-01 -4.860275538602194523e+00
2.747497059521966776e+02 6.245530282619272677e-01 -1.113380229134570909e+00
2.685393142577117374e+02 3.975926883193335870e-01 -2.314253197145229279e+01
2.224517819046533020e+02 5.566209309288010498e-01 -3.344101148378009647e+00
3.107774147181052058e+02 3.911194721091041937e-01 -3.787143718005996362e+00
2.890407560868212613e+02 7.474622990445962678e-01 -2.410025998346063125e-01
3.212287010563618423e+02 1.452881748451302357e-01 -1.598228125778598852e+00
2.238402331693709471e+02 2.229118464486372353e-02 -3.050575523620009832e+00
2.530081740185980266e+02 5.051250002855038890e-01 -1.530802922523027097e-02
2.914240117022849290e+02 7.400416166189741074e-02 -1.503293166356403976e+00
2.630241566611299504e+02 4.698997268875730882e-01 -3.926549389866194506e+00
2.450738987766554544e+02 5.365131800320954714e-01 -5.194813979016649874e+00
3.043571492437463348e+02 7.875023060361923122e-01 -1.308659595651756602e+00
2.214332280452644000e+02 4.962599491241871386e-01 -1.142356586358662440e+00
2.578945547427140355e+02 3.250026890697843562e-01 -2.926304023934079845e-01
2.673722254686243787e+02 2.013645283634563354e-01 -2.698926859300900460e+01
2.806821124337296851e+02 9.404423232409667155e-02 -2.610834020365480068e-01
