2.060271549735803660e+02 1.236298837946777501e-01 -2.069801913500361135e+00
2.572986468048554229e+02 3.907453020372031460e-01 -1.861130562404347171e-03
2.772500615542876403e+02 2.436697223761270514e-01 -7.442024548239737136e+00
2.906039361777542354e+02 4.245596265249729218e-01 -7.696550804398405443e-01
2.793695575923433694e+02 4.138395951125543037e-01 -4.080920935497547752e+00
2.728592816037038915e+02 6.474489931303405443e-01 -1.592849638881851604e+00
2.806824176188001729e+02 3.014196451479375649e-02 -2.530259804597613460e+00
2.034344062917515998e+02 6.960043831667206415e-01 -9.531324134641877777e+00
2.862672747945780998e+02 1.353354814873238277e-01 -2.345342676898092726e+00
2.336195460967965118e+02 7.836436569945255393e-01 -3.235007803910095792e+00
2.522701624609567830e+02 1.366782099560234220e-01 -9.616867629148533325e-01
2.712029467409948325e+02 4.807934988069553772e-01 -1.632071120970626010e+00
2.426651873144940055e+02 7.192999356507143727e-01 -1.550004232831637241e+00
2.210357104805272002e+02 7.094434517778509808e-02 -2.891900814197828073e-01
2.472598553593253996e+02 2.632262014395651550e-01 -4.210400440240010256e-01
2.722161735657268764e+02 6.512758787980579278e-01 -1.506917439310333284e+00
2.485055182124151258e+02 1.906913289621823757e-02 -1.762310166937819667e-01
2.496050153459620446e+02 7.892034555701372689e-01 -4.449678525636733273e-01
2.927819476889620773e+02 1.885382836770216342e-01 -3.718545590246204124e+00
2.870415569593482132e+02 6.661268784404539289e-01 -3.542482683775488583e-01
2.566234702619178165e+02 6.142768704111176703e-01 -1.386788109241818834e-01
2.101569365081072647e+02 2.043735384902594654e-01 -4.351157175606578775e+00
2.644845861173887442e+02 5.095747965867594709e-02 -7.482099640762124304e-01
2.462668845175174965e+02 6.061726775491951824e-03 -1.291886344802803399e-01
2.883268327407955667e+02 6.900650587995545981e-01 -1.125371217077505981e-01
2.595243665524839685e+02 3.089597165366214648e-01 -2.602152758257839094e-01
2.026252854495399731e+02 9.785891792125644972e-02 -2.150530679925402477e+00
2.551079226461228018e+02 1.071716375106998020e-01 -2.323068207229910531e-01
2.344656438248983079e+02 7.688791306259291636e-01 -6.021603904501287019e+00
2.279230444981232324e+02 6.316328460447727666e-01 -1.669239560400781752e-01
2.632509189888638730e+02 3.406461664979758552e-01 -1.880966120292469679e+00
2.890007319212955963e+02 4.334805676773914596e-01 -4.078892348425963155e-01
2.434394618792873644e+02 5.208940166696811591e-01 -1.258880659193269969e+00
2.045103086961920553e+02 3.539749384474324412e-01 -9.205581325288676453e+00
2.260715257682669517e+02 5.417176360873914298e-01 -3.743969276184742068e-01
2.387587947175503018e+02 7.270013983199141716e-01 -1.220902997743366214e+01
2.757927898513985951e+02 1.525333841413284430e-01 -7.480034368420670710e+00
2.784359897844107650e+02 4.028161800643711432e-01 -4.489641249220991170e+00
2.507888915589361432e+02 7.485925035559530816e-01 -5.384372066497543630e-01
2.157055804612537599e+02 5.731383048531960012e-02 -6.219566208456775991e-01
2.123281519607037922e+02 7.952072013498278080e-01 -5.502832767646478551e+00
2.821648747892838855e+02 5.354751094004400747e-01 -1.721980510907547446e+00
2.855989930378984809e+02 4.760659960153760806e-01 -1.097095607748044044e+00
2.197544633634692559e+02 8.386571535085629581e-02 -9.850154882770210951e-03
2.252881782175344085e+02 2.132796473422935435e-01 -6.726255245883953071e-01
2.535717494480165044e+02 2.304496483828209485e-01 -5.050180552606156059e-01
2.403551611365743383e+02 7.412606432260301359e-01 -6.690941383197293035e+00
2.517143513670637276e+02 1.499462657797694387e-01 -1.251542946213169527e+00
1.988352455313480220e+02 3.192036290795103315e-01 -1.918935311151815259e+00
2.171260644869778389e+02 3.959294212841796279e-01 -1.224906870889346910e+00
2.147729683160878551e+02 7.620879862975858954e-01 -3.677998952054343462e+00
2.394130696009355859e+02 3.310769702089749744e-01 -1.845884751267027113e+01
2.651301668615502649e+02 4.620709789362134612e-01 -1.321024373597346813e+00
2.302900809462593088e+02 5.924384753567498718e-01 -2.699293404061255397e-01
2.073270654047027790e+02 3.846909525835826016e-02 -4.349239738065240335e-01
2.376020866043775470e+02 6.823265137227625399e-01 -1.463948818292025500e+01
2.367467931954124367e+02 7.534390506980245816e-02 -9.768872066618055072e+00
2.286896797324807267e+02 6.078473727348597810e-01 -1.493576735967119817e-01
2.178552737824215342e+02 5.667109793103194404e-01 -9.955562824063507454e-01
2.453791820320502381e+02 3.213706163237409763e-01 -2.498282448483459262e-01
2.704635847799733028e+02 5.046017813545641273e-01 -1.178707210572439656e+00
2.230493333269731124e+02 3.609683555411913325e-01 -8.399193291830203689e-01
2.601012144544326361e+02 6.330355799912577019e-01 -4.521596552279615877e-01
2.322163312116588543e+02 6.614936549795653598e-01 -9.827337165477291192e-01
2.751822349665503680e+02 4.646055940074212964e-01 -4.039544810754811976e+00
2.677442418334759964e+02 7.114180261247411430e-01 -2.849429935562725058e-01
2.547847525612089612e+02 4.959063108545013754e-01 -1.899754777973563236e-01
2.129172873822658119e+02 5.834439415114492933e-01 -5.220795682576183872e+00
1.992706657464183877e+02 6.788702530334456142e-01 -3.775511901947003590e+00
2.451077479765824592e+02 9.258546929585673158e-02 -6.063707968338691856e-01
2.739777111940928194e+02 5.519694549644399428e-01 -2.448385516499660408e+00
2.803225883772551015e+02 5.145248369093956553e-01 -2.222982559294046201e+00
2.236051448522663634e+02 5.875361323139732805e-01 -6.698748579839516326e-01
2.018252229464364689e+02 2.720420229368842313e-01 -7.030251388923347555e+00
2.944871691756395649e+02 2.347846828668624097e-01 -3.105319867852868398e+00
2.265650269974722164e+02 4.479964538365587695e-02 -9.256771554070669650e-02
2.688705450729017912e+02 2.996374839363523668e-01 -2.191894852911820291e+00
2.831475389947151484e+02 7.580826155874544892e-01 -7.532845196865791682e-01
2.332928132978113638e+02 1.815733983205288782e-01 -3.069744044456023779e+00
2.918996510239526856e+02 3.712494007118673500e-01 -1.500443173800893648e+00
2.081148416244004125e+02 6.221858720433356416e-01 -7.310833971915543295e+00
2.186726440975892558e+02 3.780642125383115171e-01 -4.863216733737508179e-01
2.146358208853509382e+02 2.704897183683749318e-01 -3.261465479159485259e+00
2.839445696081737651e+02 2.497654395219879864e-01 -4.218757520905742631e+00
2.625013932595779806e+02 3.447225618133049618e-01 -1.297595435531634145e+00
2.663256505116518156e+02 4.980967129803298699e-01 -9.810215982029879545e-01
2.613027329680885487e+02 5.583456382667314477e-01 -4.777811886835262034e-01
2.220751323617872970e+02 4.405485836280030876e-01 -7.028730254712378667e-01
2.309242236749321080e+02 1.316767197616586227e-02 -1.728348317753984620e-01
2.944164555946069868e+02 1.961705278500578964e-01 -3.596929534064288614e+00
2.687066991844099562e+02 1.662582065683572419e-01 -3.242541723177658763e+00
2.902436555890523096e+02 1.143787808347454249e-01 -2.513775520568476640e+00
2.053327550181202810e+02 2.945992389946844869e-01 -7.788214426880639252e+00
2.415411678248335932e+02 4.543291745498629353e-01 -5.340498514468784208e+00
1.974948969480168728e+02 4.208632344689247629e-01 -3.895019359264904613e-01
2.090690894982292605e+02 5.684095052366349154e-01 -8.041263905813654134e+00
2.588968944014979456e+02 2.874528488600602283e-01 -1.192235189580941185e-01
1.999798838982053439e+02 1.750536720425203141e-01 -2.174165635064688740e+00
2.111264596149995043e+02 2.217742287517832089e-01 -4.114071047177003670e+00
2.355649782741054992e+02 7.337041522537942617e-01 -1.071445844018727023e+01
2.465019904136599393e+02 3.030117969697565528e-01 -1.204321087921544214e-01
2.689280525644664408e+02 1.405438065907609890e-01 -3.220090208922289143e+00
2.154234076822953909e+02 3.736368804470691640e-01 -2.853720677225019653e+00
2.093622112754081854e+02 3.628200053249582002e-02 -1.351126626487453741e+00
2.524777480574350932e+02 6.010435535022612408e-01 -4.039316944501506468e-01
2.505351015823578109e+02 7.007341922382851473e-01 -6.155088364679305313e-01
2.834568983720993742e+02 5.729080084897297809e-01 -1.356001012601833144e+00
2.519945143521892987e+02 2.227489659046504866e-01 -1.070907063939741555e+00
2.799548027084103410e+02 7.198950678636606426e-01 -1.090452055309698354e+00
2.880894004367409025e+02 6.288793457236080409e-01 -1.893596920381435122e-01
2.857726136572192672e+02 1.341015160229652448e-01 -2.495670529105913360e+00
2.338127045349633022e+02 1.482521381125009863e-02 -8.127696115211220373e-01
2.485827388588687086e+02 6.259489630478411171e-02 -3.641912773253108138e-01
2.685389012525559451e+02 6.405247154592740022e-02 -2.237248154991165805e+00
1.970886614560025976e+02 6.851611913205974957e-01 -2.063455078947535604e-01
2.279363231643873746e+02 7.489554408703817667e-02 -1.626560114367493759e-01
2.060396184439181866e+02 8.365520500739667686e-02 -8.204144574198023454e-01
2.118173795604377005e+02 4.149693007919078025e-01 -5.332129229795220304e+00
2.849621954312160028e+02 5.954558256180717546e-01 -8.518508363117968107e-01
2.838833268336030073e+02 2.761338513361985547e-01 -3.859770458047658614e+00
2.269199764179197700e+02 4.600940435409011098e-01 -2.880083389571408969e-01
2.001943241165955385e+02 4.035456522102844057e-02 -1.740526077271767613e-01
2.044980292193466482e+02 2.046739183018408681e-01 -5.998346356196941898e+00
2.726712458667204260e+02 2.426297623760496069e-01 -3.879317375185426631e+00
2.024298015685714631e+02 2.440734132235257772e-02 -1.346570099859205893e-01
2.474950516085795016e+02 1.496506112977528946e-01 -3.918727374865701996e-01
2.952406327515025168e+02 6.596840758167696883e-01 -3.253815479502290553e-01
2.424395086217382698e+02 3.930823401958245533e-01 -4.172638575057188604e+00
2.083423895060014956e+02 4.291519913454525659e-01 -7.886806242220052887e+00
2.812075546695821231e+02 2.591809724497351475e-01 -5.974363573262944982e+00
2.870143060608970700e+02 6.542357051599062556e-01 -3.690856530361627530e-01
2.240022155736868399e+02 7.500609646174059009e-01 -5.982774845876308589e-01
2.261584873858432445e+02 4.376372362474387767e-01 -3.839364768715482490e-01
2.099065267196000093e+02 3.317025601269528168e-01 -5.637594519319438113e+00
2.137355304837066114e+02 5.187284439988374407e-01 -5.030453596411924799e+00
2.380296992865454513e+02 4.032987338407669764e-01 -2.080715780182620023e+01
2.761715658170586494e+02 2.250855984785343766e-01 -7.578908955443370843e+00
2.916996831068804568e+02 7.203308290941592418e-01 -3.029041175973203326e-01
2.734241263938215525e+02 6.447926122022669126e-01 -1.717290591679468958e+00
2.013920302306031829e+02 7.630493929363535432e-01 -8.328619801605679385e+00
2.330458006189349476e+02 6.738196197049184377e-01 -2.306664648987947874e+00
2.713768330308099053e+02 5.068370318571775446e-01 -1.666899385909717646e+00
2.745488215361025937e+02 2.874370882311778064e-01 -5.400131538918205187e+00
2.599872299084911447e+02 3.507190046044246223e-01 -3.850707837546707424e-01
2.182641811274288557e+02 7.521934920444914852e-01 -1.094292818986386084e+00
2.701842321096966089e+02 2.682764439509160437e-01 -2.493022018786824834e+00
2.643210863725645368e+02 7.047630299687280830e-01 -9.714583549013979802e-01
2.357457523595641931e+02 6.224688360730500358e-01 -1.324910104466772687e+01
2.587398494504516293e+02 6.905474087568057584e-01 -1.818833903866003410e-01
2.408109349694291268e+02 5.369891482229099955e-01 -7.129619887308332515e+00
2.677043116461844647e+02 1.909008255526986331e-01 -3.109116220787360607e+00
2.557805917186291254e+02 3.113871472735355583e-01 -6.451242078643508460e-02
2.570213342262516676e+02 5.604782969086645750e-01 -7.458628647031978476e-02
2.218607366379449957e+02 7.950576855347888383e-01 -4.981852599447820218e-01
2.111679818854131554e+02 2.485625842602068036e-01 -4.354114141049935327e+00
2.056907845768220682e+02 3.399207602620124558e-01 -7.219343394959947702e+00
2.748734290270921861e+02 3.917710681966725672e-01 -4.529682843606083864e+00
2.228796373643150446e+02 4.848884488305460483e-01 -6.772314324600867685e-01
2.076032557854191225e+02 5.861712400643867005e-01 -6.889904878316430725e+00
2.162712543462890835e+02 6.666276946035252227e-01 -1.975988661542118940e+00
2.579871787485107575e+02 1.129256381258119807e-01 -2.017070967106965040e-01
2.914468521684639768e+02 9.400712664281295206e-02 -3.474064709316680766e+00
2.458967370704383200e+02 5.245859375150625503e-01 -1.066286507397701672e-01
2.615345149444806339e+02 2.340282975389909037e-01 -6.999243253113681673e-01
2.441176118426579080e+02 5.030169189429400944e-01 -6.339925791700928848e-01
2.543418349829442207e+02 4.881600256583425862e-02 -2.775600274979595494e-01
1.995785111071921563e+02 3.201476641395435419e-01 -3.247034299702507010e+00
2.624465972980520405e+02 4.916030483181879629e-01 -1.043047837213362028e+00
2.885889562035572453e+02 5.777591210284446221e-01 -1.828448456563489533e-01
2.303638799385628317e+02 1.607673855692608456e-01 -1.532485908276615405e-01
2.770180836897279733e+02 1.690033517690132381e-01 -8.269745317468652601e+00
2.306627919513306608e+02 1.230337558480204541e-01 -1.321996246235439543e-01
2.129141372455499379e+02 1.074381067617771052e-01 -1.718426434810131243e+00
2.896118549742286632e+02 5.280608851427456285e-01 -2.977867647153142894e-01
2.209887729342083276e+02 5.543585964713453329e-01 -6.960861806783343875e-01
2.036350347882426490e+02 3.129134690842873545e-01 -8.053186687772534214e+00
2.630410488284971393e+02 5.479857984194854703e-01 -1.243621758786241926e+00
2.388840512982318387e+02 1.827280510268829428e-01 -1.951401397890871792e+01
2.650050652254877832e+02 7.396851220543202432e-01 -7.104727846669645075e-01
2.394036211260442997e+02 1.735221645977117399e-03 -9.207103630749224887e-01
2.785665958114042269e+02 1.575256833036733639e-01 -9.169543685389493604e+00
2.943679667958482469e+02 4.791896028411273822e-01 -1.089317980257777263e+00
1.985663908244088134e+02 6.140067094357523070e-01 -1.613044356495172416e+00
2.794054209858178410e+02 2.080009599864391934e-01 -8.565430975114871615e+00
2.188137745566905039e+02 7.860582871957911832e-01 -1.007206502642860046e+00
2.500636526432179778e+02 7.718235659988115227e-01 -5.118787242796539738e-01
2.370400073313469989e+02 2.212902779971221215e-02 -1.714881390045752241e+00
2.345908959220530221e+02 4.236174627099991152e-01 -9.563934262273761533e+00
2.175505369414008214e+02 1.992069966654017033e-01 -4.968655783028061435e-01
2.414896680577595021e+02 2.908326189263487627e-01 -8.399682175095422920e+00
2.449661583050199738e+02 3.812520318594750934e-01 -2.825942679334761953e-01
2.249473544956736077e+02 4.655326408411286088e-01 -6.677221282832047633e-01
2.602780632459296726e+02 6.337295412536838590e-01 -4.491889498089024491e-01
2.324141511372528157e+02 7.319614098860681706e-01 -1.083454556243157008e+00
2.927699257207846699e+02 3.563512456577939691e-01 -1.796950279881076806e+00
2.817211965970543019e+02 4.478183350026093135e-01 -2.515366539571645799e+00
2.661375101691879195e+02 4.547309373249748266e-01 -1.154643620500720891e+00
2.538980443418967923e+02 7.778949587753515305e-01 -1.471397804393954345e-01
2.205515239904765963e+02 3.624764750037543504e-01 -6.536394583691614857e-01
2.294481164328682041e+02 9.615671058910398028e-02 -1.220761457894066343e-01
2.825409497419275908e+02 1.654376580228019977e-01 -7.112337397023357433e+00
2.559877495477534239e+02 4.282463826122375611e-02 -9.737499977322199018e-02
2.146976747408886581e+02 4.682209420138800926e-01 -4.047088380290343679e+00
2.891577903499778586e+02 3.404086384832569201e-01 -6.842948446982974886e-01
2.138475785788144208e+02 3.312433985240612055e-01 -4.401191035452318268e+00
2.806890474891306440e+02 6.393548942346001240e-01 -1.258778920237765941e+00
2.771891043885836439e+02 7.486969108638354964e-01 -1.812554988309797110e+00
2.130722826306644890e+02 5.943500997293349464e-01 -5.207773491059727533e+00
2.715982643091884938e+02 7.967519158262007517e-01 -1.189579297660548596e+00
2.075000963919411845e+02 6.693687758901325502e-01 -6.740555293481268251e+00
2.328712526757701937e+02 2.915037545020519594e-01 -2.382246215664462596e+00
2.195252813835095367e+02 6.785376856487936870e-01 -8.331982643039982372e-01
2.385489964423639435e+02 7.655532824529522884e-01 -1.201859188057224692e+01
2.281936898860402039e+02 4.301854913415711912e-01 -1.601292893188305533e-01
2.953936839829586916e+02 7.223675333546013544e-01 -2.574266660359057490e-01
2.658933783127248489e+02 5.000066094492019442e-01 -9.894284155944552683e-01
2.306731865017296172e+02 7.076362061783754154e-01 -3.297958498331338695e-01
2.790898778652500596e+02 6.423900041864347710e-01 -1.753446170625183598e+00
2.744643677790333527e+02 5.363704141952840843e-01 -3.007056134462921193e+00
2.509029217953309683e+02 6.831909702221858893e-01 -5.965642082048827621e-01
2.720197403454989171e+02 4.358241546846784442e-01 -2.169129798820322197e+00
2.175763001218518298e+02 1.889478649438916524e-01 -3.770019680921932181e-01
2.834757536993419080e+02 2.567323180522141368e-01 -4.445765087406563509e+00
2.840671544142867333e+02 5.151815531092519551e-01 -1.462618829127062314e+00
2.763705785077876271e+02 5.577399419859848662e-01 -3.405228478654614310e+00
2.691392604061496172e+02 4.729167994639246198e-01 -9.847510191028604476e-01
2.571243743832346809e+02 5.649377597631509706e-01 -7.683814035110371476e-02
2.907485800606137900e+02 6.777348626398347134e-03 -1.793505294612924850e-01
2.102839534005987048e+02 3.692003696105450872e-01 -4.998645276097680501e+00
2.033738321045880753e+02 1.696597184959279525e-01 -5.082403669009095459e+00
2.527465969097268896e+02 4.881282997242508692e-01 -4.553005748438663791e-01
2.488513958856672730e+02 4.441119045304722235e-01 -5.691042720256521692e-01
2.475151505220312345e+02 7.129822113421764584e-02 -2.479478450910286014e-01
2.403831589237113349e+02 1.972714603494810925e-01 -1.318012452036754212e+01
2.181064380645123322e+02 2.741263098166326073e-01 -3.613829994876224250e-01
2.621805022528308200e+02 3.080800845687574618e-01 -1.147973248040632166e+00
1.982925186634227259e+02 2.409924336513867282e-01 -8.263547857810752406e-01
2.702059305462762495e+02 4.621826599818326109e-01 -1.238376228916840294e+00
2.607157806795501642e+02 3.301757820247131631e-02 -6.549961337846511855e-02
2.854211117424113695e+02 4.202150460168758150e-01 -1.330398420876188759e+00
2.018636301315262926e+02 2.182039179500278869e-01 -5.963110724360253023e+00
2.535781559877050881e+02 7.817533339793297786e-01 -1.686133954408526592e-01
1.979522984534886518e+02 2.399496824405235873e-01 -6.202858054034181556e-01
2.731968648488791587e+02 2.009617704887136369e-01 -4.264971153310052721e+00
2.452055980617460307e+02 5.507521840586652173e-01 -1.298806380939893923e-01
2.512499998417954430e+02 7.353333494045308782e-01 -5.003358286776597996e-01
2.425620748433269114e+02 1.524873486179751936e-01 -6.232723675904539462e+00
2.541377555687462859e+02 1.430432822210652433e-01 -4.402114734046844169e-01
2.879499240307055743e+02 6.208699401980521948e-01 -2.456194127086676338e-01
2.110609832491131215e+02 5.830498188977498719e-01 -5.542641740960854158e+00
2.584660270465035978e+02 8.809731216861199643e-02 -2.120107567866909293e-01
2.079075926921988469e+02 7.389380729969460271e-01 -6.824964669084149449e+00
2.933096427329576841e+02 3.514876079402078357e-01 -2.004846038752583492e+00
2.209432832889179110e+02 4.139804880223802441e-01 -7.065959540390817084e-01
2.904152157572792703e+02 6.108792579455144534e-01 -3.208334362011953655e-01
2.357492327384172484e+02 1.128919184397775104e-02 -7.992879799257009976e-01
2.940228630286803764e+02 3.655898538635645734e-01 -1.867947593218196367e+00
2.126524971424933881e+02 4.023985695332851775e-01 -4.886199219883684108e+00
2.416236959402213529e+02 5.684628170078808163e-01 -4.100304849364098558e+00
2.752325120397571254e+02 3.894704457473396886e-01 -4.813307105866021729e+00
2.254058726186322588e+02 6.506697285585083534e-01 -4.463601296488959314e-01
2.006140743388733085e+02 5.281480115260841490e-01 -7.883484786668485178e+00
2.221584828716302127e+02 8.652859704497567472e-02 -7.420428734709628715e-01
2.784037769895701331e+02 6.331787162435163763e-02 -6.049324150626240737e+00
2.091122223488446821e+02 3.808922466635562554e-01 -7.748108831556726805e+00
2.263548554505212849e+02 6.577724770385674491e-01 -3.266261508551188686e-01
2.289066541880920340e+02 4.526261755284597399e-01 -1.565376742224023066e-01
2.238322805701591847e+02 5.852790755835584058e-01 -6.918879406811773158e-01
2.339709027223634337e+02 5.110766200075869126e-01 -5.513371595596179731e+00
2.688575789041370854e+02 2.091323159893648809e-01 -2.980481844095446586e+00
2.469619166354885920e+02 5.243219597915611541e-01 -3.277813078766267374e-01
2.494562322466703961e+02 3.239527581654145227e-01 -1.034547242795910593e+00
2.798881947290531116e+02 2.536553037944594413e-02 -2.266314759094939735e+00
2.270852258956388710e+02 2.335256763832166405e-02 -5.413638250183163553e-02
2.344088614152697119e+02 3.033713941894227717e-01 -9.261378929273766047e+00
2.156995319133529279e+02 1.108591606392146378e-01 -1.108549785419199019e+00
2.366849572371032764e+02 5.365952363024904109e-02 -6.384608592825480322e+00
2.382867255206743948e+02 6.307568332505502084e-01 -1.521426780085972297e+01
2.021803287142658689e+02 1.035304459712544783e-01 -2.173730753143357841e+00
2.560692360457548489e+02 4.831343753392967066e-01 -1.026441086656376817e-01
2.296577278003256879e+02 7.871356754862908200e-01 -2.117251778111056693e-01
2.318994738745147686e+02 2.525207182316890342e-01 -8.107584882207948818e-01
1.994576953592620328e+02 1.285571469923909582e-01 -9.506362074100180859e-01
2.047819785669142618e+02 2.702798609105842575e-01 -7.910402231584438226e+00
2.612768592584693579e+02 7.189159675839617014e-01 -3.785340639706243349e-01
2.645912503285204593e+02 6.905991449494247592e-01 -8.987125096793554535e-01
2.870045519390761797e+02 7.018471040404041794e-01 -3.116154114876616421e-01
2.632151010320296791e+02 2.826534810673257403e-01 -1.961045853781747894e+00
2.394395356556249794e+02 7.746694442064705477e-01 -9.648230089647848118e+00
2.672473115299860069e+02 1.131249660986978073e-01 -2.838401843228447685e+00
2.663325510685251629e+02 7.534679783159817790e-01 -3.410454910811299700e-01
2.437426750713404715e+02 3.168640260457150082e-01 -1.890012845098559158e+00
2.452527811670511539e+02 1.493799655802611759e-01 -4.553800481673609402e-01
2.592331857774058221e+02 6.068092631756754063e-01 -2.787302646368934322e-01
2.915564916921234158e+02 3.568366817223849186e-01 -1.404962457393803099e+00
2.199084260523545709e+02 1.274121287642295541e-01 -1.032428698688929725e-01
2.231483151876280999e+02 1.804575546887261517e-01 -1.018266716465123123e+00
2.865416551791090001e+02 7.697730740467778610e-02 -1.569019735383266223e+00
2.062999370407544859e+02 3.977856481394055344e-01 -6.920769796849869593e+00
2.051694547594727567e+02 2.249114575581168118e-01 -6.606826603449427182e+00
2.504959194590038010e+02 4.931599001581927766e-01 -1.013869298004631991e+00
2.218218090396470359e+02 5.404791688736340083e-01 -6.408601441809437249e-01
2.748948011754588379e+02 2.883336583308594436e-01 -5.732834530644279170e+00
2.078278758238717216e+02 3.856047564924537374e-01 -6.926713815600598068e+00
2.851121121895040460e+02 2.073713137920970007e-01 -3.168278544117877793e+00
2.514124575578944700e+02 1.394022506546118423e-01 -1.557573694539507114e+00
2.835309522043348238e+02 1.445980756750373797e-01 -5.682363208692621903e+00
2.528352252538876712e+02 6.618912762723572207e-01 -2.867007588067170265e-01
2.914661934490188173e+02 5.499353428075210992e-01 -5.636914428984389769e-01
2.434221120045998816e+02 3.239156811629320121e-01 -2.805989691667542196e+00
2.546669951707264090e+02 8.760455698755445497e-02 -3.298254268050732629e-01
2.891843902256077854e+02 3.127589159715602474e-01 -7.941611423089242061e-01
2.127751606112581726e+02 2.519491332255953675e-01 -3.826907196311467363e+00
2.930303011955287502e+02 2.463108267569051879e-01 -3.085701886690851214e+00
2.665222562749797248e+02 7.379724248599017766e-01 -3.671210749307984300e-01
2.042451549589293336e+02 6.335631784579315307e-01 -1.046468449977993131e+01
2.391856614647994093e+02 5.216164328939287831e-01 -1.458397954114627026e+01
2.229322345061768544e+02 2.995652439531859001e-01 -8.955495759787779342e-01
2.934850359693338078e+02 2.017023959630616370e-02 -1.369925809276302697e+00
2.556440614957860760e+02 7.861153337473246738e-01 -2.093097616925277960e-01
2.419917715428339875e+02 6.937798127515202307e-01 -2.417639405679314457e+00
2.836659512321946295e+02 3.747207726072347977e-01 -2.901507097504235411e+00
1.974323122262994730e+02 4.228888073690931226e-01 -3.907555561982481440e-01
2.298757722672413593e+02 6.727442900259026359e-01 -2.342749011457419539e-01
2.707983059165140389e+02 6.487188014668721081e-01 -1.084967849072733914e+00
2.207083704007840765e+02 5.332873756302317636e-01 -7.053275117291373242e-01
2.564406734619383315e+02 5.041361067918722627e-01 -9.804475006193355546e-02
2.868356796038908669e+02 2.843003520443739829e-01 -1.598860114846040403e+00
2.020394251518761166e+02 2.305024231384923683e-01 -6.201293840880993002e+00
2.237927680043466410e+02 2.573306506858725196e-01 -1.035740148076681688e+00
2.628635948463156069e+02 5.398685257313913521e-02 -4.526196068696832775e-01
2.186976688505487232e+02 3.330851583032299335e-01 -3.990821667905951053e-01
2.057816280308811088e+02 7.561039815013933518e-01 -7.324359523865229704e+00
2.147503193390892875e+02 6.111028470306686389e-01 -3.789283372435393815e+00
2.276354101920828157e+02 5.786186021777968147e-01 -1.930384824927464382e-01
2.285493137315665990e+02 6.650333679696128764e-01 -1.384732445697719749e-01
2.759886273394508862e+02 4.497963091086851911e-02 -3.204513081250610629e+00
2.773069487932474431e+02 3.414534279036287590e-01 -5.722168652351315998e+00
2.115346398397669532e+02 4.960316649835052605e-01 -5.595130098806166075e+00
2.255234166361958330e+02 4.334104120444143837e-01 -5.082227797388113588e-01
2.173571701466585466e+02 7.012804152513529843e-01 -1.416702033932299321e+00
2.791415717143499364e+02 7.619613428411651235e-01 -1.196782860912782631e+00
2.920541759343936405e+02 1.933300232872683655e-01 -3.334351806730257550e+00
2.676667302350667796e+02 6.032275220742731037e-01 -5.245647256837266958e-01
2.445371059847702213e+02 4.670669633219292627e-01 -4.018508990270101000e-01
2.475864910519637476e+02 7.569058159092378890e-02 -2.534195468598973711e-01
2.726335694446312914e+02 1.764406060468245718e-01 -4.039536808249960309e+00
2.204000274712219607e+02 2.708122862154860866e-01 -5.264746411652717617e-01
2.688882682619926072e+02 6.193194996050542800e-01 -4.634805316946363218e-01
2.004859253722268306e+02 7.696121723676100368e-01 -7.468187765740833761e+00
2.321792756013431358e+02 1.883474034678494224e-01 -1.101076879485741511e+00
2.453722931587127789e+02 6.289470862356206782e-01 -1.030838645757472249e-01
2.575282635056689742e+02 1.220524751528190566e-01 -1.764073403214479197e-01
2.074240417384033037e+02 4.288017381195504685e-01 -6.868450147217625812e+00
2.257393941009854075e+02 1.629936139548022675e-03 -1.103292771266928485e+00
2.012242210062052550e+02 6.564009709052380515e-02 -9.158996016658027539e-01
2.820114298070146788e+02 7.340907544358509229e-01 -7.981807528317427236e-01
2.062662901481172355e+02 1.319331055468603853e-01 -2.275647181084583082e+00
1.998285872559654024e+02 1.693582053909748197e-01 -1.830637509300223398e+00
2.903768476196920005e+02 1.616748002062866063e-01 -2.347117239072480821e+00
2.486186990993004429e+02 7.258074176090549834e-01 -3.382000781288742042e-01
2.160195804410947176e+02 5.582772524473831322e-01 -2.213978034566216557e+00
2.144258597262605690e+02 4.786760313102755848e-01 -4.307680665748812032e+00
2.100225728509256555e+02 4.832675576697095798e-01 -5.682145998049327851e+00
2.344217332316390809e+02 5.172948741912940518e-01 -7.363541967373129715e+00
1.981634290912002427e+02 4.528281441097440352e-01 -8.183180650675498935e-01
2.636699160673049391e+02 2.161195786641322558e-01 -2.195459651021387959e+00
2.865085025858844574e+02 3.455850718389338883e-01 -1.401330844283286803e+00
2.535588716865648848e+02 1.226835480700634411e-02 -1.710410993651221012e-01
2.333752774924850257e+02 8.994116968948839830e-02 -1.855904891929908151e+00
2.678936803889036469e+02 7.921839951271768543e-01 -1.595992688042238705e-01
2.372962855497910368e+02 6.833285456805833213e-01 -1.467123188612108819e+01
2.037186946689124056e+02 3.391144902148763435e-02 -1.243607822185771421e-02
2.728681300930998077e+02 7.129945965889906700e-01 -1.415780063093179830e+00
2.266177080637669690e+02 7.512054088735525825e-01 -3.005340095126078914e-01
2.739702843309518130e+02 3.833090720066673618e-01 -3.726913798859901927e+00
2.643763435577654377e+02 4.157981810158664082e-01 -1.807483950015935648e+00
2.393400004125625742e+02 7.762123245393883764e-01 -9.593274237757807299e+00
2.358420134740550793e+02 5.904044719937812102e-01 -1.377844667824011005e+01
2.425920202030040969e+02 5.741211962458147022e-01 -2.220550810843503253e+00
2.950713194745853230e+02 1.042173704902222831e-01 -3.671922886558444787e+00
2.777706561536194272e+02 6.479811232934080678e-01 -2.096508263042022868e+00
2.801365998047915582e+02 5.920969319003480669e-01 -1.746464007150096309e+00
2.875812140835506625e+02 3.099151147555613828e-01 -1.072984133368442228e+00
2.582710966720742931e+02 2.389614905776046294e-01 -9.259288917037415689e-02
2.712333669153392179e+02 5.647964542551824341e-01 -1.368758690859239291e+00
2.382669856472610945e+02 1.539178810528911145e-01 -1.932104772947360161e+01
2.594716031023792766e+02 3.634287813180636650e-01 -2.784832823472982444e-01
2.405399393300098438e+02 7.040747606381921875e-01 -6.170401944461497479e+00
2.313469988030005879e+02 4.475922906644680954e-01 -5.761175014077175582e-01
2.652450725840296855e+02 4.040891157555219215e-01 -1.555766428663619472e+00
2.605746468184173636e+02 5.833848688603487931e-02 -1.317601931415945393e-01
2.183770821135290987e+02 9.828578067534043949e-02 -2.102593859229842377e-01
2.467752415126680603e+02 2.093353170735000879e-01 -2.247903657450531223e-01
2.124114572812326287e+02 1.194065940875196213e-01 -2.242837463705354306e+00
2.807193720979157661e+02 3.974038492952527979e-01 -3.523200239962429592e+00
2.618122817967644664e+02 3.575481548469160442e-01 -7.881098482090309609e-01
2.343321594028949164e+02 2.792622124995096100e-01 -9.362696538542387259e+00
2.097487589893051734e+02 2.643612790132520915e-02 -1.472993965386011794e+00
2.500994708823406825e+02 4.623137293044884411e-01 -1.052296874552547168e+00
2.410782712980430063e+02 6.435560330133514029e-01 -4.463660752233059803e+00
2.345671308478367791e+02 3.379821740475883463e-01 -1.042041591986882132e+01
2.427143076597790241e+02 1.906861134860337037e-01 -5.658811362683651147e+00
2.332564724831178751e+02 3.270230171722189882e-01 -3.431135775481823469e+00
2.331202013968748190e+02 3.173714761130535522e-01 -2.854938537784400321e+00
2.368373952068626522e+02 2.554641314396801088e-01 -2.241696432379142578e+01
2.420201166392065488e+02 1.412778989578928890e-01 -7.155630421808404584e+00
2.402121441902560548e+02 1.649262176801247204e-01 -1.349636261859717479e+01
2.377567695381917474e+02 1.920822542472053196e-01 -2.186597109396605276e+01
2.394218006111893260e+02 2.297717194806689622e-01 -1.901400440917257839e+01
2.389782132679128495e+02 3.529411718442578838e-01 -1.992020142781207426e+01
2.345833772954336780e+02 2.257614531177119521e-01 -1.045925939785110792e+01
2.370232100122367740e+02 1.673581850829082562e-01 -2.020115017575251315e+01
2.370179057051474842e+02 2.512601624396980649e-01 -2.273629535684587566e+01
2.356167426902341617e+02 2.958434499615970603e-01 -1.751822757163771271e+01
2.359874428833695390e+02 3.954845442534056232e-01 -1.844463692501529195e+01
2.310222701475746021e+02 2.612369338357089510e-01 -3.718889544200540409e-01
2.342311905121236464e+02 4.305795686924510091e-01 -7.128756584938077623e+00
2.383333232345863451e+02 6.098933398381407578e-01 -1.529768558290032665e+01
2.048266388030274356e+02 5.199348898678304298e-01 -1.021527418154338207e+01
2.296052902007000114e+02 3.054518365516771805e-01 -1.643399942106787970e-01
2.744348702921138283e+02 1.159717277043379041e-01 -5.276454251275332297e+00
2.281176825721371415e+02 2.791319564372374828e-01 -1.460068496231801682e-01
2.427790006199809909e+02 1.991903417775305607e-01 -5.652609619262184637e+00
2.406908833175008340e+02 2.321072876115864436e-01 -1.234700362669159013e+01
2.364531607482446134e+02 2.545746707985356849e-01 -2.133656694861923597e+01
2.376929694423320143e+02 2.592093344750407979e-01 -2.315047962405375159e+01
2.357238982281496078e+02 5.187388614530378250e-01 -1.517061844188293485e+01
2.429467645500382389e+02 4.079813731731851134e-01 -3.086464854371278932e+00
2.382413944438450244e+02 2.154100466999069319e-01 -2.208158523458902778e+01
2.440022494749025270e+02 6.253190779661580434e-01 -5.918622644343289885e-01
2.368313233376378548e+02 3.944331413482889404e-01 -2.083529564162418879e+01
2.474176145948972021e+02 6.127989640754542000e-01 -3.534772281030417740e-01
2.004061048220638668e+02 3.010022182171742111e-01 -5.645549632444605059e+00
2.375942107420846412e+02 3.174843224537807207e-01 -2.277867203316863254e+01
2.375178915430785480e+02 1.595802020023675827e-01 -2.009706087461998791e+01
2.381010293375966285e+02 3.987900602271114980e-01 -2.092088801570953294e+01
2.369156371807876837e+02 1.345446184201413709e-01 -1.735170814380872173e+01
2.304479546564148791e+02 3.460910081471605948e-01 -2.806483683378984129e-01
2.195765819599500333e+02 1.945517876590243944e-01 -1.742448107827676840e-01
1.981574645585032215e+02 6.623796794498463258e-01 -6.752099972902491087e-01
2.388206899150769686e+02 1.602256452863138059e-01 -1.896452126740293664e+01
2.379147673916896224e+02 3.445948791780097942e-01 -2.225138228049154776e+01
2.171069575842418544e+02 2.271798769515934527e-02 -9.268443596093302039e-01
2.392585841670689319e+02 2.176988286319942734e-01 -1.879611263504923357e+01
2.397512935444062805e+02 3.446473525912131519e-01 -1.588418158027826443e+01
2.369357206917391920e+02 3.405294782740212467e-01 -2.182206571790647942e+01
2.387346989025519406e+02 3.115345934953153151e-01 -2.126979366032806951e+01
2.001968150038627243e+02 4.826456861225860151e-01 -6.301526341275902610e+00
2.343384371821089474e+02 5.543060110706804489e-01 -7.027599604673472555e+00
2.380600588421717418e+02 2.510885715484619252e-01 -2.285594433660692459e+01
2.365428898993109215e+02 2.521194388377500650e-01 -2.127987913018711907e+01
2.374453908384600425e+02 1.931757198317967106e-01 -2.187288649410612607e+01
2.385351690690140742e+02 2.213755369186401478e-01 -2.181266207430002879e+01
2.379324210884110471e+02 3.586418628692626953e-01 -2.198593051101640583e+01
2.384818938697736712e+02 3.088495551477945522e-01 -2.185573521768868588e+01
2.375069518802525579e+02 2.039914369583130105e-01 -2.224277843937710841e+01
2.401160666700066031e+02 2.579464706941779761e-01 -1.438880047149600472e+01
2.366936186277906700e+02 2.169061435702827056e-01 -2.135875117616312480e+01
2.362758257643581601e+02 2.743257045745849942e-01 -2.064630939771109652e+01
2.507304215882897438e+02 5.887768721856766474e-01 -7.833253210385606735e-01
2.365028983042035975e+02 3.666274547576904297e-01 -2.042915050450458025e+01
2.393580156076311880e+02 2.958892345428467130e-01 -1.888936333676032220e+01
2.387588154597850121e+02 1.710342122435977996e-01 -1.957902956378325499e+01
2.385598946523278698e+02 2.139514211533703192e-01 -2.166287194915090453e+01
2.377948250237129741e+02 3.272454751592534516e-01 -2.253727317207991021e+01
2.362051000359787736e+02 1.892723310377981139e-01 -1.914341977028633934e+01
2.367305639025663879e+02 1.628343761551158397e-01 -1.904978990173029985e+01
2.381377493083562342e+02 4.730956554412841797e-01 -1.913822663362324761e+01
2.375833176221243548e+02 2.407922468407686090e-01 -2.298681082607132353e+01
2.382042617946675875e+02 1.408368644392989644e-01 -1.852362737510634361e+01
2.368971828588699964e+02 5.153192996978760432e-01 -1.805321925341323919e+01
2.396478777301999230e+02 2.499031375253751852e-01 -1.806169615852482124e+01
2.362849498001014297e+02 4.529549121856689675e-01 -1.805659198631305884e+01
2.636598805864060182e+02 1.735445834133258758e-01 -1.906589794112544922e+00
2.387299042438528147e+02 2.846817743946542523e-01 -2.153593671198268922e+01
2.381001890715600382e+02 2.642966001152682320e-01 -2.289423044489408809e+01
2.377061177461291663e+02 3.964940801972933748e-01 -2.127242582105050062e+01
2.366518956071041089e+02 3.669777631759643666e-01 -2.098142437315683750e+01
2.375747326478504249e+02 2.644910973976929980e-01 -2.312437068273113994e+01
2.376265101709237229e+02 3.101581965292037335e-01 -2.287287037064450956e+01
2.382608259060733076e+02 2.428164243698120173e-01 -2.249988880947718783e+01
2.370709912864580815e+02 2.570390974048230026e-01 -2.275763184588426569e+01
2.372395331616948511e+02 3.440138302864755304e-01 -2.226916298277519246e+01
2.365677817682680484e+02 2.913816041405531965e-01 -2.197998024210310675e+01
2.371271740063117477e+02 3.448957161731777132e-01 -2.205173690514783047e+01
2.384324646464389730e+02 2.383753992981051395e-01 -2.203421791989745060e+01
2.371690301470934799e+02 1.526394652691661358e-01 -1.917716684801160199e+01
2.374128392816592736e+02 4.072203044773668457e-01 -2.104240923434281640e+01
2.385511262576668798e+02 3.019914379706249430e-01 -2.195184207161011258e+01
2.360587655304339876e+02 3.633872303507303947e-01 -1.895863975057176987e+01
2.378479273991806053e+02 1.611073062333637784e-01 -2.021447914420060243e+01
2.367006164156091756e+02 2.726918876828905991e-01 -2.198389863071091810e+01
2.381677199485523602e+02 2.453793837500097830e-01 -2.282675014281802461e+01
2.369908777059071951e+02 1.866534194885053344e-01 -2.121051330750532671e+01
2.378547640784778991e+02 1.733736583756224914e-01 -2.094868630893223127e+01
2.379437295237256080e+02 4.582486152648925781e-01 -1.947493527458182072e+01
2.390729754486599745e+02 3.748166988760550655e-01 -1.861103105271564573e+01
2.372429259701191597e+02 5.164687156677246760e-01 -1.835367447140673391e+01
2.382476860756073620e+02 3.131380882567856849e-01 -2.222927900504295096e+01
2.378034074580559718e+02 3.026363134384155718e-01 -2.286461939124336240e+01
2.382088406932658131e+02 2.492122284475226657e-01 -2.253758565268267944e+01
2.374200696591888402e+02 2.474296207609531228e-01 -2.306823156742159853e+01
2.380409084110142146e+02 3.031264532587729099e-01 -2.266246496808232180e+01
2.378790560757952051e+02 3.820946693420410600e-01 -2.149182580155963862e+01
2.370606803104708433e+02 2.413935195044910054e-01 -2.263564941462223246e+01
2.369463169889467622e+02 2.824407034919790283e-01 -2.241294085553477089e+01
2.376437056383973925e+02 3.284288660561501261e-01 -2.261815364787937099e+01
2.375869122141544381e+02 2.277192219895334269e-01 -2.280310250487288926e+01
2.380858824204791233e+02 4.494826793670654297e-01 -1.971019298666822195e+01
2.372471941116181142e+02 3.573234796524047963e-01 -2.202708499980820989e+01
2.379191439779539508e+02 2.077188007443183659e-01 -2.234295283105944208e+01
2.370004467357573787e+02 3.421160529080056190e-01 -2.212191882850315139e+01
2.373029243565131310e+02 3.274074077606201616e-01 -2.252705098268161521e+01
2.374262909817968534e+02 3.158400774002075306e-01 -2.279614522453117686e+01
2.372204639169755751e+02 2.979431055740370815e-01 -2.288755789889566472e+01
2.377638317129116103e+02 4.069485187530517689e-01 -2.091850952929122087e+01
2.376392245793674647e+02 2.836991548538208008e-01 -2.311182888797028312e+01
2.365503306455863708e+02 3.057368414268290535e-01 -2.188314562404831065e+01
2.375344334324133513e+02 2.656749728836246827e-01 -2.312978153320100105e+01
2.381427808605633629e+02 3.411328195873746250e-01 -2.211933105224165885e+01
2.378591098289800811e+02 3.214240567702535412e-01 -2.262861150447617931e+01
2.372153836422458255e+02 3.653034246691866382e-01 -2.187628392429197532e+01
2.379435705820760916e+02 3.634317690156831926e-01 -2.189070596169181115e+01
2.368111406667359233e+02 3.228395290463175193e-01 -2.210757741994652648e+01
2.376802727150621308e+02 3.223312147630338353e-01 -2.270959702411773762e+01
2.372315536200758004e+02 3.477949223407840740e-01 -2.220390244682849357e+01
2.371850734781979781e+02 2.778819172070052246e-01 -2.301259327735995797e+01
2.373198884997256073e+02 2.866244688867216062e-01 -2.295330481623964047e+01
2.380972251543938114e+02 2.452778464332376063e-01 -2.282107250383883112e+01
2.365144071620779016e+02 3.334780499165603818e-01 -2.094202856098633347e+01
2.377537985406229382e+02 3.062850420519625527e-01 -2.291599523241012903e+01
2.375173655563517059e+02 2.952526330947876088e-01 -2.301030024676579444e+01
2.381617353819041227e+02 4.057627603161685359e-01 -2.043042810122646813e+01
2.380357599797162038e+02 3.005601495364367270e-01 -2.268931102705518299e+01
2.382713836390000210e+02 2.686774019484357012e-01 -2.258372933278581485e+01
2.378337654539427888e+02 3.314005226878086185e-01 -2.247347402820433260e+01
2.370424165804030281e+02 3.398981485972100147e-01 -2.215036140464341230e+01
2.377918714731544014e+02 2.748146276794810605e-01 -2.306356264422452540e+01
2.373439180832504292e+02 3.966128232976249279e-01 -2.128791724560862164e+01
2.375255478743071649e+02 2.735222179804403519e-01 -2.312505970689475276e+01
2.373917903825365556e+02 2.306405938795650090e-01 -2.287715164806816048e+01
2.375106966661824401e+02 2.218775381149501458e-01 -2.270330694397947724e+01
2.371887386907014275e+02 3.677361703071295174e-01 -2.183086266661756980e+01
2.379092814612428697e+02 2.945229681580817105e-01 -2.294827474419350821e+01
2.385800089976056029e+02 3.295533895492553933e-01 -2.158670220348291835e+01
2.383491766990820508e+02 2.773629040439740123e-01 -2.257016620719750577e+01
2.374350625288294907e+02 4.108296324643297415e-01 -2.095769582028098199e+01
2.371566617701332973e+02 3.797176347363412363e-01 -2.158771161726956933e+01
2.380603663341461242e+02 2.166497257712840241e-01 -2.239821206878435333e+01
2.376336973903546834e+02 2.697544891071375628e-01 -2.316013597875506491e+01
2.375952072522533456e+02 2.578808655560984597e-01 -2.315119300981432815e+01
2.376622576193771295e+02 3.290210208800472547e-01 -2.260878487319466146e+01
2.380248920094465461e+02 2.031250584930645864e-01 -2.203803498799044647e+01
2.379747095113552859e+02 3.345433746200452418e-01 -2.221191364700802495e+01
2.381296621269842717e+02 2.352340143053097410e-01 -2.272234446527807705e+01
2.374411548255837658e+02 2.961558096924181704e-01 -2.300930958591221653e+01
2.378612111151711304e+02 2.343880341934224676e-01 -2.288783510717959402e+01
2.374926682337899990e+02 2.997824489818067817e-01 -2.297213522258012475e+01
2.370956180460921701e+02 2.645880666538761861e-01 -2.277691135466077554e+01
2.380118214237230063e+02 2.924420564553839585e-01 -2.276320860367860277e+01
2.377536093627658147e+02 2.930905839207372798e-01 -2.304416454811707027e+01
2.380298978528769283e+02 2.318613540586258459e-01 -2.267170567937238346e+01
2.372813559915387600e+02 2.445014507486363287e-01 -2.290167430441857022e+01
2.378124153000146066e+02 2.769816785799898429e-01 -2.305659030476824256e+01
2.375408645565890424e+02 3.303611755371094194e-01 -2.257979182474723245e+01
2.374682791559768020e+02 2.928220107561436691e-01 -2.303417742315716765e+01
2.381833687072571024e+02 3.214892612868741617e-01 -2.244256161218971002e+01
2.370743089670669406e+02 2.979595267054320762e-01 -2.266831200270000579e+01
2.373853254505700363e+02 2.858113664972643519e-01 -2.308934267534047891e+01
2.383130143220705861e+02 2.745078997892087536e-01 -2.257550769550136494e+01
2.375404462042990872e+02 3.070577783959733686e-01 -2.289317261953014437e+01
2.378052740691826159e+02 3.053099116035986604e-01 -2.283519864801393240e+01
2.378382799545154285e+02 2.558589598469169224e-01 -2.306314383908008026e+01
2.372925783062507321e+02 2.681058041173809414e-01 -2.300952976898636848e+01
2.377738540443398279e+02 2.759156185875220046e-01 -2.314129865705532296e+01
2.379083137091126900e+02 2.701838173036685276e-01 -2.307788036892797834e+01
2.377351096345939823e+02 3.017941013449125798e-01 -2.296469192994621267e+01
2.376723969283507074e+02 2.369545965561020151e-01 -2.299064494637708478e+01
2.376653320839670016e+02 2.831765511231366661e-01 -2.311391981668178275e+01
2.377867505665051908e+02 2.663453845280881471e-01 -2.307858723091034037e+01
2.377087248623923017e+02 2.808454174108580004e-01 -2.312431537760602041e+01
2.375928530816984221e+02 2.553248393823104312e-01 -2.314216999373183725e+01
2.373264440091038523e+02 2.972105681886376138e-01 -2.287800499753229744e+01
2.375794795039116707e+02 2.932638095817940993e-01 -2.304705403621282400e+01
2.376527063320175728e+02 3.073339797969713016e-01 -2.290592805864412185e+01
2.374278353703597872e+02 2.558066674304996235e-01 -2.311748072958563327e+01
2.374992141899091393e+02 2.913809968769903169e-01 -2.304226211865518792e+01
2.375481187699288341e+02 2.741913004128390674e-01 -2.312131145421279754e+01
2.374912176701575675e+02 2.964746349410645188e-01 -2.300222858783181934e+01
2.378994284061070630e+02 3.012731781701761258e-01 -2.288334254107320476e+01
2.375447406640432177e+02 3.541217734846771048e-01 -2.216816944997930250e+01
2.375385504191757491e+02 2.850488939216059836e-01 -2.307949879879027577e+01
2.376557543116128670e+02 2.760513980975189408e-01 -2.314521352335746940e+01
2.375203775804527879e+02 2.792850148299220736e-01 -2.310849251253208791e+01
2.379072176139752059e+02 2.414126638236494815e-01 -2.296824713455196232e+01
2.373999906440867846e+02 2.941488363952771135e-01 -2.302960521906978997e+01
2.377040577238306014e+02 2.995176172986966923e-01 -2.298811693285961155e+01
2.374756525344795932e+02 2.373656984543166260e-01 -2.296065400468814843e+01
2.377227815612463644e+02 2.554016409650571306e-01 -2.313613875203954251e+01
2.376018086209194280e+02 2.805962819411415010e-01 -2.312887359619813665e+01
2.374853061092636892e+02 2.623194212680184934e-01 -2.313096386282276384e+01
2.377409472910953241e+02 2.497960447565403808e-01 -2.310554848401891093e+01
2.376690719723014524e+02 2.663416748469920048e-01 -2.316080358010475138e+01
2.377617307682536136e+02 2.787963793660999112e-01 -2.313140935807767917e+01
2.376712559823908464e+02 2.877239894166171985e-01 -2.308618435592996931e+01
2.375547533868768255e+02 2.876685030987783942e-01 -2.306242606315825938e+01
2.375278977740645416e+02 2.780089700266596964e-01 -2.311242947782529100e+01
2.377552200560023437e+02 2.529690977663683893e-01 -2.312314830808445265e+01
2.376970506659756666e+02 2.749506645091633339e-01 -2.314711311389260828e+01
2.377500561309803118e+02 2.878987363384425402e-01 -2.308269578953565215e+01
2.375087312962467081e+02 2.641021768147408522e-01 -2.313111584023373268e+01
2.376461679508511224e+02 2.853268105862021842e-01 -2.310216881637097330e+01
2.376892430311659723e+02 2.828361702193881722e-01 -2.311499918797637321e+01
2.376415445235711559e+02 2.833768489076548547e-01 -2.311354366595502796e+01
2.376631919847251311e+02 2.606991698647836975e-01 -2.315534390050536828e+01
2.374828490152035556e+02 2.562566219434290749e-01 -2.311323672536105533e+01
2.375464324427932752e+02 2.862347559677610453e-01 -2.307195288116683685e+01
2.376431608704251346e+02 2.536416498567907185e-01 -2.313229479227883090e+01
2.376164307234105308e+02 2.539376243770912200e-01 -2.313500090794306274e+01
2.375429287696132121e+02 2.796558081281195762e-01 -2.310481234119188798e+01
2.376925828613155431e+02 2.599824592983646099e-01 -2.315241979127194583e+01
2.375994263652202676e+02 2.792127313910833797e-01 -2.313514482490759150e+01
2.376290827670471799e+02 2.850207815800864797e-01 -2.310449039548257133e+01
2.375483441270828564e+02 2.604048815522187477e-01 -2.311981181364549087e+01
2.539691864651639150e+02 2.542644165391789168e-01 -4.366437830663834618e-01
2.059983451463888287e+02 6.609307013742335979e-01 -7.354947501959326672e+00
2.872282476568102538e+02 7.647984970341390465e-01 -2.082228598522303242e-01
2.811134681139815257e+02 5.790355045150903379e-01 -1.458762846421988169e+00
2.052675573199831831e+02 3.114043156422526826e-01 -8.022881165160979933e+00
2.286408731058074579e+02 7.430876859486645891e-01 -1.349051367071112950e-01
2.820647835675208057e+02 1.163810653217793728e-01 -7.382039464411686680e+00
2.115740254965825784e+02 4.822592183150546941e-01 -5.580446997977897006e+00
2.312306240714835326e+02 2.580406531946046744e-01 -4.409311835925843193e-01
2.086697091453104349e+02 5.904656653759767782e-01 -8.165147626851011253e+00
2.377656345899593191e+02 7.943851002767517988e-01 -1.248431995422247631e+01
2.828954198993006912e+02 8.735112055602906045e-02 -5.721221858796256221e+00
2.346607631320223106e+02 6.254236567638284949e-01 -8.354597859760611200e+00
2.580315460556184917e+02 5.099576559144419763e-01 -3.328930555863979929e-02
2.243804386211749318e+02 3.758569065955227884e-01 -8.740067320346842639e-01
2.633103607202605190e+02 2.686110352002915591e-01 -1.960595077139741571e+00
2.413600209186039933e+02 6.206317609405704872e-01 -4.114320216505014116e+00
2.247049389677441695e+02 7.812485016209846922e-01 -5.511943029390709015e-01
2.360926783200210082e+02 6.122988697562232741e-01 -1.481813233225097903e+01
1.989212835130588815e+02 5.253070821183952743e-01 -2.447571014038775861e+00
2.027858227763546495e+02 4.207268123156863715e-01 -8.909928337416872068e+00
2.917013368154987347e+02 2.862175846197166917e-01 -2.117930437487375084e+00
2.752070428863852385e+02 4.053086847002121407e-01 -4.639270217311499245e+00
2.211943550021541967e+02 1.091491996349386179e-01 -4.742971817469103790e-01
2.677665575281482688e+02 7.838794537409954355e-02 -2.512233353518999124e+00
2.787755280636667408e+02 2.265685517307534091e-01 -8.159454598691644023e+00
2.506448063872228431e+02 6.403514571507020747e-01 -7.111482313076139539e-01
2.697491205920623543e+02 2.097348041871350266e-01 -2.907530827671992668e+00
2.137219206282217669e+02 5.507016470263801367e-01 -5.054364984799727623e+00
2.489072642999690288e+02 3.767143267592631406e-01 -6.243158919497538983e-01
2.560603684849786532e+02 5.340873367370798652e-01 -1.279834218559791625e-01
2.747528508670151837e+02 6.880923423797827843e-01 -2.357095112394205660e+00
2.271365990322211701e+02 1.374118747609553159e-01 -2.342121718017519671e-01
2.855862056121774799e+02 6.995389649459045067e-01 -5.172274548003186201e-01
2.900319244794299038e+02 1.338274089931817401e-01 -2.203475624958751045e+00
2.950934824324538113e+02 3.933226634808340005e-01 -1.244984450826965627e+00
2.550831224386823806e+02 5.924345027064690239e-01 -1.745246998674447603e-01
2.158143814665605476e+02 3.527518562825102677e-01 -2.205143493797344867e+00
2.074127748374692715e+02 5.172101728383033947e-01 -6.927292798152330455e+00
2.941417457255365662e+02 2.947503202198106242e-01 -2.545928605617820750e+00
2.226186396029152945e+02 3.261522530926233010e-01 -8.295034563010492690e-01
2.597504403118948062e+02 7.240743080612528360e-01 -4.019775346120721404e-01
2.190102919893139983e+02 4.734113768402252176e-01 -6.256624490526752069e-01
2.336478113906719045e+02 1.573374256872474841e-01 -4.166536105441181803e+00
2.369763647648012750e+02 3.694977446659677284e-02 -3.803423403200166142e+00
2.543932579983448932e+02 4.475935177076612037e-01 -2.430162142952977944e-01
2.185315120438614827e+02 4.315532774636803709e-02 -4.903318227960548059e-01
2.279400372156375170e+02 1.259380287935585041e-01 -1.921220960824968904e-01
2.684002404533523531e+02 7.536570473310031382e-01 -2.103373610360684542e-01
2.038894129857291944e+02 4.495567545781066210e-01 -9.434902570161824542e+00
2.929636210730510015e+02 7.859632987563701656e-01 -3.363235218057248344e-01
2.845462180913791030e+02 1.751578336513603951e-01 -4.138208414453627526e+00
2.705644308087589138e+02 1.846172198180835999e-01 -3.183901571850540790e+00
2.003756383076708687e+02 4.107407309621375902e-01 -6.545854156720670503e+00
2.325558498931294196e+02 3.852171201227426178e-01 -1.918889261679736169e+00
2.785194328434834574e+02 7.113512550056768635e-01 -1.532700537938455509e+00
2.445231644304464567e+02 6.303672951235179955e-02 -8.957289044191844019e-01
2.609492614058645472e+02 2.341203636688665990e-01 -5.351703490786156037e-01
1.977727055461760131e+02 5.496019792150443062e-02 -3.073876088624566405e-01
2.660259342917305503e+02 5.647176193043117465e-01 -7.844065296704575418e-01
2.628617716583560195e+02 2.160963596394258335e-01 -1.512973941439334391e+00
2.411567467717080433e+02 5.748260707798932279e-01 -5.130153471678476684e+00
2.523438176685450856e+02 4.570851572296493193e-01 -5.380687127020422622e-01
2.205294276216444018e+02 3.677214963718609120e-01 -6.571344137638621685e-01
2.092607752090408724e+02 6.842601790539467599e-01 -7.347719456523996051e+00
2.297505970179391284e+02 3.342601512212268755e-01 -1.898120406954700579e-01
2.512107492839485872e+02 7.510711638871586660e-01 -4.831240561514594245e-01
2.857964909722669518e+02 5.533870807214612553e-01 -7.717422685092067969e-01
2.891901322528721039e+02 6.360579659002230102e-01 -1.456144485784023612e-01
2.734458167688305821e+02 2.768315327569656481e-01 -3.934030792178687008e+00
2.124729770445897827e+02 7.281844371457459886e-01 -5.501852522185235017e+00
2.713196848942557153e+02 1.635783631483829215e-01 -3.536328352955357968e+00
2.223046992383775660e+02 9.204989512788582656e-03 -3.846631269350496152e-01
2.134574235122328503e+02 3.159254653184660477e-01 -4.341393553888781121e+00
2.653482567505661223e+02 6.952306687709558682e-03 -7.480940142749597892e-03
2.468706314078678474e+02 6.063154193729037855e-01 -3.034913746265604506e-01
2.424714677789952475e+02 6.723383624878979115e-01 -1.990979723407849677e+00
2.500398911115069893e+02 6.674231436625945868e-01 -6.497849433793857488e-01
2.434295274716477024e+02 1.984004947481889936e-01 -3.694517057681915961e+00
2.257270353839039672e+02 1.796802824663767950e-01 -5.236069772834239799e-01
2.018866597930149851e+02 9.945562415125328015e-02 -2.032163388496546208e+00
1.992152803629071514e+02 7.683172650873183462e-01 -3.790070514547299929e+00
2.150426698359633804e+02 5.039999845374448784e-01 -3.523418892981062367e+00
2.647042520633625600e+02 2.414604754542273024e-01 -2.254592883233241363e+00
2.612240033131023438e+02 2.646404292281389140e-02 -3.228392254426053209e-02
2.452929493035098858e+02 3.036925235095778164e-01 -2.621478786684327544e-01
2.880560697223511397e+02 7.182368170678419261e-01 -1.224618377778986800e-01
2.176256289982595149e+02 4.307582900606586884e-01 -9.415231298331742105e-01
2.035616523520358783e+02 4.946229052915788182e-01 -9.404379041310045650e+00
2.324013444511689386e+02 3.401149323921192069e-01 -1.613791345972849456e+00
2.386333113487737592e+02 6.525243844430766993e-01 -1.404208858102264124e+01
2.804341669803662853e+02 5.402948898366615182e-01 -2.005071251901572094e+00
2.101186136354599796e+02 2.062460930307561391e-01 -4.369034477361341651e+00
2.908727954139669691e+02 3.500897787870339561e-01 -1.244390397376684776e+00
2.775750086919668433e+02 6.585428894475997552e-02 -5.580995632808551044e+00
2.479091531037190634e+02 4.322527729182081280e-01 -4.773743115563793271e-01
2.725140459894168998e+02 1.843989786666489980e-02 -5.626972079280392336e-01
2.394820506543962892e+02 8.801800374348926759e-02 -1.051392147974893199e+01
2.767219494583298456e+02 1.463873652509412870e-01 -7.933089789203306097e+00
2.572534053886671472e+02 4.710837428549942141e-01 -2.149228565799338186e-02
2.379555082136643307e+02 2.244922478531173327e-01 -2.273169657084645934e+01
2.382460211781665578e+02 2.962653471437010633e-01 -2.242085976840337480e+01
2.368883599544071217e+02 2.678134949168202716e-01 -2.244536230254446352e+01
2.372904794790947562e+02 2.626668745252331294e-01 -2.300359839569313891e+01
2.369106008867687194e+02 3.223422197064161887e-01 -2.208793308754328066e+01
2.378751928183400537e+02 3.025687291230165776e-01 -2.286864165743415711e+01
2.376833041823583983e+02 3.378430508610699157e-01 -2.246434196755940960e+01
2.383609240127178452e+02 3.338371025156379734e-01 -2.194064069326256572e+01
2.373213979882910394e+02 3.469968318939209428e-01 -2.220689324634629003e+01
2.378518004456529411e+02 2.842022567874737393e-01 -2.302231356797434358e+01
2.376291660292049528e+02 3.836892604827881192e-01 -2.155774386685258648e+01
2.381175269248281268e+02 4.051369503550019679e-01 -2.077683020331447850e+01
2.372009819000428479e+02 2.483628724344070227e-01 -2.294944899580096376e+01
2.380479262640872662e+02 3.142869542296271579e-01 -2.252745152109202564e+01
2.374686472513973854e+02 3.547702216137202380e-01 -2.216047950724092530e+01
2.380002380582374144e+02 3.675874353861036115e-01 -2.159037831756523573e+01
2.375782624537752952e+02 1.996763192661143438e-01 -2.208972757006558396e+01
2.375591865817091843e+02 2.008617327480697323e-01 -2.213301909577248594e+01
2.387997246390157784e+02 3.463871002197265736e-01 -1.996941109866912356e+01
2.372162024373443217e+02 3.395865942074040023e-01 -2.234716077915507881e+01
2.380703915872523737e+02 2.597843445382866934e-01 -2.288720350020059868e+01
2.373617801729205610e+02 4.022544898693149462e-01 -2.115879217938717005e+01
2.374847904152746310e+02 2.273746388375448291e-01 -2.281093832847873415e+01
2.371321061601829854e+02 3.984815792469714735e-01 -2.099441870832127321e+01
2.386216756396018752e+02 2.584207057952880859e-01 -2.158328561031176562e+01
2.371350969645577607e+02 3.056032094393227871e-01 -2.258673868815549568e+01
2.376782761100978405e+02 2.881723642349243164e-01 -2.308295726260961800e+01
2.372756017081246114e+02 2.413397689325046669e-01 -2.287045654098126590e+01
2.374801965257507277e+02 2.636757422050250987e-01 -2.313364879633183335e+01
2.378434091866081985e+02 2.328883756299501562e-01 -2.286764253198820995e+01
2.375964436964796676e+02 3.214727699275337636e-01 -2.272274738969683838e+01
2.381305325692341626e+02 2.678011028214938305e-01 -2.289540092420561734e+01
2.372527365443311282e+02 2.572539091110229714e-01 -2.299310435125428143e+01
2.366511542957437371e+02 3.308551251263496251e-01 -2.156490755772810175e+01
2.380473098162906922e+02 2.276927639755235155e-01 -2.260981750453623107e+01
2.373295869026535740e+02 3.822785369396839439e-01 -2.151463070046682091e+01
2.373621968809888187e+02 3.494345607922909602e-01 -2.226638603208118283e+01
2.378808884742299483e+02 2.992304379910949996e-01 -2.290325269054262591e+01
2.377711186100796112e+02 3.052227735519409402e-01 -2.292745055184666469e+01
2.378075916840917330e+02 2.603135209460244459e-01 -2.307464245292752736e+01
2.376796306511621708e+02 2.041525330957147111e-01 -2.229833145152954899e+01
2.382522984147872762e+02 3.486073831463702977e-01 -2.165939359846333900e+01
2.375256360041732364e+02 2.319077594300271439e-01 -2.287926015995118689e+01
2.377344996898380600e+02 3.609604768922292650e-01 -2.203561124489685596e+01
2.376567430330229911e+02 2.820444379502857202e-01 -2.312012636700060497e+01
2.380430887538462912e+02 2.851466121522218677e-01 -2.282083587610226871e+01
2.376472098069722847e+02 3.776852886613866755e-01 -2.168834734519177943e+01
2.371237711405898949e+02 2.274039301830784732e-01 -2.241382674163545730e+01
2.383474136483375503e+02 3.880392806253930571e-01 -2.086845406645348788e+01
2.373966471136760958e+02 2.546289570206005659e-01 -2.311563070790248986e+01
2.371562657738436144e+02 2.935349570149437537e-01 -2.268401838641580426e+01
2.370814822697103352e+02 2.561997913727903087e-01 -2.275102787885920819e+01
2.374296687120092599e+02 2.803051143270146039e-01 -2.311312204244558188e+01
2.377107019804219590e+02 2.869892598131656425e-01 -2.308987982145708528e+01
2.373228096555171476e+02 3.019357231708175160e-01 -2.283617706056410057e+01
2.376995726838243286e+02 3.130417811164869502e-01 -2.283592948717487303e+01
2.375082262154115540e+02 2.327313753017636599e-01 -2.289381317112181335e+01
2.372858675114744358e+02 2.313927029636634602e-01 -2.273625961828897957e+01
2.375848508178450231e+02 2.725094834025008073e-01 -2.315726117796732453e+01
2.376837461663090778e+02 2.364867267144930563e-01 -2.298415290963162150e+01
2.379152504790258149e+02 2.825283370635753855e-01 -2.303401242004769145e+01
2.379197611314147878e+02 2.344555284461952993e-01 -2.288855814241194153e+01
2.376761532697958046e+02 3.090668732242205508e-01 -2.288523362987640297e+01
2.374245339139996531e+02 2.379014234103374870e-01 -2.297358372399610005e+01
2.379603769575713557e+02 3.030420128340558517e-01 -2.286724784307405756e+01
2.374397405618919379e+02 3.308119943398846186e-01 -2.257981577308029486e+01
2.376279539243137435e+02 2.762373820931638413e-01 -2.314554884077148245e+01
2.374956233500127780e+02 2.576397533413893881e-01 -2.311715861804130867e+01
2.377771335046887202e+02 1.975424577339549848e-01 -2.206899493041979810e+01
2.379468851347682232e+02 2.866563011106721404e-01 -2.301010232669118594e+01
2.371080416725857276e+02 2.470501153320705245e-01 -2.268113958799670371e+01
2.377301906273556824e+02 2.700461169768887948e-01 -2.315595778676082261e+01
2.372347486348309360e+02 2.950881486358714056e-01 -2.290905710360569358e+01
2.373696406067365103e+02 2.975921297919888464e-01 -2.300268073202782659e+01
2.379399898260104464e+02 2.034989381787891682e-01 -2.221681205062112241e+01
2.373068979077132781e+02 2.847499160796104767e-01 -2.296533272585033103e+01
2.373404320720656244e+02 3.110952686790910970e-01 -2.273680574185041436e+01
2.374966748016166491e+02 2.998994369188405784e-01 -2.297068395817833775e+01
2.376271921445811586e+02 2.493367720271544852e-01 -2.310870998128329390e+01
2.372154005114101381e+02 2.774792909260088702e-01 -2.300900654966367398e+01
2.372026775753211325e+02 3.051950676448282884e-01 -2.282120863731400817e+01
2.377447092308012770e+02 3.104973217713321021e-01 -2.286682775525927269e+01
2.378094765394038745e+02 3.292128777481667656e-01 -2.250718024239527892e+01
2.378715700411641762e+02 2.103096726268660621e-01 -2.241544478884399538e+01
2.378344774579281307e+02 2.882299487666598603e-01 -2.299528909622679151e+01
2.374545858699614200e+02 2.225855534475195963e-01 -2.272537022056275191e+01
2.374027637095114187e+02 2.950787854147744471e-01 -2.302171369582174876e+01
2.374933213851814173e+02 3.260173182631687649e-01 -2.264928213170722771e+01
2.374560708138960763e+02 2.487388112435564569e-01 -2.307381785991259449e+01
2.377769693541069103e+02 2.512926085462924841e-01 -2.311273660085644011e+01
2.374105288391544661e+02 2.875964797108820359e-01 -2.307616640553299803e+01
2.372063531460427157e+02 3.414903163909912553e-01 -2.231642713052188043e+01
2.379702744838766364e+02 3.348320930412642671e-01 -2.242478240074473561e+01
2.373572858453140952e+02 2.814115649600240077e-01 -2.297252491473771485e+01
2.371182347406725626e+02 2.415066822928144397e-01 -2.262271862281887280e+01
2.376203601921351378e+02 2.834081131909930718e-01 -2.311399002283804904e+01
2.375386983367343419e+02 3.237771102981325533e-01 -2.267875793772788739e+01
2.372935387453908334e+02 2.332106650089060540e-01 -2.276258695336440496e+01
2.382071737991048224e+02 2.901640653610229603e-01 -2.246746177737295014e+01
2.375272768636063176e+02 2.722375863359264292e-01 -2.312723475054977129e+01
2.377816502449456380e+02 2.735690577453264716e-01 -2.314746109145127306e+01
2.373079045653780668e+02 2.510055233553996623e-01 -2.294949305094334235e+01
2.372953942303634562e+02 2.608049052033936666e-01 -2.299813347944270703e+01
2.373224101633220187e+02 2.956137769079311695e-01 -2.289169414540090131e+01
2.377299825250775314e+02 2.777943042899785886e-01 -2.313647408142127304e+01
2.377124372089564019e+02 2.712729612948840408e-01 -2.315489376687914103e+01
2.377606223247087200e+02 3.049790703603638686e-01 -2.293035641819782811e+01
2.377539149027045653e+02 2.556402338339042735e-01 -2.313551118281800001e+01
2.376609905899139505e+02 2.922317950775073503e-01 -2.305348991614167176e+01
2.375986321357115116e+02 2.824335188222858450e-01 -2.311984834443616421e+01
2.373563385621191060e+02 2.503172072956654781e-01 -2.293602795277996620e+01
2.376954203907166630e+02 2.518754672542210526e-01 -2.312049527594697196e+01
2.377420276920487652e+02 2.490575931400473841e-01 -2.310060756397763271e+01
2.376285035187352719e+02 3.012158442476133291e-01 -2.297279601353052669e+01
2.376110394807374462e+02 2.914126992425342122e-01 -2.306111629392958662e+01
2.378467198453795675e+02 2.740023580752798948e-01 -2.306768282426781980e+01
2.376064799985115599e+02 2.663131156548713130e-01 -2.316333397413790252e+01
2.374890857624139073e+02 2.960511820818098605e-01 -2.300605626258175462e+01
2.377002134049872666e+02 3.057749498975756430e-01 -2.292278187842278570e+01
2.378494330444729314e+02 2.976586380425889633e-01 -2.291718124947871971e+01
2.378296531882157581e+02 2.903895991070537530e-01 -2.297910280854668841e+01
2.377733748166390626e+02 2.436260125776326668e-01 -2.305553247687463880e+01
2.374677028871547577e+02 2.448915216940896478e-01 -2.304149750038125788e+01
2.375027871233002941e+02 2.559569835662842130e-01 -2.310972791792109504e+01
2.376587252188340358e+02 2.794337476612115401e-01 -2.313232214300117207e+01
2.376008979206077072e+02 2.629415827324665389e-01 -2.316165088327859678e+01
2.375108264091324770e+02 2.769177991070410627e-01 -2.311773605032618661e+01
2.375222462074551117e+02 2.582180392093466614e-01 -2.311619941506658549e+01
2.374940896922734908e+02 2.738125716847786828e-01 -2.312764828708287723e+01
2.375892010883291618e+02 2.783669835868340381e-01 -2.313896499517533556e+01
2.377485721630169735e+02 2.660362490216325315e-01 -2.315735601642520436e+01
2.377318598826099389e+02 2.485163389369431375e-01 -2.309745963958037507e+01
2.375964467540642886e+02 2.560682232035519923e-01 -2.314492403736221604e+01
2.375440195395645731e+02 2.832709369215244966e-01 -2.308840345829251817e+01
2.376092808740899613e+02 2.594219075819320652e-01 -2.315485488077309739e+01
2.376522712940255531e+02 2.677044017579300328e-01 -2.316115302111487750e+01
2.377239241639260570e+02 2.762638931495066119e-01 -2.314207796404616602e+01
2.374820748448681798e+02 2.717542595354125456e-01 -2.313262161001471284e+01
2.376490215131882167e+02 2.753503597185056884e-01 -2.314765298713112074e+01
2.376617823429489817e+02 2.720743809959816351e-01 -2.315539514295916135e+01
2.374551191032881263e+02 2.772743759495977511e-01 -2.312208059301298846e+01
2.375997280827429279e+02 2.854291628881861498e-01 -2.310283346588456865e+01
2.376971542598927272e+02 2.742834974204748089e-01 -2.314895802820332449e+01
2.377451884016953443e+02 2.636551029644986222e-01 -2.315611659192435923e+01
2.376695677201803392e+02 2.520373393836807252e-01 -2.312273663674437429e+01
2.376104617656310438e+02 2.766351708144232369e-01 -2.314477533167764989e+01
2.374872423311598482e+02 2.669925172415228420e-01 -2.313532187792695893e+01
2.375549737614316541e+02 2.571841466611979876e-01 -2.310875809327263397e+01
2.375338122522154833e+02 2.472587228303399220e-01 -2.305341774300195112e+01
2.376916158144192934e+02 2.818324395753312173e-01 -2.312009248253835381e+01
2.947275592761994858e+02 9.334144686680688474e-02 -3.993868125840940309e+00
2.677005024397376474e+02 3.534820611863586648e-01 -1.844281061607508265e+00
2.258005592613077681e+02 1.387599102462365452e-01 -5.180214866471505308e-01
2.192395814671523908e+02 3.348874773135482319e-01 -4.057408469106662530e-01
2.409876443915210018e+02 7.844187469972893068e-01 -4.106776537450287812e+00
2.415567922852937954e+02 5.046602108432678424e-01 -4.738673350387367478e+00
2.760478473901586653e+02 4.268169516492704152e-01 -4.801205761854796528e+00
2.235948007762756333e+02 3.733515527398416078e-01 -8.927711425668217737e-01
2.825845084028379688e+02 3.945856568182729007e-01 -3.043900273599193795e+00
2.665702456771803099e+02 3.374177015574515992e-01 -1.828607248292376086e+00
2.575816088298639102e+02 2.385195525519769877e-01 -5.611584241130822270e-02
2.317117565550380220e+02 2.846605891379994646e-01 -6.802148172427928685e-01
2.484398906617970511e+02 4.880171330751803538e-01 -4.628714350219090834e-01
2.524876968973126168e+02 1.119713936312154989e-01 -8.153670686470272377e-01
2.368124256448508334e+02 1.458767806257373068e-01 -1.835355487788038431e+01
2.299751273040348849e+02 7.422552144032482646e-01 -2.446251658936968998e-01
2.018000741625176033e+02 2.608079032722218638e-01 -6.860055267360213094e+00
2.007356603972873188e+02 5.483995482454544490e-01 -8.233750677794631656e+00
2.223187079910367743e+02 2.932834815568533537e-01 -8.434329165229202951e-01
2.206572497661148873e+02 6.431630554791908372e-01 -7.000347870880042622e-01
2.752165363274882566e+02 2.961873602839378283e-01 -5.950232510113424134e+00
2.284399918330904597e+02 5.556792473612126582e-01 -1.477061105220036641e-01
2.103103038800012996e+02 1.648450781424284639e-01 -3.701265491724203383e+00
2.560289524524236526e+02 2.503743784487452717e-01 -3.462137990176689106e-02
2.565059760968914588e+02 7.981955497272594791e-01 -2.184321863028448329e-01
2.446868127357797107e+02 2.667240612201210448e-01 -8.527226902277883491e-01
1.994212385130590235e+02 7.546239955281710543e-01 -4.243189751039948554e+00
2.841128851472896599e+02 6.149700172903780349e-01 -1.028254895385927403e+00
2.745721594016167728e+02 1.960103492101743505e-01 -6.208990270210514417e+00
2.022904606146061326e+02 7.628316170696973764e-01 -8.592768000201335354e+00
2.605891171058883629e+02 6.209380742880846737e-01 -4.497799669159235347e-01
2.068229516226259932e+02 4.740287177930916918e-01 -7.097328368982935842e+00
2.642338963475575042e+02 2.755072669610216241e-01 -2.284551180685815197e+00
2.893550477782469557e+02 3.697099332434687635e-02 -7.256713755795110021e-01
2.197245785925277914e+02 6.807705115343771762e-01 -8.023596381011811607e-01
2.854240989202307333e+02 8.678362210133745702e-02 -2.429661376150114904e+00
2.508051487591523312e+02 7.110949842638748519e-01 -5.870914411123688836e-01
1.972527987317433258e+02 6.879738988602011884e-02 -4.099201319195348026e-01
2.517343434546311869e+02 4.681448386081788482e-01 -7.528664796086854682e-01
2.876546184089926328e+02 6.741053641743063318e-01 -1.907526335294874309e-01
2.898307242839456421e+02 4.128464314300260840e-01 -6.394868618110006731e-01
2.631319072610526177e+02 3.146089941304312521e-01 -1.931754463929135079e+00
2.782790825724439401e+02 6.998738233334177439e-01 -1.650674478984729410e+00
2.907173403317367502e+02 3.814734586631547408e-01 -1.067760317145787452e+00
2.930252394579729298e+02 7.452421961000426087e-01 -4.191079626255587720e-01
2.311100302205940409e+02 6.237855734688318304e-02 -6.586396342754788358e-02
2.790196305230311964e+02 6.622134999351536599e-01 -1.730873225362501655e+00
2.612705290610503539e+02 3.223494340124806179e-01 -6.246574476207642501e-01
2.030503500609848118e+02 7.284806341167801569e-02 -1.197640780386387771e+00
2.650924921418406939e+02 1.568288845616485627e-01 -2.077446824839570105e+00
2.588679083443963691e+02 5.150953263867518173e-01 -1.345429235750775221e-01
2.713399030831100731e+02 7.323672086407113646e-01 -1.184888625884920721e+00
2.684997214607707861e+02 2.400976081840770215e-01 -2.767306364221290504e+00
1.986741745991527068e+02 5.614468019438695334e-01 -2.051121207078823172e+00
2.770456279515002507e+02 7.206586740122629120e-01 -2.094564156438193603e+00
2.457814401354455072e+02 5.285514631470128455e-01 -9.821661158906366818e-02
2.730119629343856218e+02 3.501796874781641922e-01 -3.151792474119812670e+00
2.334915956570014259e+02 6.507707820041829239e-01 -3.292173414984410407e+00
2.493066788277629087e+02 4.509684953918940420e-01 -7.202809015405836623e-01
2.718515905632908130e+02 1.690711984753991981e-01 -3.731948087245532619e+00
2.702108727917838564e+02 1.800915402534679910e-01 -3.145496390095432027e+00
2.249621347286517334e+02 4.373053699543607564e-01 -6.839448072028688763e-01
2.138788388727375036e+02 3.060233568867989362e-01 -4.214558948174245145e+00
2.591584825669395968e+02 2.480733726318795976e-02 -1.776432502782341327e-01
2.135581206381377797e+02 5.697231925875773095e-01 -5.131090779723724182e+00
2.151351237127194054e+02 5.217540510935730902e-01 -3.249311324621086072e+00
2.116829689735913007e+02 5.952886239354846509e-01 -5.785156344201377365e+00
2.462444537746069670e+02 3.677197712084278036e-01 -1.003543328024884690e-01
2.936724980642751461e+02 5.427028137548464137e-01 -9.251354723753271170e-01
2.360805874425628872e+02 2.288579190740712699e-01 -1.934979803678572097e+01
2.042354104768602951e+02 2.075217820779295674e-01 -5.824577083500574126e+00
2.094549019287554188e+02 7.978987766337597431e-03 -1.922403832986314898e+00
2.534707162901346464e+02 1.546238407176871166e-02 -1.706861781904682462e-01
2.924695738837947943e+02 4.221170220469357415e-01 -1.249072547240872577e+00
2.120276015248082331e+02 1.142268194626000488e-01 -2.430442438776044600e+00
2.863821005796076520e+02 1.344709816700354055e-01 -2.170983260034774709e+00
2.693911583293053695e+02 2.228982296066132351e-01 -2.811888432141676830e+00
2.168610472257257413e+02 1.268822213943169297e-01 -7.540566809280091487e-01
2.068126022619934474e+02 6.061473127512693182e-01 -7.135491938979921400e+00
2.813018508903489874e+02 2.382254629999530637e-02 -1.650384048254870839e+00
2.274034052284300458e+02 4.683956665426709798e-02 -9.777283266184286226e-02
2.436111819586783724e+02 6.278584191792607738e-01 -7.392593363654923477e-01
2.400174220307058306e+02 7.708674998993794159e-01 -7.221701275602203651e+00
2.290438057922043811e+02 4.066449316200945185e-01 -1.610428565556349112e-01
2.332045354690092154e+02 5.848486924810732956e-01 -2.570098709541835280e+00
2.387115577873557584e+02 3.908030754635947179e-01 -1.983125616027293603e+01
2.620486530319503800e+02 7.793624425186228555e-01 -5.019728684644018113e-01
2.049972042164323511e+02 4.610203320992368181e-01 -9.818241111685965805e+00
2.865976473013272425e+02 4.435979144874592217e-01 -8.908771171004432610e-01
2.381548740685327630e+02 5.776619389219511680e-01 -1.634895531842627747e+01
2.179929199757402500e+02 1.882442793323463870e-01 -2.422151127596862408e-01
2.829097900420484848e+02 6.687268752682204997e-01 -1.031110587930773592e+00
2.087450184139216560e+02 5.250570100161210813e-02 -1.451340930401851637e+00
2.805948290047326168e+02 2.107831327827307255e-01 -7.531079601763251752e+00
2.546543300469970177e+02 4.979966079301466064e-01 -1.884369368128846756e-01
2.346908612281009994e+02 7.176974881591762223e-01 -7.349208609080429611e+00
2.231569241315177692e+02 6.951185174371303788e-01 -5.449501456568555113e-01
2.430543608973728738e+02 4.827061620161363642e-01 -2.096639774423351810e+00
2.163376348000929568e+02 1.027732231174448840e-01 -8.913933941429394991e-01
2.475946241230797114e+02 6.351258654733898945e-01 -3.558317324233638002e-01
2.373332771134426764e+02 2.923469061056424567e-01 -2.291475578422469539e+01
2.371080614882972668e+02 1.744654899883791577e-01 -2.058086584056959722e+01
2.359402700608580119e+02 2.141689145926071181e-01 -1.797737074022074921e+01
2.421409927777501139e+02 1.548983520846565209e-01 -7.381497571393056845e+00
2.376408264015664997e+02 2.520152847161866716e-01 -2.312408792574565908e+01
2.306134911038251403e+02 1.931225263913506629e-01 -2.241226902059363368e-01
2.371120842540900924e+02 2.112891864381937213e-01 -2.205099313249025172e+01
2.372529247321785988e+02 3.352399435955913387e-01 -2.241343102038995738e+01
2.368187779622637663e+02 3.642989631743565604e-01 -2.144082767448303528e+01
2.373727326900746277e+02 4.260108165363133970e-01 -2.060145766334334283e+01
1.978835371640732035e+02 4.043831153195809880e-01 -5.616132924881344080e-01
2.379248922978466965e+02 2.229585054226379537e-01 -2.270332319196151971e+01
2.360189413268955150e+02 2.969658608233528008e-01 -1.972129252873576988e+01
2.039996991163423559e+02 3.666353216400388693e-01 -8.896571304947277881e+00
2.376715312580411137e+02 4.119901315267264774e-01 -2.091282228881498284e+01
2.394894529208360723e+02 2.739430563973809241e-01 -1.791740026860448154e+01
2.385031440484419250e+02 3.621006132967611313e-01 -2.098049634257565188e+01
2.389318060263383074e+02 3.330414070275611871e-01 -2.024629379713368138e+01
2.384173061623858985e+02 2.092820075657388923e-01 -2.194885870053906274e+01
2.382474280050198274e+02 3.760138812974781475e-01 -2.110943185259605670e+01
2.367138156506524638e+02 7.693561353814758474e-01 -1.295259457780262657e+01
2.334001961529629625e+02 3.538413501675358730e-01 -4.041364853351568698e+00
2.388594711723123964e+02 3.770990236153052289e-01 -1.940565543533393011e+01
2.375831737176919773e+02 1.610867166988975696e-01 -2.018504565879330315e+01
2.072734808235417177e+02 4.103074003975172857e-01 -6.820390775692525942e+00
