7.517867904885333985e+01 4.832787453048836834e-01 -8.281606376940338701e-03
6.990312051017009765e+01 7.179724206817493792e-01 -1.132571645776042413e+00
7.829456758251089354e+01 5.429736305733859902e-01 -5.304105463946031662e+00
6.418758721847585491e+01 3.566101484025094859e-01 -9.092668928939507955e-01
8.552337486308121584e+01 5.709616347099891187e-02 -1.241310749563587223e-01
8.843632370095215833e+01 5.632788290038827084e-01 -6.847165207327296499e-02
6.694121205552765730e+01 2.985757143063030306e-01 -6.173691511039686830e+00
9.069301736963744531e+01 5.189468229116428466e-02 -2.055567236356776462e-01
7.615143666766387298e+01 3.780219213023799374e-01 -3.346279644155604194e-01
7.800565039991384708e+01 1.802085781676009690e-01 -6.858436725769227138e+00
8.646602110685233811e+01 5.302782596171592422e-01 -4.378224387558356939e-03
7.692306639717020289e+01 2.461857094527486189e-01 -1.491844058743708956e+00
8.364201150493566672e+01 2.301802104509662605e-01 -2.936816100365061688e-01
8.656341551369953891e+01 3.248938090035923265e-01 -1.910710585217056945e-02
7.148212763269617653e+01 6.614211032954838698e-01 -1.155223471663814755e-01
9.455770046063149437e+01 6.093181354492618329e-01 -2.123544933174799712e-02
8.039690029236703595e+01 3.627258243331237808e-01 -7.691885204993013758e+00
7.377026635487018780e+01 6.268089537465669769e-01 -9.033892584613315013e-02
6.677816830636086820e+01 1.873117102729257299e-01 -5.519205624918729569e+00
8.265780812501698449e+01 1.759670423273747503e-04 -3.384055149984082078e-01
6.477225719907663404e+01 6.896954491863896974e-01 -3.168586368389583630e+00
8.342831087053311023e+01 1.541615899450313187e-01 -7.498478082609065787e-01
7.667931867991848094e+01 3.285740018406287932e-01 -6.306837310017494591e-01
7.246589333017882950e+01 3.081965698418395738e-01 -9.844023459179213065e-02
8.000302101653019804e+01 7.258401679695936082e-01 -3.533735491649160121e+00
7.017411471861279892e+01 3.171010620178813522e-01 -1.263522305517704947e+00
7.276727127940603168e+01 2.003184429191078031e-01 -9.527316021477034991e-02
7.916888967282710610e+01 1.348991331045066855e-01 -1.735145619040873655e+01
9.590340946299532732e+01 2.875797681289298247e-01 -8.312102757448025514e-01
8.906813801513752082e+01 2.236675364395374344e-01 -3.671457823582891661e-02
8.466592245966620567e+01 8.965989936814601491e-02 -9.168371385121798500e-02
8.714728242643482758e+01 3.922575587868468855e-02 -2.248384065975572998e-01
7.198773715269146578e+01 8.574752875112946759e-02 -9.565060619958101577e-04
9.048353232743318131e+01 6.010993087948051095e-01 -7.682541813935116204e-02
9.541856636532234859e+01 3.371399696679066027e-01 -4.491722334802293881e-01
6.869684280841038060e+01 6.756377762302276935e-01 -2.943078080982565847e+00
8.836010703147974255e+01 2.642181728186798750e-01 -1.807369809959972345e-02
7.439354604943447669e+01 2.782610067260607445e-02 -8.884845693926926580e-02
9.501825604884179199e+01 3.991222826718244243e-01 -1.978359429028933580e-01
8.520375892963662068e+01 7.338889577543530329e-01 -5.751415920508922558e-02
7.321559421602208317e+01 1.926588275539231621e-01 -8.378393980260209761e-02
6.778538111105156361e+01 2.957161748606454976e-01 -5.811814443241187789e+00
8.783493116443506210e+01 4.618616734729509843e-01 -3.799290046388672376e-02
8.309225989043834204e+01 5.265717809538066341e-01 -2.088899677031745006e-01
6.821292586177230532e+01 3.856507636876143064e-01 -4.778526112825129069e+00
7.769736938115920566e+01 4.505882992830913536e-01 -2.540961277149691888e+00
7.482891765530411021e+01 4.046037402784333215e-01 -4.882655750431627931e-03
9.343967041782116212e+01 9.811578538158720331e-02 -2.840579973668217129e+00
6.461656900991836494e+01 1.122304129110893722e-01 -1.847359775387885650e+00
6.564336586814009422e+01 6.418821427560349457e-01 -3.231250676329908700e+00
7.873682629972462621e+01 7.618488676025022555e-01 -4.145082983711102287e+00
6.743223035954622446e+01 4.966873399784479948e-01 -5.690699118482044128e+00
6.637595869995607245e+01 5.080200500432762167e-01 -4.058229781295532135e+00
9.137598293533719129e+01 7.772511925677019762e-02 -5.217077998201247180e-01
9.446197899941509490e+01 4.437458074971433186e-01 -1.669942894887073703e-01
8.174797219437458295e+01 3.729932183336210905e-01 -1.697722733303836717e+00
7.051932302090773419e+01 2.149546728185338651e-01 -8.659631586086821153e-01
7.894382380776056607e+01 5.468171574592800566e-01 -7.321111360986044758e+00
6.597167498122716722e+01 4.741221689242019477e-01 -3.565649944297308860e+00
8.244530723067137501e+01 5.563132514849191690e-01 -4.034663583230395090e-01
9.232662877455031492e+01 2.611266780979860647e-01 -1.090729036678693920e+00
9.366937041649077855e+01 3.506350222586047671e-01 -6.297764073161801202e-01
8.499205026142129782e+01 5.198713891997353009e-01 -6.480984353500882089e-02
6.969710458952386034e+01 4.236375964530870314e-02 -6.277749196890415329e-01
9.264976061428623666e+01 7.555747698978412252e-01 -4.049420535389244152e-02
6.945526641258730649e+01 7.833005654525214689e-01 -1.582470365680229252e+00
8.965343078520099596e+01 7.064850611821694715e-01 -6.817172112066621770e-02
7.645697328741256626e+01 6.492550080502466070e-01 -6.199805117124510684e-02
8.206270231639921064e+01 7.001542224612378185e-01 -4.511525232131162189e-01
9.310514871715197671e+01 2.742132949118277763e-01 -1.175110359182265807e+00
8.083642373580352114e+01 7.731281710661379591e-01 -1.408147005711574140e+00
7.359487838725868869e+01 1.054028279637136550e-01 -4.658092774370373168e-02
8.601660718557621976e+01 1.224510160300027323e-01 -1.068527306572102514e-01
7.401660448558227756e+01 2.543393311334763984e-01 -2.413721721559633146e-02
8.116903804531497713e+01 5.705467994336251847e-01 -1.895925903110322830e+00
7.131523796283605066e+01 5.761978852048937894e-01 -1.799854604303910144e-01
7.569276586116556871e+01 7.396824834571099627e-01 -1.911663015249939757e-02
6.599054436540035340e+01 5.887089773799523140e-01 -3.307629717379789724e+00
9.562882366025432646e+01 2.353699569208914932e-01 -1.448450688866449232e+00
8.745007783959350434e+01 4.888417439797221320e-01 -2.120389796600754412e-02
8.708713269474579022e+01 6.203320124207445385e-01 -1.412653648525460243e-02
7.219218665170117788e+01 1.608911872248481312e-01 -2.846192995813374982e-02
8.038024431042566675e+01 1.933706426367699793e-02 -2.632768656887181979e+00
8.891705965623512498e+01 6.698436450632544448e-01 -8.394596508970962601e-02
8.411952175138483767e+01 4.357206114420265064e-01 -1.035668121044474727e-01
6.853039276351734088e+01 7.884622076599427931e-01 -3.029012597489550984e+00
6.504807523485997933e+01 4.193508084645118927e-01 -4.161697152565709601e+00
9.031739080358372007e+01 1.696249090651422708e-01 -1.667978675684780587e-01
9.209029835540641784e+01 9.400335057124772908e-03 -9.703588472554586231e-02
8.436958056304848697e+01 6.375433151804608123e-01 -1.062691145770239126e-01
6.887685324634347239e+01 4.282957955292714392e-01 -3.192428511234737698e+00
8.969927382937038374e+01 7.054306639591351180e-02 -1.210953718329673690e-01
9.410846753891524941e+01 7.447285215777036393e-01 -7.119923834322219869e-02
7.720216203152671142e+01 6.829077305252915231e-01 -4.762330876687964065e-01
7.527291890773803118e+01 4.662417377032430088e-01 -3.040003527593675148e-02
9.191010611683563525e+01 5.942671660182826665e-01 -9.849019723523488867e-02
7.084633683202768850e+01 1.390960532066418398e-01 -4.963102074082254012e-01
9.114255113504580663e+01 7.952229717007783805e-01 -3.922642040883398545e-02
8.143100733899598254e+01 4.084738298687750069e-01 -2.390725559012012003e+00
7.968401671274301634e+01 1.472490721291058735e-01 -1.800258497310428396e+01
9.284323853198398524e+01 1.651427575855272389e-01 -2.061328492848375937e+00
7.476046199389550395e+01 4.582822838198692406e-01 -4.314132712358203820e-04
8.203061792287545018e+01 4.111957226347700001e-01 -1.221176132578883466e+00
6.859923577679765572e+01 4.310681189724292484e-01 -3.778438019808633364e+00
7.080231588307913171e+01 5.902161116989949052e-01 -4.896369527346040029e-01
8.286003147621383391e+01 3.843649868554100402e-01 -5.384038280590284220e-01
8.640052835227459127e+01 6.715011844945526498e-01 -7.857637856157135420e-03
9.057812833267784924e+01 1.996961483536707216e-01 -3.320279799688765077e-01
8.026458861318906202e+01 3.318819741364029130e-01 -9.702726190185938293e+00
8.682110138638074659e+01 7.441202208077140057e-01 -9.217398082422258165e-03
9.119423172559970681e+01 2.006819276773441352e-01 -6.039052560558764160e-01
6.846461837415388629e+01 3.052728722798709327e-01 -4.401914034293806566e+00
9.300956878901709501e+01 1.159117845341311459e-01 -2.567835503718335577e+00
8.948629386012429165e+01 4.376032636825497035e-02 -1.406008190812964576e-01
8.303372861293229334e+01 3.297210034710264942e-02 -7.601752762750096926e-01
7.660947138907829412e+01 1.268604976671920681e-01 -1.518886753352061803e+00
7.751765845542517752e+01 2.666072848094815442e-02 -6.897808509487378670e-01
9.012330478768313924e+01 6.859827466310268740e-01 -6.307669822612972654e-02
6.605115451057827158e+01 1.752165687296535768e-01 -3.861929969469399815e+00
8.560973338515429987e+01 3.590123373997035627e-01 -2.491674389087444874e-02
9.191164779650554806e+01 9.494815900647168849e-02 -1.399725890978434473e+00
8.979500013227611532e+01 3.699344546059851191e-01 -1.148773918693576646e-01
8.353231833269194340e+01 6.537367973367793628e-01 -1.490624725295732755e-01
6.971647455939776705e+01 3.473719546543937997e-01 -1.922393086522117711e+00
7.144758868308881006e+01 6.097991477821902429e-01 -1.091214706591005779e-01
8.730099399608010913e+01 7.101408653877794297e-01 -2.275922564410339660e-02
7.970120154475930008e+01 6.517151294794712446e-02 -1.258627297472945727e+01
7.335878362578812073e+01 1.391146886340830779e-01 -5.794352707109644285e-02
8.452926607996639063e+01 7.537656681182865193e-02 -1.004248530253207955e-01
6.752069303337597717e+01 5.617745047579404405e-01 -5.300617960204062840e+00
8.660440115587385890e+01 7.297275109068941390e-01 -7.991608208306570649e-03
7.795093641273363971e+01 6.407423236589915305e-01 -2.654111736176830050e+00
7.201378115068708041e+01 2.513847578754762058e-01 -2.000954020731385632e-02
8.523300806983800726e+01 7.884382366519968599e-01 -6.338242549213304877e-02
7.730930040053335972e+01 1.562622257495369649e-01 -3.134068096083741928e+00
7.422297767852079176e+01 2.775200836297108675e-01 -1.653245476498309274e-02
6.805509621125720798e+01 7.218298498842470323e-01 -3.911446484800931156e+00
9.080275036760096441e+01 3.147422631118901859e-01 -2.962610534360916592e-01
8.753466274809368031e+01 2.714038100710449153e-01 -1.496690975563860770e-02
8.875266926704929915e+01 6.049359664932975056e-01 -8.393792941764709192e-02
7.393461328793772225e+01 4.189738094741826124e-01 -4.137702349552119241e-02
7.287956893581412032e+01 3.413008724072648103e-01 -1.319390193307666270e-01
6.652383898750844082e+01 3.654395360936952830e-01 -4.978869388027150400e+00
8.785170537597022644e+01 1.341987164780346700e-02 -5.587917381738319311e-02
7.651370795857482676e+01 4.020065159212500849e-01 -4.060829787487519882e-01
8.588035210459415225e+01 7.560134195814249836e-01 -2.460953727269770200e-02
6.993287268868550655e+01 7.767356675813259503e-01 -1.083994842624354193e+00
7.567275100985591507e+01 2.580073130036257267e-01 -4.581098581917468215e-01
8.261768122809053239e+01 5.989030658704582732e-01 -3.728435048729607515e-01
8.054327458416318564e+01 1.519159938698836920e-01 -1.237711559635817160e+01
6.546546472443577613e+01 2.418762223437859182e-01 -4.421522269256457527e+00
9.445671047672148291e+01 5.767067026279174558e-01 -4.467583982739126158e-02
8.856794181761409845e+01 6.394717206294409095e-01 -8.016042607814305443e-02
7.139158872673934297e+01 5.274114921482418034e-02 -4.990396680522250078e-02
9.514682574792061587e+01 3.239344231168045374e-01 -5.568684777802808128e-01
6.774125435397974115e+01 2.259476076535126554e-01 -5.659532361907971598e+00
9.598393087853287398e+01 7.402664803689306718e-04 -9.695500526547767839e-02
8.420029549625444076e+01 9.816834300341466257e-02 -1.646747149556868073e-01
6.683904309662689514e+01 7.741195781667973286e-01 -4.534870467094172852e+00
9.375813844528846630e+01 5.541570598115924673e-01 -1.109954356231510342e-01
9.194274035149074109e+01 6.190049412714775379e-01 -8.628246415733924202e-02
9.467006593694404160e+01 7.987739203336532423e-01 -9.100696969513462353e-02
7.324753249154724699e+01 5.071210299669440813e-01 -1.115523727789552166e-01
7.452900864090794641e+01 6.589542693900032333e-01 -4.138045447678522643e-02
6.431214854197494901e+01 4.656800773151856254e-01 -1.752988027408085348e+00
8.111677004560871751e+01 1.823599730549348430e-01 -7.035989478306976075e+00
9.401557533504933417e+01 3.762908243578058087e-01 -4.700187161151000992e-01
6.438296961990219813e+01 2.909294594308483028e-01 -2.126006937789269635e+00
8.386455845178508639e+01 3.924269973450200677e-01 -1.270936738863645832e-01
7.878674104337193285e+01 6.776197782448507567e-01 -4.994388806251039981e+00
8.075115330569582284e+01 5.344066617158403920e-01 -3.294168472926466862e+00
7.069755374770514322e+01 5.024139763556924043e-01 -6.222671007627095241e-01
9.338983076113879633e+01 5.181706816546526317e-01 -1.914699273079174535e-01
8.471266046943257777e+01 4.726165186291889642e-01 -7.302282718150052143e-02
6.915066370892049008e+01 4.456000468691825311e-01 -2.561741511520695624e+00
7.919724685741817893e+01 4.816451506209720179e-01 -8.904316620641225200e+00
9.502103513877987950e+01 4.368727960153171441e-01 -1.037974682580518199e-01
8.139890610275851657e+01 2.865410985734415106e-01 -3.473543760756877319e+00
7.209234956787089743e+01 7.132464945794003697e-01 -2.301435289476896125e-03
9.559639019771245216e+01 6.073141930876720107e-02 -2.771985130206715997e+00
6.581681845653122309e+01 8.782281941814763793e-02 -1.915785473812084527e+00
7.880509660017092699e+01 2.372490366334074341e-01 -1.468034119111367275e+01
7.999023584432315204e+01 2.179437347669145250e-02 -3.653913528700276192e+00
7.828165997357518791e+01 5.488666582452698117e-01 -5.226713397121675264e+00
7.689306487456367734e+01 3.035515794001086842e-01 -1.166602733331731256e+00
7.268633403507699597e+01 7.031302516163719929e-01 -6.102903420830745745e-02
8.496928447086519043e+01 1.106305166722351130e-01 -9.958440409831068041e-02
9.145914700228907179e+01 2.119069624652112904e-01 -7.452599423341087492e-01
7.018685060366902917e+01 7.377240551188278816e-01 -8.641960169496265554e-01
8.811739902973232574e+01 5.245520464640036629e-01 -5.462302368153106741e-02
9.228011860192380311e+01 4.884982194732139793e-01 -2.360251783962622474e-01
7.617610878297820420e+01 6.317200155428766006e-01 -4.734252694121617727e-02
7.541667135661549537e+01 5.736876244892066268e-01 -1.585163996706235451e-02
6.935549315837715767e+01 7.613597755461256611e-01 -1.601377628913508655e+00
7.500089555308609590e+01 1.897381876011282609e-01 -2.687091486559670117e-01
6.502619858519733498e+01 2.199112297611843236e-01 -4.311937012237624600e+00
6.703953083893564724e+01 5.396554588523118090e-01 -5.525979571369253662e+00
8.195804921060056358e+01 6.891661179239146895e-01 -5.683154689397529324e-01
6.495111845908506609e+01 1.300023934011920734e-01 -3.070788464247343530e+00
8.919877001752658430e+01 4.557809085278230476e-01 -8.388228723258482622e-02
8.491817938082255068e+01 6.984555639853801123e-01 -8.613552193241727495e-02
8.910452669770377554e+01 4.012867812670995460e-01 -8.071530963601118713e-02
9.558619768847052001e+01 1.372060753691797808e-01 -3.149369132994277454e+00
7.118986699314459088e+01 4.370300775049420494e-01 -2.549596964611932082e-01
7.800766157027894110e+01 5.615882174481228173e-01 -3.287484552320224296e+00
8.248889006229738641e+01 7.618497257121321642e-01 -2.865967164124385569e-01
8.669418073363931398e+01 2.728596620311410925e-01 -3.057236676519141036e-02
9.168445465697952557e+01 2.810202731261621789e-01 -6.460848390414546394e-01
8.410230765319387558e+01 2.237986832548513605e-01 -1.619386538689979727e-01
8.624509233566359967e+01 4.236672284286042700e-01 -6.820905925194401496e-03
7.976514953603732749e+01 4.934146852602637467e-02 -9.759248147078134039e+00
7.646474151999963453e+01 7.215791958161855701e-01 -3.058135354573653444e-02
8.803336159500250346e+01 2.242647036874503841e-01 -2.513390652678730835e-03
8.467626048238756198e+01 6.056331389780131857e-01 -8.893557102260032932e-02
9.126452663907141982e+01 6.656749135498452041e-01 -6.254015387870549836e-02
9.426676236251796581e+01 5.484260221742376373e-01 -8.669540776636422419e-02
8.531772283539000057e+01 3.314797916346826634e-01 -5.139942242723806454e-02
9.410935694066263579e+01 4.080123792417559431e-02 -1.543874936137997977e+00
9.451833578126705504e+01 6.520839189146359072e-01 -4.448882935625694118e-02
8.379634190546212835e+01 1.159812633117329184e-01 -3.823654426319159083e-01
6.841125499877180971e+01 1.868140338769304354e-01 -4.406730842330558673e+00
7.442942751121267975e+01 9.182332283699551345e-02 -1.411903932871146350e-01
7.765002917782400971e+01 7.775403795412172414e-02 -2.986199047901311854e+00
7.035788075739641556e+01 7.420723995251810035e-01 -7.542051209794705668e-01
8.997169425962636069e+01 1.985554232285833276e-01 -1.262868262738178204e-01
8.758184736045123486e+01 6.424717336515121113e-01 -3.434257150456655749e-02
8.300268556084711236e+01 4.472428150949541714e-01 -3.300652271699640039e-01
7.297076920686461676e+01 4.780412194540435422e-01 -1.200294699765518391e-01
8.190292336517002525e+01 8.701239280720723945e-02 -3.174469279636294328e+00
7.067910906048093977e+01 7.716182405169252911e-01 -5.466796935989984840e-01
6.984120296704418251e+01 1.516405199113824744e-02 -2.026702331661386358e-01
6.804118214283782606e+01 1.248790546363824361e-01 -3.705958494062242536e+00
6.957100207192065966e+01 2.887858074596862390e-01 -2.270082674106576270e+00
9.302704987268529635e+01 1.464804668228178175e-01 -2.409574561084083744e+00
7.823981779874877418e+01 2.807267932817980594e-02 -2.198972609540761347e+00
6.613230479904611059e+01 2.699123111277449971e-01 -4.305169772152066976e+00
7.240642341487394162e+01 7.868823276565641844e-01 -1.511843915728462197e-02
6.587310296685949140e+01 7.372035545460792726e-03 -6.408333428670907050e-01
7.371464987113739653e+01 1.696466886451263867e-01 -4.846622638320530890e-02
9.247081813999639621e+01 5.240092529949548217e-01 -1.916183766695087887e-01
7.356537173114503503e+01 2.042376437608235951e-01 -5.803282270665757747e-02
7.407318128651093048e+01 7.164873817688535707e-02 -6.475977162960414035e-02
6.933294007189191177e+01 6.765128232354449267e-01 -1.920432133001049646e+00
8.822318655779787377e+01 6.188021546746671486e-01 -7.133784538958179433e-02
9.141077599145599208e+01 4.655799146872926508e-01 -1.875217104314409744e-01
7.886125618209051424e+01 1.748129035694450870e-02 -2.696179517497881761e+00
9.345180045568611149e+01 3.083879244462598979e-01 -9.138336668482849312e-01
6.554937698699934856e+01 1.289594040965972299e-01 -3.251019245206018926e+00
7.322262104664019944e+01 5.188583042628188702e-01 -1.108756815928221839e-01
6.496285212927872976e+01 4.290293991698066467e-01 -4.143007840672642494e+00
8.587529224721721732e+01 2.537934148891985986e-01 -4.374981552467852725e-02
9.600625442985035818e+01 6.156301637553388550e-01 -1.389860826546698569e-01
6.867995390888258100e+01 3.026167120321134885e-01 -4.128625104847724714e+00
8.199997931489690473e+01 3.541422030513126651e-01 -1.471075851870783158e+00
8.963761688584207832e+01 1.036363258787808550e-01 -9.441935461705146249e-02
7.151184345895248384e+01 2.606526712560314207e-01 -6.067065861185035741e-02
9.507399374554481142e+01 6.887573726868261303e-01 -6.235450895056703774e-02
8.890413469578858496e+01 5.752617738578615914e-01 -8.350047665424049914e-02
9.200644019426805187e+01 3.618134545440646610e-01 -5.167619585042736441e-01
7.709524485020843088e+01 3.218652648178494946e-01 -1.459501478385483164e+00
6.737975283251783765e+01 7.797626232971710536e-01 -4.824918230665248053e+00
9.366865749470605351e+01 4.146176199280782737e-01 -3.754524624682675227e-01
6.420419724486087887e+01 6.343332459436674675e-01 -9.176003733157892528e-01
8.561078030976955233e+01 4.583665856707410113e-01 -2.117301466704020474e-02
7.550542467345610476e+01 5.923925706107142641e-01 -1.239509142506818769e-02
7.565888330869211131e+01 1.664710528263320388e-01 -6.651443219757540160e-01
8.083134562414535651e+01 5.783633878205607370e-01 -2.325782139110406987e+00
7.850440796766022800e+01 5.067816882295071990e-01 -6.744316206991805451e+00
6.654884878038551221e+01 6.315164530084352856e-01 -4.350107182455251298e+00
6.527798939253659682e+01 6.822754119775749082e-01 -3.537138882346503976e+00
8.016191860622066656e+01 1.594946236053806365e-01 -1.404542576520000274e+01
7.656593638658701195e+01 1.781789911291258577e-01 -1.354028609442921027e+00
7.212775487674208819e+01 7.136378548837051250e-01 -2.273348605959132386e-03
8.853405701011608642e+01 7.974251086787126352e-01 -8.050900260074646264e-02
8.263833107071116046e+01 5.548735989905763111e-01 -4.125211250736869895e-01
6.721064255184467129e+01 7.101890729801334512e-01 -5.076260548688042995e+00
7.957655338612111962e+01 3.424058715972218281e-02 -6.685790555123559464e+00
7.492073793494017764e+01 1.112452413093099612e-01 -3.200857270003948929e-01
6.662755583414583782e+01 3.511829146125716727e-01 -5.417032135537558801e+00
8.684281485466853212e+01 3.839316663627969639e-01 -1.201494076517596599e-02
7.930361200543710254e+01 6.581988122564794708e-01 -5.839846347868615339e+00
7.521745738219023281e+01 2.389924744694985059e-01 -2.394153842609279548e-01
7.734800686534778436e+01 2.444581790805031574e-01 -2.624031784405876699e+00
6.902287459328390185e+01 4.507707596517674387e-01 -2.840524388563052671e+00
9.281980719921739365e+01 5.978623362131401525e-02 -1.667238251157522555e+00
8.140256039061678450e+01 4.927989499799400597e-01 -1.863196913187690873e+00
8.711987701576958898e+01 7.298117942144601855e-01 -1.387238453171512308e-02
9.544175148764080063e+01 3.971818357024881063e-01 -1.826023539986829092e-01
6.449868714879279707e+01 3.438529787350335654e-01 -2.631774624445220478e+00
8.104384760455906189e+01 4.805693357834648349e-01 -2.413208411968595701e+00
8.442893808359235663e+01 3.915107272939089000e-01 -7.955741726467634167e-02
7.103839341395712381e+01 3.123707140837490570e-01 -3.401929271782934694e-01
8.342870386627456014e+01 5.292744743556011544e-01 -1.683569008824428725e-01
7.617598974829776637e+01 2.121812659635883558e-01 -8.332066020860068312e-01
8.061349458691056213e+01 7.443615517735457932e-01 -1.904731442099539596e+00
9.046752362584896900e+01 5.433237741650520647e-01 -9.343468033557233987e-02
7.192731252413854293e+01 5.022168996578072475e-01 -6.171254382572440890e-03
6.776677352462765214e+01 7.551380614930893742e-01 -4.342112672705927601e+00
9.023825830059286091e+01 3.748738745123437743e-01 -1.547000068706854969e-01
9.089180763327549073e+01 5.901443903298194682e-01 -8.280066562241290840e-02
6.433157377166851632e+01 3.088516451964300469e-01 -2.099960064430336448e+00
9.045057871376282321e+01 6.360226850404919752e-01 -6.949195892972807875e-02
7.532377560008343664e+01 1.597915197918755303e-01 -4.364791134516023408e-01
8.165866579719197205e+01 4.794384998286332911e-01 -1.212138068702317106e+00
6.902959534449729517e+01 3.982649346280209834e-01 -2.967154466889324826e+00
6.692215205532220068e+01 1.111785834520511163e-01 -3.584308315879526141e+00
7.039364949764311064e+01 2.545139742060536503e-01 -8.918973059118604496e-01
8.474642135269689902e+01 6.137907929656871708e-01 -9.059214759722235277e-02
8.718460279766833310e+01 2.030956352654363362e-01 -4.038151177117918489e-02
6.731331387573141001e+01 4.928361278313147520e-01 -5.803958580102467124e+00
6.455035754588740815e+01 4.587212782837659097e-01 -2.927981116444673404e+00
6.564524118347419801e+01 9.473401876901892116e-02 -2.210007601627986595e+00
6.992607434380519749e+01 5.852510908843922000e-01 -1.251205013063933835e+00
8.973906637918832985e+01 1.609662975128908491e-01 -8.917688888671389258e-02
8.544964811611606592e+01 6.206186544007578076e-01 -3.252074729170365691e-02
8.262690545756953497e+01 1.893700997701897037e-01 -1.450253531829963416e+00
8.293190488315300968e+01 2.691011923167376252e-01 -8.564626021422203639e-01
9.186600289890196791e+01 6.798016173170495779e-01 -5.401516047329818493e-02
9.370274726404687726e+01 5.268321167509047998e-01 -1.623213602841789838e-01
7.628972401066518216e+01 1.694351115365202165e-01 -1.142896148948098656e+00
9.534192011910303677e+01 3.788095655967410602e-01 -2.453430637371769585e-01
9.306782439036155097e+01 1.422698583906261138e-01 -2.443439755750625775e+00
8.602364909564469997e+01 6.693652596730621518e-01 -1.818676514936003186e-02
7.702476106481259421e+01 2.823027427718222820e-02 -6.127398182446440744e-01
7.402043147234763865e+01 5.303486461819789666e-01 -5.096516966916763564e-02
7.618668247302660745e+01 2.883557856962602473e-01 -6.041007803641869067e-01
9.253569407112436807e+01 2.096740720777086620e-01 -1.485511693261872157e+00
6.789884567785304625e+01 4.230967739953783724e-01 -5.244518237596866861e+00
8.693731270967495561e+01 6.877595142925904126e-01 -8.666926460540114868e-03
9.340636711423503868e+01 4.451814083772784869e-01 -3.226809922887695081e-01
7.358357513251905857e+01 6.919187301711835492e-01 -9.896114966175041661e-02
9.467543543466172196e+01 7.312587022115337732e-01 -6.109931845857352606e-02
8.843818285301020410e+01 7.159522762783087080e-01 -8.093053772341722574e-02
7.520066211676207502e+01 5.821948055207420980e-01 -4.542238905915944348e-03
9.027346428905966036e+01 4.399536804522284905e-01 -1.232319622750361193e-01
8.013700884519592194e+01 5.628801449370374188e-01 -5.255063928584680077e+00
8.761407094169373977e+01 7.450768999661607772e-01 -3.410362755234996879e-02
9.416734904335477552e+01 7.279002461103600830e-01 -6.810659464732395085e-02
6.801945387785102071e+01 3.692330846665231592e-01 -5.108425838258844109e+00
7.760696343701579281e+01 7.787247518769038757e-02 -3.000260510243507373e+00
7.126895169178561673e+01 4.093868632736604174e-01 -1.523575940572672316e-01
8.429336828775146273e+01 2.410289140897230176e-01 -1.230728541387350883e-01
8.657682937231342635e+01 1.950656669286129075e-01 -5.790801680528514378e-02
8.339373710665176986e+01 7.088829937876616194e-01 -1.714896766837838149e-01
6.488323457432916541e+01 7.712206122345246495e-01 -2.959846031941014033e+00
7.897186101630464350e+01 3.647872775608595325e-02 -6.149421921923670098e+00
7.286508202114461596e+01 2.756084382540258115e-01 -1.263506570092306491e-01
8.878149806078693018e+01 3.123573455607933647e-01 -4.152029532014717139e-02
7.920090807134000954e+01 3.252100810102979689e-01 -1.326492320984030115e+01
6.518174285732847295e+01 3.016901801450880827e-01 -4.522331465668411710e+00
8.423005101861419064e+01 2.362003020871748515e-01 -1.581641243493315807e-01
9.145178410995941931e+01 5.997848193493195978e-01 -9.131423277972645913e-02
9.093595868406089267e+01 4.643380916646135947e-01 -1.444851167664482627e-01
6.698567999204966839e+01 3.655540381154974705e-01 -5.998523205889272347e+00
7.257133456377950154e+01 4.298736755756437100e-01 -1.047964247324721931e-01
6.609052694873190603e+01 5.076706036609464345e-02 -5.338827890431913081e-01
8.924096338627806801e+01 1.272437548405767338e-01 -5.694405660990542462e-02
6.941405507702086197e+01 4.848892815261209854e-01 -1.962310561758722427e+00
6.958891372508921336e+01 3.343875105042062312e-01 -2.212216897268631133e+00
8.556513022968738369e+01 7.409764737073787355e-01 -4.536202604376395053e-02
9.109255240782306373e+01 5.551663356418020667e-01 -1.033146596725443428e-01
7.093194832932547911e+01 1.354983590367664081e-01 -3.683742753597411546e-01
7.306655036823100602e+01 5.461407890322965697e-01 -1.111989040709897847e-01
8.189284813442881727e+01 7.909351499642972572e-01 -4.558141212122656660e-01
8.324900112381425288e+01 3.413257698060965240e-01 -3.569911471318114038e-01
7.972447966934583974e+01 6.515956185142557366e-01 -5.334993615436260939e+00
7.464943736399261809e+01 6.827720793644686224e-03 -1.685470241817481618e-01
8.117446761850884229e+01 6.274557781848723037e-01 -1.628616021042394557e+00
9.266952063621997127e+01 4.986897775574256619e-01 -2.299236678450284621e-01
7.390316804227583702e+01 4.679948331950281593e-02 -2.060002989971462459e-02
8.618406170626948892e+01 2.274061724990367461e-01 -4.999466327545730449e-02
7.173076730921268052e+01 5.387741614196911444e-01 -1.504090456736883151e-02
6.642024436431222512e+01 2.805569411319102646e-01 -4.850419893119465087e+00
9.554047002270223743e+01 2.597852533042185885e-01 -1.122644782416989173e+00
7.458908728035777358e+01 1.216434303443846184e-02 -1.439173638771622799e-01
7.065444810441812251e+01 1.983161860849996794e-02 -2.652023856982865802e-01
8.051691010331421694e+01 3.513036029319978049e-01 -6.663637653676800277e+00
7.727396924090534469e+01 6.688887289751754839e-02 -1.643913721508842185e+00
7.212392922228669079e+01 2.185588196093596614e-01 -3.866267465160858063e-02
9.392302131022944423e+01 6.046796671421590663e-02 -2.231497942965987136e+00
8.829861116199182902e+01 4.012168596547829869e-01 -4.978087603380757648e-02
7.847724537487961527e+01 5.184698988748278614e-01 -5.622595446354047510e+00
9.511636362423212177e+01 1.827798708805322692e-01 -2.251840698572883603e+00
8.493883796999801916e+01 8.008105119392973370e-02 -8.066044594339329132e-02
6.591453749385603089e+01 7.946164171550491595e-01 -2.760322708121096813e+00
7.991933829186757521e+01 3.564718201021261912e-01 -1.019361918300286440e+01
7.588269178155184136e+01 4.519062565240541396e-01 -1.302691815278687049e-01
8.373935629099258904e+01 1.477192606899201399e-01 -3.781026529032093797e-01
7.677734139943208902e+01 6.055735782764761765e-01 -1.347819336888315678e-01
7.834048891820687288e+01 3.855655810898701019e-01 -7.998283874768388202e+00
6.822784236144906345e+01 6.467955803467239084e-01 -3.801205595317571184e+00
8.955469212715735239e+01 9.954318443876276901e-02 -8.395680711202346824e-02
7.205264544399209115e+01 5.097770755553873157e-01 -1.531573456580365665e-02
7.806542915352476086e+01 7.810399795108504684e-01 -2.406987313079478330e+00
6.880275841693504901e+01 6.587920357830819862e-01 -2.698196669226429201e+00
8.212773080868296915e+01 7.521106844444100936e-01 -4.104326754464693860e-01
9.595614472004602646e+01 1.130127460076635892e-01 -3.603761243162400874e+00
9.218163257013964085e+01 7.032408023609464376e-01 -4.528142870134874848e-02
8.086367059662708812e+01 7.656100188711381094e-01 -1.437341319899022807e+00
8.786062799099524057e+01 5.702976453859354145e-01 -4.524980191270005364e-02
7.983923709264888657e+01 1.257362918960986675e-01 -1.682823863736152603e+01
7.954808598104655459e+01 1.462560268464167812e-01 -1.840345137619387827e+01
7.908333299354296742e+01 2.007244110107422042e-01 -1.682229876748639086e+01
7.945018088461375783e+01 1.974529147148132435e-01 -1.767461543628800413e+01
7.853782598906326484e+01 9.701139155591090302e-02 -1.114672789579069878e+01
7.976224596051349636e+01 1.507727503776550293e-01 -1.800739102361255561e+01
7.993814473928632935e+01 1.361925840377807562e-01 -1.702166670100487877e+01
8.085443139832614179e+01 1.408072360944185586e-01 -8.873669272353627235e+00
7.922362151320474766e+01 2.861442565917968750e-01 -1.461622831292468838e+01
8.008284864389835889e+01 2.474030494689941628e-01 -1.353521482554716648e+01
7.885804997550711448e+01 1.141235113143920926e-01 -1.548236410470569524e+01
8.027631788934091617e+01 2.218816518783569558e-01 -1.279383857145354675e+01
7.860809079225691676e+01 1.689147472381591908e-01 -1.461509196008536016e+01
8.116603872859471380e+01 1.475517467810494587e-01 -5.966939980153918910e+00
7.977990949461668890e+01 3.195049047470093218e-01 -1.232117050169198258e+01
7.964088345795869373e+01 1.560882171591489176e-01 -1.798258639124676250e+01
7.931869260395905030e+01 8.497690511347197329e-02 -1.521562538640398188e+01
7.850091221771984351e+01 2.861770040709849527e-01 -1.030106066218841399e+01
7.893415333721149807e+01 1.663947714538535627e-01 -1.622771249168187424e+01
8.083992752426321715e+01 1.592258680002496818e-01 -8.791327672731746645e+00
7.817723600143760621e+01 1.270163059486415502e-01 -8.484547815672122795e+00
7.920378991557227266e+01 2.722819685875860207e-01 -1.510789694054654397e+01
7.969974800057380548e+01 3.225107051267567804e-01 -1.220771971768404462e+01
8.045324289654681138e+01 7.350232416486895959e-02 -9.673616458334340251e+00
7.906559766456254579e+01 6.945505142211914895e-02 -1.262637999887725293e+01
7.918095927170921300e+01 2.312734127044677734e-01 -1.654086632001562407e+01
7.941432673626252381e+01 1.248280882835388211e-01 -1.806664199815377359e+01
7.976443928251767090e+01 2.159307382958410848e-01 -1.575455490780992562e+01
7.941381103245126383e+01 1.775245308876037820e-01 -1.813823934669145999e+01
7.947352498074472749e+01 2.700165033340454213e-01 -1.524734285205011375e+01
7.954031650826189548e+01 1.203075408935546931e-01 -1.790020931461189946e+01
8.008755396248417924e+01 1.981109499931335560e-01 -1.498363119385373210e+01
7.948429782904041474e+01 2.247513055801391713e-01 -1.684211177845171292e+01
7.932974991785965813e+01 2.774932914452158395e-01 -1.496402704422927421e+01
7.997628158898017148e+01 2.198184490203857477e-01 -1.435339706438187868e+01
7.984393521285012696e+01 1.360311536285233325e-01 -1.701168923442340031e+01
7.886300196525741057e+01 2.300703660666318928e-01 -1.488441903037334235e+01
7.927662693525874715e+01 2.792355060577392800e-01 -1.486208417091635958e+01
7.979704087479677810e+01 1.094126105308532715e-01 -1.624065037850021653e+01
7.986164471371930063e+01 2.580718278884887584e-01 -1.439050392666112721e+01
7.882219350168513472e+01 1.490329623222351185e-01 -1.629694459320972300e+01
7.874209646850073341e+01 1.728163599967956765e-01 -1.454009490576320118e+01
7.864953328354273765e+01 2.262749910354614480e-01 -1.351529727712084750e+01
7.953261799100197038e+01 3.161289010795881871e-01 -1.319661331276240013e+01
8.021773686424100447e+01 1.795277595520019531e-01 -1.377772261623168504e+01
8.009121066282509105e+01 1.242638230323791504e-01 -1.551143453618245438e+01
8.020719169629521161e+01 2.467173099517822321e-01 -1.207225528128318182e+01
7.914077775170761697e+01 1.128737352560274659e-01 -1.662673594740008554e+01
7.878092071430627641e+01 1.319004862303658487e-01 -1.438362049131218789e+01
7.889335194899952342e+01 2.407144784927368331e-01 -1.456217183553233063e+01
7.935016078327797118e+01 1.662332773208618220e-01 -1.816961728971033097e+01
7.947089805511586746e+01 2.124835035169516662e-01 -1.723664784272096284e+01
7.953229631355992524e+01 1.632573255321209116e-01 -1.834851468297722477e+01
7.957918273911575113e+01 1.544209599494934249e-01 -1.798752132735125286e+01
7.914946331583067263e+01 1.669930966177398945e-01 -1.744645486175236115e+01
7.912609473903849278e+01 1.891713020989707061e-01 -1.708978313079520817e+01
7.922737657336344341e+01 2.021685123443603682e-01 -1.744237070833793268e+01
7.959769584009940502e+01 1.808438414416730644e-01 -1.763081201348774840e+01
7.950788187722749001e+01 1.357673456685754287e-01 -1.830340517995675853e+01
7.906568123906740198e+01 2.215088747371094513e-01 -1.623807301666398928e+01
7.940388128408559965e+01 1.445495094989703577e-01 -1.840261043364349192e+01
7.969356014881790884e+01 1.360849740944888864e-01 -1.791787215486181140e+01
7.961792822163747019e+01 2.315555593985707539e-01 -1.616699058962057478e+01
7.970537128962189399e+01 1.824773423029887320e-01 -1.760781230576514034e+01
7.895248745258990652e+01 1.852205203797367972e-01 -1.597217856476923181e+01
7.918529818051386826e+01 1.084452608359349202e-01 -1.637515061305426656e+01
7.900321293579366966e+01 2.113059167365598512e-01 -1.654486777123932129e+01
7.922826756379394908e+01 2.592470749461072144e-01 -1.557129654486296033e+01
7.991033707846074208e+01 1.722321019375313567e-01 -1.687268545135478348e+01
7.951924102855846854e+01 2.418071276490597887e-01 -1.626014373781108802e+01
7.990075638592453799e+01 2.081692183652343875e-01 -1.601648102517835781e+01
7.963410139294811074e+01 9.515898831735987440e-02 -1.612669910405362828e+01
7.896674342547248671e+01 1.964424439694341662e-01 -1.574502702603703952e+01
7.956736499252056660e+01 6.827392855445645059e-02 -1.325150665898844338e+01
7.943492715185152520e+01 3.059344251136396076e-01 -1.396232724356401711e+01
7.962657768539816061e+01 1.614106330177902671e-01 -1.794009755741299017e+01
7.920644017583002494e+01 1.918694660801607554e-01 -1.771158121935754792e+01
7.950659855670934917e+01 1.797049372545383994e-01 -1.809780440385271660e+01
7.957107504112535423e+01 1.337239600744524748e-01 -1.826329419060737180e+01
7.935535112173894845e+01 1.957189928022720071e-01 -1.760907400734686235e+01
7.937703499851993172e+01 1.686739789484054675e-01 -1.828394079552202101e+01
7.981393479963492155e+01 1.972844374611431861e-01 -1.630245339259851178e+01
7.947217120726844541e+01 2.186619332391204762e-01 -1.704090178076214812e+01
7.946557987437341808e+01 1.857985938292719130e-01 -1.796676183303533492e+01
7.901753568813667528e+01 1.555864125922369612e-01 -1.754218375472616032e+01
7.954742259996285725e+01 1.629979440559457815e-01 -1.835091192710212837e+01
7.915207415603583740e+01 1.600693668397930036e-01 -1.749956277186424103e+01
7.943050945121539996e+01 1.457412882214919325e-01 -1.840725968100057841e+01
7.987105749185779757e+01 1.641081918299304165e-01 -1.698231662723829771e+01
7.933781855806303440e+01 1.116898423625311554e-01 -1.731592056329248663e+01
7.958787561296800561e+01 1.560615138766184296e-01 -1.797947015369260626e+01
7.928010893467968856e+01 1.400194680809153103e-01 -1.819171173499441707e+01
7.926227244120546800e+01 2.352934200986888102e-01 -1.640516809598328152e+01
7.966264824071508599e+01 1.893466211595370152e-01 -1.744461344853298712e+01
7.922650624720102996e+01 2.157675342639018279e-01 -1.704200412480255267e+01
7.973714051590073382e+01 1.545898325166294718e-01 -1.799576388267571048e+01
7.945198626996213420e+01 1.233825092828359504e-01 -1.801754752934962056e+01
7.960468258410600129e+01 1.239938747287524790e-01 -1.766431521141795002e+01
7.929320116839519983e+01 2.235658453046035499e-01 -1.679387727548207110e+01
7.911011091543130647e+01 1.881803715148535339e-01 -1.711309077895346320e+01
7.934851869049684581e+01 1.603007722601245411e-01 -1.822242661797803009e+01
7.938164057097131376e+01 1.993858114968135864e-01 -1.761817566400544877e+01
7.966563723483545800e+01 1.647897171984217257e-01 -1.790629704863729188e+01
7.969371107856409253e+01 1.877371797018677624e-01 -1.748710295242505097e+01
7.941699440707297697e+01 1.688050561451923670e-01 -1.828225345670261248e+01
7.943563634520971561e+01 1.997441509094689538e-01 -1.761097110764903562e+01
7.930782159497238126e+01 2.078745587304396958e-01 -1.727774075600759573e+01
7.962347569255122437e+01 1.414748984212061689e-01 -1.797365069300697371e+01
7.938391804075720870e+01 1.475650245561465623e-01 -1.841595113463856492e+01
7.945239979762705218e+01 1.840084013837416377e-01 -1.800638062178389376e+01
7.929167282940777284e+01 1.831888193061649850e-01 -1.790221191676889845e+01
7.950734299233920410e+01 1.855174101388616936e-01 -1.797440234467452314e+01
7.964686400690980861e+01 1.234526706079410729e-01 -1.764694182300422298e+01
7.951551837296038627e+01 1.487590353683291566e-01 -1.841267078122911727e+01
7.967688454972429213e+01 1.123659768567983053e-01 -1.721827216281623052e+01
7.912051278813599708e+01 1.419641148542362674e-01 -1.746583730378439725e+01
7.919524291261519977e+01 2.107044137785281102e-01 -1.719695955150165290e+01
7.938651345223391331e+01 1.854297136141180025e-01 -1.797261567521123027e+01
7.956073022034546227e+01 1.693981720050547757e-01 -1.827422858335488698e+01
7.916766381624928783e+01 1.751574409256250464e-01 -1.734096557299139363e+01
7.954620890143871748e+01 1.717064978717752211e-01 -1.824011986130215135e+01
7.928409638093006606e+01 2.092742786068920169e-01 -1.723733539241172963e+01
7.970581156038230120e+01 2.050343420253812887e-01 -1.702636892226799148e+01
7.931506288446985309e+01 1.849023211078861806e-01 -1.786496708563919000e+01
7.934495694850920700e+01 1.611372796738944901e-01 -1.821690944782539745e+01
7.921744183002540751e+01 1.377478541212755758e-01 -1.817204911070409779e+01
7.937783351448868530e+01 1.644626159570175550e-01 -1.833694777222817862e+01
7.962425067190262951e+01 1.657476517412135308e-01 -1.789113636204151447e+01
7.926648121865949292e+01 1.655161437546206482e-01 -1.818514113568763335e+01
7.950395319613843981e+01 1.681485146358349114e-01 -1.829134107040554724e+01
7.939375818886720992e+01 1.664031172962936456e-01 -1.831395354800746134e+01
7.940708194736697578e+01 1.545488689668198523e-01 -1.841109896768818999e+01
7.923833557409272998e+01 1.524953600910874396e-01 -1.826423829963436063e+01
7.934107007987586258e+01 1.293936026356878599e-01 -1.798804087811011954e+01
7.957928457690439927e+01 1.442363990613505231e-01 -1.798907835795660048e+01
7.950843191360320361e+01 1.898304515814974724e-01 -1.787332023023682481e+01
7.938262081584313989e+01 1.936090494073241242e-01 -1.777337738582515314e+01
7.914667174670643135e+01 1.711786504465915570e-01 -1.739926439982190587e+01
7.949507037633725304e+01 1.944774565616940731e-01 -1.775571967356168557e+01
7.915883859357154506e+01 1.496546272801718702e-01 -1.751017954287265610e+01
7.942923310141364368e+01 1.952767709217017866e-01 -1.773186165024029393e+01
7.945654683819931563e+01 1.680848722471081358e-01 -1.829218396560175108e+01
7.956070933111182342e+01 1.491891186818939674e-01 -1.841135360247676900e+01
7.954634567383800459e+01 1.653154444879709750e-01 -1.832630998295750047e+01
7.960402128285602430e+01 1.572004182289826746e-01 -1.797332512809298422e+01
7.940377539238023985e+01 1.549949414662329383e-01 -1.840949411579703821e+01
7.957802426366825443e+01 1.885525578057312412e-01 -1.745376053302797104e+01
7.937122520986852692e+01 1.438012432058136392e-01 -1.821536913761165621e+01
7.953766441668258835e+01 1.409443419857598634e-01 -1.836681708613419062e+01
7.938536521229346477e+01 1.354116702333477140e-01 -1.830771868642319333e+01
7.928958293180470207e+01 1.591218207513358518e-01 -1.823618884041932731e+01
7.927560414269134981e+01 1.743359151212814373e-01 -1.806596609441855250e+01
7.945241885454987596e+01 1.485286516251877187e-01 -1.841505689533798673e+01
7.950198371981068135e+01 1.506104877045531532e-01 -1.841497094760369180e+01
7.938795065121422567e+01 1.665458997682869868e-01 -1.831217247655005664e+01
7.918884638515918084e+01 1.506162772261294969e-01 -1.827005543097763862e+01
7.953222965889747798e+01 1.613475646908698602e-01 -1.836636202579097699e+01
7.934369511631237515e+01 1.485967098353646876e-01 -1.824591326544884140e+01
7.955928357838105569e+01 1.842906128178417868e-01 -1.755138149331206066e+01
7.933047120533942120e+01 1.604920707623951892e-01 -1.822302840395130374e+01
7.933545831364561707e+01 1.515988795194551653e-01 -1.825232973621871224e+01
7.966882622868041608e+01 1.605460988821771628e-01 -1.795126677192851616e+01
7.943597086170444754e+01 1.707822732360265716e-01 -1.825359638106889903e+01
7.940886411363376851e+01 1.896803623482585521e-01 -1.787327146266646238e+01
7.935387922848968856e+01 1.599404504338025612e-01 -1.822422757997267340e+01
7.949525453203929715e+01 1.702046378978033514e-01 -1.826250575327133063e+01
7.967102569497490094e+01 1.672586985854594144e-01 -1.787519849029131436e+01
7.932409828987871947e+01 1.422428992389056235e-01 -1.820870325069930828e+01
7.951399674953709962e+01 1.643184384159090683e-01 -1.833763931357052712e+01
7.940739627200353823e+01 1.696033120680986994e-01 -1.827087440863947876e+01
7.926375189204068761e+01 1.672463545705552279e-01 -1.816599938254434221e+01
7.935767871300741660e+01 1.625842142888412889e-01 -1.820420501889757148e+01
7.941673526454198395e+01 1.737560213425793365e-01 -1.820579297746009573e+01
7.968164664672275421e+01 1.837255657250819185e-01 -1.757790283650696850e+01
7.930644754141327724e+01 1.555908494792080377e-01 -1.825035920877289186e+01
7.940994046723108113e+01 1.413513225076862556e-01 -1.837892046166155779e+01
7.940015073603757401e+01 1.690090416400619466e-01 -1.827933190113590456e+01
7.938213563037521681e+01 1.482673574513680981e-01 -1.841761556705251124e+01
7.930319542609665007e+01 1.521278363161537306e-01 -1.825642804300747812e+01
7.953422090148339407e+01 1.438842068544986530e-01 -1.839121908528305127e+01
7.933330254941920145e+01 1.359774251716948379e-01 -1.812577397387945410e+01
7.935487465440097310e+01 1.416664266282494922e-01 -1.819835872500115315e+01
7.947971607235598412e+01 1.580634010294963976e-01 -1.839188725950143422e+01
7.936518238117029966e+01 1.738004573086999738e-01 -1.806749594239817114e+01
7.934104388711799061e+01 1.587175206903465030e-01 -1.823293784952144492e+01
7.944395558839268290e+01 1.487881728796986713e-01 -1.841587361624457486e+01
7.939240074610029296e+01 1.565527622100415239e-01 -1.840254457000421695e+01
7.934357361111700868e+01 1.457836413755438931e-01 -1.823315523144311356e+01
7.946898907805487511e+01 1.628506926837243463e-01 -1.835324341267170567e+01
7.928128959200653014e+01 1.603894365115070553e-01 -1.822888712639194253e+01
7.924343959127398307e+01 1.591585617675745634e-01 -1.824088614963959287e+01
7.939203124387566390e+01 1.679001907402238869e-01 -1.829457492535195939e+01
7.927142640117749295e+01 1.538408761828409799e-01 -1.825868660294292312e+01
7.933759063995893257e+01 1.715978473136560156e-01 -1.810271450001149063e+01
7.930588331444947414e+01 1.501172359744729345e-01 -1.825456312838446493e+01
7.932732261669082163e+01 1.669273409611674863e-01 -1.816396130653349061e+01
7.941887468008570750e+01 1.572806416307997723e-01 -1.839792297831277779e+01
7.943963333156047213e+01 1.572055097276465196e-01 -1.839789994938669437e+01
7.947234478809562574e+01 1.506899712603624042e-01 -1.841613728679989848e+01
7.935349557253786656e+01 1.647280693296870879e-01 -1.818499142801439561e+01
8.394895157353462878e+01 4.257548163002786851e-02 -1.710091262700386971e-01
8.605803803827778609e+01 5.168195112345888576e-02 -1.933641522966844661e-01
6.542195443839594304e+01 1.717467869512437906e-01 -4.001351140775722293e+00
6.931427827659825880e+01 2.436364608787510988e-01 -2.942814637844759051e+00
8.158203126254522886e+01 8.844049251981755955e-02 -4.519262966394814285e+00
6.765622765136764372e+01 5.573179051879733059e-01 -5.091565829271537780e+00
7.818269514097522688e+01 6.221941305085231244e-01 -3.555913888208952045e+00
8.972193409549548448e+01 2.499552231496729449e-01 -1.017688091301830328e-01
6.599878883076993930e+01 7.932368084095154925e-01 -2.824566312049078043e+00
8.230003684967032029e+01 1.248574822619256119e-01 -2.439944089891418422e+00
8.647912898159057704e+01 2.242434297644727847e-01 -4.850098287047664714e-02
7.571534602688052473e+01 5.900372507863669430e-02 -8.673029790021993257e-01
7.044824349767813487e+01 3.794067216156590816e-02 -4.463152099435679920e-01
6.566246432715510650e+01 6.568008637787146053e-01 -3.195334423632550713e+00
7.661531111956830387e+01 1.418765746212723722e-01 -1.490350246353045582e+00
7.241225065306316822e+01 4.576420765278868541e-01 -7.336542334158320522e-02
7.324256443055715238e+01 6.341308615664226211e-01 -1.011876332468675393e-01
9.446610533408436083e+01 3.782342088843032579e-01 -3.560511429581167397e-01
9.106102149184771122e+01 5.640778212935488867e-01 -9.897451146438941694e-02
7.117599743735827644e+01 4.891762772047390517e-01 -2.635536529990351040e-01
7.603061293672989507e+01 3.953191926240901544e-01 -2.499572113027362374e-01
6.464205957349656728e+01 9.953439505830850853e-02 -1.600211701468007730e+00
8.363601936678649906e+01 6.044106333872825143e-01 -1.439775043367129415e-01
8.783448298219384753e+01 7.253016523419066885e-01 -4.791579147833823632e-02
8.724254004112623306e+01 3.622713350427453904e-01 -1.641587962110054727e-02
6.516566782883974440e+01 4.423253098720885124e-01 -4.209756857833046872e+00
7.459268435414963960e+01 6.694079912586232695e-01 -4.410190224659064906e-02
9.045981047198768010e+01 1.983694305174305006e-01 -2.383325643333075172e-01
6.898229522895790922e+01 5.369345377899252814e-01 -2.650433551604937321e+00
9.356502373051645804e+01 5.261061751696524125e-01 -1.618185023728929972e-01
6.723385601727193261e+01 1.068376451314979880e-02 -4.484282687665329115e-01
8.537496841354429478e+01 5.513782560157347579e-01 -3.900687912394857487e-02
7.385136083380416494e+01 2.937266716803429989e-01 -3.624146720780328790e-02
9.268842432621210037e+01 4.290520368457541034e-01 -3.753986734191709917e-01
9.557769321680086705e+01 1.156047682797326365e-01 -3.301563843659946595e+00
8.176057596874615285e+01 1.776150259257271435e-01 -3.159814672151322501e+00
8.916729476756839290e+01 4.170105492119035029e-01 -8.187646455519217992e-02
8.893597796759696905e+01 4.641467542550929415e-01 -7.779992879235153591e-02
7.694213755674792310e+01 3.487528131844149781e-01 -9.386735072563247018e-01
6.684556994710449374e+01 7.794330892466434513e-01 -4.519954193233707507e+00
7.099386747514881790e+01 8.666882307267909091e-02 -3.029212416953989684e-01
9.297744267014442698e+01 6.145542999812518836e-01 -1.067576596069647471e-01
9.458786008199473372e+01 3.070805205460312992e-01 -7.597101697161907641e-01
9.403777034679983160e+01 3.395691188984888420e-01 -6.489971915290960736e-01
7.416268932962748295e+01 6.773665261051831088e-01 -7.302846330595791358e-02
7.283992461381943428e+01 1.338540637697335500e-01 -7.178549832069300307e-02
8.851207753929855926e+01 7.408661738598634194e-01 -8.093642056473507318e-02
6.747374424713652274e+01 3.257501288911049953e-01 -6.218012032442679526e+00
8.962179515700240984e+01 1.891467679112694422e-01 -9.311286324065742859e-02
9.501383485385539984e+01 1.609158663690577473e-01 -2.596691254056293641e+00
6.834474299179363754e+01 3.873489754246711159e-01 -4.484616567928513930e+00
7.849277266034515321e+01 7.587015432265004078e-01 -3.702698901617735849e+00
6.429528050594366562e+01 1.480986203624958808e-01 -1.478829269652897738e+00
7.896145267690121727e+01 5.945833731596111837e-01 -6.529283851420276008e+00
9.189168754496870406e+01 3.534804292598195952e-01 -4.865062481773962388e-01
8.007297726584528164e+01 1.571031808069697222e-01 -1.571353150060921955e+01
7.199633858261691444e+01 2.035544775974019172e-01 -1.758271218429804592e-02
8.700126602786107810e+01 2.678037399863645307e-01 -2.648934193575067444e-02
7.484974681331144097e+01 4.978904618235588386e-01 -1.742885520751656864e-03
8.073381508482754043e+01 4.336087413980626026e-01 -4.342745219739923890e+00
7.063667380270638319e+01 7.943776511783727512e-02 -5.113182521640724509e-01
8.437172826102670342e+01 3.725521853200488565e-01 -9.285519727169737336e-02
8.772603416507770646e+01 1.097287161634341451e-01 -3.160476785098085412e-02
7.644256811836510224e+01 2.359160703781533752e-01 -9.236550098079187032e-01
7.963186253452620633e+01 7.913310167456825139e-01 -3.901865463090583130e+00
7.808998450149891823e+01 4.498257660059963303e-01 -4.482600917121528639e+00
7.734913306380225606e+01 7.000197184934726646e-01 -7.436903691444575193e-01
8.567650590159736623e+01 4.765607543184872674e-01 -2.202870794811617045e-02
7.918474450877151583e+01 5.143064984816804186e-01 -8.211525294449538492e+00
6.987387129854101886e+01 4.029659029145555293e-01 -1.621928086002524472e+00
8.112670250763653712e+01 6.822040699486302540e-01 -1.406754451520580762e+00
6.884514891257494185e+01 2.595121850937652241e-01 -3.889888012080526369e+00
9.135171912827730978e+01 5.903387224393955579e-01 -9.177076242334207545e-02
9.209199029669724723e+01 5.350769215833242054e-01 -1.593196311503884688e-01
6.955822030150589796e+01 2.192576698118177125e-01 -2.293987370785417923e+00
6.652478806654180232e+01 5.813424721717111998e-01 -4.523008528516079707e+00
6.490117948320383334e+01 2.872644763461353334e-01 -4.173836001114032968e+00
8.247713394973615664e+01 7.060230025703436718e-01 -3.061927921468323710e-01
7.996534042414549504e+01 6.888283231807561524e-01 -4.424020448919989690e+00
8.636963287149104929e+01 5.117914258910277736e-01 -5.236256032244604453e-03
7.214021019022855796e+01 6.438597492747203388e-01 -4.462448298525683275e-03
9.236280305234016907e+01 7.342815399658793041e-01 -3.404192177318786372e-02
8.354830488489888296e+01 7.627718553440137050e-01 -1.678348641207760283e-01
9.088541965403857148e+01 6.485568499093868899e-01 -6.828652085071568179e-02
7.163527014311932817e+01 7.728478971189162161e-01 -7.153026692840169787e-02
9.320989507021566567e+01 5.712435775365680701e-01 -1.413894167353070275e-01
6.821574478784685880e+01 2.088839394436550201e-01 -4.808128061676666398e+00
9.531443636298860156e+01 6.593798556458363436e-03 -3.214923857947291630e-01
7.777981155926708823e+01 2.745921514722695078e-01 -4.350929641737618425e+00
8.051281217722717543e+01 3.296922583958338815e-01 -7.079284950463177850e+00
7.516377085449221340e+01 3.185616412351959248e-01 -1.076453659882299491e-01
8.480289787178203653e+01 3.002095829555694873e-01 -7.977198808974442223e-02
7.346508460861782908e+01 4.831285767130339970e-01 -1.006326547355545081e-01
8.299714567509703045e+01 2.347945204448912554e-02 -6.231310729958944306e-01
7.537251877944970602e+01 7.189895630701066409e-01 -8.554282686761291790e-03
8.834862955266262929e+01 7.466124805009631826e-01 -7.304152532765748052e-02
8.504505200264080145e+01 4.128476660880355253e-01 -5.823590612893905782e-02
9.012614888448617023e+01 6.714058438605660650e-02 -1.357572637974263363e-01
9.592201949448546827e+01 6.316668098521636132e-01 -1.568081862732682297e-01
8.270686000286801232e+01 2.823874377437488037e-02 -8.291638283253778274e-01
7.953700317782092100e+01 1.497731987648269758e-01 -1.841311046730356082e+01
7.951536423183449642e+01 1.402983372270871498e-01 -1.836178652885746487e+01
7.945508008781062870e+01 1.518072241981255344e-01 -1.841610377978539148e+01
7.938995181006306723e+01 1.581956099753230871e-01 -1.839283402966060521e+01
7.951999213440032577e+01 1.550175697295708699e-01 -1.840615213110841353e+01
7.951083268415068517e+01 1.599129931318203912e-01 -1.837840138167236859e+01
7.947960033928529811e+01 1.480583452830447067e-01 -1.841283880526711414e+01
7.941190998516947275e+01 1.437343869827469867e-01 -1.839723269278184148e+01
7.941774034017770134e+01 1.508962915042346420e-01 -1.841815905620778793e+01
7.949923586638834649e+01 1.504132097034354132e-01 -1.841505167090540596e+01
7.951365077872635823e+01 1.533684521976167170e-01 -1.841136870812238513e+01
7.946373551015599901e+01 1.491647061882858116e-01 -1.841556913850971711e+01
7.948827897120079911e+01 1.510156385674977231e-01 -1.841545256571613010e+01
7.941839778257123328e+01 1.494300690011783894e-01 -1.841775401676351009e+01
7.941265922185242232e+01 1.587229859985692382e-01 -1.838884640063249165e+01
7.949734272593120465e+01 1.474375033121349543e-01 -1.841032988212259269e+01
7.946288836634111874e+01 1.554681106853021688e-01 -1.840596734946746693e+01
7.938255503263656010e+01 1.440507451645879344e-01 -1.840083746856888425e+01
7.942739929620182693e+01 1.458758300795396368e-01 -1.840801364002496854e+01
7.943899481721734901e+01 1.580886750791191675e-01 -1.839257300114329752e+01
7.951812001662672458e+01 1.460895555594733108e-01 -1.840429521555754988e+01
7.939097065864498859e+01 1.826304793357849121e-01 -1.803453870246371693e+01
7.956429022544639906e+01 1.538846300905817310e-01 -1.840838653547790926e+01
7.953144274945388759e+01 1.428023244835042449e-01 -1.838356155109991619e+01
7.940887592455473509e+01 1.503334696193444897e-01 -1.841858473553108766e+01
8.977273864714734941e+01 5.614777313477280485e-01 -8.163867040096917105e-02
9.584450365552132212e+01 6.953024762618228438e-01 -1.547368350811655358e-01
8.717090991738677985e+01 6.718006230046065230e-01 -1.388481273488848325e-02
8.195109283290157975e+01 4.777544918297336740e-01 -9.868570104598196613e-01
7.640957810269608785e+01 5.345185134380209258e-01 -1.242550923105145977e-01
7.503210415032299352e+01 3.863912217354631418e-01 -2.249045747538050422e-02
8.797695800441600511e+01 5.547119588790017097e-01 -4.424682958199833982e-02
9.507709343975234617e+01 6.024144045053889673e-01 -9.442685380839130338e-03
7.396746170657394259e+01 7.983747283415765228e-01 -1.061511643408443312e-01
7.764701754871749984e+01 4.606465214347332804e-01 -2.466844313050113868e+00
9.311334927711128273e+01 1.165805982020192977e-01 -2.566193791325759754e+00
8.529059467008625006e+01 7.244442947437493840e-01 -5.702724985529196433e-02
7.792371028908122810e+01 5.890416983448595323e-01 -3.058898073434920040e+00
6.773252588994174062e+01 4.113619131662978323e-01 -5.552453316345304479e+00
8.899312030261285145e+01 5.361098648131502609e-01 -8.514533266670183675e-02
6.944431597794265087e+01 7.683862702387915800e-01 -1.597368387897083686e+00
8.836094149322656222e+01 3.018743638452912048e-01 -2.743295288740330018e-02
7.453753780272946017e+01 7.976523036275172396e-02 -1.833128146242433976e-01
8.861910183570071808e+01 7.618857878388521909e-01 -8.087331812229722749e-02
9.413448550446965157e+01 5.129991993571350051e-01 -1.120244306204310064e-01
6.747341515840682291e+01 4.388408299856778050e-01 -5.893287053141771814e+00
7.663123686435409354e+01 6.335740495168842301e-01 -1.109916151892922642e-01
8.652272671247386882e+01 7.361837471436769587e-01 -1.078411402160874347e-02
8.386003688197281747e+01 1.578569646398867432e-01 -3.768343946310511727e-01
6.645806859829235691e+01 5.985240051783735638e-01 -4.096553617684742576e+00
7.733050914928222141e+01 6.828818645847906099e-01 -7.930210349985294949e-01
7.967996986234322776e+01 2.082635477916821021e-01 -1.692696392638011105e+01
9.191243466552651853e+01 1.872608986203242454e-01 -1.250432812704812990e+00
7.057801420262805436e+01 4.860004953424914564e-01 -7.537695133494659583e-01
8.070684619736708498e+01 7.586662588174958310e-01 -1.848269887423349633e+00
8.283830577156464869e+01 7.494918426635637232e-01 -2.149785374171881980e-01
8.927914052837452630e+01 5.496875599172101889e-01 -8.537878404607530947e-02
9.450643712287276799e+01 1.921102491843435789e-01 -2.095080815568097776e+00
9.445709892418912546e+01 4.444342707156536121e-01 -1.655449282897444030e-01
8.406078115190749145e+01 2.017641409202998171e-01 -1.716600061793452092e-01
8.567871930269151903e+01 3.622600790817765981e-01 -2.473809490825581298e-02
8.085640796980112555e+01 5.103078919185087825e-01 -2.803084598541953909e+00
9.064980464407591398e+01 4.311865780767345502e-01 -1.458534680930464178e-01
6.700242555258644472e+01 6.494098954899052423e-01 -5.132073480785398267e+00
7.983707388865508392e+01 1.689178992757426334e-01 -1.691246584288878196e+01
6.435008404125342452e+01 6.974322646334256692e-01 -1.294879216890460816e+00
7.699750098264711085e+01 3.689572964972028662e-02 -8.144296195324576271e-01
8.162914881307888493e+01 5.011472020822653750e-01 -1.445966981349088520e+00
7.561615430303197627e+01 6.213195867931378125e-01 -1.990287793755609116e-02
6.505984499512872787e+01 4.684663927665142502e-01 -4.020703175840155019e+00
9.229305892938629086e+01 7.781822638918880486e-01 -2.218238792281887126e-02
8.502802270460890099e+01 4.042406564449239209e-02 -8.067139250062177469e-02
6.856580521163283493e+01 6.104922921551771964e-01 -3.337923097544377438e+00
8.225515023648284796e+01 2.286898261822821812e-02 -9.314135591252338253e-01
8.937506527943122592e+01 1.223680437061855503e-01 -7.323662630330358969e-02
8.708805342266295213e+01 6.630678236583977814e-01 -1.405092112928055074e-02
8.103966550504824795e+01 3.752212793822385928e-01 -4.164742611374474102e+00
7.209105302222366163e+01 1.617952749211224450e-01 -1.245928478594043008e-02
6.537448032313794499e+01 2.331524113385587127e-01 -4.468553517724046742e+00
9.044507400123619334e+01 4.893246256547246209e-01 -1.150354185487756087e-01
9.007275623717922031e+01 4.012878435936343968e-01 -1.224334662771945081e-01
8.598148957635225997e+01 3.949190762199477067e-01 -1.022698850250768586e-02
7.901634185240902752e+01 3.056449194566011607e-01 -1.344243410719337639e+01
7.181401271906345585e+01 7.840138745285013533e-01 -3.375825608845602760e-02
9.282325688402121955e+01 6.463909522574182720e-01 -8.334231562763744217e-02
8.024564510065032152e+01 1.291114200667498879e-01 -1.402058968368810987e+01
9.358945435429015447e+01 1.083293596853456137e-01 -2.876097793342352382e+00
8.234991567297828396e+01 2.736204495166920103e-01 -1.303572023006929870e+00
6.495917914657849224e+01 8.682708930437543771e-02 -1.864495821932137032e+00
7.023367453754309508e+01 2.250915243856827230e-01 -1.247637087960368651e+00
7.857742259474402147e+01 6.178966658089027342e-02 -7.979669602574404941e+00
7.463653452120284726e+01 6.250221193677449882e-01 -3.361149254200851422e-02
8.623963803435844966e+01 2.436156058422438431e-01 -4.351175931196889918e-02
9.153758841171548966e+01 5.585702583550106182e-02 -5.313288065676649019e-01
6.891170068546695404e+01 3.769269583460085338e-01 -3.331189321016217342e+00
7.545117641753037674e+01 8.962571766074292623e-02 -6.732135074578046163e-01
8.431866692069006319e+01 9.651726594704489182e-02 -1.649065822431019790e-01
8.469886763117975192e+01 2.181839860944808085e-01 -1.151798167794104710e-01
9.209029369791160491e+01 1.827451886638493117e-01 -1.500900834033175313e+00
6.958138715908290806e+01 2.622359352437326763e-01 -2.292986475077720243e+00
6.987250620966753445e+01 1.251162150037530597e-02 -2.117850233471862686e-01
7.241397282273831593e+01 6.751058419602840033e-01 -2.863233730223124426e-02
6.666838069232088060e+01 3.387997651972660673e-01 -5.458530325621100410e+00
6.593112572298957730e+01 3.291779389427098579e-01 -4.046398627226960976e+00
7.428688890180571036e+01 2.661554148514396270e-02 -6.014447431958431373e-02
9.109977101398652621e+01 1.374346353127728626e-01 -6.808770520792974956e-01
6.823899113855472365e+01 5.752913576756977232e-01 -3.961321136815747490e+00
8.775222902268829728e+01 2.927101360626425119e-01 -1.270147194092564706e-02
7.619480978742207355e+01 2.808706213317708755e-01 -6.326414753908355948e-01
7.137131306335930958e+01 3.241258551485871053e-01 -1.357769769367146440e-01
6.615005090917844655e+01 2.672201025861710155e-01 -4.307349265176546815e+00
7.336837156835944995e+01 2.515828052236174783e-01 -8.658097328071968912e-02
8.313809736766975789e+01 3.510097219199145857e-01 -4.680041329677924189e-01
7.155808535445801510e+01 7.154256896242195962e-01 -6.558076004894594635e-02
7.929831214511976611e+01 5.791563552364342726e-01 -7.016027672520310787e+00
9.558045325066441933e+01 5.732274229445544905e-03 -3.280648000192484814e-01
7.321435319683619980e+01 4.539558073408236361e-01 -1.134436903333053692e-01
6.798188334693242041e+01 3.545822372600946903e-01 -5.142366918249900998e+00
7.096191886934316528e+01 5.203425007706413696e-01 -3.774289697759785622e-01
7.842282191633667310e+01 7.309497994118244746e-01 -3.332825919374189372e+00
7.302232960957108787e+01 7.157606047924040815e-02 -4.073526421936043973e-02
8.354430542380214320e+01 7.078720334683556992e-01 -1.578115171453025600e-01
9.335790195867716079e+01 4.176069463179410413e-01 -3.956150385531651548e-01
9.538647252434249424e+01 1.441567387324902416e-01 -2.948103448564259210e+00
6.445724885367542356e+01 3.139787588086919712e-01 -2.696751921707562172e+00
7.990598642675726637e+01 2.342299818992614815e-02 -4.012945392687891299e+00
7.969709062373604525e+01 1.999125003814697377e-01 -1.717166494642085439e+01
7.953975185744499754e+01 1.013959050178527832e-01 -1.689236746847010906e+01
7.906624237537778299e+01 2.916153669357299943e-02 -5.245311779345969150e+00
7.947491833484522772e+01 1.100559711456298856e-01 -1.744557300035780401e+01
7.920136113422513802e+01 9.664465785026550571e-02 -1.556116492213967106e+01
7.958673233184276796e+01 2.245147705078125167e-01 -1.639804164243048135e+01
7.999814777971555202e+01 2.415898323059082198e-01 -1.369439554948932880e+01
8.009126415201684779e+01 8.592393994331359863e-02 -1.347367877392984958e+01
7.879517725521405680e+01 6.529971957206726074e-02 -9.760662268450689183e+00
7.928662111710441707e+01 2.573486089706421009e-01 -1.563908156736286337e+01
7.923018057891903254e+01 2.695748090744018444e-01 -1.520462853914593815e+01
7.928924227805610769e+01 2.121579170227050892e-01 -1.715115383647112068e+01
8.003797847153569478e+01 1.449643850326538252e-01 -1.574582438518598870e+01
7.933828444467562235e+01 2.932253837585449552e-01 -1.440131017727016172e+01
7.897928524543750939e+01 1.808802127838134988e-01 -1.727518927699003015e+01
7.999174140012138423e+01 1.743600368499755859e-01 -1.547562136639541563e+01
8.036427321021852777e+01 1.739864110946655329e-01 -1.209629830720892230e+01
8.001357811322465352e+01 2.506787538528442716e-01 -1.341229168691529594e+01
7.913866166865709317e+01 1.154822111129760742e-01 -1.675147990822365074e+01
7.899954827063892537e+01 2.435849905014038086e-01 -1.553951066535918812e+01
7.968196240157344334e+01 2.430891036987304910e-01 -1.578029187749995010e+01
7.872862493432745623e+01 1.134769082069397028e-01 -1.381823164904832346e+01
8.021177958188297907e+01 7.655956745147705911e-02 -1.131174405755650447e+01
7.823296443043683723e+01 4.207405447959899902e-02 -3.519026815318433421e+00
7.952923470005136153e+01 1.781376004219055176e-01 -1.812872009608266666e+01
7.947322432306249596e+01 1.497011065483093428e-01 -1.841573829090536307e+01
7.920628307776260613e+01 1.824986219406128096e-01 -1.792150449124450162e+01
7.984113219776033077e+01 2.247825145721435713e-01 -1.549383368165489649e+01
7.992309187835225259e+01 1.561310529708862527e-01 -1.706336969231534439e+01
7.900092134525337428e+01 1.414182543754577692e-01 -1.748751610858056793e+01
7.900011084557391428e+01 1.218191742897033747e-01 -1.574006108148384975e+01
7.889590096385245488e+01 2.118522405624389815e-01 -1.538588719612004496e+01
7.970978873002832188e+01 2.391431808471679854e-01 -1.592168495934317995e+01
7.924818527187585460e+01 2.196942567825317383e-01 -1.691848761023297243e+01
7.951438436335901372e+01 2.618721008300781139e-01 -1.554459801804367203e+01
7.922542693011487813e+01 2.505875349044799916e-01 -1.587660878154944299e+01
7.994236376922344789e+01 1.867826938629150446e-01 -1.658852970278203287e+01
8.022105953736547690e+01 1.465867280960083119e-01 -1.412810425064238373e+01
7.907826970859505877e+01 1.608779430389404297e-01 -1.750883076597621368e+01
8.012367921465623510e+01 1.385619640350341797e-01 -1.573173826944772991e+01
7.882610562099443996e+01 2.047335147857666238e-01 -1.557914174678572650e+01
7.957604686372604874e+01 3.107604980468750000e-01 -1.338588172503595963e+01
7.935941515684707781e+01 2.773140907287597878e-01 -1.497338191172598876e+01
7.937210045939957581e+01 2.983927726745605469e-01 -1.422141300264551589e+01
7.930122466673275028e+01 7.895939946174622415e-02 -1.452654488794042464e+01
7.938685874041878776e+01 3.393127322196960727e-02 -6.504548269412805617e+00
7.914914733559598403e+01 2.161879301071167048e-01 -1.638869040995872339e+01
7.989697006622829178e+01 2.329325675964355469e-01 -1.524230064418699371e+01
8.002859266704426489e+01 9.679071903228760043e-02 -1.431676856326459024e+01
7.942953279719716875e+01 1.426682705621224456e-01 -1.838868519835035897e+01
7.904043482584808089e+01 1.491385343435016608e-01 -1.753356670488585323e+01
7.982635201741845776e+01 1.815906981730679159e-01 -1.668126794659404410e+01
7.963965418835226728e+01 1.570413881388612598e-01 -1.797665523805607535e+01
7.966167251069251165e+01 1.514746463019211453e-01 -1.800159117440598067e+01
7.924847050721467667e+01 1.768273047711438062e-01 -1.802618716401213206e+01
7.916225779431891851e+01 1.572268247604370339e-01 -1.750955330052017445e+01
7.951672861359170952e+01 1.847540448194653073e-01 -1.799175443641010119e+01
7.930288611966238932e+01 2.130018234252929743e-01 -1.712531158530261521e+01
7.937847261573354274e+01 2.233219910737857805e-01 -1.688172954830243100e+01
7.879660097183061396e+01 2.061829542882861743e-01 -1.554875751110552784e+01
7.961258942111643933e+01 2.510407221392489951e-01 -1.549013256943634786e+01
7.984206061337818028e+01 2.118001937866210993e-01 -1.589667348286005399e+01
7.899268858288610318e+01 2.185580598357022564e-01 -1.633410595793474229e+01
7.977731363257132102e+01 2.098901182848749714e-01 -1.593966407984531664e+01
7.885373699678189041e+01 1.902917008289881917e-01 -1.589697503338407003e+01
7.992610751586457241e+01 1.321566423470006135e-01 -1.696366854766802135e+01
7.955382820162363089e+01 2.454888354965327757e-01 -1.567559723327678967e+01
7.931611583575082136e+01 9.906659692302180464e-02 -1.651288195364717382e+01
7.869405475446973242e+01 1.880595108945743721e-01 -1.434552246094493277e+01
7.952618331848657363e+01 1.020079912414001977e-01 -1.693834167295491966e+01
7.915741279434099908e+01 2.431058829111152342e-01 -1.613712108883401086e+01
8.013386027471419482e+01 1.224393963813781849e-01 -1.547150637364514658e+01
8.013582025027055522e+01 1.991898520747524826e-01 -1.496871861971706608e+01
7.934052175001146168e+01 2.754461451821035856e-01 -1.503883472970186119e+01
7.950587362283216919e+01 1.497358372520520564e-01 -1.841440206216978126e+01
7.910373220276692052e+01 1.327434903124755927e-01 -1.732527010881150886e+01
7.938916047113508512e+01 1.866727725142303396e-01 -1.794417029125610341e+01
7.939659349133673061e+01 1.706884495410418423e-01 -1.825474482039111024e+01
7.967792096407768554e+01 1.506359157158615181e-01 -1.800365327867253384e+01
7.920597607918425354e+01 1.475938887482832473e-01 -1.826077163337449960e+01
7.964792655353215878e+01 1.773609032566922927e-01 -1.770626546535377699e+01
7.949750701251441853e+01 1.129188179969787681e-01 -1.758941100081396769e+01
7.913930628423635483e+01 2.024272849511864758e-01 -1.677174239170730274e+01
7.988945237368255903e+01 1.408028578352372995e-01 -1.706029378625679627e+01
7.978017120939288986e+01 1.615051848693634939e-01 -1.699744976319523104e+01
7.927797983409583082e+01 1.420505755816838800e-01 -1.821376809297682442e+01
7.905266802167726325e+01 1.779733657836914118e-01 -1.731465964828009163e+01
7.904130633151574159e+01 1.804204141385794824e-01 -1.727431548148474150e+01
7.930374029661780355e+01 2.225111914943094238e-01 -1.682774800651178992e+01
7.890897337174683912e+01 1.640665834368568721e-01 -1.625146630649407342e+01
7.973409757642623674e+01 1.998569488525390736e-01 -1.717807075684278217e+01
7.947126391278303004e+01 1.829323470413210528e-01 -1.803026514907218214e+01
7.947024566392947520e+01 2.089313215590565265e-01 -1.734557565976684756e+01
7.967802467063451388e+01 1.866525922712961028e-01 -1.751084750518979405e+01
7.921898842604505830e+01 2.065369983343907367e-01 -1.731900236963262785e+01
7.903392994286535611e+01 1.534443629143628640e-01 -1.754154987482530359e+01
7.956097767139571886e+01 1.024631738910083689e-01 -1.696279550626722710e+01
7.965898382088182927e+01 1.248430348755384528e-01 -1.768679114232865857e+01
7.892014364400044713e+01 2.186139276427953859e-01 -1.520031520211223608e+01
7.948825905845481543e+01 1.798092292103690149e-01 -1.809534526886136518e+01
7.918315415002329871e+01 1.562485052761237725e-01 -1.826203143384247696e+01
7.944951120022699342e+01 1.677973022169468587e-01 -1.829601375659898110e+01
7.936972405445135337e+01 1.203225464041082771e-01 -1.769754188010645279e+01
7.967059194345900153e+01 1.631563919980151545e-01 -1.792535404137012733e+01
7.920422689526887439e+01 1.515590871829785857e-01 -1.826864155223210062e+01
7.930236804717856103e+01 1.846361568698822453e-01 -1.787136721578742637e+01
7.964211667865218658e+01 1.369617507926432498e-01 -1.792894497356898853e+01
7.948393219897556605e+01 1.575737139717850455e-01 -1.839477413242610382e+01
7.926715045211660993e+01 1.337129547254990725e-01 -1.809656048109270188e+01
7.942466597828114061e+01 2.135267192863473662e-01 -1.720111904210647324e+01
7.914629653987424263e+01 1.820548352160980266e-01 -1.722918100002483044e+01
7.933596883904414199e+01 2.120440519901738430e-01 -1.715348975524855391e+01
7.932854982517150688e+01 1.296315481439492545e-01 -1.799628875621254664e+01
7.967511835231410089e+01 1.877334245010605362e-01 -1.748501219528045070e+01
7.959544798255579678e+01 1.782374441921603103e-01 -1.768370890643723925e+01
7.906924526885129012e+01 2.051859440843303573e-01 -1.670696238681390611e+01
7.944377779089843727e+01 2.106025513610530475e-01 -1.729302457989206943e+01
7.977540975839374937e+01 1.385350800668924687e-01 -1.703128269735621103e+01
7.968529366139158299e+01 1.313109993398154929e-01 -1.783908181310091834e+01
7.904636152965721863e+01 1.635230332178899404e-01 -1.749610942466936336e+01
7.985783707832537459e+01 1.544863851772983465e-01 -1.706403854739611603e+01
7.909790026676402874e+01 1.974904651663976773e-01 -1.690156181937265600e+01
7.970978509195438733e+01 2.087854335570805131e-01 -1.691542567778897066e+01
7.911891235890286111e+01 1.961975862985355923e-01 -1.693036124867818160e+01
7.929791143986885515e+01 1.599509441477468263e-01 -1.823010689976189980e+01
7.950173891461314213e+01 1.837452688961127845e-01 -1.801351719561813525e+01
7.935392935127765668e+01 1.717731460542573085e-01 -1.809884270504909409e+01
7.930232147673561371e+01 1.767235124986444583e-01 -1.802414009756340363e+01
7.960752767029326549e+01 1.589393104912159849e-01 -1.796073810328634579e+01
7.946316431979370520e+01 1.663291375056854815e-01 -1.831472739429290897e+01
7.957306493376090373e+01 1.696296716763264489e-01 -1.783254449322843627e+01
7.967030503467105973e+01 1.484206474910217399e-01 -1.800366859282802778e+01
7.931038929033059048e+01 1.643994462951109403e-01 -1.819238313462500756e+01
7.917123858488034216e+01 1.959731028532125108e-01 -1.761023223893920431e+01
7.948942010795293811e+01 1.389913970322233794e-01 -1.834904769306742978e+01
7.938167907320082861e+01 1.625875053283337979e-01 -1.835668123477782032e+01
7.926822981267233104e+01 1.480690420882140867e-01 -1.825422133136313363e+01
7.962387875144713689e+01 1.312582417509391142e-01 -1.783858539114463326e+01
7.965113602692808570e+01 1.651154160022796635e-01 -1.790119739305362501e+01
7.954551851541479834e+01 1.384331723125192815e-01 -1.833812042492004579e+01
7.913941468968144477e+01 1.491610949312178191e-01 -1.751260951157788170e+01
7.953248241203141333e+01 1.815565741144535838e-01 -1.806079423796839478e+01
7.925037341622947906e+01 1.647637739286163250e-01 -1.819446372709487036e+01
7.935917936206880086e+01 2.085202561440538394e-01 -1.735124395383132168e+01
7.941563307294023843e+01 1.519051907766949538e-01 -1.841736566676336651e+01
7.925169034634426168e+01 1.362628137322463295e-01 -1.814403322107823513e+01
7.947255277472432056e+01 1.236215151039722626e-01 -1.802267490731946253e+01
7.977889173411007562e+01 1.741952875030786108e-01 -1.681652623000968916e+01
7.919391205975344405e+01 1.528187875199528145e-01 -1.826932239452282047e+01
7.927849241069425545e+01 1.371288827247294229e-01 -1.815311121698507790e+01
7.943986706983885426e+01 1.710337794724094140e-01 -1.824980097169569504e+01
7.937631091626319346e+01 1.302870724959867832e-01 -1.800326269871190377e+01
7.947122436303541804e+01 1.495847631418677770e-01 -1.841571974567287739e+01
7.936022300211813274e+01 1.460105805831515002e-01 -1.823213278861826581e+01
7.942898762005614799e+01 1.466795838272930419e-01 -1.841112389021944651e+01
7.963720089474189479e+01 1.296660595781954362e-01 -1.780607903714092188e+01
7.936896534063983211e+01 1.729982989226674650e-01 -1.821786488887673983e+01
7.948030228390084062e+01 1.594355258265205966e-01 -1.838252725323307502e+01
7.926242903643145610e+01 1.277187419229297294e-01 -1.795948661462967166e+01
7.943776603635666334e+01 1.641404862265367637e-01 -1.834014951371320379e+01
7.927669822407479217e+01 1.812561498760348333e-01 -1.794200638427815875e+01
7.933977948831696381e+01 1.332136010944932614e-01 -1.807408121484280272e+01
7.938062637365419505e+01 1.887760654338733191e-01 -1.789411799030268568e+01
7.933231634852029401e+01 1.825340346979091866e-01 -1.791302038089930093e+01
7.912559788410712258e+01 1.565490496954641264e-01 -1.751868649095517583e+01
7.952718591472024912e+01 1.425985588537527771e-01 -1.838221535202416135e+01
7.966704820943013488e+01 1.366445638044533895e-01 -1.792513353437257351e+01
7.945441876113132196e+01 1.379776885967154698e-01 -1.833906146370502910e+01
7.933377154387203234e+01 1.482969196601106321e-01 -1.824624934203801985e+01
7.942215146004762971e+01 1.344915978699296744e-01 -1.828972180352069543e+01
7.932346748112411206e+01 1.353171017795756215e-01 -1.811621333394855782e+01
7.961873916763970271e+01 1.432197605304569021e-01 -1.798506051897403069e+01
7.929068973737794579e+01 1.161542865367189148e-01 -1.754319476511078335e+01
7.925202567383182384e+01 1.452575112334993923e-01 -1.824283032653326941e+01
