3.528064753308244690e+02 7.681727453775316627e-01 -1.393627481808899615e+00
2.502416859875188493e+02 4.619418440297343165e-01 -5.128656886842102303e+00
3.087865113995703155e+02 2.033640184470282275e-01 -2.848122950812571608e-01
2.631240571831428952e+02 1.753721276152836461e-02 -1.176474694548208300e+00
2.452625612668587110e+02 4.218865214136151010e-01 -5.261656914338867175e+00
3.141547236561663112e+02 2.253516870921906667e-01 -6.340045187859545406e-01
3.479348875265546894e+02 5.294021198037607290e-01 -1.318115659009501783e+00
3.501554395204120738e+02 3.679622270502499459e-01 -3.624672116246672626e+00
3.108187296100998651e+02 1.383923306106091822e-01 -5.042520332592700383e-01
2.681970063930137940e+02 3.800289291807961573e-02 -1.184684210349897793e+00
2.550834857260304602e+02 2.664171819741974478e-01 -3.540671439966291523e+00
2.380253010210861078e+02 6.260030388927171341e-01 -2.187565284287640743e+00
2.956763169305691576e+02 7.289736820184784527e-01 -1.941822371650317791e+01
3.118257032312324100e+02 4.919724518633258881e-01 -1.099298705942682641e+00
3.539136219408151760e+02 9.104482944959985113e-02 -5.152580850863347273e+00
2.609499049501146715e+02 1.975087532165162862e-01 -2.228715144400170267e+00
3.019745046732429046e+02 6.867499337335242204e-01 -2.409613475621921630e+00
2.511218976691396847e+02 7.228188834227071702e-01 -4.892830258749690131e+00
2.728939868859009152e+02 3.520026430076197421e-01 -6.993063269866677256e-01
2.486561264269351170e+02 4.813246467610071688e-02 -4.313058040835164308e-01
2.557630709312514341e+02 3.285848127500856086e-01 -4.248540943466928788e+00
2.921838798272428335e+02 5.277411459119452086e-01 -2.140054857606865468e+01
3.035170399101150451e+02 2.104098076392499073e-01 -1.304600552519646239e+00
3.178897615071366545e+02 5.119500187604371089e-01 -7.487528156260012668e-01
3.279560312891802596e+02 3.381285383834297109e-01 -3.610136737039443822e-01
2.914512772890108181e+02 6.172739483171763020e-01 -1.559692391906660447e+01
2.713060100645405441e+02 3.726371864675450674e-01 -6.396423353437058479e-01
2.787040570564820428e+02 4.029259912960532208e-01 -3.061746817719984137e-01
3.298349115680936166e+02 4.625555300294090927e-02 -3.771473453471148596e-01
3.343599368249490453e+02 7.631824757734210207e-01 -9.147055936581311997e-01
2.805587805653177611e+02 3.517797503001184323e-01 -4.752774516204017474e-01
2.644080426460963054e+02 4.977791956013518093e-01 -1.071621078634269031e+00
3.050344328949101964e+02 6.159983744475256984e-01 -3.056307831737172798e-01
2.565980956958738375e+02 2.464548042361721092e-01 -3.779569735723196544e+00
3.320221419375407095e+02 2.959578467488592768e-01 -4.504650428483045754e-01
3.454187929457514201e+02 5.751522336781663691e-01 -6.058535404758239595e-01
3.221068947171087302e+02 1.816713460004992231e-01 -1.053290186849372478e+00
2.440133145349047368e+02 5.185333350089920135e-01 -8.785369606149250998e+00
2.621587713000328108e+02 6.536991326404799629e-01 -2.858886155704764676e+00
2.471016379949950021e+02 1.487454210079819927e-01 -1.515731374628669803e+00
2.937084705004049852e+02 7.924921128071763521e-01 -1.791621494997353281e+01
2.707163245197191372e+02 3.819565105182890496e-01 -5.757922209611047171e-01
2.733131004891501448e+02 1.250864030192755105e-01 -1.235682096897232185e+00
2.949716301452802441e+02 8.428294836563288150e-02 -1.877256492358731776e+01
3.350956121607130171e+02 6.944201450776856799e-01 -8.612322851444205174e-01
2.390749259228370249e+02 5.491842941959541591e-01 -3.426792790130992916e+00
2.370907878925331431e+02 1.466928200088156269e-02 -1.916586782879132311e+00
3.243336938373058729e+02 6.690561096609891345e-02 -5.577798240736476787e-01
3.431354709020831706e+02 5.905297127051269968e-01 -5.622339628376398224e-01
3.263953303656954859e+02 7.424296970817331198e-01 -5.679871243722597329e-01
2.695413164033726616e+02 9.834850872430316027e-02 -1.312730960970377891e+00
3.196612749638881610e+02 7.507071376923232786e-02 -3.984343096588193744e-01
2.757037555572987344e+02 4.245293727275589735e-01 -2.558692661098867505e-01
2.792607628913805229e+02 4.444969148774867707e-01 -3.760092101681165033e-01
3.400975504750174423e+02 7.015657276722415681e-01 -3.275530401111321210e-01
2.400495136658203421e+02 5.936586111192850845e-01 -5.505706903640207095e+00
3.211936897828966266e+02 2.858553464647898834e-01 -8.667685524544392894e-01
3.251944413916063468e+02 6.400676734007915147e-01 -6.034295823711519624e-01
3.150491314036631820e+02 6.398747949987719785e-01 -5.411959850953099727e-01
2.666627526855060637e+02 4.094157017982684721e-01 -1.324468120049094016e-03
3.190885692988629216e+02 4.811474610823580633e-01 -7.292679141145621546e-01
3.162788026416253047e+02 4.725732421570656427e-01 -6.475759346302564223e-01
2.523836529075086332e+02 7.069664697704802769e-01 -3.520532602434555791e+00
2.744399073762573380e+02 2.722369061308624327e-01 -5.137277162432031252e-01
3.406423328119776670e+02 6.561385711823088940e-01 -3.446658145767982351e-01
2.982169742542956783e+02 3.107204310821394255e-01 -1.995324370909256118e+01
2.876468411291152734e+02 5.542867010873443467e-01 -6.779488759458417668e+00
2.851096549185084541e+02 6.791111639716664872e-01 -3.510338848141526746e+00
2.412166024608143573e+02 7.770398156121817168e-01 -9.731558246791315980e+00
2.594461137347029762e+02 1.321576471921994123e-01 -1.696274348130617504e+00
2.904335522177213988e+02 2.980329573290433354e-01 -1.699648170172038775e+01
2.830150792469934800e+02 1.107662022993008560e-01 -3.339625841209920565e-01
3.058434896732679817e+02 5.830967407583993456e-01 -1.876044935093633681e-01
3.131330580263124261e+02 3.160039433930530439e-01 -7.815988534590715409e-01
3.422874447490474950e+02 6.045094131458030873e-01 -5.010795368136313765e-01
3.466647957736307148e+02 2.559804486967969805e-01 -3.273241296083277074e+00
3.366539613973619680e+02 6.196896237807014013e-02 -1.889190251116726671e+00
2.994016315363962804e+02 5.437666826118519037e-01 -1.055137241174581852e+01
2.766982996972013211e+02 1.133938124172204492e-01 -4.746719978857059652e-01
3.513624244952328013e+02 2.207813079128674583e-01 -5.631530709994311934e+00
3.309126517508652796e+02 3.239724027501203474e-01 -3.660520012847890969e-01
3.441561399771875358e+02 2.340078530434804849e-01 -2.883078649991437370e+00
3.488316291794558310e+02 2.528217404899088788e-03 -9.104082196931650994e-01
3.078553709241031697e+02 3.990204025008163291e-01 -2.403181309865905502e-01
3.369936490184076661e+02 1.667840595880198395e-01 -1.227558822325902854e+00
3.065536800823372232e+02 2.613111325471290103e-01 -1.091370141692208501e-01
2.973432154020953817e+02 7.447497425612503719e-01 -1.557242821154165036e+01
3.390903025582632608e+02 5.658925376859271772e-01 -3.647927564402833056e-01
2.655544244990504694e+02 4.338208933835177028e-01 -2.500652198284843974e-01
2.579336898619418434e+02 3.897938939245196854e-01 -5.370611769405140734e+00
2.535648730291004540e+02 7.173259307903806503e-01 -3.507590776510452368e+00
2.476679131467236914e+02 1.526492928972366936e-01 -1.780285182048791937e+00
3.331581107980845218e+02 6.648745267069054998e-01 -7.985489408042057979e-01
2.823948811989886281e+02 4.495453195658494217e-01 -1.469586123457603977e+00
2.866520248440463092e+02 7.538324008000522047e-01 -4.571616882163810125e+00
2.434652240805254166e+02 2.401319905942228203e-02 -1.771770925382278206e+00
2.895867096038236923e+02 1.705572525942616047e-01 -1.048759275678129121e+01
3.229769917077090895e+02 4.709399587527530184e-01 -6.825293138492265488e-01
2.847061410583098109e+02 1.890098965401030562e-01 -2.150959910852978219e+00
3.012226560362187797e+02 7.910080130021062139e-01 -3.546497032798160198e+00
2.881321247015438303e+02 6.794918212941756241e-01 -6.598718138914240861e+00
2.639483394583382960e+02 4.898299709768720867e-01 -1.624398105834076844e+00
2.679464321938686453e+02 1.566390094299897617e-01 -7.246751291375137516e-01
2.534890642688069136e+02 4.804645826704823097e-02 -5.719852347822451666e-01
2.955697896592651546e+02 2.966407487150343747e-01 -3.269890231580325946e+01
2.498928253951957004e+02 4.125326281399436801e-01 -5.025895274146323644e+00
2.621991341580493327e+02 6.340739389437000106e-01 -2.883987798771134425e+00
3.363634795318081387e+02 5.431801488332611560e-01 -6.280781691238555009e-01
3.021228896552199785e+02 7.783968307045490143e-01 -2.175791342625221336e+00
2.767053123911927628e+02 6.124511237498209137e-02 -6.521781010212855945e-01
2.669114018688212582e+02 4.183227416200222537e-01 -9.732432248376747183e-03
3.355158621781497459e+02 7.103137299922773762e-01 -8.400348501521441857e-01
2.992692909632342548e+02 1.117257696871585965e-01 -1.029222008228955154e+01
3.307857648008782689e+02 6.511058527776706351e-01 -5.717652078628582268e-01
3.033348822907341855e+02 4.658678958538335357e-01 -1.315744766397917598e+00
2.765166652673747194e+02 4.249584337061570460e-01 -2.194060464156110390e-01
2.413739668957466051e+02 7.165810945359883943e-01 -1.018860242434718266e+01
3.048284215774630184e+02 6.407965342947559151e-01 -2.942104790557016347e-01
3.237460106144945371e+02 4.083176714542923608e-02 -1.661921254842108620e-01
3.371636758885350673e+02 2.173981161790402017e-01 -9.253036335133473234e-01
2.942091941803511190e+02 3.465245002763278626e-02 -5.963009621993161424e+00
3.394879237205909703e+02 2.611494074586259706e-01 -1.370461182076812667e+00
3.081948239926268798e+02 5.179260204661247924e-01 -3.970325261702721265e-01
2.848080363379400524e+02 2.558790269008601181e-01 -2.836112538036515307e+00
2.469546904116926669e+02 1.195329557250499608e-01 -1.069575650456634941e+00
2.488185599915631485e+02 2.840411747030506251e-01 -3.826639231346374626e+00
3.324799733859086928e+02 5.626285534849436720e-01 -7.000446368964373667e-01
2.919089558001333558e+02 1.237265664512456897e-01 -1.833902402278532406e+01
2.907490646907371001e+02 7.071747536943820758e-03 -2.944464145995591142e-01
3.440220512926128436e+02 4.505269959668167790e-01 -1.018355309786314278e+00
2.570617795065047062e+02 8.568554650874858625e-02 -9.786791484575406708e-01
2.794238073777203795e+02 2.793962009521042678e-01 -2.646020895027278996e-01
3.295252517092424114e+02 1.686622598083774294e-01 -2.598597863512032147e-01
2.593490006040330513e+02 5.575894553301402601e-01 -5.829698174823271906e+00
3.200985275146319964e+02 3.538146583307657522e-01 -7.558869744340738217e-01
3.071848002175065062e+02 2.273330981463993761e-01 -1.223963332731282938e-01
2.436223841069535467e+02 2.130889116139822459e-01 -4.023140359294436585e+00
3.392874224551920292e+02 2.955988100516872552e-01 -9.990286344798492424e-01
3.469498073516622298e+02 7.781421396771218135e-02 -4.826831936064746920e+00
3.151930384150871305e+02 3.740249052720280853e-01 -5.940505989702938860e-01
3.313488817443239896e+02 5.888377105751335661e-01 -5.836794753397250846e-01
3.543348637887420409e+02 1.479590381920305453e-01 -6.889514920643043716e+00
2.554738460894875516e+02 7.506443296659627284e-01 -4.475616332982315093e+00
2.980113686321546425e+02 7.843058949286311199e-01 -1.243742097069067931e+01
2.806944757723350676e+02 8.896951501403074780e-02 -8.336457576197853214e-02
2.507868194288453481e+02 7.319945333717876590e-01 -5.432791988977822228e+00
3.206958781142257067e+02 1.886261510268841257e-01 -9.123302827326402742e-01
3.482915610064616772e+02 5.709090774551239811e-01 -1.089321919238309455e+00
2.868310289278342680e+02 8.802267017737371371e-03 -1.173880060350024124e+00
3.420012122382565849e+02 6.912748635003675979e-01 -3.934971020723061486e-01
3.177557957649159448e+02 7.592602587325146812e-01 -6.517050416975951332e-01
2.395327407928542982e+02 4.636497484554314430e-01 -4.045925062970714414e+00
2.717574887021012842e+02 2.075945601605292679e-01 -1.082395620786440693e+00
2.788050855823552752e+02 3.837181241517381158e-01 -2.997844294632651119e-01
2.578764226652377261e+02 5.475165215406926356e-01 -5.682938006106585505e+00
2.407213413111462330e+02 3.885292793680762968e-01 -7.142014743398393151e+00
2.816759992401993031e+02 6.404153976422961858e-02 -2.170474361864577761e-01
3.444838344416227756e+02 9.901391294350792016e-02 -4.677894590545376374e+00
2.477990785130049005e+02 6.700871888013008038e-01 -6.363245500559647994e+00
3.005265730735204102e+02 5.292460946869481653e-01 -5.744535153325318610e+00
2.686197364049948533e+02 4.035354616360581348e-01 -2.650714133770880609e-01
2.659465579649829010e+02 3.949565017231550512e-01 -5.097612723282691355e-02
2.432376319420438335e+02 7.932576958638343223e-01 -1.122668484306876202e+01
2.459210194486247190e+02 7.372381067791751175e-01 -5.492467012653031055e+00
3.166351831302777668e+02 7.729198303706420470e-01 -5.887557738790532014e-01
2.372512653357753152e+02 1.405800639846552513e-01 -4.779158927376747079e-01
3.505596508913339449e+02 6.080408333143706434e-01 -1.607982994585586578e+00
2.973498587409679317e+02 2.921656508908700503e-02 -3.255791981887291353e+00
3.334594264269414907e+02 2.316524910183877586e-02 -1.035165048302897794e+00
3.137047630257769129e+02 1.997733099385933520e-01 -6.307122821752831898e-01
3.181663549124025394e+02 1.290172558268992131e-01 -8.385238985658602928e-01
3.245657579468806375e+02 5.928179107940059200e-01 -6.176019742751136521e-01
2.630820057004359001e+02 6.207937106266510074e-01 -2.302102052774858798e+00
3.131299316541775397e+02 3.072549384425643515e-01 -7.772005587025643258e-01
3.256715640393830995e+02 2.377919762765954015e-01 -7.973806687381809200e-01
2.921026135116030673e+02 4.442564869960932694e-01 -2.339351538257729857e+01
3.111733373300899075e+02 6.804233814513938050e-01 -1.168655555347637653e+00
2.727893343731890354e+02 6.079931557260592756e-01 -3.948896003343561056e-01
3.223651719074572952e+02 7.651208600246124369e-01 -4.651408839710812759e-01
3.512520415337473878e+02 5.117258466668229699e-01 -2.505247292873224119e+00
3.412893673286737908e+02 5.213894378600437696e-01 -5.752382107721588644e-01
2.957099585369664396e+02 4.878393150833399972e-01 -2.693886905450271030e+01
2.378362891211139925e+02 3.167368841415851843e-01 -1.880055410419980699e+00
3.498256756696316643e+02 6.980663211831888981e-01 -1.107406579992720408e+00
3.284658540042446475e+02 3.266519883776896616e-01 -3.241277499785314431e-01
2.894337785935175020e+02 1.805772558903082636e-01 -1.091663307810153860e+01
3.108863799233637906e+02 3.657503564842581878e-01 -9.884045027270236261e-01
3.051431459634550265e+02 3.440032516349182945e-01 -2.889767696996923263e-01
2.827440153435694015e+02 5.018028037905207794e-01 -1.741413988315933414e+00
2.852667681744754304e+02 4.372575051161714521e-01 -3.658764588863611777e+00
2.746282189117466714e+02 7.219337362046723827e-01 -3.365793698569724546e-01
2.520054420134394491e+02 6.619046221362956395e-01 -4.016464846573253311e+00
2.548058402095670374e+02 4.780819515580272405e-01 -4.300496296309522570e+00
3.270924396171690205e+02 3.373107444729182003e-01 -4.586313914457641472e-01
3.534122092862115210e+02 1.634037725152037712e-01 -6.669482570742788496e+00
2.701165589707640038e+02 5.765636804895424294e-01 -2.639104630589225731e-01
2.739810823295862861e+02 2.430510667176480899e-01 -7.140388722463889559e-01
2.604259930298684367e+02 2.647145537421732864e-01 -3.390420072920463213e+00
3.456700127215507337e+02 3.342410319464814150e-01 -2.063420769161516066e+00
3.089127890758047670e+02 6.316288476204781066e-01 -6.507963015761052405e-01
2.769245097297079496e+02 6.834575841785600625e-01 -2.027329024954099557e-01
2.983415015580602585e+02 6.168461829848093103e-01 -1.404250501165156528e+01
3.393439270771365841e+02 3.511626571866394153e-01 -7.388084283505337302e-01
3.516897694449498886e+02 6.978236362551193395e-01 -1.500158152585595817e+00
3.530616080597438895e+02 7.326440096563155979e-01 -1.637337544960293378e+00
2.926364744667957325e+02 4.132590995546617241e-01 -2.533902174940912744e+01
3.002479201139636302e+02 6.111115106638136396e-01 -6.017200471529071670e+00
2.896374497141959523e+02 2.099758192946638291e-01 -1.157346982659404233e+01
2.419944251555315020e+02 5.796825321689040855e-01 -1.053494346619650202e+01
3.546606549876886447e+02 2.027223406210242329e-01 -7.136740268735688453e+00
2.939859351107428438e+02 2.945515330579182023e-01 -3.258501732482259428e+01
3.121204007221074903e+02 7.916918523773169847e-02 -4.723418415563814809e-01
3.424897873530588868e+02 7.633110963567779628e-01 -3.834235289234348421e-01
2.813268019170218963e+02 3.142854684522758957e-01 -6.942919978249812996e-01
2.897302236329151128e+02 5.657347289966623283e-01 -1.044610748475590434e+01
2.494229390791666106e+02 6.716888834295566824e-01 -6.137638907261505850e+00
2.828454958167603195e+02 1.798628505465491856e-01 -8.700467247231253864e-01
2.520511899174819348e+02 5.754491624465368771e-01 -3.724333417473827179e+00
2.909024843794671824e+02 9.829255183224459846e-02 -1.157340676118600165e+01
2.761091213038843080e+02 2.184003552532453873e-01 -2.869085445683846047e-01
3.072133298566758981e+02 1.627164317459705578e-01 -1.553080071986946975e-01
2.436410362775668546e+02 2.643292812609506770e-01 -5.368691574809713707e+00
2.651652962119152335e+02 1.327755256642110526e-01 -3.143433251150268282e-01
3.415134452290169520e+02 1.070852934109371157e-01 -3.959294030037446177e+00
2.549138961864063901e+02 7.421938644760877057e-01 -4.326575426352685660e+00
3.497339578173223913e+02 2.613973425827851305e-01 -4.738263087110851757e+00
2.873794384723588564e+02 4.624343815687533277e-01 -6.543947407228107416e+00
3.163306154492719315e+02 3.741587304700246253e-01 -7.078289522447509530e-01
2.800670373692547628e+02 2.873662282066686280e-01 -3.276054757492335434e-01
2.602974239421722586e+02 4.497057479663622015e-01 -4.642718260696081956e+00
2.789022071419973940e+02 7.514939284743388237e-01 -3.702709681810054665e-01
2.840051053115143986e+02 3.238353338573722873e-01 -2.689993590946810453e+00
3.357242337383407289e+02 4.948888140649216338e-01 -6.403559651515505768e-01
3.149709516788227575e+02 4.035741703348311171e-01 -5.818984260471874448e-01
2.675659739234125709e+02 4.820401577265606696e-01 -7.682436809237021269e-02
2.370670827794480431e+02 1.768109663597700575e-03 -4.377635154209064794e+00
2.666845094743408140e+02 1.483234363956757035e-02 -1.091443588778667095e+00
2.855558156950018542e+02 1.158841136180642634e-01 -1.376795458782581694e+00
2.378259629652963270e+02 5.858201613570684918e-01 -2.197183812665546299e+00
2.956830268884829138e+02 3.962872339429859836e-01 -3.011851286824170515e+01
2.946337421720340899e+02 4.239201399831601380e-01 -2.949064248559185941e+01
2.504689788842891289e+02 1.531676670547477692e-01 -1.838274439758411205e+00
3.483925973248938135e+02 9.122319416783768176e-02 -5.109817402346217285e+00
3.055670668201653370e+02 6.255942936120608699e-01 -2.020001355595829606e-01
2.565372498172232554e+02 6.601810646631324220e-01 -4.701697171545250242e+00
3.313907208830441959e+02 3.002141577026497532e-01 -3.817957732554096428e-01
2.410855332711481083e+02 1.977250144059815307e-01 -4.072976406866352761e+00
3.402405901446447842e+02 6.129363564382903778e-02 -3.786302854343563062e+00
2.578052319466054314e+02 6.385306235533589891e-01 -5.493725364529735700e+00
3.206761223302311805e+02 4.408675453071770334e-01 -6.500962926320544844e-01
3.229070664416546492e+02 3.325130803808766800e-01 -8.972035925575633231e-01
2.818156507739798826e+02 5.022452280528095780e-01 -1.181145674876608931e+00
3.078472017623840884e+02 5.513729166551388783e-01 -3.523176803888160014e-01
2.733131763981780296e+02 7.698029904143918190e-01 -3.000024892096517792e-01
3.456984327788368319e+02 2.055443221686661590e-02 -2.462385723976332486e+00
3.003901780166137314e+02 3.483376788644345495e-02 -1.621188126795295670e+00
3.245477763327263006e+02 7.527290573280605024e-01 -5.474145236140085524e-01
3.439738104548185902e+02 6.460581706136511171e-01 -4.803997076250142162e-01
3.183354943715626746e+02 5.158046974818695368e-02 -2.572897210644103372e-01
3.101728445552489575e+02 7.203579866276796917e-01 -9.883164632980632192e-01
3.369348924193387234e+02 2.487990833819008207e-01 -7.970163099038770627e-01
2.975571807365948871e+02 4.231076589160030071e-02 -5.431051710237590591e+00
3.509994501250365033e+02 3.070207071330384174e-01 -4.507603068306446303e+00
3.179147048539480238e+02 3.907210099929084857e-01 -8.348168677411454963e-01
2.726001713731815812e+02 6.782539482769964767e-01 -3.221397777488589353e-01
3.380465290975630523e+02 5.431567554878311554e-01 -4.212726279514904526e-01
3.036886240495947504e+02 4.676768128261218904e-01 -9.806631922545506752e-01
3.301942976134072865e+02 2.780854454602206260e-01 -3.136144640359255220e-01
2.577243741429895181e+02 5.266098493022280946e-01 -5.478485768081733376e+00
3.293609805568050888e+02 7.060039041962666850e-01 -4.778148325492768689e-01
2.872598147213994935e+02 2.393245113862951523e-01 -5.861580871447742425e+00
3.143337526350284747e+02 2.445947892162635418e-01 -6.342255187046113019e-01
3.334429567831643340e+02 7.984253002072182470e-01 -8.892583785758826354e-01
2.454158886156214407e+02 5.154623117537953103e-01 -5.343289478576964235e+00
3.450040999555811823e+02 3.623497827937900984e-01 -1.641071716059094854e+00
2.699107608658758863e+02 1.238493581851334985e-01 -1.284652282718095728e+00
2.459847562404972052e+02 2.924040006059416830e-02 -1.078658403813477440e+00
3.272381124638341134e+02 4.767205647864330986e-01 -4.895781177364893488e-01
2.508967868205315312e+02 1.854601857233149631e-01 -2.223365349340311603e+00
3.016949605272949952e+02 3.365986408954952935e-01 -4.507256586839007539e+00
2.754550640079000914e+02 6.488117117751366347e-01 -2.726360340338707666e-01
3.470035042875177851e+02 7.903941817867760067e-01 -3.156805683244023886e-01
3.194630827044775288e+02 1.698312945843547528e-01 -8.442568417255333912e-01
3.040016729625772882e+02 6.947852885741913065e-01 -7.364396318207959702e-01
3.091842511183730267e+02 2.273315844996885160e-01 -3.873138250510742564e-01
2.425284860161703477e+02 1.394070041130969217e-01 -1.814684090224409019e+00
3.122953657993159027e+02 5.946076633862292793e-01 -1.104114288559174151e+00
3.338750720943944543e+02 4.243402763517995502e-01 -6.624117910335668435e-01
2.718641955021842023e+02 3.781197795160390895e-01 -6.655167127618475398e-01
2.689662296116990774e+02 6.734375275080091428e-02 -1.311902423889330649e+00
2.636634971687868756e+02 5.099621080977779775e-01 -1.887292677017095910e+00
2.398633814534641431e+02 4.326843625443641539e-01 -4.994126421369745827e+00
3.276891476680495430e+02 7.124736413165290161e-01 -5.107045120853760389e-01
3.221066186905335940e+02 3.599857014970539448e-01 -8.035315981798855089e-01
2.641369374682383295e+02 5.305636989621147492e-01 -1.330262696576073322e+00
3.252573125096220679e+02 6.068694936121858952e-01 -6.142734261224992443e-01
2.532630796947740919e+02 8.438012723071758314e-02 -8.655518453073122176e-01
2.598104713268600676e+02 7.814640596824650176e-01 -5.220333246387911963e+00
2.475433425770493159e+02 1.472564786627710010e-01 -1.657523737822955257e+00
2.621327970487897687e+02 5.536792583894791786e-01 -2.945947888430615613e+00
3.515422998329029838e+02 2.750349574961652999e-01 -5.241257236521347451e+00
3.197796546910278153e+02 6.804018560686199146e-01 -5.788889515699358057e-01
3.435313678840692546e+02 7.046426615989423992e-01 -4.297582466573434123e-01
2.478919540588541963e+02 1.317750686685889294e-01 -1.432053511288783110e+00
2.685026767826361720e+02 1.753344590832809496e-02 -8.597840055147903948e-01
3.324718768485489591e+02 5.191694551679391090e-01 -6.682381389557867646e-01
2.903930401300042377e+02 3.084493425410936851e-01 -1.702068231666476805e+01
3.027730232228205978e+02 8.387903711564126397e-02 -1.669073856017289526e+00
2.653549911581842480e+02 1.079616381839200445e-01 -3.579479352628032185e-01
3.465529178067287148e+02 4.147303802912344906e-01 -1.613239589916820593e+00
2.411272997904677595e+02 5.929948763723132954e-01 -9.214407481813417178e+00
3.155835391696875263e+02 1.476590343889002399e-01 -7.946303717200616790e-01
2.522375305364258509e+02 1.878392508122651017e-01 -1.767186589173432631e+00
2.368796907583280529e+02 7.140161510544463797e-01 -2.288097044879255915e+00
2.546529541199149378e+02 2.800827030331438650e-01 -3.513592194891678844e+00
2.698249535339813860e+02 1.829877149342638287e-01 -9.847335342200094210e-01
2.996989712583336427e+02 2.124491138669008239e-01 -1.012888429103816890e+01
2.775540186257330788e+02 4.552085947634101348e-01 -2.458064524223398661e-01
3.283500115203563610e+02 2.580417621863125288e-01 -2.973232695335474851e-01
3.405208291092476998e+02 9.491564478115591119e-02 -3.623796398417949760e+00
3.341875148568605027e+02 5.388690698556495295e-01 -7.707680731270661889e-01
3.057506285812931992e+02 6.958906744535980904e-02 -6.752218730544038428e-01
2.615254054071650671e+02 2.386519871258953041e-01 -2.461083742802537611e+00
3.544826757857800885e+02 3.475941126091935396e-01 -5.502621885174012739e+00
3.188691002947809920e+02 2.963468979324230257e-01 -8.727415147493846614e-01
2.572577932072932754e+02 6.998646585583984114e-01 -5.056415032629518969e+00
2.761393164473706747e+02 3.348399762946063229e-01 -2.363032612647805730e-01
3.411022426089211308e+02 9.882854553877732685e-04 -9.522996925850581995e-01
2.635850894789301719e+02 5.718364364946163514e-01 -1.847431413202018868e+00
3.043853582909146667e+02 7.726682896662011579e-01 -4.903756420095361501e-01
2.918050229291837923e+02 5.885901660164022386e-01 -1.884885799609430990e+01
2.484646428911246119e+02 7.584975069103102596e-01 -6.595577908971610448e+00
3.213192091940885007e+02 3.654257949075150891e-01 -7.510940070766838339e-01
2.965856030989924079e+02 7.869801091598982445e-01 -1.647023135453834541e+01
2.979718631343319544e+02 4.798424918378040305e-01 -1.874791548047247858e+01
2.948755180415811310e+02 7.450632350578052510e-01 -1.933660642459820167e+01
2.838216324996853928e+02 3.420972431236098954e-01 -2.458664022163493890e+00
3.231770928262258167e+02 3.820956847584949245e-01 -8.218442986912316561e-01
2.464704021219647814e+02 3.220525220782096687e-01 -3.560507054501116819e+00
3.446130598516522241e+02 5.770857494006292887e-01 -5.919772979963846549e-01
2.875019908328968086e+02 8.519904803055434669e-03 -9.750236024508212029e-01
2.723170007128530870e+02 5.331091186003400484e-01 -4.464830403590065999e-01
3.503453923659758402e+02 6.619366826198400666e-01 -1.358074621553661210e+00
3.021021943708327626e+02 7.342902637637922503e-01 -2.295495864267674158e+00
3.078580675383641392e+02 5.114297874688953360e-01 -3.231078939332124866e-01
2.678947775697916995e+02 2.300813489845719428e-01 -4.175461549200422673e-01
3.004375981196007501e+02 4.818005346268212918e-02 -2.632696192708681160e+00
3.321578424991777752e+02 4.471681463329282291e-01 -5.710134666485666699e-01
2.495473322659184703e+02 4.615768220565707458e-01 -5.400281649249198068e+00
3.110604247829163569e+02 3.175767351773340352e-01 -9.313708495995511871e-01
3.137149609607378125e+02 2.440386456329237674e-01 -6.502024326134686616e-01
2.537877639872012594e+02 5.237310768191693056e-01 -3.607772170633843700e+00
2.668700458838493432e+02 1.756049364484505437e-01 -3.090103425174011709e-01
2.424158290055055431e+02 4.203758972834690799e-01 -9.068098493182075615e+00
3.380926309249209680e+02 6.251645452342597942e-01 -4.461988221884098937e-01
3.293181942828531419e+02 1.272481445347403151e-01 -2.805791785926726178e-01
2.818296080959806886e+02 7.620312933550137391e-01 -1.403080300635964228e+00
3.497667093226200450e+02 1.188173550197517692e-01 -5.484679925397585976e+00
2.935512707153953897e+02 6.187434712820484295e-01 -2.224197453986755946e+01
2.856097641293771972e+02 1.004105933264166084e-01 -1.030390103725379980e+00
2.560887810311450608e+02 6.500332538898705437e-01 -4.664783624572905296e+00
3.476391390149038330e+02 6.019634102214502791e-01 -8.425907387248207092e-01
3.302277631970504217e+02 5.731294939728823201e-02 -4.337830545362577062e-01
2.755013200703758685e+02 7.960655473361343271e-01 -2.769810133015999654e-01
2.828403674838119173e+02 2.654465669089851043e-01 -1.416720430522250718e+00
3.363500398700878691e+02 1.550854776920431999e-01 -1.124931219402882876e+00
2.444065379758205268e+02 1.362756057855819269e-01 -1.487738896238248731e+00
3.242229021501874513e+02 4.676003138621152855e-02 -2.538473244901793824e-01
2.794708788381487352e+02 7.806065630841462211e-01 -4.985927426509921823e-01
3.125573725328604837e+02 3.710979891721825075e-01 -9.510096283531224159e-01
3.464205255705632567e+02 2.060252616596101594e-01 -3.735058818572660311e+00
3.391346030155792164e+02 3.106518999395942171e-02 -2.246373259412264289e+00
2.381337925038899357e+02 6.322637519881609824e-01 -2.406366488347943644e+00
2.508004284593208126e+02 4.060710920252010303e-01 -4.542521357480899802e+00
3.346370553823742284e+02 5.666932856568392962e-01 -7.882751382117905159e-01
3.104488498023827674e+02 2.901621714141525699e-01 -8.421450427603270894e-01
2.803043973964529982e+02 1.986788872842058240e-01 -2.190104421650078681e-01
2.393401652990075377e+02 5.576090832422380128e-01 -3.795307814998864160e+00
2.779857324840619981e+02 6.946388000813242813e-01 -2.516938580405314596e-01
2.646571917897372828e+02 3.504843145340878763e-02 -6.807512786670758542e-01
2.422377609519930672e+02 2.515982395232755908e-01 -5.578928029628582586e+00
2.580249323440325497e+02 3.528849805427156650e-01 -5.321587955754774057e+00
2.448556317255429065e+02 7.262188537028748669e-01 -7.733906788763438733e+00
3.421779591872897868e+02 4.694613993991145762e-01 -8.287080848214154472e-01
2.873140596866919623e+02 7.423219239026220828e-01 -5.267227827929412243e+00
3.157724659274945793e+02 5.516163164527764229e-01 -5.780355249283161134e-01
2.989752626521161005e+02 6.696264264482981732e-01 -1.011228402862361975e+01
3.532017928687695303e+02 6.100674149248958011e-01 -2.288733789188241996e+00
3.070117932409020227e+02 6.737235387231105266e-01 -3.222827893602247529e-01
3.170454523198900461e+02 4.250115448079139213e-01 -7.627656178683184240e-01
2.708587506147657109e+02 4.931176367923516546e-01 -4.034834532425872755e-01
3.253895775240754347e+02 4.980295940807587529e-01 -6.628128927482593857e-01
2.597971043832438340e+02 7.373010684213372745e-02 -2.001685514854623649e-01
2.928820977743314415e+02 3.846117671534948212e-01 -2.729321940166233418e+01
3.091119968615213907e+02 4.869463979319560432e-01 -6.499586489015077850e-01
3.223664189007829464e+02 1.648985841131599406e-01 -1.090930619658282197e+00
2.604229217266387764e+02 6.407033901426117950e-01 -4.693575215938011524e+00
3.274094362747787272e+02 3.943714581744451886e-01 -4.225958105826370104e-01
2.892444587009592283e+02 4.378489541872150337e-01 -1.078782541067366907e+01
2.741591865910701245e+02 2.179319983247257897e-01 -6.663970858674173048e-01
2.951783654834822528e+02 2.652451104357270717e-01 -3.334506532806047829e+01
2.954599478313264740e+02 3.155060708754905408e-01 -3.232019685271501430e+01
2.941922412326489393e+02 2.967701911926269864e-01 -3.252250489388101329e+01
2.951373963004123198e+02 3.893059015274047963e-01 -3.063196972517475558e+01
2.939010306302096751e+02 3.325471878051757812e-01 -3.128431204444232705e+01
2.963297817000443501e+02 3.931214809417724609e-01 -2.876869255078260679e+01
2.948291645624076409e+02 2.251815080642700362e-01 -3.305832961198446185e+01
2.853500519317293538e+02 5.371682073247677908e-02 -4.405121499130161822e-01
2.922429690261740234e+02 3.187128084109996373e-01 -2.548109759346135306e+01
2.984041373661814305e+02 1.348172720919041667e-01 -1.471893749073427315e+01
2.943495843940551140e+02 4.153414541449598207e-01 -2.948832939472317705e+01
2.968367592224462328e+02 3.932492544284337255e-01 -2.612242552130103590e+01
2.931380808762374954e+02 2.728217840194702148e-01 -3.005778713183097395e+01
2.573219616693716603e+02 3.073500243730944992e-01 -4.618508252116298785e+00
2.923660211162975884e+02 3.119217634201050249e-01 -2.724317798919451405e+01
2.927112929501292342e+02 2.636748126411374571e-01 -2.876408511331024798e+01
2.945596178845257214e+02 4.489975929260254239e-01 -2.862258924298905072e+01
2.946704723932242018e+02 1.979554414749145619e-01 -3.218432577497033975e+01
2.993680067366495905e+02 2.864624804465462637e-01 -1.393439890542546422e+01
2.950466052774131640e+02 1.958607792854309138e-01 -3.205921458341846630e+01
2.970641402264837438e+02 3.350246191024780495e-01 -2.572201019949453027e+01
2.958182230230542018e+02 4.467110633850097656e-01 -2.775561808344552972e+01
2.960848431543731181e+02 2.291220188140869196e-01 -3.103614164763742167e+01
2.944769473593938756e+02 4.791544437408447599e-01 -2.756412910002642391e+01
2.940124648676296601e+02 4.656918346244093287e-01 -2.740017432761797878e+01
2.925348360061237827e+02 2.005281026324473026e-01 -2.561524202178510023e+01
2.911141813578403230e+02 2.343165745306059478e-01 -1.985672243011409677e+01
2.961709300551615911e+02 2.630352735519409513e-01 -3.131501681934159720e+01
2.946174407488907150e+02 1.845656770479045528e-01 -3.151282268962533806e+01
2.951985663296071039e+02 3.066449642181396928e-01 -3.288210489626539612e+01
2.948386847704365437e+02 3.425973653793334961e-01 -3.214960231566221438e+01
2.955655806984722744e+02 2.469326972961425892e-01 -3.297017596774891501e+01
2.942765513068286509e+02 2.553834438323974720e-01 -3.269334598951441251e+01
2.937648983092366279e+02 3.838448047637939564e-01 -3.001727460505496836e+01
2.931741279545627208e+02 3.240539789199829435e-01 -2.965198580416854668e+01
2.963873656123165574e+02 2.396483421325683594e-01 -2.984754161988662347e+01
2.942804917904441027e+02 3.703241825103760210e-01 -3.089011300762614809e+01
2.932973181055184568e+02 2.330857038497924916e-01 -3.086262612104482272e+01
2.891043855477937541e+02 2.304483818594498801e-01 -1.089425942302917250e+01
2.927237281388028123e+02 2.572502851486206388e-01 -2.870360344003875852e+01
2.976753218934101142e+02 4.181968525923688285e-01 -2.216989470211614233e+01
2.994189879115715485e+02 3.843870160780999967e-01 -1.295615892896464949e+01
2.944211015683358141e+02 4.301940441131592019e-01 -2.927352790583988806e+01
3.001906386501211728e+02 3.557498478084664129e-01 -8.373930839066810350e+00
2.975231561392153026e+02 3.070656340383833838e-01 -2.430680162145081624e+01
2.950792806100017742e+02 4.305946288144726353e-01 -2.920699309062827709e+01
2.955113985269897512e+02 2.325765370550666733e-01 -3.280242170318105366e+01
2.963516162198666848e+02 4.035247802734375222e-01 -2.845497051861344673e+01
2.967618587994920176e+02 3.605422973632812500e-01 -2.692206405006598402e+01
2.950688376641938362e+02 4.689507007598877064e-01 -2.784193864872138136e+01
2.945586983107560854e+02 3.051361799240112638e-01 -3.281396698348206087e+01
2.944119079012148177e+02 1.919112324714660756e-01 -3.163196834035202798e+01
2.945074629834563780e+02 3.056510695400046496e-01 -3.280796122362740874e+01
2.952879978451978218e+02 2.835809719728141221e-01 -3.323844987431031939e+01
2.954297763733520696e+02 3.245409727096557617e-01 -3.211213612998329836e+01
2.947504076957091570e+02 2.467798948287963923e-01 -3.336261289904930294e+01
2.949685705186601581e+02 1.938651670227267976e-01 -3.195938867774725978e+01
2.941670655261512479e+02 3.051698684692383257e-01 -3.240831520546466749e+01
2.946592771169644607e+02 3.525447607040405607e-01 -3.173865321459866351e+01
2.947134734664048210e+02 2.140370648347262594e-01 -3.277294942302588510e+01
2.934581080066990353e+02 3.261611642259545363e-01 -3.064520681878135377e+01
2.951745532217707364e+02 3.405318975448608509e-01 -3.210660854311846890e+01
2.949522008723258750e+02 3.934028805117562588e-01 -3.062557244624278141e+01
2.946972310787848528e+02 3.764441969450264547e-01 -3.114651792959803345e+01
2.958686723990424525e+02 3.311400186476809449e-01 -3.134289253669607334e+01
2.957656852339932811e+02 2.810809850692749245e-01 -3.216763936077274622e+01
2.955370421548547597e+02 2.523786079084439637e-01 -3.298805860299805204e+01
2.930623831156922279e+02 3.884155893769144496e-01 -2.834870560902725956e+01
2.944358733731137363e+02 4.554173469543457142e-01 -2.839599793593833610e+01
2.935333412707490197e+02 3.507955370140094509e-01 -3.012294824688001071e+01
2.936157523064627526e+02 2.986298561096191739e-01 -3.096871732235994301e+01
2.967882319379979208e+02 3.112925802319211344e-01 -2.796331809705653271e+01
2.963236471578470059e+02 2.634009409265882784e-01 -2.989716423332801654e+01
2.936383963095155991e+02 3.872729063034057728e-01 -2.917575363651128129e+01
2.941143150814139631e+02 4.130702952505352354e-01 -2.958528685055348006e+01
2.953745712440630768e+02 1.287333011627197210e-01 -2.616917132660295309e+01
2.959890491591383466e+02 2.487029165554235366e-01 -3.118973181964815566e+01
2.945005931148778586e+02 3.012620179298152734e-01 -3.287942249069428868e+01
2.941918382185731389e+02 3.196936994780545938e-01 -3.215012363671095130e+01
2.951618348537964494e+02 3.017697133479015914e-01 -3.296122646763834751e+01
2.954040934197498132e+02 3.131425390568511880e-01 -3.234996799749488616e+01
2.960896659135604523e+02 3.233766387793297059e-01 -3.050738571278756694e+01
2.944913637054319793e+02 2.774317348339030986e-01 -3.315074234395254393e+01
2.954244540295178467e+02 2.957890839535489147e-01 -3.266455770985666618e+01
2.945929646898319447e+02 2.258724129553586479e-01 -3.281382046511324546e+01
2.946458107319455166e+02 3.065619943877539444e-01 -3.294943105489195290e+01
2.937208107908862758e+02 2.917325911751792455e-01 -3.196997087409389593e+01
2.957957975816876228e+02 2.743290636281399131e-01 -3.223710532048628608e+01
2.953023745818173893e+02 3.653730864286853786e-01 -3.142530055710884085e+01
2.950162375177600893e+02 3.466264971594563704e-01 -3.190787072080846087e+01
2.941880055886964556e+02 2.460893742580796961e-01 -3.264308354118746536e+01
2.948869128588095236e+02 2.654880819381383317e-01 -3.341144433630522315e+01
2.951333345883941774e+02 3.638869186886688478e-01 -3.143443604274186853e+01
2.955764696442068953e+02 3.332355064628731434e-01 -3.195295569666008717e+01
2.955834311583012664e+02 2.131042721874432666e-01 -3.239484315799008840e+01
2.944109127918688955e+02 3.766776698161836134e-01 -3.103802152766576583e+01
2.941035078034422554e+02 3.741019841953847624e-01 -3.080137599881112465e+01
2.960421867249926322e+02 2.874887507487784988e-01 -3.107615373058900232e+01
2.942571213603417846e+02 3.409552749951705319e-01 -3.167468423019973045e+01
2.948873814857936964e+02 3.565147638320922963e-01 -3.176804965440416950e+01
2.947210747085971434e+02 3.069227877482463285e-01 -3.294906457379665454e+01
2.945602427683047040e+02 3.330658197680380628e-01 -3.224235838864225911e+01
2.937848509319210280e+02 3.355849951028955780e-01 -3.124906456895500639e+01
2.946444670433162969e+02 3.621739387512207253e-01 -3.146795363026184233e+01
2.961996188491085604e+02 3.345607355953825746e-01 -3.032067613301984466e+01
2.946634012912709295e+02 2.803443347211466152e-01 -3.331315176999681427e+01
2.938881709648177321e+02 2.707218468484511864e-01 -3.203383812849858714e+01
2.946773396627596640e+02 1.703036984390856878e-01 -3.058392745594046502e+01
2.955888675605749540e+02 3.537623521340922950e-01 -3.140842711320997083e+01
2.951761227524198148e+02 3.393835085023919618e-01 -3.213718794618701224e+01
2.944086037698612017e+02 2.275561150254239995e-01 -3.287221392783718699e+01
2.934801394105433019e+02 3.168949249493918652e-01 -3.078955457078531666e+01
2.954689113168901713e+02 3.588732979972495407e-01 -3.122119128619744544e+01
2.943054462377534151e+02 2.933919014540204429e-01 -3.300168448073313243e+01
2.940416851629146322e+02 2.896855846856756789e-01 -3.263053791551637772e+01
2.950395864066234708e+02 3.014104514139866464e-01 -3.294267789388552359e+01
2.951925935328986839e+02 2.551075263270807247e-01 -3.335134489895740728e+01
2.945554363888311400e+02 2.960374456737757121e-01 -3.295290428858079679e+01
2.949023485423148259e+02 2.818144940226643969e-01 -3.331385042843439237e+01
2.955715628362584653e+02 3.211247941584136067e-01 -3.223633443173952884e+01
2.951827847771952520e+02 3.405457441886882153e-01 -3.210796918951317735e+01
2.937931699508956171e+02 2.612034057479340476e-01 -3.205260275142668291e+01
2.958279944075761705e+02 3.564122291576751200e-01 -3.066510643658646629e+01
2.954254299149067720e+02 2.211057275626619745e-01 -3.256144550282979822e+01
2.941450061866698888e+02 2.383813731820749737e-01 -3.255750612945748657e+01
2.941077060634358418e+02 2.257037980092287954e-01 -3.232746813008200348e+01
2.938970050926749309e+02 2.977603444929274867e-01 -3.185686653692138037e+01
2.952184006412038002e+02 3.347310692937457977e-01 -3.226590338885208809e+01
2.941823733772005198e+02 3.770914441759244395e-01 -3.070429519775887073e+01
2.946136914446225887e+02 2.770876059793757062e-01 -3.314391903166767861e+01
2.941321194180389966e+02 2.857550059786912455e-01 -3.265243323415725030e+01
2.949071491203911251e+02 3.016305750575072331e-01 -3.305442743946420592e+01
2.948025712153152540e+02 3.092735824134542066e-01 -3.291192443095029319e+01
2.950776306590892091e+02 3.251736445061243486e-01 -3.246894608145809968e+01
2.948842848303218034e+02 3.713885008613805327e-01 -3.132327002406838545e+01
2.956370592079023822e+02 3.554889570509147667e-01 -3.137489781797371435e+01
2.946370742671346079e+02 3.527178525728900116e-01 -3.173454584322309913e+01
2.945262231479336492e+02 3.672494740449059325e-01 -3.132180353324530486e+01
2.952655608274989731e+02 2.931648532177708599e-01 -3.311533849682371056e+01
2.944400752496156883e+02 2.804895764385846313e-01 -3.313142309905102678e+01
2.956814098520396215e+02 2.566009465098633702e-01 -3.224099622934766529e+01
2.951411865752016865e+02 2.827784276847838396e-01 -3.321970597513931267e+01
2.954548460165631241e+02 2.640184258723726751e-01 -3.296679745974455500e+01
2.950677332392728545e+02 3.611922347410744805e-01 -3.150088535836833259e+01
2.946602384668340164e+02 3.166992289003783267e-01 -3.275244469955221405e+01
2.939800171435095422e+02 2.785739552546934172e-01 -3.273366283821319200e+01
2.950735406374770946e+02 2.178296083561446217e-01 -3.283446411985531199e+01
2.959161134600097967e+02 2.577195583354265351e-01 -3.234468713670529638e+01
2.947525989312161983e+02 2.602322679950994644e-01 -3.341166389233869438e+01
2.959989470123514366e+02 2.717208099782876807e-01 -3.118522864405827377e+01
2.953118186463986490e+02 2.498500817719762623e-01 -3.290956988025781271e+01
2.947102742267692292e+02 2.435884055229219358e-01 -3.333487771287410339e+01
2.947303648360895636e+02 2.885492342167485513e-01 -3.323052015676368853e+01
2.950202801250007383e+02 2.694609241675997025e-01 -3.329983169015375921e+01
2.948821953095895196e+02 2.634350474995015290e-01 -3.341510587873649030e+01
2.953699186555323877e+02 2.828026699819987111e-01 -3.281389272746955754e+01
2.944272904284212018e+02 2.680491187723550439e-01 -3.320045583276384349e+01
2.954495287082659729e+02 2.751003953768105248e-01 -3.290912566693253893e+01
2.946572106351999878e+02 2.325714514217485096e-01 -3.319449440520428141e+01
2.945318934487640945e+02 2.774300923360476512e-01 -3.314783611728819324e+01
2.949996177175839307e+02 2.530493333505621223e-01 -3.331266852715214810e+01
2.949602635252164760e+02 2.321980172442278390e-01 -3.311523167926644362e+01
2.948378379470903496e+02 3.220933333361951090e-01 -3.265120444856572135e+01
2.957678527426082269e+02 2.905079115570957660e-01 -3.206200253354518281e+01
2.951046599660480751e+02 3.094504583976592782e-01 -3.281029245984344556e+01
2.952452405762286958e+02 2.965190004846254834e-01 -3.306217284777444831e+01
2.955948797136036319e+02 2.831766067291784372e-01 -3.288212804108236043e+01
2.949194207462416557e+02 3.062724404677348300e-01 -3.297545542828886056e+01
2.950739811043128498e+02 2.767831647342067769e-01 -3.326235400188117808e+01
2.944396964040765852e+02 2.835494054260557784e-01 -3.310478217766787168e+01
2.946105819088107296e+02 2.804794856609886256e-01 -3.311953181411031721e+01
2.944348966822306011e+02 2.953455062527045594e-01 -3.296916594721961502e+01
2.952365633239260205e+02 3.075889985289094186e-01 -3.287205948969161540e+01
2.946236038051274022e+02 2.904704043451614148e-01 -3.301969936889252466e+01
2.952431330971839429e+02 2.829390275869900773e-01 -3.323703360422505426e+01
2.949916552617866046e+02 2.453766691327402827e-01 -3.327099317415756019e+01
2.951048918928012768e+02 2.319904747253279942e-01 -3.313438996388185842e+01
2.952405829688228778e+02 2.964936487043911550e-01 -3.306167223442729863e+01
2.946593383421854924e+02 2.575817706585952216e-01 -3.340536590250087556e+01
2.948296830977024001e+02 2.760766311009441587e-01 -3.335775900998295640e+01
2.950038758968644856e+02 2.586841086626852082e-01 -3.332276407696103604e+01
2.947077699767614831e+02 2.945620562685352106e-01 -3.314937058929609748e+01
2.949034394759667066e+02 2.665065281754012694e-01 -3.340947757809713181e+01
2.952075161601144373e+02 2.682578006439297336e-01 -3.333946082718905757e+01
2.946209344973170801e+02 2.619348076940180015e-01 -3.340440487830039018e+01
2.948796018011447586e+02 2.538958311989796823e-01 -3.340529731989185080e+01
2.950849849152313595e+02 2.871758252756947960e-01 -3.315937633931786621e+01
2.945140115970128818e+02 2.626573572177151594e-01 -3.320111469549222960e+01
2.951328046397561025e+02 2.868109946517233277e-01 -3.317302894999841101e+01
2.948669144788204903e+02 2.329740590709149517e-01 -3.320475446185896828e+01
2.948760010855410769e+02 2.825586026216499458e-01 -3.330526591646388113e+01
2.952533957332771593e+02 2.639095455584447580e-01 -3.336140029367862070e+01
2.945247721702366448e+02 2.777222235131475148e-01 -3.314635889988706197e+01
2.949384675455480647e+02 2.808593112974340777e-01 -3.332455986033741624e+01
2.944754376611207363e+02 2.865235797517766692e-01 -3.307317369150676001e+01
2.951192379569634454e+02 2.545437947512398380e-01 -3.333764932169543016e+01
2.944615842582053347e+02 2.656033931357466016e-01 -3.320303713978260163e+01
2.947451736762857308e+02 2.353253832726850681e-01 -3.323856993755862277e+01
2.948608943449597746e+02 2.931916676684981904e-01 -3.317903924467864840e+01
2.946914366824718172e+02 2.902135273360255119e-01 -3.320705345458225111e+01
2.947737252179316556e+02 2.477155619009606125e-01 -3.337002398180488427e+01
2.946774890053160334e+02 2.773753609807934617e-01 -3.333912446059995460e+01
2.949002003617098353e+02 2.785195948352651163e-01 -3.334273906464815695e+01
2.949877460288573161e+02 2.700558075390351309e-01 -3.329064880381105951e+01
2.948209156783121898e+02 2.530046780930043648e-01 -3.340003754607390363e+01
2.950933665919031910e+02 2.542965142717505400e-01 -3.333259257046019286e+01
2.947063361624010440e+02 2.600515881666404794e-01 -3.340948606597974901e+01
2.949443837839788785e+02 2.710746459026058264e-01 -3.339348211713048897e+01
2.946731491309397484e+02 2.627050337375183564e-01 -3.340640417952317165e+01
2.947920696406403067e+02 2.703285970388372705e-01 -3.338993024404696541e+01
2.947561758476966816e+02 2.775663291765783081e-01 -3.334245064478258769e+01
2.948700418208752012e+02 2.499103864084403492e-01 -3.338672069596292857e+01
2.948852777837946064e+02 2.692863672425302446e-01 -3.339899466629280056e+01
2.949289521343479805e+02 2.677792314250947991e-01 -3.340654794131541649e+01
2.947327556734501854e+02 2.684094838874618860e-01 -3.339503339428511453e+01
2.950119767025283863e+02 2.659425365411950404e-01 -3.331278942831216483e+01
2.949197281956580241e+02 2.628514182977936264e-01 -3.341726902606833249e+01
2.947226363056055902e+02 2.566819387957293697e-01 -3.340684210386902464e+01
2.950870307960358332e+02 2.739983863707782241e-01 -3.328558924340948977e+01
2.950512751136534462e+02 2.531418615394189775e-01 -3.332202568896967421e+01
2.948777201398098669e+02 2.565579434743289200e-01 -3.341266733527865540e+01
2.949760505273543458e+02 2.651781082503929521e-01 -3.330847115338867326e+01
2.950058469166731356e+02 2.595021900518553748e-01 -3.332312150060371891e+01
2.948308244761592505e+02 2.756441835337458679e-01 -3.336087870453945214e+01
2.950080337083909967e+02 2.725847188631682072e-01 -3.327994984020238434e+01
2.865487304482428499e+02 1.483788643152812170e-01 -3.094267847499524660e+00
3.346928006110467209e+02 1.638480874479891769e-01 -8.078873253268127330e-01
2.908563775202295574e+02 1.737645097161906182e-01 -1.605180979345301040e+01
2.445392993131713411e+02 7.530191173297179352e-01 -8.478519441324969819e+00
3.080878511976155778e+02 5.113633592274532402e-01 -3.968716224004740778e-01
2.659511946533936566e+02 4.620175640352959245e-01 -6.104997694595760971e-02
2.925585504267966712e+02 3.883904424720903137e-01 -2.593042961923973166e+01
2.576219116167684433e+02 5.152136706078791484e-01 -5.474032070210969714e+00
3.224672742589910968e+02 7.308799710015776441e-01 -4.777486218949233421e-01
2.700428776029541496e+02 3.406431587962777119e-01 -5.989186355979870813e-01
3.523255995134506406e+02 1.383460992709284187e-01 -6.101118633881271514e+00
2.510392487553241665e+02 6.830508183736466732e-01 -4.889589161621877622e+00
3.105647712451166740e+02 3.284614567237557625e-01 -8.879545596478657377e-01
3.490853123715193647e+02 3.082495717360418386e-01 -3.730040032880344469e+00
2.848194801538418233e+02 3.229620865114811723e-01 -3.195997521218385096e+00
3.116273360356369722e+02 5.281438032895352519e-01 -1.115554797307810819e+00
2.829471862137155540e+02 5.799128916617998231e-01 -2.019483364270445946e+00
3.537513938187419740e+02 9.637618240897433131e-02 -5.372550756511900616e+00
3.053853377430950786e+02 3.552773708024581367e-01 -1.919732026103720679e-01
2.528879822046266383e+02 7.126169728231633860e-01 -3.300468757096823413e+00
2.679506879441003093e+02 2.239985888563771343e-01 -4.296627024795757199e-01
3.323495315013384470e+02 2.670156619901896677e-01 -4.713454893368948517e-01
2.639074784193109053e+02 4.655306081535771634e-01 -1.625064567566113949e+00
3.382671194820893561e+02 6.553201656557194887e-01 -4.626554726552988828e-01
2.731959828849950327e+02 4.889651071670664262e-02 -1.239881203985869984e+00
2.412687810541708302e+02 3.510355962757401027e-01 -7.489810217419766047e+00
3.249802854922504594e+02 3.703656994016992776e-01 -7.481434029349104398e-01
2.661691131055889628e+02 4.805031141878443046e-01 -1.992975453762970903e-02
2.936758185122477585e+02 7.783920362070606558e-01 -1.822659044128270978e+01
3.149405177518821688e+02 4.281552732836468866e-01 -5.733694051520541457e-01
2.375029111281245662e+02 3.124713838027043389e-01 -1.735417312384925470e+00
3.191322629805587212e+02 4.755758671729779508e-01 -6.973282608932677151e-01
2.802404509486880215e+02 2.631160001880844188e-02 -7.837678903390848939e-01
3.430665513326393921e+02 4.963526718565153262e-01 -8.001931325911927351e-01
3.310208494255065261e+02 2.429417942468222735e-01 -3.570186950468404175e-01
2.889636107059318419e+02 5.223743217538656669e-01 -9.247989009219686807e+00
2.958571713973132091e+02 5.687861829306211092e-01 -2.364206006970822216e+01
3.416234263880054982e+02 2.985659901692296336e-01 -1.798786021932839096e+00
2.860653716027939595e+02 2.036590970510245568e-01 -3.404652316732794670e+00
2.540844214837092068e+02 2.497760088595981642e-01 -2.686659765360364993e+00
2.780249011912451920e+02 2.613812068950877587e-01 -2.713010185819808573e-01
3.069079037054628998e+02 6.956475896165223993e-01 -2.779585049570676425e-01
3.267935514833072830e+02 1.548332250902311469e-01 -5.448176305588408042e-01
2.996204768720887159e+02 7.757929215172865156e-01 -6.514941977180271238e+00
2.407323160358791370e+02 2.919470601027899792e-01 -5.766358686740450601e+00
3.089506820884998888e+02 4.102029523868180316e-01 -4.765395672503620617e-01
2.798387907791228599e+02 4.394528890218454831e-01 -4.619119169761032317e-01
2.628434436040317337e+02 7.026079121727887289e-01 -2.434842766210085774e+00
3.533981243172156042e+02 4.016771847360214309e-01 -4.399369739851512584e+00
3.039607466548554271e+02 7.459607498740543630e-01 -6.842594497913707663e-01
3.428182061160645162e+02 3.994029149629431397e-02 -4.150803574128652862e+00
2.617936671039358316e+02 4.947877591858154678e-01 -3.361191028059989705e+00
3.172452040540686085e+02 1.492031457051330549e-02 -1.418984714613614161e-02
2.611423837388785500e+02 2.787376939837535317e-01 -3.101641582007952369e+00
2.593596515393563209e+02 1.798952966840851875e-01 -2.862569397549852734e+00
2.390681221132177257e+02 7.214309679939793218e-01 -3.517127423424846633e+00
2.747740578025402556e+02 6.457566617880737547e-02 -7.551685535006787964e-01
2.720992226982920101e+02 2.270843316056424949e-02 -9.123168814051225706e-01
2.691437603612801013e+02 5.616424576707909067e-01 -1.764109828852117590e-01
3.338058244120252311e+02 6.261797928219273723e-01 -8.291333622877171683e-01
3.296125414500658621e+02 1.175967278983660602e-01 -2.855973215716912095e-01
3.013456404764146441e+02 5.455556868361317591e-01 -4.125667003141209044e+00
2.822715841882832137e+02 1.898409406589897097e-01 -6.338866537139377089e-01
3.477882695430667468e+02 8.955073941375563118e-02 -5.047404364274298061e+00
2.453685391835149403e+02 6.360084332911069005e-01 -6.245254310135258002e+00
2.499067750064061215e+02 6.436538578595520921e-01 -5.877572577182664126e+00
3.286762361890965281e+02 6.121816604460456057e-01 -4.425647734016365242e-01
3.214060190204681362e+02 4.455156003844918944e-01 -6.527048348154345092e-01
2.465285920788635110e+02 6.620226393459180958e-01 -5.224010688583304862e+00
3.144453447485424249e+02 7.107801953671986084e-01 -6.232264719939275555e-01
2.952105882884500829e+02 7.418232681396808026e-01 -1.929330488654137099e+01
2.584576448873174286e+02 3.673460163757159003e-01 -5.482733982781454074e+00
2.773548960911567747e+02 4.223823534181761485e-01 -2.482664811561680340e-01
3.020735926692837552e+02 5.905125987194572712e-01 -2.765862715470847721e+00
2.910795006949667254e+02 6.710936274418584091e-01 -1.351634629225735651e+01
2.544343085831261817e+02 7.634458548355365082e-01 -4.024594710634597838e+00
3.199624942786571751e+02 6.067440609065122281e-01 -5.703917879901231336e-01
3.314569539333119224e+02 4.482727232059730560e-01 -4.909740776872716927e-01
3.360347798201833029e+02 6.180209253196623509e-01 -7.357392212791823427e-01
3.032157816917064110e+02 2.282509230249294974e-01 -1.680928872388411044e+00
2.473670422042502821e+02 1.261558735908483997e-01 -1.319756297970768211e+00
3.393781542269119882e+02 6.746267739304427913e-01 -3.468625318348628750e-01
2.883058838752730253e+02 9.500341810381594983e-04 -7.097574177464932577e-01
3.231930607270655855e+02 4.244337162315032358e-02 -1.698045184632083482e-01
2.558608860662317568e+02 8.214864243967201496e-02 -1.085519234126457455e+00
3.441679947172208358e+02 2.088638689435454165e-01 -3.211986133555980061e+00
2.711655934490231061e+02 1.281475478856054506e-01 -1.391942552714443337e+00
2.429338244360996271e+02 7.921982022465641204e-01 -1.133992684375073345e+01
3.161523361088216006e+02 3.835153449187952424e-01 -7.021546688973655526e-01
3.126952007670375906e+02 7.913353373778179156e-01 -1.086518821301306392e+00
3.463313540239880695e+02 1.072176149843735438e-01 -4.777790998914513310e+00
2.384349208684620010e+02 2.389434513990102704e-01 -1.995777533028359141e+00
2.489140017097675184e+02 5.363161774890873312e-01 -6.007710208761855242e+00
2.762880759191246511e+02 1.968399537866881155e-01 -3.092437034799319084e-01
3.375212082685173414e+02 6.376969271869208089e-02 -2.116516892548484297e+00
3.506230816712332512e+02 7.529936952683208284e-02 -4.650255283797730677e+00
2.984607236777403045e+02 3.927320144982697769e-01 -1.647600399805241622e+01
3.261056099566030753e+02 5.534967469068406976e-01 -5.986735838650875108e-01
2.978445258027202271e+02 2.813653446456866325e-01 -2.238584398113030360e+01
3.468543139154034520e+02 5.975226142415469566e-01 -6.657981688005621956e-01
2.954480656028731005e+02 2.507823332139526018e-01 -3.295535341956632891e+01
2.936007347070349169e+02 2.650298760599669179e-01 -3.109700663703254619e+01
2.955473743839252734e+02 2.870833614107744514e-01 -3.282284363950152084e+01
2.953127926670088073e+02 3.834175304404953133e-01 -3.086134771213124850e+01
2.939500440159242203e+02 3.203750325333747373e-01 -3.150752703991561887e+01
2.943110842089170092e+02 2.679574896690896657e-01 -3.320904127240608261e+01
2.945206753888300568e+02 3.125135582951720781e-01 -3.268468527216184327e+01
2.950407207738219881e+02 3.144441034658048695e-01 -3.269726530124795971e+01
2.959286209991861938e+02 3.441771956187202330e-01 -3.104352101246969653e+01
2.939792394788312322e+02 2.816250777679062955e-01 -3.271316309573045800e+01
2.949964689257953978e+02 2.660761356353759655e-01 -3.330944228775196336e+01
2.957786268265310241e+02 2.097592104215858788e-01 -3.158977147254012152e+01
2.953477622854139213e+02 3.007731245269544829e-01 -3.255977063540274941e+01
2.952026703630341444e+02 3.329969770646468707e-01 -3.230624719002494061e+01
2.947519558043332495e+02 2.355166099135240776e-01 -3.324146109823837492e+01
2.950091913222852895e+02 3.457984208262760428e-01 -3.192908713105520846e+01
2.933055404667804851e+02 3.387192618244269648e-01 -2.934900407372929365e+01
2.952040687083383546e+02 3.462959527969360352e-01 -3.195734972750333824e+01
2.944889064193590684e+02 3.512561931519962433e-01 -3.177815748426625930e+01
2.940832855679661293e+02 4.100963115692138894e-01 -2.968497038330998805e+01
2.938720345982042090e+02 2.491824756808950214e-01 -3.194875002025187527e+01
2.949393669741609756e+02 2.234284670289905239e-01 -3.294875880890968745e+01
2.953135852948174715e+02 2.937174797058105802e-01 -3.265830638296159094e+01
2.948517544371449048e+02 4.076994895935058816e-01 -3.013575652615263678e+01
2.958511230858763952e+02 2.394886964430367748e-01 -3.221944055938845253e+01
2.944391334616367999e+02 2.558577047122872483e-01 -3.319665968278710722e+01
2.942929424973032724e+02 2.921366277314101367e-01 -3.255959601495280253e+01
2.952318106608396420e+02 2.901420286786784430e-01 -3.315015570057247629e+01
2.948843859768463176e+02 2.793742189883354210e-01 -3.333481774719336954e+01
2.949665361419170040e+02 2.685431819338406356e-01 -3.329398006366077567e+01
2.949048238335315659e+02 2.406556355485059973e-01 -3.330984134847750511e+01
2.953106490825607011e+02 2.822307848414180032e-01 -3.280036253889252151e+01
2.944043566322640118e+02 2.252628629887731826e-01 -3.282348424382038132e+01
2.949328110352345220e+02 2.973881302573300744e-01 -3.312305878629253186e+01
2.944076190367798063e+02 3.236182078714456289e-01 -3.246309771189847737e+01
2.955470598802954783e+02 3.043766764497450317e-01 -3.256360923302450772e+01
2.951995672295414579e+02 2.612416496085762652e-01 -3.335635521739720843e+01
2.956467792012904283e+02 2.755308737024156907e-01 -3.216102876028993052e+01
2.946721440333686814e+02 2.491620656924843635e-01 -3.337556076575820185e+01
2.950791553023728397e+02 2.307593114741051110e-01 -3.311043951016289810e+01
2.952666388428760911e+02 3.597464118602493599e-01 -3.158636958874447842e+01
2.948213823000066895e+02 2.235149187431333118e-01 -3.302150384535588046e+01
2.945850894371882873e+02 2.734921650189496845e-01 -3.316703899626140384e+01
2.939908215611430933e+02 3.306148710903395460e-01 -3.195154605041798135e+01
2.956922177498656765e+02 2.436202192654720600e-01 -3.218926792460301556e+01
2.946203849536370853e+02 3.413474891987771098e-01 -3.203611080700265745e+01
2.942613273809488987e+02 2.667913994561074698e-01 -3.272058300687035626e+01
2.951159650930782163e+02 3.150798436364514177e-01 -3.269975215316146233e+01
2.954088857212564108e+02 3.111303094876803899e-01 -3.239167763273306377e+01
2.942066087263798977e+02 3.131278990238517412e-01 -3.226985864423888017e+01
2.942668232776350123e+02 2.420089805465694133e-01 -3.257896116550405452e+01
2.944440284680471223e+02 2.645927090372662271e-01 -3.320575783379454293e+01
2.945974478426669521e+02 2.909346986261838741e-01 -3.301594323811506371e+01
2.944795142558726297e+02 2.847378626430429049e-01 -3.309093325303219046e+01
2.944741963051141056e+02 2.519166098653637942e-01 -3.317616656534873698e+01
2.941929174651198196e+02 2.787697385957002005e-01 -3.269322265545752515e+01
2.951921955045412460e+02 2.730327723167831344e-01 -3.331131200230085199e+01
2.947502923600640088e+02 2.587069856228430553e-01 -3.341083625491140197e+01
2.948481613137620343e+02 3.488176345825195757e-01 -3.198190837940822462e+01
2.944181155857219778e+02 3.073469134769744038e-01 -3.278301785799180834e+01
2.944887058404686968e+02 2.743147475128887014e-01 -3.317008973325113175e+01
2.943580625049517039e+02 2.760033689684352476e-01 -3.316909704909392786e+01
2.953534360344769425e+02 2.633620963263358372e-01 -3.293647208831507811e+01
2.947429164267686588e+02 2.780189211493658274e-01 -3.333806629668572441e+01
2.955640501948338965e+02 2.897705886360950056e-01 -3.279448246409947387e+01
2.948844484872102498e+02 2.842793354882502954e-01 -3.328834227940213708e+01
2.939780254695026542e+02 2.750655649592230745e-01 -3.275300950720640714e+01
2.951354954310066887e+02 2.774957655259081557e-01 -3.326810922198888676e+01
2.947736514099444207e+02 2.955635697992067268e-01 -3.313964570202909954e+01
2.945882628314794260e+02 2.126848422330772093e-01 -3.245843126428832903e+01
2.947568467436967694e+02 2.790753480410063658e-01 -3.333018277254461736e+01
2.950193414049717262e+02 2.530452918369192061e-01 -3.331613658230102004e+01
2.945861859503929168e+02 2.440233064880441560e-01 -3.310351128416656508e+01
2.947121298676177616e+02 2.718120359843427258e-01 -3.337810411679100753e+01
2.956689322156585149e+02 3.018960697377561231e-01 -3.184778343527653632e+01
2.946551909573080934e+02 2.751739753130361676e-01 -3.335393483795268565e+01
2.949488734219452226e+02 2.587481889142386193e-01 -3.341841217123661067e+01
2.947571725820347410e+02 2.836006446710929718e-01 -3.328778537755511735e+01
2.947257167999887315e+02 2.630927531621039539e-01 -3.340858167137500345e+01
2.952320382138356081e+02 2.523627651300485164e-01 -3.334973117454839553e+01
2.944814187221155635e+02 2.606004914783565662e-01 -3.320302702779230941e+01
2.951846399428947052e+02 2.579966152406128477e-01 -3.335418657915178642e+01
2.942402887083169389e+02 2.614182382825450124e-01 -3.272181718098381964e+01
2.947095917555271853e+02 2.663887748306053571e-01 -3.340067343522039778e+01
2.952774681807986781e+02 2.709632302334836762e-01 -3.333860683883653309e+01
2.950694436404731960e+02 2.603576821486064952e-01 -3.333425119564397221e+01
2.951515331739425960e+02 2.464505256201589001e-01 -3.330529997191026581e+01
2.950483971388061946e+02 2.387001874081521591e-01 -3.321738008483832516e+01
2.950149530857672175e+02 2.765395806320756766e-01 -3.325299298640366175e+01
2.945971056426225232e+02 2.856843560313755415e-01 -3.307369288327813450e+01
2.945236374225636951e+02 2.371340562962952481e-01 -3.302625904180735006e+01
2.951068557415932219e+02 2.872279959001832750e-01 -3.316300369226920708e+01
2.948697152998425395e+02 2.713209462056233590e-01 -3.338890926205628773e+01
2.946811402169124676e+02 2.711294649576167504e-01 -3.337990608167012141e+01
2.948193820044559743e+02 2.677195141666814382e-01 -3.340192555081195280e+01
2.948118403677700599e+02 2.505898487840304556e-01 -3.338864690000363566e+01
2.952514945804521176e+02 2.757676480343548842e-01 -3.330294034323543428e+01
2.951559893680024516e+02 2.731176146297522589e-01 -3.330420198583059488e+01
2.944680429137781630e+02 2.528817371018009519e-01 -3.318177120230127741e+01
2.946477805007420443e+02 2.617692739827160442e-01 -3.340598914808267494e+01
2.946897807901352166e+02 2.706126322500226888e-01 -3.338299980254978294e+01
2.947629798730691846e+02 2.693577736190980731e-01 -3.339277349606901168e+01
2.951151379512653534e+02 2.577985557960021379e-01 -3.334210784098154079e+01
2.950034663418817900e+02 2.647783969243589497e-01 -3.331475173972834369e+01
2.947854675561363251e+02 2.628683272987825670e-01 -3.341170043390949473e+01
2.949605551162812844e+02 2.524180065794894290e-01 -3.330363635863822225e+01
2.951371566038451419e+02 2.586302339990860788e-01 -3.334637641486380488e+01
2.950792778670651160e+02 2.504300345453545074e-01 -3.331632223579779151e+01
2.950543206383134134e+02 2.637605579023811764e-01 -3.332667703842182050e+01
2.951350089947436572e+02 2.648907971575910625e-01 -3.333839134279816818e+01
2.948564366661729537e+02 2.601822925080349291e-01 -3.341602128256262461e+01
2.949848548832220558e+02 2.661431252947421555e-01 -3.330703208737280363e+01
2.946850152754467445e+02 2.625702731723701389e-01 -3.340717677310566813e+01
2.947691614523288877e+02 2.651294971467169082e-01 -3.340699253694244675e+01
2.949126517305741118e+02 2.619402993048355888e-01 -3.341777747141148325e+01
2.948141176895882722e+02 2.575871785239597922e-01 -3.341217414718659029e+01
2.949202521326141664e+02 2.631966894633642751e-01 -3.341689127830292705e+01
2.951159308550351170e+02 2.592928437936696251e-01 -3.334278934291570096e+01
2.946956079400168278e+02 2.532896988355854417e-01 -3.339628265395946016e+01
2.948712362877418514e+02 2.640148973353775852e-01 -3.341377488072954094e+01
2.947255002557735679e+02 2.633646596706453180e-01 -3.340818627663268359e+01
2.948012174382984654e+02 2.470261189315622607e-01 -3.336602088044907077e+01
2.947487628447997849e+02 2.684000826148064678e-01 -3.339591505051463827e+01
2.949501764713774605e+02 2.697265707586953276e-01 -3.339991741940801262e+01
2.948902578504295207e+02 2.596674428758533604e-01 -3.341711031189117165e+01
3.366422247359357698e+02 1.483546808434068887e-01 -1.261565230599530851e+00
2.477606236111018063e+02 4.635426006629990159e-01 -5.633647974723269947e+00
2.417328010902358528e+02 9.802290238303297543e-02 -7.311620686138188274e-01
3.412680868772108624e+02 4.834522905245882685e-01 -6.731364994179716010e-01
3.205272229301556308e+02 1.175776383718500073e-01 -7.429860118266706781e-01
3.477147461187737463e+02 4.050725575730108052e-01 -2.018177201477716842e+00
3.147511815358008107e+02 7.541992892856945740e-01 -5.722036895074165130e-01
2.593090450129523106e+02 4.177136002950403437e-01 -5.587024713528498943e+00
3.504009294540637711e+02 5.040565350482990592e-01 -2.290941518584578951e+00
3.240086856129184412e+02 1.402033686944620661e-01 -1.101352149358397980e+00
3.041239573741129334e+02 6.636916511017161291e-01 -5.411002126095830755e-01
2.564415613301706571e+02 3.119758903133084196e-02 -2.874098702824253726e-01
2.947619336789027216e+02 5.939808279665957924e-01 -2.369380107893235632e+01
2.867661260993280621e+02 2.871342292683087272e-01 -5.170189317613987257e+00
2.934217754201614525e+02 7.867441734193043601e-01 -1.771924367674624889e+01
2.509057655164449727e+02 2.939978735962271994e-01 -3.508736931085860711e+00
2.745311444749137308e+02 3.238333331738862952e-01 -4.763065473791444071e-01
3.281470720897566480e+02 6.841465738187307855e-01 -4.857334743256518927e-01
3.521072768756441178e+02 5.165245945620706713e-01 -2.727513166507603781e+00
3.449355935377368496e+02 3.870088354573489320e-02 -3.876634293492734695e+00
3.123912577758943030e+02 5.375079557666457841e-01 -1.016219308383215170e+00
2.394165794590751375e+02 4.489822238828704015e-01 -4.025673475443264593e+00
2.733061864487855246e+02 6.898664698772147830e-01 -3.446118453009597848e-01
2.429363994485742637e+02 1.599311958822325908e-01 -2.467495243147732165e+00
3.007283523607939060e+02 6.491850295500117829e-01 -4.937900002967337443e+00
2.610735917102819030e+02 7.804969444832015046e-01 -3.874549664190261922e+00
3.293225699530022439e+02 6.252937368376634275e-01 -4.490800206758178148e-01
2.888556294769987858e+02 7.485619910396406063e-01 -6.982254043649803954e+00
2.801262548289909091e+02 3.095762054371819505e-01 -3.584415129856086679e-01
3.142910878432228401e+02 3.681008271333669479e-01 -6.164209225346120036e-01
2.532976259542355422e+02 6.702439628497300905e-01 -3.380149842748267019e+00
3.103948329975679599e+02 6.987221911711507527e-01 -1.066700268828080667e+00
2.708501890219826578e+02 4.362561268425265704e-01 -4.847576435538772377e-01
2.526994532773810533e+02 6.341209391545103990e-01 -3.385022478676138924e+00
3.116348760240964566e+02 3.390222716050273477e-01 -9.994335703779351210e-01
2.630453259418534344e+02 3.583321344599315061e-01 -2.307972999255578195e+00
3.264432105127139607e+02 6.037675869893875946e-01 -5.692394412473745779e-01
2.851230835965067172e+02 4.123797999797849112e-01 -3.672052437445903816e+00
2.778461443512871938e+02 4.294567501781721558e-02 -6.181301651112299789e-01
3.221700162460292063e+02 2.054380526742860535e-01 -1.085847202435881176e+00
2.992114325848842782e+02 6.375508884141399546e-02 -6.136996569727802608e+00
2.724372529647860119e+02 7.653362323123807931e-01 -2.438904877687471107e-01
3.023331103346230293e+02 6.896753549513785775e-02 -2.016600575329082545e+00
2.925445014378856285e+02 4.896606540816202807e-02 -7.699038429054392729e+00
2.877609362713120049e+02 6.442782517917677865e-01 -6.380388981630042977e+00
2.696985526126977675e+02 2.479212294230258851e-01 -7.795938107666323669e-01
2.786389003923030145e+02 5.253986887651825866e-01 -3.409628436417593833e-01
2.659331721927736112e+02 1.697184794501601646e-01 -1.758484089156980568e-01
3.465382462043277769e+02 7.981482079971103927e-01 -2.971954747298660160e-01
2.963358294068249279e+02 6.130264129950466767e-01 -2.168494059665643547e+01
3.096982701830672795e+02 6.723547189490067799e-01 -8.712035474694104220e-01
2.460783875407789765e+02 5.636446104524804879e-01 -4.984414213630073753e+00
2.586765962268444810e+02 5.799359353517435922e-01 -6.000475418184153753e+00
2.447629304273320656e+02 2.572928896244094932e-01 -4.041807011647192027e+00
2.664016463782614892e+02 2.966645564488096798e-01 -3.166423727553734774e-02
2.819995559019491225e+02 7.312908057570085552e-01 -1.554592543529710102e+00
3.336743993620003721e+02 5.919957978935516119e-01 -8.052833061822057825e-01
2.806105366048313385e+02 3.355529596159392836e-01 -5.350117842723705053e-01
3.352665640235168780e+02 1.720934778725959069e-02 -1.006984398924041679e+00
2.973540623289106293e+02 1.096862804292524918e-01 -1.739912053777583623e+01
2.379750639135469896e+02 7.184606001664299857e-01 -2.192601382009405686e+00
3.164275827458292838e+02 6.190972483620277300e-01 -5.922291938230508368e-01
2.676097770698495992e+02 4.266246329536718673e-01 -1.087329549860070327e-01
2.411603563486262374e+02 2.268520420401176109e-03 -2.215951429165273989e+00
2.483315742376059632e+02 2.748176953980143167e-01 -3.784868667095903305e+00
3.177801468151596964e+02 8.335106227573967075e-02 -6.366174882034562055e-01
2.838769582370510989e+02 3.646323532412702462e-01 -2.505960184526700552e+00
2.624674183207271199e+02 7.246843552389821141e-01 -2.593160985830229581e+00
3.055541157401062264e+02 3.486308297623121333e-01 -1.982291981553775950e-01
2.572773757712616884e+02 4.792787478792384093e-01 -5.069222025406466159e+00
3.029273807304610386e+02 4.887360897719695285e-01 -2.163402330895798364e+00
3.541516395548357536e+02 4.668836085095112165e-01 -3.810195287015874843e+00
3.325466498763640288e+02 1.314767462772261156e-02 -6.420174457296409232e-01
3.192235160268355685e+02 2.714973529802769958e-01 -8.663111289771773249e-01
3.303749596049503339e+02 2.089708824713324420e-01 -2.897859035493633995e-01
3.463737972880338702e+02 1.962680824950309155e-01 -3.864505288460208021e+00
2.454191806647074827e+02 7.750120692859492344e-01 -6.441367821228952906e+00
2.902689697332367587e+02 3.193461876829362112e-01 -1.526789535919093765e+01
2.685860309784546303e+02 1.296636192290908374e-01 -9.975638064632409430e-01
3.374350621291096104e+02 7.645320734995014744e-02 -2.095499872327824864e+00
3.198975652640339149e+02 7.383802226012918801e-01 -5.679486736026191362e-01
3.082532554710951445e+02 1.617662609543714380e-01 -2.120273391933639173e-01
3.426167187978369384e+02 1.878004393563793561e-01 -3.289933951943118995e+00
2.643556939565872881e+02 4.986082170136296732e-01 -1.067008146131870339e+00
3.234785208712300459e+02 2.549935423069875085e-01 -1.048491354161875000e+00
2.505652022398284373e+02 5.750066974906301587e-01 -5.309665135118782686e+00
2.765032813748504168e+02 3.805730787216022315e-01 -2.264824825536872477e-01
3.315803161722765253e+02 1.249685207668347342e-01 -4.637918572127792127e-01
3.400866447339249135e+02 2.190907600552375600e-01 -1.903360782330590695e+00
2.831757135378054500e+02 4.456238144963302061e-01 -2.145913150527124724e+00
3.439686051965494471e+02 5.330967129233703528e-01 -7.059304185164324563e-01
2.986626189038198618e+02 5.561377700164109594e-01 -1.354003752414701900e+01
3.388570293376930067e+02 3.897196920503155915e-01 -5.551517755499246753e-01
3.534342516444614830e+02 2.370285888850367506e-01 -6.459889998448557158e+00
3.492182293203885592e+02 2.261230636247895109e-01 -4.959550773072878727e+00
2.376046509957264163e+02 5.448527097904980465e-01 -2.024763007200307996e+00
2.548363923288238482e+02 1.835651110724560164e-01 -2.645991288492155480e+00
2.915832616406319744e+02 3.930912827982044888e-01 -2.120813562169288247e+01
3.252737684480551366e+02 7.082220310600492175e-01 -5.835042730445255676e-01
3.070785832660376400e+02 8.862083080760239928e-02 -4.070014244695027150e-01
2.950000729751549216e+02 2.467641592025756891e-01 -3.328218056790171175e+01
2.954816053986530733e+02 3.460883140563965066e-01 -3.158645755596004889e+01
2.944340540038569429e+02 2.900032043457031472e-01 -3.303703984467134802e+01
2.959947109963765683e+02 2.650727748870849720e-01 -3.121024985408520891e+01
2.947103975078840108e+02 3.891169309616089311e-01 -3.074107400412196611e+01
2.945170919324263537e+02 1.965417146682739424e-01 -3.183929376720855231e+01
2.937977444042375055e+02 2.215969324111938532e-01 -3.147380811569474446e+01
2.952305372464984998e+02 3.817215919494629239e-01 -3.089873010001337761e+01
2.948396759661642932e+02 2.260282516479492354e-01 -3.307631678233457961e+01
2.954350910654969766e+02 1.758593201637268233e-01 -3.065133553465553007e+01
2.942553807864520081e+02 3.207075595855712891e-01 -3.212035170642261050e+01
2.957209137271454438e+02 1.718186020851135420e-01 -2.974456889688062944e+01
2.932459642414286805e+02 2.725357294082641491e-01 -3.000228959655141026e+01
2.941216453021644952e+02 1.510951042175293080e-01 -2.807791323561088248e+01
2.952541970343166327e+02 1.664702057838439997e-01 -2.996006134238815832e+01
2.947566366651465160e+02 1.327834367752075140e-01 -2.689194780850065669e+01
2.952770543245513295e+02 1.402256608009338490e-01 -2.753809463132330748e+01
2.961572507403490704e+02 2.009269237518310769e-01 -3.033079952325801543e+01
2.945998419899549958e+02 4.195410728454589955e-01 -2.963982293182904471e+01
2.935785300919951624e+02 3.569511890411377064e-01 -2.996657680604764806e+01
2.966837342783360327e+02 2.549434185028076061e-01 -2.832066566599286617e+01
2.949042685320606552e+02 5.188680648803710715e-01 -2.622518781726111925e+01
2.951883433807390702e+02 4.640040397644042969e-01 -2.804413782097197583e+01
2.964644650681598250e+02 3.164641618728638028e-01 -2.941641892536822311e+01
2.943103540987034989e+02 4.236395835876465288e-01 -2.921946948792649934e+01
2.942271320889361732e+02 2.427417844517466006e-01 -3.259713939943804917e+01
2.950431998811158678e+02 2.907212073225499682e-01 -3.310590935309187444e+01
2.944288337456667364e+02 2.824646772031018105e-01 -3.311534560279590522e+01
2.942564450842442056e+02 2.971571215403436272e-01 -3.250628404494391788e+01
2.958796697567741489e+02 3.635621535169999974e-01 -3.048389203747658982e+01
2.948784991037366012e+02 2.497545156288711876e-01 -3.338606593393630106e+01
2.952146060459327828e+02 8.851100159418363866e-02 -1.950370177795035076e+01
2.953005632407772509e+02 3.563096409217023086e-01 -3.169413913807822425e+01
2.952487950693201810e+02 4.237841042632048971e-01 -2.948243270075039746e+01
2.958290059558195821e+02 3.052114476678583488e-01 -3.186481377951534100e+01
2.940015964012350764e+02 2.712120233187273466e-01 -3.276341165981254022e+01
2.939221685736106338e+02 3.134504023674693496e-01 -3.163291824240405248e+01
2.948079451968907847e+02 3.244344157863048306e-01 -3.259611847563873255e+01
2.946639592292650605e+02 3.829583105851636082e-01 -3.084040996188870309e+01
2.956391067674072701e+02 3.290278401578340950e-01 -3.207606908276482471e+01
2.951452951813548111e+02 2.940455095876706726e-01 -3.307971167711323801e+01
2.942174000472589910e+02 4.046654793670658723e-01 -2.984732277879135154e+01
2.958440232502445610e+02 2.743416093447446080e-01 -3.225855238082542797e+01
2.956831861613173942e+02 4.147170248999046405e-01 -2.949738650040992383e+01
2.959606676489996744e+02 3.541246383817469590e-01 -3.078895616933057511e+01
2.935951701862497316e+02 2.118212651349406228e-01 -3.124461290958840110e+01
2.940715784657494964e+02 3.368048421064583908e-01 -3.179927044707431349e+01
2.934198391279811631e+02 3.199625287361743675e-01 -3.076339714764058186e+01
2.957944087799681370e+02 2.149572816153559607e-01 -3.174636197436088381e+01
2.962172908302433711e+02 3.143145098433695606e-01 -3.076371358669538836e+01
