3.505228108168806784e+02 4.971139738768474148e-01 -9.479227133346494749e-02
3.285354712990251187e+02 3.653188263890383425e-01 -1.203683344484396756e+01
3.097789068303860631e+02 6.025952928255584595e-01 -2.588280577330244636e+00
2.931436848858413668e+02 3.079021570798624041e-01 -3.575646887624813530e+00
3.139948506828012000e+02 6.317993004806954360e-01 -5.359705790477208964e+00
3.242184491027716717e+02 4.893590656292567953e-01 -1.811982907664073394e+01
3.720489234912678853e+02 2.122173902866985318e-01 -1.721323297536208496e+00
3.819009844213475162e+02 7.405164861818588351e-01 -6.718156467208890037e-01
3.672279950439519212e+02 4.556703652600224697e-01 -1.584101710361203841e+00
3.049399541950501202e+02 2.354483170976717499e-01 -2.316925455981090121e+00
3.767151334184981124e+02 3.614044770245629368e-02 -5.460418924137173668e-01
3.223453058857897986e+02 3.123925993805961032e-01 -1.663798018135778989e+01
3.341658992993732795e+02 6.105764336788080948e-01 -2.067335959966942305e+00
3.427886130367442661e+02 3.295533969317457346e-01 -1.833209798099208199e-01
3.416770708224516966e+02 4.106431562585375339e-01 -3.902828835750545289e-01
2.779940754616818595e+02 2.490401994861323187e-01 -6.480441219345194348e+00
3.585134120210323090e+02 1.985114679127869819e-01 -4.379169266248986725e-01
2.589896501155865280e+02 3.878059223110525977e-01 -4.160387734872854182e+00
2.579123785908268474e+02 4.420151667441812871e-01 -5.012690083300729960e+00
2.987828748426986181e+02 4.836411858569500746e-03 -2.223620295982414452e-01
3.356980168541194871e+02 5.682836159832950207e-01 -1.518788775539836156e+00
3.260348941361034463e+02 4.359736378831948755e-01 -1.561630582200656470e+01
3.155351386416608648e+02 7.687764632064493231e-01 -5.248515860895450302e+00
3.129950215987032607e+02 4.627481541828593059e-01 -5.761679102270680808e+00
3.483031523081778005e+02 1.577449044739914208e-01 -2.141193418795749592e-01
2.667376671712196412e+02 3.739082624555211121e-01 -1.993406048911589235e+00
2.561432418056463121e+02 3.004829665947470474e-01 -1.957374222428075017e+00
3.835607828618534541e+02 6.677087276292784646e-01 -1.248493432319965013e+00
2.852262768493893645e+02 7.994200342314190799e-02 -1.619344826679843807e+00
3.321552240749408611e+02 5.869763238572928143e-01 -4.710993317121467960e+00
3.744859642189234137e+02 6.626092840957160668e-01 -8.829278418365826830e-02
2.862215806270542657e+02 2.815256415664025846e-01 -1.587812983544850010e+00
3.302694217322670625e+02 1.212605354630313104e-01 -4.087478211816084617e+00
3.027116797942703101e+02 3.265686962236546420e-01 -2.583479911235056381e+00
2.826813042861202234e+02 5.234725623587780374e-01 -7.215861340049621875e-01
3.400248671487915999e+02 5.508478075885074876e-01 -9.626388065219441126e-01
2.683607918037868103e+02 3.516291272419256320e-01 -2.990802569071489447e+00
3.453285457679727415e+02 4.631010048941022750e-02 -5.764416340036478958e-01
3.538787450649953144e+02 4.844519518159455251e-01 -1.033949686385294414e-01
2.887359987656219573e+02 2.888475161701295479e-01 -2.544599340954087907e+00
2.804125389589311226e+02 9.448996991720616523e-02 -2.165566751131108969e+00
3.632425553290186713e+02 4.318337956403477396e-01 -1.416548781408175417e+00
3.276198222402233569e+02 3.792214295932827550e-01 -1.287882812282619760e+01
3.550758328329553137e+02 6.784351138947964932e-01 -5.884594063540240366e-02
2.689998844324218226e+02 6.826550459956405303e-01 -5.475722633571637132e+00
2.629841168582880186e+02 5.795205059304058270e-01 -4.253090517035479579e+00
2.734898991780063398e+02 2.779678547757464258e-01 -8.456438622326619026e+00
3.755526859647771403e+02 5.968614919951675118e-02 -7.286845465466732508e-01
3.517929473242884342e+02 7.245845592710772332e-01 -2.901915645795860588e-02
3.609369933502934487e+02 7.184767226610623281e-01 -2.424035237600462300e-01
3.190283919923402323e+02 4.646012260395171456e-01 -1.022400670934132805e+01
2.950157927618477629e+02 9.027324984834625074e-03 -5.176381742722874213e-01
3.651527915578924990e+02 7.346763191430297768e-01 -8.404365246938821921e-01
3.104991469428899222e+02 6.457652522109873505e-01 -2.916052280332410263e+00
3.005184415672078444e+02 1.642483828899869019e-02 -8.991327959778741552e-02
3.620218744650464942e+02 6.982694938887356040e-01 -4.869398671785130639e-01
2.663010755362569171e+02 7.938918769332294900e-01 -3.332714708054871799e+00
2.715533687741102540e+02 5.371957235669341246e-01 -9.129005475105035572e+00
3.179091159620589906e+02 1.041281955456418995e-01 -4.438071093813671375e+00
2.918747914092865017e+02 1.319702006260800031e-01 -3.396608418962856923e+00
3.351969500504172288e+02 1.898498300848689979e-01 -1.445587778125684286e+00
2.603294224289566614e+02 5.344393108750022936e-01 -4.920249431562678133e+00
3.231811364863704057e+02 2.595813344067628980e-01 -1.649381143220357515e+01
2.762255306226093126e+02 6.648092326299923083e-02 -3.894895245664236616e-01
3.308577752893453976e+02 5.942991010349109038e-01 -6.355872238186538681e+00
2.958815081312458801e+02 6.224696909337080752e-01 -2.257445331521267917e+00
3.690552278537193729e+02 6.399203518180571759e-01 -8.564337493889272457e-01
3.076562450998288796e+02 7.899539243578069803e-01 -1.282276485032203261e+00
2.647091220228418820e+02 3.549463697828269537e-01 -1.972716748143508836e+00
2.624456323779090781e+02 3.426133640667073932e-01 -2.972559284690924120e+00
3.796327652704300135e+02 1.440902741899973971e-01 -1.348156885035499020e+00
3.384822095736444112e+02 1.410443400100041822e-01 -2.987616699666704179e-01
3.441128365047463831e+02 7.601643592765950919e-01 -5.363255030360799536e-01
3.783139043328723119e+02 7.073307680168670064e-01 -1.530441091743408033e-01
3.531886045821255493e+02 6.519523854851200229e-01 -2.459344826876656495e-02
3.738458981849792053e+02 1.725192976523332866e-01 -1.014478837954919888e+00
3.642439389099953360e+02 8.784274075208917121e-02 -1.760396928928754212e+00
3.485375424934426292e+02 7.569460480470199260e-01 -5.610420437075379629e-01
2.774440247442012719e+02 5.576872319495219665e-01 -7.815279188615113171e+00
3.118693121787113682e+02 2.479127775679789147e-01 -5.117340063218549062e+00
3.046749933499086183e+02 1.604393058206819433e-01 -1.820120010777308783e+00
2.898371296092346938e+02 2.309623241243042857e-01 -3.106903862362921043e+00
3.202738841209971383e+02 1.156688124042913740e-01 -6.041006398997069482e+00
2.840129996401406061e+02 2.199896752553265888e-01 -1.167878029432962483e+00
3.707833039797193351e+02 5.612252258834200536e-01 -7.828802036169847378e-01
3.597148753348498644e+02 6.940384189263566483e-01 -1.087833375602428321e-01
3.683929043172870479e+02 5.394491919317737777e-02 -1.518073136874977802e+00
2.810552842577966430e+02 2.039024963986506289e-01 -2.800835885601204556e+00
3.066323838498536816e+02 4.031001914383364748e-01 -2.313322540790705428e+00
2.941262937680205027e+02 5.046752891141245145e-01 -2.634817783036895733e+00
3.169705750237120583e+02 1.006968644186526096e-01 -4.434004014293481788e+00
2.749749674701337767e+02 3.994610666170497204e-01 -1.035478520401349556e+01
2.982445718173834734e+02 7.782800485816049330e-01 -1.232332814795054299e+00
2.876880897640602370e+02 1.785994793320098417e-01 -1.597446633596076637e+00
3.010554627123002547e+02 7.507953799029759567e-01 -1.554336177961723742e+00
3.811255145207057922e+02 5.187582962697504518e-01 -1.190955722377952331e+00
2.706492521395415451e+02 4.183452283896884061e-01 -6.138717544043858609e+00
3.458922432765850772e+02 4.791218351442323997e-01 -5.009477908828317005e-01
3.378477551156089476e+02 3.031630684508253640e-02 -1.984730354040126210e-02
3.567797500497702003e+02 2.655648385339052231e-01 -2.891956983263188619e-01
3.564748252580233157e+02 1.179252751424250331e-02 -7.856703598228866048e-02
2.941130324684853576e+02 1.979556764141690017e-01 -4.035898906568138322e+00
3.372908945850803093e+02 5.651226926742736190e-01 -1.496652189364835461e+00
3.198698103291998791e+02 3.961744180681293637e-01 -1.227855346999485242e+01
2.664413476279415818e+02 1.847021748274640940e-01 -4.236435566531798758e-01
3.289432607242812310e+02 1.309200653792895463e-01 -6.094320791730480913e+00
3.252623048349677788e+02 4.948404197287912254e-01 -1.704684655442509111e+01
3.275603925932002198e+02 3.924975302710978498e-02 -1.085158551538897065e+00
2.801127653644275028e+02 1.047719623003312006e-01 -2.397012398724098325e+00
3.408392230348584917e+02 7.967930391719099115e-01 -8.455317709030102380e-01
3.401650424473345424e+02 4.732306112289649258e-01 -9.072745640223592867e-01
3.311701835314236746e+02 3.467304110757656876e-01 -7.212972147006004420e+00
2.955012323735158475e+02 7.152499624656862842e-01 -1.890191700655682316e+00
2.681972268911605397e+02 6.490615717897839643e-01 -4.552772284683229032e+00
3.666826625879741641e+02 2.606878271416884219e-01 -2.458156054232683463e+00
3.047345355438414458e+02 3.660736758728749263e-01 -2.326739112483257710e+00
3.070749208565512163e+02 3.355935724473732007e-01 -2.579562879989853119e+00
3.691137410064846449e+02 7.433710374182221914e-01 -6.910696405600011971e-01
2.630788664060797828e+02 1.796812819861227650e-01 -1.320925769243966430e+00
2.791029558318379031e+02 4.266810874755797567e-01 -6.645441703789948029e+00
2.719172214225670245e+02 5.233575063795536941e-01 -9.747346344381989880e+00
3.586965402983191780e+02 1.721133229137324083e-01 -5.736942839084491208e-01
3.440117086868583556e+02 6.065358177565023379e-01 -4.322691204712905688e-01
3.635805497529872241e+02 7.044260929995744824e-01 -6.855460436815445924e-01
2.712366111765393271e+02 3.555159777101629115e-01 -6.487110757549261031e+00
3.467821645324951874e+02 2.644412439904321732e-01 -2.856432912299152749e-01
3.226008964740707370e+02 1.578901189586469633e-01 -1.137420371224905224e+01
3.355959404169573190e+02 5.485955340725497953e-01 -1.522782152712030879e+00
2.983390542717400535e+02 2.243760744592592227e-01 -2.654250080147972923e+00
2.579443904112847008e+02 2.203656200004536769e-01 -2.064077348709750126e+00
2.746440109878373050e+02 2.773280230330330554e-01 -8.553930337126855576e+00
2.587018424110022465e+02 6.223206092565378711e-01 -6.460657897097449975e+00
3.494223687753035392e+02 1.639192626302268807e-01 -1.251634139972980786e-01
2.812970395462625675e+02 7.789292383181098955e-01 -1.651348323989767275e+00
3.510512133073905261e+02 1.445348700490702298e-01 -5.453962078880535136e-02
3.144549068596004417e+02 7.866440052044083586e-01 -4.606933375188421387e+00
3.099726724812620091e+02 2.143162182197546131e-02 -2.412851629476735205e-02
2.958777120179401550e+02 6.355682852607514866e-01 -2.205586299593567556e+00
3.341035525910421597e+02 5.189447197966289282e-01 -2.233176650088573911e+00
3.450538308418812221e+02 6.629079243589748316e-01 -6.142876682679960787e-01
3.294604046358077198e+02 6.729516715884747979e-01 -8.543710277422473354e+00
3.158091508923262722e+02 5.685797595999563248e-01 -7.060438302173608349e+00
3.083503245421201200e+02 3.709506395981983506e-01 -2.782016267483940375e+00
3.840245165901504265e+02 6.875095837305049695e-01 -1.367152057477668992e+00
3.684140090804705210e+02 9.251303631775945058e-02 -2.354483882984366172e+00
3.235711625325086516e+02 6.961961728207355371e-01 -1.644105096168716784e+01
2.999971815395372801e+02 5.922428308342034958e-02 -5.432959907004121236e-01
3.658165954951673484e+02 3.218117695564399749e-01 -2.186755640045568327e+00
2.877662381900771607e+02 7.289253089425342669e-01 -1.441248050941447811e+00
2.826066697393542313e+02 4.559713458263832120e-01 -8.436035741593425064e-01
3.049896336939818866e+02 2.382363972224781357e-01 -2.323379252067227174e+00
2.849245038736682432e+02 6.647583534045161668e-01 -8.269916998091263460e-01
3.019737787714169031e+02 8.515988201432628246e-02 -8.942840685587216676e-01
2.650686367187730639e+02 4.116985937783859129e-01 -2.193989020955552149e+00
3.205017076801739222e+02 5.894650490669346432e-01 -1.215107555023732466e+01
3.325814336285657760e+02 2.523469595746196115e-01 -4.203430668042475560e+00
2.701006134246587180e+02 6.453973482567447739e-01 -6.676232946707857607e+00
3.702042902303462029e+02 5.991441909840190538e-01 -7.912135435247502624e-01
3.717518631466643910e+02 2.091148903540774873e-01 -1.704463863167410498e+00
3.607553604708917305e+02 3.406250746618596503e-01 -9.165165986472554316e-01
3.829126092294431487e+02 7.693769192386494815e-01 -8.863323546862531543e-01
3.182629358447791788e+02 3.871698898014408474e-01 -9.968090667007308170e+00
3.503626220787107286e+02 4.408032460843333000e-01 -1.409005653764874022e-01
3.348555812163340306e+02 6.991298308949246698e-02 -4.291593629245888941e-01
3.778999869275128276e+02 5.315618848943705066e-01 -1.284842837374183255e-01
2.912959790756958114e+02 5.018632513743416235e-01 -3.397760918538669017e+00
2.897286425520018156e+02 6.313999892036337158e-01 -3.007193143592206130e+00
2.773554380146985636e+02 4.650854240933595674e-01 -7.947505723972021485e+00
3.611784860002604773e+02 5.783352163039782168e-01 -5.670006250163381889e-01
3.765778006051937723e+02 2.863922144183709828e-01 -1.660508212889606483e-01
3.174925878179017218e+02 6.139552133487780061e-01 -7.519332555131302165e+00
2.923252974723186526e+02 4.196579164943678997e-01 -3.204154740041690985e+00
3.557655647428317138e+02 7.473205395659771044e-02 -2.051126969373653908e-01
3.750795166083055960e+02 3.079720461157547939e-01 -2.634422899343373814e-01
3.423321886186498091e+02 4.558456832353567634e-02 -3.202115386221643933e-01
3.729074626663706340e+02 6.889359030731764255e-01 -3.188155333895753007e-01
3.126532527487348716e+02 7.676655971688335356e-01 -3.496502216061682766e+00
3.639529158397241417e+02 7.237843531087534421e-01 -7.483200442420102627e-01
3.114866448581750547e+02 1.160986313876806730e-01 -2.581312861927555602e+00
3.580331076389839495e+02 1.435298988132495124e-01 -3.385848667602971984e-01
3.030205080768275820e+02 5.436837042926312424e-01 -2.303319809631724002e+00
2.731130556642331726e+02 7.786042703191136359e-03 -1.318048110654594929e+00
2.602610192685391439e+02 5.041117683103795155e-01 -4.862963654048728657e+00
3.531842966685670717e+02 4.360488065449706352e-01 -9.751343427024858346e-02
2.837664087661136136e+02 3.065610016947039815e-02 -1.469100345414098729e+00
3.476798673953686603e+02 4.585452881112552781e-01 -4.159519856134484828e-01
2.759408029677727541e+02 5.556039992360711777e-01 -9.885771336176304658e+00
3.807308157442414540e+02 7.592645024148700905e-01 -3.818376405632535886e-01
2.866856714920935474e+02 1.209119233159488549e-01 -1.354684150702419876e+00
2.886391815462321233e+02 2.913390339676008578e-01 -2.562520003647866140e+00
3.754912660833774112e+02 4.016483829785662540e-01 -1.479979170303575287e-01
3.541317819248011460e+02 2.972550482330663102e-01 -2.229311915517257492e-01
2.561410097552271736e+02 3.818988171560335765e-01 -2.556037794840309019e+00
3.087954115736606013e+02 2.410512739932456072e-01 -2.868196316221371500e+00
2.613698548906058363e+02 2.075174037026319418e-01 -1.848045135990573407e+00
3.385074486554586883e+02 4.862158094440085510e-01 -1.341532402742074970e+00
2.985281475031255241e+02 1.009358776723158907e-01 -1.723633049605717948e+00
3.791892204530755635e+02 3.194179707616973118e-01 -7.876894534059251107e-01
2.652897285728391239e+02 4.903437019444415595e-02 -9.749523886344384493e-01
3.258061032095245082e+02 7.511943538679188848e-01 -1.396381068854335261e+01
3.085209103014522043e+02 5.419639820198777352e-02 -5.674991290463372584e-01
3.591775226371382814e+02 1.810377642946705279e-01 -5.485386229962601057e-01
2.644644099720214285e+02 5.232816578224034343e-01 -2.851223797558250173e+00
3.753432762284921864e+02 2.440409088002257754e-01 -4.077206108626689196e-01
2.857320082518627942e+02 3.039690855361288913e-01 -1.593528083079357671e+00
2.575244072867674276e+02 5.942253343952703659e-01 -5.699266936870432509e+00
2.848181003041283930e+02 4.241079188137817368e-01 -1.280030817778679664e+00
2.871374566547785889e+02 6.521070731296606249e-02 -1.108543990291840142e+00
3.737481474700990702e+02 7.489247112309893595e-01 -1.401382577115415085e-01
3.604193771806791915e+02 6.725974552800053630e-01 -1.918672156230385173e-01
2.900771329978318818e+02 3.255772934833576215e-01 -3.476246163877842577e+00
3.253046560731443719e+02 3.964964661800449153e-01 -1.738608357098962998e+01
2.622811971162940381e+02 6.118469155791556036e-01 -4.733837865123853739e+00
3.403807251385916288e+02 8.919768688332950501e-02 -9.059093918738117535e-02
3.472491929374891697e+02 4.502147891090209630e-01 -4.554781879166333036e-01
2.663110211238600300e+02 7.712807021702940968e-01 -3.309208609740491802e+00
3.133799656196877095e+02 3.810620823524439871e-01 -6.724289846611400279e+00
2.999168828907229454e+02 6.175530926427418299e-01 -1.460304237081070156e+00
3.585675411268974813e+02 4.351418457205682433e-01 -2.190601147693938822e-01
3.051452714544956279e+02 5.580349864811305904e-01 -1.810638523821722190e+00
3.438987603422264669e+02 2.930869733737663796e-01 -1.600058991694821298e-01
2.720938282185375101e+02 3.586520977120233322e-01 -7.893863036357414487e+00
3.703765144130070439e+02 1.939420877444783531e-01 -2.430348749292673194e+00
3.457673732335548493e+02 4.457500656539311601e-01 -4.336096573123846554e-01
3.800657262381077430e+02 5.814498362061908399e-01 -5.172059293335464769e-01
2.682523683859041626e+02 2.606079947828102705e-01 -1.866550905752806910e+00
3.193810781658809219e+02 2.511434312603173513e-01 -1.036509159697851601e+01
3.230292351590970270e+02 4.651664735835469577e-01 -1.829969695696544818e+01
2.791890105445851873e+02 8.791107405730764351e-03 -1.318678189462096695e+00
3.691678136625454840e+02 6.646742862053098833e-01 -8.120043860254946289e-01
3.332342563342464246e+02 3.602126535978084076e-01 -3.714175339403689158e+00
2.566121324985922456e+02 4.848197055848164627e-01 -4.128722615737454582e+00
2.701185308840443327e+02 7.405319586212812943e-01 -6.926905769543533431e+00
3.167637001331007696e+02 3.907915316907882852e-01 -8.830722657068839965e+00
2.674889256002741718e+02 7.565082056209231354e-01 -4.031403566223573876e+00
2.599961413245275708e+02 2.756211670886171694e-01 -2.396796819547197810e+00
2.636005678048053937e+02 1.756682422671514143e-01 -1.170959588580182675e+00
2.941473563523916255e+02 2.664329957258854131e-01 -3.857951538967203664e+00
3.654892965416040624e+02 7.615368122027932341e-01 -8.189112617999723120e-01
3.786600232716775736e+02 1.213392709128075925e-01 -7.550386428362056979e-01
3.024976355765048197e+02 5.370582784862504289e-01 -2.334004567962445265e+00
3.669910365413826980e+02 6.063236681253457716e-01 -1.089963816245524963e+00
3.812357814969276433e+02 2.034701891610703750e-01 -2.437158734127960358e+00
3.268165374134724743e+02 2.475927568324439213e-04 -5.272966511630241548e-01
2.963765360035137064e+02 4.140979266603144748e-01 -3.111639779914101123e+00
3.528602852462628903e+02 5.178681632490915732e-01 -6.888301789002419795e-02
3.412389314653029828e+02 3.452873378170348007e-01 -4.296038246458505627e-01
3.068836447738391939e+02 3.283069215843139599e-01 -2.598810365137855349e+00
2.979552918882222912e+02 2.834724967531042708e-02 -1.230690303408406572e-01
3.831468511315779892e+02 7.963200770342502288e-01 -7.927177747949561981e-01
3.149426826166796332e+02 8.117731492028373852e-02 -3.627833466424108089e+00
2.842727895247856509e+02 5.609848490655060527e-01 -9.053496424964488920e-01
2.991043070283199086e+02 4.014792612994213528e-01 -2.166583353330482797e+00
3.347567033385939794e+02 5.472760257798010564e-01 -1.859466899914745230e+00
3.826027811041553832e+02 1.175732976963901610e-01 -3.351448684964468683e+00
3.740931901195451701e+02 7.516812810738204842e-02 -1.046665882597878294e+00
2.711831527047914392e+02 2.225457752063592087e-02 -1.104337113284991512e+00
3.013277956464814906e+02 4.764705940714197840e-01 -2.255950171429363049e+00
3.507040877609882159e+02 7.817757030125094264e-01 -1.391497297222007157e-01
2.926383539561002181e+02 6.383133766362638628e-01 -2.287243059055395378e+00
2.779840311950074465e+02 2.851632206938223835e-01 -6.957040186155427186e+00
3.375220084392540230e+02 3.124354481446349197e-01 -1.148493711345470736e+00
3.152898776757040196e+02 7.356848755288107888e-01 -5.506354361446533119e+00
3.178914779706757372e+02 6.306205855432076568e-01 -7.815800697388533891e+00
2.750372725317544109e+02 6.613562062105966532e-01 -1.105322554391786660e+01
2.907958508677630221e+02 5.695112338516371553e-01 -3.310005410193675779e+00
3.385882529612997587e+02 1.896591642180691095e-01 -5.073496247850132201e-01
3.037896884235901211e+02 2.212889348166688641e-01 -2.206106127025394770e+00
3.116707046361220819e+02 9.744741587435776231e-02 -2.082528994645301168e+00
3.496174034585933441e+02 3.064789427929908716e-01 -1.324557712765745687e-01
3.283173210123467243e+02 6.881875490903215375e-01 -1.007078338834093678e+01
3.214734306145018650e+02 5.916604415956876473e-01 -1.436287637572950260e+01
3.466341057784997020e+02 1.471889401375299500e-01 -2.798651408544141073e-01
3.431364744232271846e+02 5.109492403178585995e-01 -3.226485551805936547e-01
3.770458672240588385e+02 4.638032364852751610e-01 -7.171368335005498529e-02
2.827733240959446448e+02 3.729973511700746536e-01 -9.956766843176433346e-01
2.768703864607749097e+02 3.882286728539687676e-02 -3.036491246982508385e-01
3.322088430515381106e+02 5.311228658257377555e-01 -4.940953488596471210e+00
2.952473648585671526e+02 6.509317653221593503e-01 -2.072006864391779057e+00
3.316235201454312573e+02 1.430558222622853870e-01 -3.859106816574036980e+00
3.617534011356221981e+02 2.388711240266961910e-01 -1.579255687799111296e+00
3.211618476345582849e+02 7.911667133420285936e-01 -1.253436132009203519e+01
2.592481306154126628e+02 4.235702759882992163e-01 -4.411468673133255969e+00
3.719169787944977088e+02 4.943459876464262326e-01 -6.949946654662242373e-01
3.509848835930138762e+02 6.410909217448020891e-01 -1.252520084893836705e-01
3.110936126548101583e+02 4.479909227358185031e-02 -5.034977353742454698e-01
3.627636438605953799e+02 2.273065251399628284e-01 -1.781408449150030604e+00
2.811769267671758712e+02 1.295150153723208519e-01 -1.987484561703114938e+00
3.293566187034685413e+02 3.411734749710955139e-01 -9.995504834402593630e+00
2.889547939925673177e+02 7.141278826466882501e-01 -2.318046463346723485e+00
3.091037427690747563e+02 1.063907126728119296e-01 -1.499975893724677656e+00
3.640438129752216128e+02 2.105280514567257899e-01 -2.170178251911873968e+00
3.554394061258054762e+02 5.615717050543955063e-02 -2.240116864142636388e-01
3.678457307679552741e+02 7.239905439570569756e-01 -8.184913264771289665e-01
2.730461471294298690e+02 4.990156468367886733e-01 -1.140060471235732997e+01
3.541042912626948009e+02 6.839393805542566263e-01 -4.749438224959420807e-02
3.569218657210648189e+02 6.963804393444168461e-01 -5.107404116672743799e-02
2.760656442927633520e+02 1.532193316881255429e-01 -3.459772827905250647e+00
3.252177244934933924e+02 1.626977560998346117e-01 -1.164552716328038429e+01
3.360105388348000020e+02 7.048355226105712523e-01 -1.444239444315683851e+00
2.997100671672949375e+02 5.834930944957644749e-01 -1.563132743436288052e+00
3.503602340010211833e+02 7.480793591611174798e-02 -3.369207063058689555e-01
3.242395703024127442e+02 5.690068490101433119e-01 -1.751822221311753225e+01
2.658106199507342922e+02 5.391102733202717684e-02 -5.947657681826608034e-01
3.513454346616516659e+02 6.529655534593945543e-01 -6.560146748674132444e-02
2.677006012458867872e+02 6.991520844701054616e-01 -4.309837541426611907e+00
3.065553773019877326e+02 3.938676951298620832e-01 -2.343227677872010695e+00
3.309307452980843891e+02 4.680674651739649694e-01 -6.948975040845804862e+00
3.394932719524870777e+02 7.672804210933260594e-01 -1.199434960291464236e+00
3.554052597663380197e+02 1.206465230799762811e-01 -1.595073595776065334e-01
3.462653259404312962e+02 2.229360148730791247e-01 -2.548122032637601952e-01
2.692603506217157019e+02 3.084669012869138971e-01 -3.036536385380022018e+00
2.970019829154312561e+02 4.492406108822218913e-01 -2.608906768597803794e+00
2.576346837505367944e+02 2.988443905627438113e-01 -3.202004487790869547e+00
3.320617130270946404e+02 7.394410295204076888e-01 -4.105280835449073074e+00
3.032486693918774563e+02 1.856576214810552461e-01 -2.011073834495728629e+00
2.632823690957617941e+02 7.338505513713879935e-01 -4.353668142479624414e+00
3.017603720422772540e+02 2.066140369793703080e-01 -2.349936763470038770e+00
2.850480612776015050e+02 1.037579440176856771e-01 -1.597520204425352697e+00
3.732793337537027583e+02 6.226445992465999835e-01 -2.660523370343362282e-01
2.650414286700909088e+02 1.085584145782075675e-02 -2.978014652780841320e+00
3.338726063664641401e+02 7.254609503201858711e-01 -1.823337954287212348e+00
2.706872515434984621e+02 7.451548147541916522e-01 -7.924398251535729187e+00
3.303678403524664304e+02 2.655749981715986308e-01 -7.595307150875775903e+00
2.894929599979097361e+02 5.713639985835777813e-02 -1.444324897966226651e+00
3.113470057924192815e+02 1.579785793311225817e-01 -3.506696428329751924e+00
3.476435532931891430e+02 7.091370093346369696e-01 -6.180317330139296628e-01
2.781642311477116323e+02 4.032428939976667043e-02 -1.064501031029740474e+00
3.133142121762577403e+02 6.734457816830000665e-01 -4.735420548899861970e+00
3.824846562780238628e+02 6.252870732354081085e-01 -1.253133860152230161e+00
2.840360032282656562e+02 7.829260219637963480e-01 -4.428548893773145423e-01
2.930271704958822170e+02 2.927635994543526660e-02 -1.703656384385013212e+00
3.650399797363988910e+02 5.538159240072669798e-01 -1.261231142946635631e+00
3.140880949393387596e+02 8.632479903988148073e-02 -3.499487117631053579e+00
2.762682118859566458e+02 4.894862906205228459e-01 -9.208122682082468202e+00
2.611136961758798520e+02 5.477534329768278809e-01 -4.793435607502955165e+00
3.669086324832903756e+02 4.109816146120254428e-03 -4.044844708096825142e-02
3.206716083301963636e+02 4.050479708470270390e-01 -1.446141112397647177e+01
3.170606149704959762e+02 6.906190758268826446e-01 -6.584349181222517444e+00
3.191640092291748942e+02 5.669967170587381089e-01 -1.041437608511496293e+01
3.766849820940938685e+02 3.893128664592730992e-01 -5.983249650294916733e-02
2.615499759143185656e+02 3.828203511831089756e-01 -3.564299720785750303e+00
2.751892648343533097e+02 1.309181499692192441e-01 -2.823507748412541485e+00
3.042620593996494449e+02 6.042962868431578372e-01 -1.890433449633553531e+00
3.221021246646349709e+02 6.325259884821994305e-01 -1.595240778244517621e+01
3.255327234586882241e+02 1.794806200954638109e-01 -1.215036075431136453e+01
3.790638439705065252e+02 2.413770800688225249e-01 -9.295687374598406993e-01
3.694498481525546936e+02 4.233762270960437224e-01 -1.443708827456934740e+00
3.372668618432525705e+02 5.320034291103989954e-01 -1.477355193475402784e+00
3.620842435322341544e+02 3.605461842610722112e-01 -1.284656106957144717e+00
3.151426400608184508e+02 1.748612479131455011e-01 -7.140364609141574448e+00
3.711996817827218820e+02 4.568348693801138616e-01 -9.390476245352629148e-01
3.681634839200810347e+02 7.168239130989456642e-01 -7.756494558158022468e-01
3.430382904041020993e+02 3.688009858503421001e-01 -2.222732362593441979e-01
3.760611514794788945e+02 6.985619894246151984e-02 -6.998981380896273086e-01
3.725906468568956029e+02 3.189077309488920209e-01 -1.050728071876541936e+00
2.864579593653897973e+02 2.851182179996232802e-01 -1.585927018525349785e+00
3.085223753094297194e+02 4.140619108051888375e-01 -2.663636575711216370e+00
2.669210581796678525e+02 4.801000351044439340e-01 -2.877895483226123652e+00
3.578666192444678131e+02 2.732901084289064975e-01 -3.382730042727181141e-01
3.537116680916735731e+02 3.714561632085072729e-02 -3.161583137804417354e-01
3.352176825972023835e+02 1.114367586942210109e-01 -8.866202344988992623e-01
3.523851295161224471e+02 7.596355090275987987e-01 -9.848077815647266961e-03
3.741771169622214188e+02 6.405997963251055527e-01 -1.744967464036333293e-01
3.434350207716988734e+02 7.848289111778207205e-01 -4.865776232203162244e-01
2.891497866009395352e+02 5.881401646670709749e-01 -2.887420689845166866e+00
2.913662984287761901e+02 2.132664085693950773e-01 -3.463596600039946960e+00
2.878361268405878945e+02 2.389371630370163979e-01 -1.829279710073898002e+00
3.486904132944945331e+02 2.188974096417658360e-02 -5.866794685322842540e-01
2.812031340923190896e+02 3.594105919507664670e-01 -3.086186390373031774e+00
2.933590322945153162e+02 6.870897083172349262e-01 -1.807895936106816981e+00
3.234410538533771842e+02 5.371154685938832607e-01 -1.780257740310647208e+01
2.989503626421927152e+02 5.122733934513667986e-01 -1.762138622656081122e+00
2.590917370101923893e+02 2.951769599063102101e-01 -2.905854387952407247e+00
2.827708262908474808e+02 7.727540473448074598e-01 -3.389262609997811815e-01
2.771914288530599038e+02 3.208930494699315239e-01 -7.301355247092009115e+00
3.608264154795808736e+02 3.307109090139330188e-01 -9.332982687182748149e-01
3.092811949432826850e+02 1.999301646641695462e-01 -2.706393276036793694e+00
3.110676930524720092e+02 6.101337955302514882e-01 -3.335348329001403656e+00
3.807577815560588874e+02 9.549455443888243966e-02 -1.451971907654521221e+00
3.054807736193880601e+02 4.342088536701000923e-01 -2.139050470130981818e+00
3.563475293432287003e+02 1.619342064654014368e-01 -2.641359615879760869e-01
2.565061833027293687e+02 1.185723529804880577e-01 -8.582538449914051126e-01
3.452118133832076978e+02 6.582636967115819138e-01 -6.093099904387705434e-01
3.356009951298861438e+02 4.278585728988844039e-01 -1.554873871904822513e+00
2.717552861313611743e+02 5.935720796415639988e-01 -9.342655958762517088e+00
2.974483876677363696e+02 5.100035269973828278e-01 -2.176351745290822315e+00
3.390657121386027484e+02 2.521365520098695634e-01 -6.580157198957039544e-01
3.180527656371504577e+02 2.630174024459370208e-01 -9.526303426342987990e+00
3.289383571186635322e+02 6.662332558190895426e-01 -9.429677758811811472e+00
3.412343337830466226e+02 4.402133184083023010e-01 -5.479557141974485956e-01
3.586297395396729826e+02 3.429484914779383775e-01 -3.237590752857040788e-01
2.803057355580759804e+02 5.279556971163290591e-01 -4.072365017151201805e+00
3.632366886783707400e+02 2.253594342245552606e-01 -1.999567269557067428e+00
3.276411054680434063e+02 1.444774667173038263e-01 -7.923304505327046776e+00
3.836989961333845258e+02 5.016243551787734622e-01 -2.718398761506565897e+00
3.645361271349415802e+02 3.494983071571043931e-01 -1.961115756494069551e+00
2.952102857010029879e+02 7.987856988679177261e-01 -1.549355485774278174e+00
2.733282209901300348e+02 4.724502913360172918e-01 -1.117279709669176668e+01
3.797731955170697802e+02 1.426484865379570310e-01 -1.325155500174175938e+00
3.217160668230253577e+02 4.339457763010722835e-01 -1.648607509357841039e+01
3.257251613256280507e+02 5.264899937943997577e-01 -1.601716045650499254e+01
3.224481344112699617e+02 4.610163635419047279e-01 -1.719778799723871998e+01
3.206200784647998034e+02 4.308766011848655930e-01 -1.443840424569474123e+01
3.179632840931357123e+02 4.914632343931204517e-01 -8.881903306480753102e+00
3.222556545736563294e+02 6.339776039123535822e-01 -1.590076491132128034e+01
3.229369191552146390e+02 5.173901172541182092e-01 -1.754154945186652981e+01
3.232184653440424995e+02 3.888294250702343247e-01 -1.834856438154949743e+01
3.269879149918152734e+02 7.457559067841379452e-01 -1.228483759738730363e+01
3.277176447440302809e+02 4.202373140809951835e-01 -1.284571302173587881e+01
3.239817827687261911e+02 5.058694547425632848e-01 -1.816254198001148978e+01
3.159118586980765713e+02 4.681827343618709114e-01 -7.856248685410688104e+00
3.236559650896145399e+02 6.612750053405762607e-01 -1.679322205821571146e+01
3.243293093081639995e+02 4.482235908508300781e-01 -1.831401002713649717e+01
3.230907413140989206e+02 4.692709922790527788e-01 -1.827478103105408636e+01
3.222883534486443295e+02 4.917387836168884419e-01 -1.708463747645701147e+01
3.253958530326386835e+02 4.898247241973877064e-01 -1.710054249678509919e+01
3.269034287595690103e+02 4.952070346880181884e-01 -1.444567762790983423e+01
3.168411507209639808e+02 5.420027250853811651e-01 -7.794876939187667553e+00
3.250058492940034398e+02 5.477878093719482644e-01 -1.730943956213993573e+01
3.228472195680242294e+02 5.689218044281005859e-01 -1.714515289265939302e+01
3.202789391858984800e+02 7.342052242376212456e-01 -1.090844418917193615e+01
3.237106180015482551e+02 4.089443431957671127e-01 -1.851468095973750749e+01
3.108201964065331140e+02 4.781964248597796452e-01 -3.545173132534893856e+00
3.232096760136653870e+02 5.618191370662484196e-01 -1.762555835554942263e+01
3.235681510238470082e+02 4.727455139160156583e-01 -1.837142396100156816e+01
3.228819486302953692e+02 4.830388594242802092e-01 -1.776655805539846611e+01
3.250057826753757126e+02 4.535505056169443217e-01 -1.791311867869978158e+01
3.231961724568448062e+02 5.602380275726318581e-01 -1.764075041282938727e+01
3.239918120596462359e+02 5.035685062408447044e-01 -1.817714969636541511e+01
3.235314612801785756e+02 5.641563415527344194e-01 -1.772861003499928501e+01
3.243243735661109781e+02 4.960884094238281472e-01 -1.808230121932713530e+01
3.245595545789492462e+02 5.252738952636718528e-01 -1.744216688105034763e+01
3.241411024232929776e+02 3.367489099502563588e-01 -1.801658613261694697e+01
3.247942815783582660e+02 4.402153968811035600e-01 -1.793813667618086782e+01
3.234883972610730325e+02 7.142999172210693359e-01 -1.609598853722891221e+01
3.249881219054529993e+02 4.951833248138428067e-01 -1.769655173876780196e+01
3.227323178969209607e+02 2.648100841273465789e-01 -1.625787812717632264e+01
3.230252991301529164e+02 6.591846466064453791e-01 -1.624340696734051903e+01
3.252933166426536786e+02 5.215613365173340510e-01 -1.686411960929746101e+01
3.248616326707562507e+02 3.578692197799682728e-01 -1.784274998563384784e+01
3.227486183582436752e+02 4.745773315429687722e-01 -1.783448935029744931e+01
3.238993316325997966e+02 3.866027832031250222e-01 -1.846320009917848992e+01
3.246994812649922437e+02 3.869928070555520017e-01 -1.795347897115307489e+01
3.274044347279507292e+02 4.633575803252004133e-01 -1.368117834961384105e+01
3.238633437760715879e+02 5.592911426989622958e-01 -1.775724761834672805e+01
3.224932407567446830e+02 4.780453205108642911e-01 -1.710920322343156741e+01
3.232735115373432109e+02 3.247783357355634726e-01 -1.784039004073504486e+01
3.222515274222351991e+02 5.934249877929688166e-01 -1.629202042505698955e+01
3.228604711202242470e+02 3.082118988037109708e-01 -1.718303227322504156e+01
3.238357588300485759e+02 4.772856235504150391e-01 -1.833738537010649239e+01
3.230292770300712277e+02 3.472724496723558762e-01 -1.812307743516509717e+01
3.247109843827029181e+02 4.251354217529297319e-01 -1.796439591919942558e+01
3.223767916160974210e+02 4.149574756622314564e-01 -1.731443781872310694e+01
3.234955354990843830e+02 4.046832561492920144e-01 -1.852132802918115928e+01
3.242463975995206056e+02 5.223077297210693137e-01 -1.790042665165820068e+01
3.250720959058473909e+02 4.632252693176269753e-01 -1.719518650819700056e+01
3.249197166144979292e+02 4.376416206359863281e-01 -1.795716251116754947e+01
3.242490474254222477e+02 4.026968007931372440e-01 -1.836901122514987961e+01
3.229504828211248082e+02 5.588902473449707253e-01 -1.721279677092545413e+01
3.229080215898220558e+02 3.899880409240722989e-01 -1.792130653303723165e+01
3.236241124152033422e+02 4.810623645782470814e-01 -1.832705005430508294e+01
3.244659273680108527e+02 5.118306159973144975e-01 -1.798236646130067129e+01
3.231521735213623856e+02 4.907933712005615456e-01 -1.815659394907277147e+01
3.230925832804531410e+02 5.804825782775878684e-01 -1.747317916208981003e+01
3.233906280680658369e+02 5.280620574951172541e-01 -1.787835998279246397e+01
3.260401920963296334e+02 4.836390018463134766e-01 -1.537416355125024303e+01
3.232884678505598117e+02 3.520630359649658536e-01 -1.813316780738789191e+01
3.240811834888682483e+02 3.796526908874511830e-01 -1.831170318963797783e+01
3.234000275341708175e+02 5.307485580444336604e-01 -1.785686435999283717e+01
3.246391162439697951e+02 3.572124481201172097e-01 -1.782057574631673802e+01
3.227484167548115011e+02 3.332663059234619585e-01 -1.755636552279853291e+01
3.242889392831179975e+02 2.857310771942138672e-01 -1.722048246272301597e+01
3.238559208867968664e+02 3.906813428956648626e-01 -1.847766047352750007e+01
3.245588630264469430e+02 5.814171791076659934e-01 -1.696971396309760749e+01
3.234006364598941445e+02 3.624900102615356556e-01 -1.819793128287840034e+01
3.240604748577059127e+02 5.816632270812988059e-01 -1.739811302689964734e+01
3.242425735565866489e+02 4.204364776611328458e-01 -1.836970265581566863e+01
3.241078223826716567e+02 3.309295177459716797e-01 -1.795258400655438180e+01
3.252787972162087726e+02 4.917808532714844083e-01 -1.706915671942529755e+01
3.235189250142729520e+02 4.039090156555176225e-01 -1.851944916965004850e+01
3.242568877036063100e+02 4.171618938446045033e-01 -1.837230611919838452e+01
3.232179341076114270e+02 4.646086692810058594e-01 -1.828012867810403819e+01
3.242800631420598165e+02 4.007359027862549272e-01 -1.836753550149342118e+01
3.237615591291671535e+02 4.962437629699707475e-01 -1.823410095735902559e+01
3.238148898524351011e+02 5.016532636912858223e-01 -1.819776074124408183e+01
3.231209499736161206e+02 4.734351158142089955e-01 -1.825203346847123953e+01
3.228130894447334640e+02 3.955855131149292325e-01 -1.795359155950957941e+01
3.234119835986155636e+02 5.369657516479492410e-01 -1.780725419159892198e+01
3.244216266792091119e+02 5.797007083892822266e-01 -1.742829813162396491e+01
3.229214138980017310e+02 4.443083286285400835e-01 -1.791597825378946496e+01
3.249833516653462198e+02 5.515642166137695312e-01 -1.727567755990813225e+01
3.224866537017838368e+02 4.380039691925048939e-01 -1.726018554038996911e+01
3.225449490088121252e+02 3.671011351674289269e-01 -1.788824137622674471e+01
3.241961658868153222e+02 3.361324714802849112e-01 -1.801073567114757523e+01
3.248056822996662163e+02 4.693829059600830300e-01 -1.782417830925102464e+01
3.244803730632813767e+02 3.997539043426514005e-01 -1.837009254755101750e+01
3.229616262412006336e+02 4.564210891723632924e-01 -1.787076288124622891e+01
3.234965667275565693e+02 5.949863936751386140e-01 -1.729161564277431395e+01
3.235135936457644448e+02 3.109559297561645952e-01 -1.780075289321685261e+01
3.236608700677529100e+02 4.830437619818893080e-01 -1.831487981262491616e+01
3.245329572480588922e+02 5.575098208395313781e-01 -1.717798012738985136e+01
3.247614972286248758e+02 4.621017947609061816e-01 -1.785395513278067980e+01
3.235427927916484236e+02 4.186891908177930444e-01 -1.852307888063988983e+01
3.242978389400838068e+02 4.650286197662353849e-01 -1.824849998553644070e+01
3.241101812133847488e+02 3.872843333800272680e-01 -1.833718659877493096e+01
3.245986159960959867e+02 5.311755180358886941e-01 -1.740098398419377546e+01
3.229475125854038424e+02 4.598437309265137052e-01 -1.786081013076969981e+01
3.231794911605715583e+02 4.064051123857417847e-01 -1.838864642754924006e+01
3.226728239307169019e+02 3.749680497978227223e-01 -1.790731701809438192e+01
3.238291268989725609e+02 3.402007229559464441e-01 -1.816323262344117850e+01
3.240890483986163417e+02 5.100652217864990456e-01 -1.798261039151288188e+01
3.242439963073802005e+02 4.380717071747616820e-01 -1.834052163575372418e+01
3.244606803476394816e+02 5.072643070915896502e-01 -1.801355701306311019e+01
3.237950665676897302e+02 4.557573793117969396e-01 -1.843332446235359257e+01
3.247684289350475524e+02 4.939244270324707475e-01 -1.768253907141738068e+01
3.236481169413251564e+02 5.185011090379078036e-01 -1.809005425179176285e+01
3.241652240641678304e+02 5.140127541266311662e-01 -1.795772141230343522e+01
3.235630220209440040e+02 4.719441163069126310e-01 -1.837546039906876061e+01
3.232206620413028872e+02 5.256469058406386674e-01 -1.791650442492561623e+01
3.234559005193373764e+02 4.023736000061035600e-01 -1.834974325900755687e+01
3.233094416637150061e+02 4.440088960749465352e-01 -1.833941342795796814e+01
3.230020528450805841e+02 4.235241103419522535e-01 -1.841097634582217069e+01
3.248344900936322119e+02 5.816155433654784934e-01 -1.699727576766123249e+01
3.247499623546634098e+02 4.293710252415258721e-01 -1.796043750844571463e+01
3.247292243282402069e+02 4.989518432158448480e-01 -1.764638805678501043e+01
3.235677956752116415e+02 3.321534996093395420e-01 -1.809010156345091858e+01
3.232204528155071444e+02 4.557840799979910873e-01 -1.831383405730549541e+01
3.227593433848431914e+02 5.171265707518648558e-01 -1.757672501952311350e+01
3.233316439226381931e+02 4.223949384667397000e-01 -1.837261607592055412e+01
3.244186702402460014e+02 4.663598877224857109e-01 -1.824582417541251189e+01
3.237010927321977078e+02 4.232346092283439387e-01 -1.851282814339116456e+01
3.238312989362065082e+02 4.173852828951413740e-01 -1.850988088850519730e+01
3.248407528887716467e+02 5.542222336320089537e-01 -1.723878086406695331e+01
3.234208527197213243e+02 3.992513034849162201e-01 -1.834900965026701414e+01
3.226897239327024636e+02 4.259153419952430020e-01 -1.799322274580723402e+01
3.238501268034077611e+02 4.703936857044981323e-01 -1.837017783090114165e+01
3.236319668638731741e+02 5.384722301473591211e-01 -1.793928661344910225e+01
3.233724044016286712e+02 4.775638392970419921e-01 -1.820213951981190448e+01
3.229372478002432558e+02 4.795878216870857469e-01 -1.777414807888284187e+01
3.242008422345508052e+02 4.531849779444365733e-01 -1.829343726022372962e+01
3.242290924969784101e+02 4.085991731760872381e-01 -1.837246413461463845e+01
3.239629442466069804e+02 5.019881486685117133e-01 -1.818875879507321969e+01
3.244468145736263409e+02 4.105407205311534802e-01 -1.837761032177933984e+01
3.238396994935345674e+02 4.331111125548057217e-01 -1.849297337769302985e+01
3.241053580952253697e+02 4.005295332373917105e-01 -1.836323787528707285e+01
3.237342271283407626e+02 4.438688077121577535e-01 -1.847383181353694326e+01
3.245213845772358923e+02 4.566912173949032594e-01 -1.785272838948902319e+01
3.235207863848189618e+02 3.531216349914121921e-01 -1.829847276162617575e+01
3.250598534365258274e+02 4.257923812717285816e-01 -1.732590215228826480e+01
3.238487612830233502e+02 4.710067044715570694e-01 -1.836738857978376416e+01
3.231084420097823795e+02 4.190091577436427794e-01 -1.840110263345869868e+01
3.234812009787677880e+02 4.722985484206240203e-01 -1.821439275160357951e+01
3.242342180249443118e+02 4.054613683174855265e-01 -1.837097737582090318e+01
3.233580874133533030e+02 4.816686916664073559e-01 -1.818277192132062581e+01
3.231815651394983888e+02 3.719009648123549061e-01 -1.828215066845662307e+01
3.236622219240225604e+02 4.397736662565287502e-01 -1.848750349672746651e+01
3.229893377442706992e+02 4.600422994839782342e-01 -1.785209608147879123e+01
3.230702211906217940e+02 3.813621190997869559e-01 -1.833994503324759506e+01
3.232729040883465927e+02 4.149998609505440861e-01 -1.838194403580815717e+01
3.239790362860356367e+02 4.241800466292270366e-01 -1.849803256513571625e+01
3.233214295284589070e+02 4.536763779395589502e-01 -1.830904550288591182e+01
3.238359016057265762e+02 3.953095544980410603e-01 -1.848994172646717971e+01
3.235081714643104647e+02 4.552880712505374960e-01 -1.844751171737538087e+01
3.239105928254281821e+02 4.167402110204069254e-01 -1.850596632025197508e+01
3.232539842442834015e+02 4.564604606172693035e-01 -1.830744796762889237e+01
3.237652165146144512e+02 4.685614680090564588e-01 -1.838247466215619497e+01
3.231790617246733177e+02 4.489219908098859846e-01 -1.834117280007687256e+01
3.234819209679644700e+02 3.647381755325081465e-01 -1.820236146507759045e+01
3.243811584029144797e+02 4.662510285168894320e-01 -1.824533033913438018e+01
3.241913824947603189e+02 4.820009554680879660e-01 -1.816084537971878277e+01
3.235640065396773366e+02 4.530061533349119540e-01 -1.845324779252027980e+01
3.239410100187919852e+02 4.396972082553598504e-01 -1.847431203310664216e+01
3.234467216409013304e+02 4.894679051279750559e-01 -1.812922891997294528e+01
3.224700473612180645e+02 4.525647650926570842e-01 -1.722346457025514610e+01
3.241314817740650369e+02 4.141547705164361770e-01 -1.837028757575366100e+01
3.240127475946472373e+02 4.262842711429487008e-01 -1.835664382610770318e+01
3.238956656647512773e+02 4.370323225989185545e-01 -1.848254744220484724e+01
3.234262033234317641e+02 4.113373636185297944e-01 -1.836208531944711453e+01
3.232958446960598167e+02 4.400411938595367722e-01 -1.835073398666011002e+01
3.237437736339251160e+02 4.189749668248203829e-01 -1.851362565179362463e+01
3.233771360616465813e+02 4.164181826837122791e-01 -1.836920464607809933e+01
3.231802415371734583e+02 3.911960823813014354e-01 -1.836013230647659356e+01
3.233911708074603553e+02 4.279734444390995707e-01 -1.836013949349469598e+01
3.232670976564116927e+02 7.575382819116113220e-01 -1.567923465738504518e+01
3.241058528382873192e+02 3.787471768972780484e-01 -1.830879064994926964e+01
3.237606691844517854e+02 3.861517973509165369e-01 -1.846920093327906542e+01
3.235954699031813107e+02 4.404186139042486348e-01 -1.848890658572688750e+01
3.240392816372233824e+02 4.032105587886170017e-01 -1.836433642416245604e+01
3.236062171396281997e+02 4.446151218926820414e-01 -1.847751937240925457e+01
3.236150850859133925e+02 4.119455671419807175e-01 -1.852047820271269529e+01
3.241427249870794185e+02 3.871202587928420091e-01 -1.833745844128371871e+01
3.235311240666373465e+02 4.413641319043715150e-01 -1.848931857777474619e+01
3.233153858934438176e+02 3.918947432953261423e-01 -1.834551984394535040e+01
3.235881169678605147e+02 4.222476671140822368e-01 -1.851885384568238635e+01
3.237674274863616120e+02 3.963617241134606006e-01 -1.849569561776342397e+01
3.238494113478430450e+02 4.037578220541226393e-01 -1.850315101816359231e+01
3.239323771482580128e+02 3.976576191845530572e-01 -1.848946456498802249e+01
3.232728390046362392e+02 4.419487549938183601e-01 -1.834901024434924111e+01
3.238298888769409132e+02 4.165731077723426323e-01 -1.851015253740967381e+01
3.235456947806537755e+02 4.046124114314603171e-01 -1.851898564201898978e+01
3.236083766604549510e+02 4.220220508940826232e-01 -1.851811570284591824e+01
3.235655688860180135e+02 4.123121163320635496e-01 -1.852283666084086988e+01
3.236597855595371698e+02 4.167197042071690838e-01 -1.851841649641556486e+01
3.235091586991741224e+02 4.282107842948898457e-01 -1.851587240581778104e+01
3.236670944794834668e+02 4.006902265021310972e-01 -1.850829083259755592e+01
3.237037774901392027e+02 4.099004503165926128e-01 -1.851551923255434318e+01
3.235969101638713141e+02 4.293585645615468072e-01 -1.851043252865348521e+01
3.236535217025891598e+02 4.354684646063897713e-01 -1.849730904527753950e+01
3.236837568792875572e+02 4.310042127356940589e-01 -1.850397916582862834e+01
3.235439690802422774e+02 4.118834042115951388e-01 -1.852371437804634269e+01
3.234249320565426729e+02 3.985447663435558452e-01 -1.834718239755380509e+01
3.235659180601613230e+02 4.004709329528937101e-01 -1.851279078143840806e+01
3.235573255383857827e+02 4.270476768029799475e-01 -1.851531121552095271e+01
3.236220875180194980e+02 4.146604847509594016e-01 -1.852045117562504117e+01
3.235532974710144458e+02 4.265106100147795232e-01 -1.851614571122675557e+01
3.240093249721289794e+02 3.527187905099390952e-01 -1.815844745099595414e+01
3.237649613441850533e+02 4.008339538902158106e-01 -1.850363077361055630e+01
3.234568087077751670e+02 4.055990043306149651e-01 -1.835376069539046284e+01
3.243181336715337011e+02 5.288315907924779902e-01 -1.785365208912939039e+01
3.238250364496134921e+02 4.178991870144963539e-01 -1.851003554720625743e+01
3.233547589422177566e+02 4.226649914797119267e-01 -1.836960603355380428e+01
3.234383592380165737e+02 4.023448203729165229e-01 -1.835190135223812646e+01
3.236761799070275174e+02 4.021906719777139094e-01 -1.850995911517743409e+01
3.236077077747657995e+02 4.140711954424371455e-01 -1.852111646753501617e+01
3.472734395421255726e+02 6.411601942466389759e-02 -5.179050717548915328e-01
3.546466957361537311e+02 4.694921162346227250e-01 -1.618899296619960293e-01
3.112889171135505535e+02 1.039295425351000057e-01 -2.295521078125680958e+00
3.044501172423940716e+02 1.214638257608144090e-01 -1.394096954585531067e+00
3.568949276948285387e+02 7.218681792185822621e-01 -4.558272943335356375e-02
3.281080026734483681e+02 5.815705872791798736e-01 -1.086144611070029597e+01
3.214893911212754460e+02 7.606683369686595420e-01 -1.272410358244734674e+01
2.759252975757662512e+02 3.747417284085730743e-02 -8.134427299957856794e-02
3.253135601956020082e+02 1.428458357678193992e-02 -4.911067126819075868e-01
2.861797388198691010e+02 3.034507811022920110e-01 -1.597153838673859294e+00
3.017484505727711621e+02 3.379263405969181178e-01 -2.627828803110106470e+00
3.757533192023399806e+02 7.782475739195042486e-02 -6.994050673234455395e-01
2.950485346429079527e+02 1.960119256127201837e-01 -4.073879704681700353e+00
3.272618076360373607e+02 1.681605440751305636e-01 -9.787888750522789394e+00
2.869887061112223137e+02 6.009788508667934792e-01 -1.472286617804618558e+00
3.527279568360287385e+02 4.904434877561584388e-02 -2.970483946674828957e-01
3.743454023852493719e+02 7.726903970217520179e-01 -8.812258438928470550e-02
3.068364378626042708e+02 4.488680052523869590e-01 -2.237634920419675932e+00
2.775723484544632811e+02 9.405094628834340109e-02 -1.961324604164864427e+00
2.828389851112415272e+02 2.946139320633408554e-01 -1.079754393628398645e+00
3.091605053822472087e+02 4.379164559635697618e-01 -2.922891372529947684e+00
3.392986745932233816e+02 2.689282089169053314e-01 -5.963340952587389276e-01
2.586128240828110165e+02 6.117866976426565850e-01 -6.390564248868231267e+00
3.587505817756282909e+02 1.583549074869699258e-01 -5.679604110113355420e-01
2.937784669406312332e+02 2.499042720324387012e-01 -3.840232841857168733e+00
2.922143186809439044e+02 5.540632611999452006e-01 -2.832862604227122993e+00
2.916170014154097885e+02 5.655462808291495946e-01 -2.993024763725750326e+00
3.500348502844572067e+02 1.835740109829826494e-01 -7.561320913001866317e-02
3.626401187004026383e+02 6.862646169879709213e-01 -6.214272154269967485e-01
2.694956147756280416e+02 3.742281792872058643e-01 -4.280989449323290508e+00
3.367109690545266290e+02 4.960381054156102199e-01 -1.464937406428249433e+00
3.620298116723103590e+02 2.635524736656634226e-01 -1.523589983033115214e+00
3.824286101357103576e+02 2.134742229034962413e-01 -3.955469038936542781e+00
3.833855234782540151e+02 8.057703020447620768e-02 -3.249569617865955884e+00
3.162164265435766879e+02 6.951920674939220390e-01 -6.320237370091628115e+00
3.695590462490973778e+02 1.602380553469855834e-02 -1.867758111304979318e-01
3.241509932312295064e+02 6.493992807528307099e-01 -1.675041000486324094e+01
2.720308000365122325e+02 1.432604791588207582e-01 -2.078834723667003725e+00
2.573456906520548841e+02 2.795711328023425812e-01 -2.825492644762789052e+00
2.648431624782311360e+02 2.314711159290241405e-01 -9.826105990636913035e-01
3.515796386706670091e+02 7.198345212190819797e-01 -7.313390846042870652e-02
3.227659438316113665e+02 3.851938588088430482e-01 -1.793273085608721829e+01
3.400600654853175229e+02 7.097736481944916243e-01 -1.014517413966248061e+00
2.686313348272246913e+02 7.552475423017837031e-01 -5.201258292505534619e+00
3.430002474868928175e+02 2.837966630243429766e-02 -4.439695764387475152e-01
3.166398588809790340e+02 6.672673705215963480e-01 -6.477868248164346809e+00
2.854860564470563418e+02 1.623194667281801506e-01 -1.569303585978766957e+00
3.029843384492897940e+02 6.966745323397949274e-01 -1.969279712758257750e+00
3.048841187390054301e+02 1.351991984227726429e-01 -1.656628325746651198e+00
3.609251684853539359e+02 5.739137171610785293e-01 -4.207457717782883133e-01
2.842615423081314248e+02 6.220277252509922583e-01 -7.963032969683102591e-01
2.979304947486677406e+02 3.124885369042106897e-01 -2.702588781917552030e+00
3.369928707679808895e+02 1.125883709097019597e-01 -3.237826892210856622e-01
3.573594218313133979e+02 6.584463781888205691e-01 -5.151823578512301077e-02
2.888915897177482179e+02 2.178788905309895219e-01 -2.202150729771689353e+00
3.186264588817974186e+02 5.986284192996133013e-01 -9.336987466481735609e+00
3.313088388294850120e+02 5.095413175842863351e-01 -5.801483619091381883e+00
2.664628272833274991e+02 4.173711399229828034e-01 -2.172302581600441318e+00
3.134990871384101183e+02 3.237128853789891791e-04 -2.143614797287283352e-02
3.483755830346718199e+02 6.471913453917300663e-01 -4.923472662218770779e-01
3.353876080710918473e+02 4.401545292143304033e-01 -1.747736771870788575e+00
3.214173972911779060e+02 7.955217487845780422e-01 -1.241370515592904233e+01
3.110757918527950778e+02 4.931549537799655436e-01 -3.847935612721870235e+00
3.468428199233414944e+02 4.755085103014278225e-02 -6.062027454627891832e-01
2.706339333391538844e+02 3.449344082626981667e-01 -5.135722558328761345e+00
2.963497424168190264e+02 4.116626181458291622e-01 -3.121429409491647267e+00
3.295399476430552568e+02 3.558182192605909844e-01 -1.009466112872005894e+01
2.987979262309783053e+02 1.862787484288850881e-01 -2.451278551992938315e+00
2.807417040842726124e+02 5.289924984180292000e-01 -3.267112195486348458e+00
3.432286894000422421e+02 5.749511291478656694e-02 -3.849827202468926735e-01
3.341527713581508010e+02 6.284577581523387302e-01 -2.031699275470832511e+00
2.786664968171742203e+02 2.824409735908755548e-01 -6.834068612102565332e+00
2.617582472421832449e+02 1.497679547247991461e-01 -1.552308703621912311e+00
3.642120999310739649e+02 2.071372051443798323e-01 -2.346108204484818049e+00
3.150390318042633453e+02 4.018262129900471158e-01 -7.773806392543257004e+00
3.729103026158680336e+02 7.847315266764502972e-01 -2.714289458827223722e-01
3.670197346712578792e+02 7.818653595352332841e-01 -7.706429753368477797e-01
3.662086554311309783e+02 4.282081351694837501e-01 -1.724156315364450798e+00
3.687063784099246959e+02 6.775950828013458382e-01 -7.776883906767390053e-01
3.326234533513219844e+02 5.134024135675120393e-01 -4.130839300696272254e+00
3.702759013056099207e+02 3.064202357452245340e-01 -1.904426502380882624e+00
3.003455758977963796e+02 3.920951643156901922e-01 -2.274051872601388524e+00
3.808760308468886251e+02 2.372956424459812252e-01 -2.481533547992541777e+00
2.753271767253031612e+02 5.848274911737563198e-01 -1.049961206580978867e+01
3.074194721441351703e+02 5.257023073216673392e-01 -2.059807978176865007e+00
2.900743696856393399e+02 4.615422053661139556e-01 -3.528650886324972369e+00
2.653190024385125980e+02 1.081666669199574243e-01 -5.218271114715663517e-01
3.794070222332595108e+02 3.302235118688232052e-01 -7.438467724068459352e-01
3.784765178093254008e+02 2.433260640206027225e-01 -6.096934489650812639e-01
3.772910903375290559e+02 4.801802971495271466e-01 -5.913252057630867531e-02
3.417444564954862471e+02 7.393042714473532229e-01 -5.393977167810127815e-01
3.456889153250234585e+02 5.381229342034026253e-01 -5.410647285842109522e-01
2.627731789202720165e+02 5.441442775609635074e-01 -4.093589796108605405e+00
3.191185370195668725e+02 7.499142006121526371e-01 -8.894339769600254186e+00
2.731865274333536036e+02 3.605951633021481917e-01 -9.863147454864757080e+00
2.799073163696610891e+02 6.398189948429123808e-01 -4.236756287288698353e+00
3.560137791935300697e+02 4.779098652252604662e-01 -1.585627228527324017e-01
2.599526270488871660e+02 7.288128800546590513e-01 -6.351372881139579540e+00
3.718936788089959009e+02 3.817624653633662213e-01 -1.030605408449027927e+00
2.600628398089958750e+02 3.226569283213490680e-01 -2.988449930965986656e+00
2.643632367672190639e+02 2.620279109137253482e-01 -1.292338303689683610e+00
3.446159183217800432e+02 2.748089604870436742e-01 -1.793889819262735885e-01
2.657777019501126006e+02 7.826773981960442050e-01 -3.162415382984963497e+00
3.112926814428296325e+02 1.136591984740741995e-01 -2.543744651068107210e+00
2.664102924804292343e+02 5.351811959996687768e-02 -3.225377410963779501e-01
3.632172259599494168e+02 1.212902001037081678e-01 -1.770761592378965688e+00
3.382719210584981511e+02 7.637075016196587240e-02 -7.156707147346952347e-02
2.756663425815938808e+02 1.298574485341115296e-02 -9.422208214159050188e-01
2.955664640819251758e+02 1.492200721690077059e-01 -3.899363579283972925e+00
3.207178649423898946e+02 4.999658033730388640e-01 -1.407511444336975615e+01
3.781345219863790135e+02 1.039574448387421968e-01 -6.591544910898992082e-01
2.981172864323506246e+02 2.180175381136091051e-01 -2.821444993415839875e+00
3.165164764594313169e+02 5.649594966270593543e-01 -7.314470174618957543e+00
3.354431775238626869e+02 5.543364838317894616e-01 -1.653559371150225443e+00
3.679808718826343465e+02 6.778910014040361032e-02 -1.912764990439911106e+00
2.814422791432219810e+02 6.056266200531483790e-01 -1.561022404318107570e+00
3.365336379069556187e+02 1.374064087735505368e-01 -5.694744503999050744e-01
3.156770480374019598e+02 7.122233254440883954e-01 -5.631525145224958173e+00
3.276429669758290970e+02 4.757199066739925541e-01 -1.256570192940769637e+01
2.572032233338939591e+02 5.189154241196304758e-03 -3.168059332672641837e+00
3.341046619617379747e+02 8.078266304527836894e-02 -8.460212536934204053e-01
3.322242088971610769e+02 3.386840016023924815e-01 -5.350736114944099064e+00
3.000187279148554467e+02 6.151929253392077884e-02 -5.927852098917769652e-01
2.827330146703592959e+02 3.849762530569149632e-01 -9.748050348669445864e-01
3.571071982939156442e+02 4.062368808308440271e-01 -2.036416807632341619e-01
3.218152668137796582e+02 6.783109350203558874e-01 -1.458719002723146119e+01
3.077468047070700550e+02 1.042581990475220100e-01 -1.582660624897987089e+00
3.671161874513306316e+02 5.196091350487630489e-01 -1.345423011533826374e+00
2.607806892500937579e+02 4.225390126741072061e-01 -3.973622425415533232e+00
3.263325958455020555e+02 9.551314585198378282e-02 -6.005945704361186799e+00
2.937169629961383635e+02 6.297885872642478011e-01 -1.999672001592307069e+00
3.575202106769729653e+02 3.087916428185051576e-02 -2.600168554898922846e-01
3.198681410930937545e+02 4.092559569661954888e-01 -1.225915245193715464e+01
2.685021370495428528e+02 4.620159988719725885e-01 -4.007561170096415104e+00
3.611232053496434560e+02 2.510527957100766594e-01 -1.331314418533744437e+00
3.244258943349676656e+02 7.577714173923544294e-01 -1.566767220367718672e+01
3.398007636459317382e+02 5.498105739320614527e-01 -9.468830881203370575e-01
3.035179268779987751e+02 3.350827781788319193e-01 -2.527350010433622618e+00
3.410368140894070734e+02 6.480486243959665549e-01 -6.450606632920007355e-01
2.869869656010185963e+02 3.837888381740247046e-01 -1.736182313519645026e+00
3.521803353639509737e+02 6.394980870189379552e-01 -3.483446529941698622e-02
3.814720421019971468e+02 5.315867370103882772e-01 -1.108007358897012962e+00
3.431856244814429715e+02 3.078038501982003350e-01 -1.543895896591495898e-01
2.920816707020134118e+02 7.603871527635077676e-01 -2.076976728276259010e+00
3.369435122079971165e+02 6.901251975385845894e-01 -1.498101496202286498e+00
3.136445030241139875e+02 4.256841768647962043e-01 -6.443225431346643717e+00
2.706765434953247222e+02 1.337248301141285844e-01 -8.748840130238024759e-01
3.535342605160479366e+02 7.208412651577944530e-01 -2.375749382147871944e-02
3.841632938391384755e+02 4.437605262218855540e-01 -3.244499962728440767e+00
3.239095702929078016e+02 4.355235929688772156e-01 -1.848494149051736457e+01
3.751327196122632017e+02 2.386644085363769929e-01 -4.095279914385721032e-01
3.495143168762891719e+02 4.953039835128402735e-01 -2.248638745185200516e-01
3.705618567926888431e+02 5.813920297032270090e-01 -7.285389358645992797e-01
2.692679701503576553e+02 1.869142578099605156e-01 -1.180262106673568345e+00
2.729451367758998686e+02 5.959550392542494190e-01 -1.124189625357005973e+01
3.700228978567551508e+02 2.864293638848949830e-01 -1.991701698024263223e+00
2.847075669563801625e+02 7.892536620689637461e-01 -6.373745229346251540e-01
3.591333047093024788e+02 5.116783166781802006e-01 -1.947503163453571384e-01
2.593072277797826928e+02 3.687660945210881613e-01 -3.767989096129076287e+00
3.722091430141497312e+02 2.958660875321016959e-01 -1.395363577724768156e+00
3.306809396205270559e+02 4.516132570738674024e-01 -6.919279806161068969e+00
2.905363382112295767e+02 7.361666738907128860e-01 -2.871831334056932583e+00
3.094590228632271192e+02 6.181334070991160168e-01 -2.334322993290884884e+00
2.779662381368805200e+02 5.370717946378232854e-01 -7.260442907649156119e+00
2.969183193049407237e+02 7.704790957954550379e-01 -1.658868007799183530e+00
2.630466720766073081e+02 3.595079766213591377e-01 -2.758108828789227474e+00
2.575281672537911959e+02 6.585918487188472392e-01 -6.022777092358879258e+00
3.531265226160471684e+02 3.002409295856668381e-01 -1.347041460771851440e-01
2.840451041971798531e+02 3.212322369154110846e-01 -1.125008326828669247e+00
3.019915309063775339e+02 5.265330575728297546e-01 -2.324591468074546974e+00
2.907588351439294456e+02 5.746925202982134939e-01 -3.293229713156677896e+00
2.725616909988986549e+02 2.123164107100605491e-01 -4.879397820212548531e+00
3.752639097138269904e+02 1.985959665550677822e-01 -5.198858050711628875e-01
2.768206000427142612e+02 3.448413625596800092e-01 -7.657980764202882540e+00
3.295045667022904468e+02 1.557428011046357585e-01 -6.618550228200938079e+00
3.640965508274508693e+02 7.025047335284729799e-01 -7.822861701208264629e-01
3.619312424395495782e+02 3.989731894195628903e-01 -1.181138364607600577e+00
3.824456579609679920e+02 6.114600457521783827e-01 -1.320623258469554084e+00
3.142032013892134614e+02 1.606482674268964461e-01 -6.367031944739266258e+00
2.862810768415219513e+02 3.321787329971629538e-02 -9.978292222344760098e-01
3.467071602327587811e+02 2.310701605572362816e-01 -2.676473563431958635e-01
2.992224281841025118e+02 2.467966970345771005e-01 -2.501505555562308913e+00
3.282833446763035568e+02 6.646061029509422458e-01 -1.025085184920871839e+01
3.775625654165641549e+02 5.868380555629865158e-01 -3.105075378016290341e-02
3.024197379717087983e+02 4.809430393365553558e-01 -2.453968677819299060e+00
2.887480172935672726e+02 4.717138788987977893e-01 -2.765660839453702557e+00
3.066015407792284009e+02 6.448182962505453197e-01 -1.514159068913379036e+00
3.440760442132792605e+02 2.028430229474180446e-01 -1.255954842364144231e-01
3.478236888263499509e+02 3.161593996306474308e-01 -2.870216452205395230e-01
3.793062040394872838e+02 1.703656362779865652e-01 -9.625423530760786051e-01
3.099497488342496467e+02 7.349691060917457053e-01 -2.168571502800871187e+00
2.791886658877809282e+02 2.644080242378097911e-01 -6.457771642272894574e+00
3.186173391013199421e+02 1.744874208625269915e-02 -3.669149324454673566e-02
3.660306714465835967e+02 3.627701846770319261e-01 -2.008713167619240014e+00
2.750351132662866576e+02 7.069481922683991115e-01 -1.095237425883688509e+01
3.053783093023733386e+02 7.465147656423914979e-01 -1.339036684259202747e+00
3.497636134603132518e+02 1.829687653265840708e-01 -1.194467415355613821e-01
3.731603382746844204e+02 7.955836413123453799e-01 -1.965863322781619127e-01
3.557082738624979470e+02 6.815840302605795653e-01 -6.407480307920546125e-02
2.613601787930573437e+02 4.171678662056062248e-02 -2.753019918047587833e+00
3.239421305550208672e+02 2.904855251312256081e-01 -1.739689280759929346e+01
3.235426036743858162e+02 3.607477586621662957e-01 -1.835385700342519399e+01
3.231991474940035687e+02 4.354883364436770155e-01 -1.837178005392572544e+01
3.216601286668293938e+02 2.606720209121703991e-01 -1.484577788013451105e+01
3.236304381441716487e+02 4.526324754939750616e-01 -1.845169786880805063e+01
3.200041393437039687e+02 3.482736825942993608e-01 -1.331958546075793492e+01
3.232420426388152350e+02 4.575748953231085214e-01 -1.830483107541673959e+01
3.246651558946238083e+02 4.444720481566111214e-01 -1.791246105618573026e+01
3.235031091577501456e+02 4.134104564045947838e-01 -1.852578766463732762e+01
3.240370380420502556e+02 5.270699717497393522e-01 -1.785729803123089354e+01
3.227733207037725833e+02 4.079549536249820196e-01 -1.797972510922000566e+01
3.238949571701458012e+02 4.124081592824336839e-01 -1.850675612102233458e+01
3.242430715306022080e+02 4.684471934655982661e-01 -1.823135052340289164e+01
3.231593279468793298e+02 4.790521352597725269e-01 -1.821985146852395587e+01
3.241128462824743792e+02 3.936689370752727846e-01 -1.835245780267948135e+01
3.245833566986120218e+02 4.025865990962096963e-01 -1.796513917640418256e+01
3.235643133258108719e+02 5.626830759008388805e-01 -1.774020525907860701e+01
3.243495122286018955e+02 4.283289003819417684e-01 -1.836272464561365325e+01
3.249111099792386312e+02 4.302703136208020362e-01 -1.797376721056598115e+01
3.237302637608922282e+02 4.304267236354734627e-01 -1.850271764956318776e+01
3.224895196721572574e+02 4.246649103941601000e-01 -1.728126387723066415e+01
3.245250787027724755e+02 5.007895693706804208e-01 -1.761275019029867295e+01
3.229588668329598136e+02 5.233625723191108747e-01 -1.749438676335761400e+01
3.237726233558103104e+02 3.085301187023804514e-01 -1.774523076896221596e+01
3.235359579994603791e+02 3.318660602783232716e-01 -1.808851678991047152e+01
3.246221880857337396e+02 3.794873367031099121e-01 -1.792554939923348556e+01
3.240289619950036126e+02 4.234292822437846215e-01 -1.836082904413412109e+01
3.238648608078565871e+02 4.618518731734989058e-01 -1.840662499310799305e+01
3.238185983951959770e+02 3.216329058716775879e-01 -1.794106388838823918e+01
3.231864729232426043e+02 3.451551506353954801e-01 -1.808390157783262708e+01
3.229770564985300325e+02 4.116363063171832315e-01 -1.794347878950708974e+01
3.241972318711356138e+02 3.691560820602233228e-01 -1.826712212228286702e+01
3.236461742733310416e+02 3.746934408879443734e-01 -1.842915486967860517e+01
3.238431698552137732e+02 4.481567520902608459e-01 -1.845637535725127165e+01
3.247753980360960213e+02 3.699450477211305710e-01 -1.790145350434971405e+01
3.243132015692227128e+02 5.100410292358027453e-01 -1.799029206665166569e+01
3.229399602373851508e+02 4.797893227291483154e-01 -1.777260041472376173e+01
3.237728615815319131e+02 4.434900983835058930e-01 -1.847304793690707569e+01
3.236089280674182760e+02 4.716730050974183297e-01 -1.837486110582994314e+01
3.245088331221899693e+02 4.095510215743088378e-01 -1.795922226580242409e+01
3.240292213994898702e+02 5.013695131200787136e-01 -1.803875637984715041e+01
3.234487639040609110e+02 4.945325477925122115e-01 -1.809934475109081120e+01
3.231035903523320485e+02 4.495357437576474879e-01 -1.834814870766837203e+01
3.228882867523593063e+02 3.667459515311828344e-01 -1.782195849487128925e+01
3.236885952579607988e+02 4.948415982580394168e-01 -1.824580085613390423e+01
3.237316136277273699e+02 4.197291963678484450e-01 -1.851384167603391973e+01
3.234053852149855857e+02 4.315909244181069804e-01 -1.835347240828575721e+01
3.238815021027402281e+02 5.335153223886329732e-01 -1.796768626238211297e+01
3.243034691091825721e+02 4.390173976321818383e-01 -1.833976209686014514e+01
3.234842244151434443e+02 5.245054009153667929e-01 -1.789358638844435134e+01
3.241288838650755224e+02 4.026181281263673251e-01 -1.836610212074194592e+01
3.237943745097632018e+02 4.462775496337378911e-01 -1.846427958228603927e+01
3.234201113942502275e+02 4.743788881389182643e-01 -1.821200160143676783e+01
3.233360770702092850e+02 4.794156297303224790e-01 -1.819711963762072315e+01
3.231948288175232165e+02 3.844972879545466293e-01 -1.833692380324829330e+01
3.249831282498963674e+02 4.369961835041482612e-01 -1.796472506816150982e+01
3.237200084142457968e+02 4.734364304767284537e-01 -1.836167607619914222e+01
3.238518589636925071e+02 4.375801436043666448e-01 -1.848355129691147880e+01
3.247210066092092120e+02 4.458929564180504901e-01 -1.791333285363226935e+01
3.237885745517555733e+02 4.029814102261616293e-01 -1.850536021168614909e+01
3.233854563992405247e+02 3.715478678250683231e-01 -1.825491283144427257e+01
3.237820710426805135e+02 4.008364545639155896e-01 -1.850276181010112353e+01
3.237693626762130634e+02 4.578848244541824375e-01 -1.842664236648629839e+01
3.228762236584076390e+02 4.650182288480264048e-01 -1.785360394900900616e+01
3.238249992030179669e+02 4.218766780490709190e-01 -1.850789880774669527e+01
3.250969773819721240e+02 3.904387235641479936e-01 -1.734837974336463873e+01
3.235225002485859704e+02 3.700654524046373961e-01 -1.841180046841517992e+01
3.242609613806554307e+02 4.396587267719173631e-01 -1.833702168780738617e+01
3.235660480293402088e+02 4.560027565401212346e-01 -1.844254216630086418e+01
3.235754853474271613e+02 4.220307873875042137e-01 -1.851958875063965948e+01
3.241561697260637516e+02 3.374420642852783425e-01 -1.802393112272482156e+01
3.236480147982040876e+02 4.394461816529313669e-01 -1.848891180677578561e+01
3.248259178284284303e+02 3.851002137195920216e-01 -1.795985583571235367e+01
3.233626269920923733e+02 4.095167881467056681e-01 -1.836893199268583388e+01
3.235432829775307937e+02 5.056813368186955371e-01 -1.818278600567832726e+01
3.236104049190853402e+02 4.130737864330122355e-01 -1.852091151028316318e+01
3.235181803417277138e+02 4.314398446974023194e-01 -1.851061180525756455e+01
3.233961704710100094e+02 4.010562132964029525e-01 -1.835518842591722333e+01
3.238216537936709187e+02 4.425694230614241609e-01 -1.847314575026920380e+01
3.240646531988709285e+02 3.992863499619429546e-01 -1.836062256474507848e+01
3.236957181228458467e+02 4.596426193774203472e-01 -1.842320477409198887e+01
3.237276211899663849e+02 3.952981857866461612e-01 -1.849552544409929311e+01
3.243167019246702694e+02 4.754737960682189346e-01 -1.819921905382197380e+01
3.232273379046318951e+02 4.812339236175927626e-01 -1.820060416906557066e+01
3.236237674732558389e+02 4.506452875410806858e-01 -1.845859165025578719e+01
3.235744865179415228e+02 4.148292501848906966e-01 -1.852262604134168456e+01
3.240922979373603425e+02 4.743305394927503915e-01 -1.819798319934284692e+01
3.239834473417801632e+02 4.552028826791229554e-01 -1.842614117565601362e+01
3.243341932146705631e+02 4.161251348352960067e-01 -1.837459049042111658e+01
3.239953817754500847e+02 4.069983144525126106e-01 -1.849853300853157023e+01
3.229935379901165220e+02 4.224314031433445971e-01 -1.793891374925762250e+01
3.241025344683397975e+02 4.497385761222738587e-01 -1.830247804341627571e+01
3.240079785083504476e+02 3.883065232102882458e-01 -1.833749853463221058e+01
3.234958104257087825e+02 4.111743794514500228e-01 -1.852565496084655550e+01
3.234226843973576706e+02 4.235390257943986159e-01 -1.836060166179807851e+01
3.240025881078316274e+02 4.254244529510807782e-01 -1.835752351714036834e+01
3.235947473640303542e+02 4.384948244749458102e-01 -1.849345553390670105e+01
3.234786655153606034e+02 3.870173755319726849e-01 -1.831039367157872988e+01
3.232044627277491031e+02 3.953174078087212107e-01 -1.836760544405888140e+01
3.235069973137109400e+02 4.372371688175444304e-01 -1.849999001643989516e+01
3.237554717003208680e+02 3.999611987363356214e-01 -1.850277170718319653e+01
3.242266119503383948e+02 3.693747758865356667e-01 -1.826876483964855069e+01
3.233159317443332839e+02 4.060381233758616482e-01 -1.837171062337632677e+01
3.231030240015347204e+02 4.389300569712924482e-01 -1.837609812532636866e+01
3.236225678733076734e+02 4.054349681109523651e-01 -1.851622539804681011e+01
3.239102170339610893e+02 3.771151242237994472e-01 -1.842609753085248059e+01
3.234778907823243799e+02 4.026186074296229100e-01 -1.834733214191376760e+01
3.236414906667981199e+02 3.940093555985912932e-01 -1.849697829715789865e+01
3.235787770647005459e+02 4.018723541332884786e-01 -1.851418966941889011e+01
3.233058131605764629e+02 4.145129151708869530e-01 -1.837788705461863614e+01
3.236960349010532809e+02 4.067374855193652272e-01 -1.851385033865291163e+01
3.232042450361065562e+02 4.299325567639327161e-01 -1.838025935211866724e+01
3.234922435458777841e+02 4.083906321337840706e-01 -1.835194867759720694e+01
3.236833072231674464e+02 3.766552377410090080e-01 -1.843635409889622778e+01
3.236913591966367107e+02 4.158256303249897035e-01 -1.851709187543548296e+01
3.234158373208124431e+02 4.064219095953537364e-01 -1.835974953869503778e+01
3.235511563494090979e+02 4.461255877970902173e-01 -1.847558575656535140e+01
3.234108368768369246e+02 4.257816136805748219e-01 -1.836010125303579343e+01
3.235403290674377104e+02 4.208718060077624168e-01 -1.852197751262090364e+01
3.239260053946597964e+02 4.257299663687771352e-01 -1.849923493396687135e+01
3.232966352957831759e+02 4.043133477382978014e-01 -1.837211195424508503e+01
3.235918108520616556e+02 4.113537261277988022e-01 -1.852138861800978731e+01
3.236623980588759650e+02 4.136591625387885940e-01 -1.851854011833352942e+01
3.237335076503875939e+02 4.394259253427408862e-01 -1.848506108399040926e+01
3.234498387962190691e+02 3.979673952803641779e-01 -1.834293712085147021e+01
3.358120287346571331e+02 4.656521945652850047e-01 -1.567394768677885963e+00
3.101263084654881936e+02 2.174915093693564616e-01 -3.176044081293650567e+00
3.791721867410871596e+02 1.648182139673574076e-01 -9.802532520204465527e-01
3.440773123510417690e+02 4.858153900052167851e-01 -3.304663391988978960e-01
3.751143313785310056e+02 3.854280934771359135e-01 -1.529052085919347659e-01
3.338213512085771413e+02 5.868985499448341470e-01 -2.605823977527118807e+00
2.686168349498350381e+02 1.243400733128756097e-01 -3.331010979373306702e-01
2.599162800704579581e+02 6.703201005369501253e-01 -6.100686441910774249e+00
2.854770979817297416e+02 5.804900105178516512e-01 -1.147768972676481258e+00
2.967948760224022067e+02 1.301064146177620673e-01 -3.086705444478172744e+00
3.081384597842545645e+02 4.717435240257072948e-02 -4.847166362870826140e-01
3.128731514268995966e+02 4.402644173007342343e-01 -5.915872053767060379e+00
3.171598409026337322e+02 4.720462720791678279e-01 -8.669865042112341769e+00
2.782065146719984341e+02 4.188570788861990524e-01 -7.586930562210436157e+00
3.697887994666244822e+02 6.197420588745005121e-01 -8.324347583602308420e-01
3.723112057749427208e+02 1.145143742059043374e-01 -1.884718696711944919e+00
2.756904574628586602e+02 5.464898519415466865e-02 -1.332873752908445009e-01
3.321567242442387169e+02 9.400229328859092959e-02 -2.031818643490357346e+00
3.056484077685872762e+02 6.057273822715835143e-01 -1.623164138522220856e+00
3.350219510873403692e+02 5.428946541799782866e-01 -1.628250976830097008e+00
3.633928887985743472e+02 1.718712011932649331e-01 -1.953697598574507088e+00
2.836403945012843337e+02 7.164168381678617248e-01 -4.267392357449360518e-01
2.727408785999440965e+02 7.528515313251631369e-01 -1.131803115683942806e+01
2.873151787617863420e+02 5.137253820632091683e-01 -1.599182931079702108e+00
2.777111675000209061e+02 1.368479932403503241e-01 -3.420848565470064884e+00
3.250880244803342976e+02 3.632602487622383913e-01 -1.726568833292570559e+01
3.374783596458510146e+02 1.863671338983259249e-02 -2.089917586077067943e-02
2.919245950594302030e+02 6.276031445178695822e-01 -2.529806456378822510e+00
3.013090819405450134e+02 5.601973564058102539e-01 -2.022090375683362584e+00
2.584060884858737381e+02 2.574484944248329188e-01 -2.563029810587244661e+00
3.430271667389170034e+02 4.298583924812121766e-03 -8.150606825161070546e-02
3.773307896087919175e+02 2.798305565967561526e-01 -2.129337910843152604e-01
2.603873530162898078e+02 2.557230771778385425e-01 -2.165990894028810843e+00
3.729075315784023132e+02 8.207157194806014022e-02 -1.482512519817462904e+00
3.153759017455232652e+02 5.217745230510119070e-01 -7.181795232510324922e+00
2.856185391961985260e+02 3.344533692581754675e-02 -1.341871560237977601e+00
2.573591632763885286e+02 4.088780338745507392e-01 -4.310187004213492656e+00
3.602428213386872926e+02 3.499539369900657171e-01 -6.952546662275954636e-01
3.817795629527524852e+02 7.060772843895554152e-01 -7.687716380027793672e-01
3.458533895824159572e+02 1.932376093152582408e-01 -2.508617006618546474e-01
3.702944413880998127e+02 4.976134086685548574e-01 -1.069324228946224808e+00
2.701716133601296406e+02 4.893600603822331196e-01 -6.349282251974005753e+00
3.649569882413217101e+02 1.491251371141821547e-01 -2.374528330642009077e+00
2.816916647235792084e+02 4.347023556264562605e-01 -2.154881356378744339e+00
3.401182512208845878e+02 4.032896040077575961e-01 -8.084284301892206148e-01
3.086977356839019535e+02 3.766770957719540180e-01 -2.904982456347575681e+00
3.542769095249828979e+02 3.431916638844689782e-01 -2.081060976134138096e-01
3.567590852543739857e+02 6.378638870859753007e-01 -6.792400857585394192e-02
3.596173909253536181e+02 6.617165665622561921e-01 -1.318216898273076587e-01
3.682777909406626691e+02 5.653919382177678005e-02 -1.601457775943187167e+00
2.820236139152518149e+02 3.544688275473180106e-01 -1.725578793399172195e+00
2.636827994584600106e+02 4.242764859127594601e-01 -3.027242789108379739e+00
3.789048985065602437e+02 7.223493947427408468e-01 -1.317290408366113830e-01
3.472036644277486062e+02 2.313999925651272216e-01 -2.599222736649757226e-01
3.297565266695450532e+02 7.726629692937834193e-01 -7.026340005444446035e+00
3.206109058584131617e+02 7.666603464818381175e-01 -1.173198177010219823e+01
3.624032702248887290e+02 7.919037310888692449e-01 -4.771178302026053419e-01
3.406975154569942674e+02 1.500135688780068061e-02 -1.306396809878757337e-01
3.196450943067329717e+02 5.071822406793987659e-01 -1.185077845699762200e+01
3.221457180898377146e+02 1.771189727593155128e-01 -1.210153966916032076e+01
3.663683846444853316e+02 6.559188984226314856e-02 -1.638182531867921066e+00
3.574920732872577673e+02 5.989531354753917514e-01 -7.278780799522727163e-02
3.806182668069449733e+02 2.853805477841619420e-01 -1.691443891029719815e+00
3.147552982147204830e+02 5.453851326780625453e-01 -6.720330791890256172e+00
3.659911585596981922e+02 2.095121837205867199e-01 -2.521688608472503645e+00
3.119359198217608196e+02 7.955110829683827989e-01 -3.100682936933043532e+00
2.928377815081129825e+02 3.972107045802201752e-01 -3.208133305616891473e+00
3.227731105206057123e+02 6.087375026664856303e-01 -1.679087634158001663e+01
2.655106901019758538e+02 6.481087599752504147e-01 -2.954233651627500734e+00
3.555305745468565419e+02 3.035756408859514172e-02 -2.476995591350364956e-01
3.756345954771658739e+02 3.724157712085005012e-01 -8.840917389317183572e-02
3.176970662580779958e+02 7.488350854460247286e-01 -6.947116609770469076e+00
3.038490125781801225e+02 5.524071992565758871e-01 -2.124729621592808648e+00
2.896342649223432772e+02 4.489882670633057460e-01 -3.357463370613219755e+00
2.936385367980581123e+02 3.086862026281387839e-01 -3.618367019841531196e+00
2.669319130413729795e+02 4.621606282306254254e-01 -2.774176577582466940e+00
3.282771960594779443e+02 3.178581709221778295e-01 -1.176486409148429146e+01
2.624097450777779272e+02 2.468159015410800183e-01 -2.084118047298349374e+00
3.315312914430500086e+02 7.322161232300149480e-01 -4.908636608119156364e+00
2.801229983988054641e+02 5.741083802934265901e-01 -4.661175804144856549e+00
2.749985569317790919e+02 1.078137627484536676e-01 -1.966931532562483653e+00
2.957763698019822982e+02 2.659819626011689642e-01 -3.801890714256463077e+00
3.445852409784132533e+02 2.361240336229133430e-01 -1.617559456784532779e-01
3.513350490239209876e+02 1.583795325741434723e-01 -4.609284187822242779e-02
2.649357398950101015e+02 3.352892612193088540e-01 -1.704441135581167721e+00
2.734544227476108063e+02 7.392334076452391489e-01 -1.193833794731330222e+01
2.892577942073023678e+02 5.355627023851109447e-01 -2.982978927031740390e+00
3.274844203968473835e+02 7.788891690465461481e-01 -1.109808893416789743e+01
3.392733564447161712e+02 2.045035969712129253e-01 -3.771495231051870678e-01
3.258473509804848618e+02 6.974998076279499415e-01 -1.448209325727304275e+01
2.705144087126864179e+02 7.970697711331946322e-02 -2.589631035004714144e-01
3.837292396217047781e+02 6.452662954459136291e-01 -1.617602282738316299e+00
3.000209342117296956e+02 6.895230721204391733e-01 -1.266774341836009121e+00
3.498751993406567635e+02 1.903994370476381204e-01 -7.098008060195989954e-02
3.523499263053085997e+02 6.866359360862360761e-01 -1.624391693644383974e-02
3.071744653144338599e+02 6.737007637473055865e-01 -1.489203394261821245e+00
2.985960688236101532e+02 3.241281891995104747e-01 -2.523363976067758863e+00
2.971658054517945970e+02 1.018253770971258715e-01 -2.410659097499441295e+00
3.028845692429375163e+02 2.990279770037627682e-01 -2.560567308322624136e+00
3.488013450196881422e+02 2.957642430495780461e-01 -1.732615725834455445e-01
