3.426919104027164735e+02 5.431018397967338762e-01 -1.835715395226713564e+00
3.061337464780483515e+02 6.151723422140661368e-01 -4.522313025820137611e+00
2.499091976832382898e+02 6.506187805131791180e-01 -1.225516445966751800e+00
3.104554855978266232e+02 6.314867390569144368e-01 -1.474405728978208252e+01
3.315949199365908271e+02 3.039562064221312254e-01 -1.136996380862561651e+01
3.313043997371005389e+02 7.554921428740303257e-01 -8.997395367644966058e+00
3.169002089869588872e+02 1.250389614300616570e-01 -4.152198669947822829e+00
3.566509488965552919e+02 1.997478068933493112e-01 -1.700623749161630505e+00
2.991651906110501500e+02 7.956683738512230208e-01 -1.163782830643974586e+00
3.269548808805882913e+02 4.338125429387973964e-01 -5.111445611810808032e+00
2.967877696076232610e+02 7.184710426983436093e-01 -3.190035882217776564e+00
2.966129962368406154e+02 4.940013284243446323e-01 -2.392317573361742777e+00
2.678543867991055549e+02 6.436224758682419500e-01 -4.322520735159401717e+00
2.627215395070542172e+02 5.300578243241519383e-01 -4.974066129703433869e-01
3.340678227955049806e+02 6.833124365937286449e-01 -3.667667052117666859e+00
2.814082249820990569e+02 3.975968330854664501e-01 -4.440002733919198974e+00
2.946399081473052775e+02 2.449683812964835450e-01 -1.535008991380935939e+00
3.681542906518285463e+02 3.280970959175668611e-01 -3.112936620062883186e+00
2.770654482271265238e+02 2.861011546768421066e-01 -3.672806510517375056e+00
3.655119571153147717e+02 6.743630529412187880e-01 -7.953282073655977280e-01
3.240142127767122702e+02 5.640966359202114200e-01 -7.424869330718068205e+00
3.286526355461797380e+02 4.804477694248565078e-01 -1.041725046157820422e+01
2.723122513090791017e+02 4.111127291468979483e-01 -2.974201665704933051e-01
3.115834755582084199e+02 2.167757251859718792e-01 -1.275040165334081088e+01
3.014415693543186308e+02 1.572185833213224360e-02 -7.575515539883047600e-01
3.510953398476342500e+02 7.756051272664139518e-01 -9.563251699659049143e-02
3.330119106222327900e+02 5.877055377366365019e-02 -6.783510104621153225e-01
3.206939759888697381e+02 2.359323321682918473e-01 -3.752543493227981308e+00
3.089389886311154214e+02 3.085258083460477585e-01 -1.759205448518814663e+01
3.182343365672368236e+02 1.575300648638542356e-01 -2.767484634811050892e+00
2.640511962054038122e+02 4.525537263881146410e-01 -3.470417822304950328e-01
3.035034404284070320e+02 6.920275324620944746e-01 -3.303789720308105138e-01
3.489528357144890833e+02 7.652316374894283513e-01 -7.176680962764956373e-01
3.446426861115424458e+02 5.070100647130216798e-01 -2.456098183971648474e+00
2.795804849846053912e+02 1.388261079603420045e-01 -2.959291710064675840e+00
3.045547099377487825e+02 3.392350347252044984e-01 -1.570028915408997250e+00
3.262696575161889427e+02 7.336640992836249708e-01 -4.424454875443541546e+00
3.148189481279370625e+02 9.264129983998736773e-02 -5.736122501167368881e+00
2.848038618205052899e+02 2.902931116641314091e-01 -6.344649285711214226e+00
2.920221540963526650e+02 3.478175179080706947e-01 -1.681915042443362873e+00
2.896657943335807204e+02 7.783495594932842154e-01 -7.532045138794669192e+00
3.521124499566188319e+02 3.809292616707524726e-01 -2.274367481884813080e-01
2.544404121520647664e+02 3.847820488270514705e-01 -3.788659817116675210e+00
2.494459413103228940e+02 3.197219112153867199e-02 -2.835320229006198511e-01
3.372284441758992557e+02 7.104431481364616996e-01 -1.986593796424616573e-02
3.545269218078210542e+02 3.653977613492027654e-01 -3.412502498692274733e-01
3.225549291780329781e+02 3.133026583146438782e-01 -6.632014965282854391e+00
2.553414885854130318e+02 6.019500357614062658e-01 -4.133895387143387445e+00
3.484207897057841024e+02 7.302975242575333870e-02 -5.721653806471501902e+00
3.354480479659349612e+02 3.815836029238878907e-02 -3.398418130115475888e-01
2.909184938590634601e+02 2.759499189002362907e-01 -6.829483653749091054e-01
2.580116913660187379e+02 2.525067415934924564e-01 -2.433443809029726346e+00
2.698615966615254251e+02 4.664270988901161319e-01 -1.717235475441799331e+00
2.480155267540044406e+02 1.849532747226377838e-01 -1.177908923763043347e+00
2.882386160845691165e+02 4.455543025052527972e-01 -4.005896986393522319e+00
3.418927564039967137e+02 8.060390629501645865e-02 -6.964800616379092091e+00
3.699985302115453578e+02 3.585816057824557368e-01 -4.139647089429882243e+00
3.553177664987003936e+02 1.146494865273309377e-01 -1.743336257108092369e+00
2.658869676628949605e+02 5.968878483327064721e-01 -1.449879054872672990e+00
2.785756155125791906e+02 4.591820242694597543e-01 -4.396093565666838288e+00
3.196834070653868594e+02 2.284882302849270408e-01 -2.771306408022407464e+00
3.072295962175579120e+02 1.312440254620436397e-01 -6.648795656268505105e+00
3.640004941680325032e+02 6.224752629743510735e-01 -4.727264761015400052e-01
2.710490201945215176e+02 5.179832598806113353e-01 -4.585961928999018888e-01
2.601725420678400269e+02 5.556936245814095843e-01 -1.439027159479558504e+00
2.746824414959610294e+02 1.052775695906096598e-01 -7.520919625687535470e-01
2.862415755543744353e+02 4.984555895929860814e-01 -7.025052681559236234e+00
3.452314121323337872e+02 7.250718763259778044e-01 -7.651979592905914229e-01
2.868646041600310355e+02 4.774887372482342629e-01 -5.827221237426169154e+00
3.618457814753841149e+02 5.787918629919918123e-01 -4.529195181034875728e-01
3.527814307727264236e+02 7.011348440205291688e-01 -2.026518985960777328e-02
3.588445635993486462e+02 9.932116467851055674e-02 -5.960137296156441389e-01
2.833634679405517431e+02 6.561925028717405795e-01 -6.571866757854232688e+00
3.602181632725347527e+02 1.640069904600059969e-01 -7.180160856876361963e-01
2.611661197300018671e+02 1.516744810333957028e-01 -4.858409119270781784e-01
3.024396581712226180e+02 4.203531477834194785e-01 -3.680139275476258520e-01
2.938058441503200697e+02 5.463163780327769947e-01 -3.505523854210610857e+00
2.594317169448547702e+02 5.695412678892479708e-01 -1.171639241868651427e+00
3.094377686684061928e+02 5.113273010800922086e-02 -1.954927138193463643e+00
2.761735211014304241e+02 7.487343182897212568e-01 -1.357555601936839329e+00
2.740832771209707630e+02 4.720489126492589428e-03 -4.222215758595793123e-01
3.666597057007972467e+02 1.735007009657311694e-01 -3.233777381827756425e+00
3.694598537439800907e+02 2.136075820033574435e-01 -6.103189159756137627e+00
2.522718180420996816e+02 2.228368590009359440e-02 -4.526601222369884603e+00
2.516959141936423237e+02 2.690686724875519520e-01 -1.058470278123821329e+00
2.650646327897624133e+02 5.242888774251358575e-01 -6.552151178797283038e-01
3.634709872330172402e+02 4.242832385844511056e-02 -2.503188073599316166e-01
2.694478127956862750e+02 1.810629591164153174e-01 -1.545424650054488258e-01
3.462756249099967363e+02 6.705805973027891831e-01 -1.107313410298965239e+00
3.135105205009882638e+02 4.312900300004587351e-01 -5.873572451536564820e+00
3.389559768224980303e+02 7.876839019713786083e-01 -4.224460917600169063e-01
3.384198586775261219e+02 2.060529900222405342e-01 -1.883997021631117263e+00
3.237359526226518369e+02 4.070162931693384611e-01 -7.472041252274197021e+00
2.993704016433378001e+02 2.578866222351803850e-01 -2.911690448582988644e-01
3.295381321894704456e+02 3.263384820395188735e-01 -1.197467573645565864e+01
3.580707955900375055e+02 7.435234902461708151e-01 -4.513151835683686941e-01
2.568950020154462663e+02 5.899442925597984111e-01 -2.330118180518816917e+00
3.407614165405056497e+02 3.689400151167853137e-01 -3.263868665519586099e+00
3.159408747246515077e+02 7.125135716386202245e-02 -3.950254081394281247e+00
2.827145399841305107e+02 6.379343762194558121e-01 -4.603407601283565853e+00
2.608750095386919270e+02 7.593093335658187559e-01 -1.082054825005092979e+00
2.541444163553359772e+02 5.638372888262223048e-01 -4.424278074521520665e+00
3.530309725404421783e+02 3.644847517266405768e-01 -2.256512777210194498e-01
3.157584772120421235e+02 7.840400118102235361e-01 -9.492700015171853245e-01
2.716592872018649700e+02 4.636007420885155383e-01 -1.473049163247088789e-01
3.470627805401690580e+02 1.719655393439613045e-01 -1.064696358348438032e+01
3.684324649555065889e+02 2.347373022858283975e-01 -4.657694509395132521e+00
2.673030434275197535e+02 5.274154326097604262e-01 -2.485966791404856657e+00
3.571857165819764646e+02 4.894583116940056100e-01 -6.867593844050925433e-01
3.484824354175915460e+02 1.351653664138925404e-01 -7.288000197995663676e+00
2.527066068158889323e+02 2.969437417792428202e-01 -1.195335170646814271e+00
3.522297650264281970e+02 6.054973451809902985e-01 -2.988148452052147297e-02
3.550144213675305309e+02 5.886413622256128075e-01 -9.428292089785642038e-02
2.807737086767881465e+02 1.456907147178265471e-01 -1.809488359839658500e+00
3.389189591446339023e+02 1.090108862068081969e-01 -2.551693462160629533e+00
3.317037632108284697e+02 2.027057544781069864e-01 -8.922517021497281320e+00
3.123066033052822377e+02 6.351296639325145765e-01 -7.994942962541584208e+00
3.426343159825576095e+02 6.595139530326936672e-01 -1.206272518492529811e+00
2.820495414950019040e+02 4.033253667102996154e-01 -4.026924608217050228e+00
2.502640108916331769e+02 4.178540530572072420e-01 -1.333377897563486902e+00
2.668223644623451491e+02 5.035750837905469401e-01 -1.558334247258448935e+00
2.933628033283000036e+02 6.983485328069828357e-01 -4.544436498647181466e+00
3.495141145032175700e+02 7.226905387937969660e-01 -5.134415365082357630e-01
2.954259970291523700e+02 3.950037154206951784e-01 -2.555654492353274687e+00
3.644244706346842690e+02 6.497500154426695540e-02 -2.112429241626985754e-01
2.555955361111382160e+02 2.756710476283583677e-01 -2.624845790837769588e+00
3.423390264707452388e+02 3.071051243326546332e-01 -4.861287496176537104e+00
3.033345230852106056e+02 7.486538151391499696e-01 -3.542422026241326960e-01
2.510516176131453676e+02 7.724552447919864617e-01 -9.372986625797374849e-01
3.146764115471063405e+02 4.493228224065298204e-01 -4.179524477495396795e+00
2.581627757230930342e+02 2.885693039277674177e-01 -2.277691254193622061e+00
3.014315287676965340e+02 1.916437853813844627e-01 -1.047565017850191071e-01
2.564747006586795806e+02 1.588671071405565738e-01 -1.424863424485855123e+00
3.411588665809792360e+02 7.311619875836732341e-01 -1.508436429942768386e+00
3.275210023209367023e+02 2.686986586377362873e-02 -1.127225416979666384e-01
3.609439617373456031e+02 4.808602296400764087e-01 -4.571467302543194000e-01
2.998610586895714505e+02 7.810806751621202082e-01 -5.262438740298837070e-01
3.544517314983870051e+02 6.120912192537431018e-01 -3.824054898700208344e-02
2.798835457235391004e+02 5.749695470381410711e-01 -4.544228660626732363e+00
3.202420619456308941e+02 7.705306683350052199e-02 -1.509084390444479729e+00
3.614071290371765599e+02 2.700785387154631123e-01 -9.463798354978703031e-01
3.235299001468515030e+02 3.561714793300915227e-01 -7.359320340483872513e+00
3.264021756978755207e+02 3.412748891460212208e-01 -4.006073554752536126e+00
3.341384181610739574e+02 7.164308699829230465e-01 -3.248162996892621557e+00
3.370325590421849711e+02 4.699336256926598399e-01 -1.741227316421939675e-01
3.379017862369627210e+02 8.666609333165109508e-02 -1.187026239267886307e+00
3.665256897829474383e+02 6.249245909102626451e-01 -1.051631685517390169e+00
2.685175166134702636e+02 6.545398088956775329e-01 -4.143215339049885593e+00
3.299640293090731120e+02 3.829394091289779478e-01 -1.212283121240357886e+01
3.690581202510282992e+02 3.172375989383063311e-01 -4.187701111777346163e+00
3.499282812626381087e+02 6.903429879845920381e-01 -4.511987549207663317e-01
3.701204877724164248e+02 5.145307695471944553e-01 -2.090104240609672814e+00
3.449108152574692667e+02 5.069606562166981689e-01 -2.620373756504147611e+00
2.898229387053468713e+02 5.951820834321263076e-01 -5.754347186408931947e+00
2.929241117612241965e+02 3.658029522879887446e-02 -3.913735502633059138e+00
3.051519611727258052e+02 1.641704166596473502e-01 -3.323663988776861089e+00
3.132055556566204473e+02 6.770936468193683444e-01 -4.584196946907312942e+00
2.490084237370788856e+02 3.201293186875772689e-01 -1.621051672132210353e+00
3.214824728855248850e+02 4.780729422462918210e-01 -5.961778247379653450e+00
2.979710222056725115e+02 1.404906790656778592e-01 -9.192738537215622285e-01
3.658435401553640531e+02 5.939119546006174644e-02 -5.954550674550912470e-01
2.634134759072957195e+02 2.804673685645737158e-01 -1.129616375139838591e-01
3.197667272772914657e+02 3.443016850443826327e-01 -3.022441354428604399e+00
2.696167542121331167e+02 2.285080672725801065e-01 -1.612621990011279538e-01
2.654072289885212967e+02 4.365675283163786280e-01 -4.843375130332135958e-01
2.744474491302634078e+02 9.817575800522340690e-02 -6.884878067885779052e-01
2.789011133961334394e+02 5.474037993079980957e-01 -4.433538368536337870e+00
3.589770960467747045e+02 2.536891815373278902e-01 -7.622750375548867918e-01
3.084757497268050201e+02 5.531955391091553098e-01 -1.398100092173049092e+01
2.870059761662180904e+02 7.360923316673502644e-03 -2.499708458593377092e+00
3.027699392812865540e+02 4.142255484608414751e-01 -3.407298625870661679e-01
3.276693940551557489e+02 5.831201168305136795e-01 -6.270023994607655915e+00
3.455577872790676111e+02 7.929730893851623108e-01 -5.035512605157125288e-01
2.965910474209924246e+02 2.342541319253376234e-02 -1.262357843041179706e+00
3.351528105624297496e+02 5.360946843231639836e-01 -2.262998824790126928e+00
3.305844532339249326e+02 4.279373704246100529e-01 -1.195372992387647137e+01
2.630256419101582424e+02 4.432730322050054683e-01 -2.615734493059677090e-01
2.842362329632700266e+02 3.906440324162654409e-01 -7.062031858019499175e+00
2.755567936219632657e+02 2.209566915718118585e-01 -1.217576929117170081e+00
2.588885443605380487e+02 2.626737132437068634e-01 -1.714146426328514217e+00
3.061328201578736525e+02 6.867154327001803171e-01 -4.244416582925981452e+00
3.574320040580942646e+02 8.868622191419187062e-02 -1.390921540344420615e+00
3.250048667117823697e+02 1.572783176162370622e-02 -1.062966556097394710e-01
3.187996457299934718e+02 4.109035372919445095e-02 -1.150975484879586119e+00
2.849832291149800767e+02 3.286319528888320685e-01 -6.651036667045174156e+00
2.596660627002055435e+02 7.669584355585463697e-01 -9.831328278235152984e-01
2.765659032878735957e+02 6.674462684857596084e-01 -2.111839881238795513e+00
3.170529899578855861e+02 2.086922685373714670e-01 -3.324521550343810361e+00
3.331792092028236993e+02 1.263850898168770720e-01 -2.285474853277429386e+00
3.068244548781186154e+02 7.437046091884252919e-01 -5.011228705498854019e+00
2.477118758621840868e+02 5.338661482790538759e-01 -2.877566264655279649e-01
2.886215886845363912e+02 4.859121856726459493e-02 -5.343202730599093009e+00
2.731969425569322425e+02 6.203471877451657290e-01 -9.350066619226135023e-01
2.780302259453868032e+02 1.176247265227551159e-01 -2.468266077325308228e+00
3.111061600788160604e+02 1.986523392902186380e-01 -1.326574228313764614e+01
3.622693419692521388e+02 6.448330977151991439e-01 -3.820957887625801019e-01
2.857020519118749462e+02 7.070816723458883679e-01 -6.289559661230265775e+00
2.910102006043786105e+02 3.707306054732118494e-01 -1.909066881263000059e+00
2.973060261980326686e+02 1.808571817420210337e-01 -9.534274604682664300e-01
3.100746270326152967e+02 2.421478463245773372e-01 -1.745368036061467265e+01
3.139862587137524201e+02 2.828351533496212822e-01 -6.981012904486256332e+00
3.610143025024430017e+02 2.301022546591719176e-01 -8.558116192776785702e-01
3.323970395475577675e+02 6.213174357209314547e-01 -8.161979025590799353e+00
2.497215645098434607e+02 1.427286901486669035e-01 -4.650857884452047064e-01
2.534320827508257707e+02 9.325929203039516613e-02 -1.322442951890493879e+00
2.634285761971231068e+02 9.942953002616466973e-02 -8.712047441983878926e-01
3.706234682787425641e+02 6.468007678456287879e-01 -1.014894104211176984e+00
3.650517298861159361e+02 2.615845061956769135e-01 -2.018909051977538560e+00
3.613599749917505051e+02 6.691047928135079870e-01 -3.559014331415956689e-01
3.589518215852061758e+02 6.062421319638358619e-02 -1.751815193334009813e-01
3.625529876682767281e+02 2.446789354323707366e-01 -1.228506771582523971e+00
3.357760566506600526e+02 4.166281875592272588e-01 -1.273142903834271200e+00
2.913283708720114760e+02 7.344862004723542448e-01 -6.262122892753576586e+00
2.514905135883573166e+02 3.170275905285603879e-01 -1.184963140769355938e+00
3.386886401010235090e+02 4.976535784009208374e-01 -6.911594506018921003e-01
3.306866072643104530e+02 5.384316214798917644e-01 -1.119525222964889721e+01
3.417914990386626073e+02 1.850038450908154377e-03 -1.545219573745268971e+00
3.079107781428079988e+02 5.583213721398971874e-01 -1.070200163682313210e+01
3.077764232598212857e+02 3.380717711822032318e-02 -4.819321829510553323e-01
2.700475444637328337e+02 6.123527836046532835e-01 -2.602422169114358308e+00
3.032234432716579136e+02 1.518528204297120154e-01 -4.313863367583400943e-01
2.879131794398336410e+02 5.109798436492745122e-01 -4.525252501023935281e+00
2.780258822244313137e+02 4.442441102393048791e-01 -4.685435679089700045e+00
2.768813973258075976e+02 1.611315610628237527e-01 -2.360039054517355073e+00
2.787028342277798174e+02 7.729040299507490552e-02 -2.219030845612667946e+00
2.608598375021264815e+02 6.733373040386294583e-01 -1.124989012883144124e+00
2.752078170656639031e+02 4.669505787850970480e-01 -1.420778721421519286e+00
3.191846139527095261e+02 3.530665829857393412e-01 -2.299217990101262377e+00
3.477339803586910989e+02 4.773524509172940578e-01 -2.978226913120277874e+00
2.923122922259453844e+02 1.176969359848467483e-01 -9.499307830585136392e-01
3.576424898579428486e+02 7.114498605356747718e-02 -9.336586145729329766e-01
2.943973214002550094e+02 2.499212659410134929e-01 -1.541682258715530773e+00
3.050940313706572624e+02 3.425120075431450362e-01 -2.573741673426849452e+00
3.644318591548444033e+02 5.346596136251012821e-01 -7.157808460446183352e-01
2.744118003323882817e+02 1.569633367487512365e-01 -1.293247010357200022e+00
2.615360527951870608e+02 5.770068930263738682e-01 -1.341380612983682052e+00
3.338878340679418670e+02 7.880603852840688539e-01 -3.353309716036574795e+00
3.099886393815486372e+02 4.585383897206572468e-01 -1.776184453331485358e+01
3.159509803552444964e+02 7.119774484740645226e-01 -9.634728889753046976e-01
2.567201130230778290e+02 1.129472297961400806e-02 -6.738856223944604817e-01
2.817114573541776963e+02 7.506577533176517214e-01 -5.581265569592503084e+00
2.473587755243586912e+02 7.582048007031447767e-01 -7.956438708660286407e-02
3.685752346413948999e+02 7.662074173235255969e-01 -4.403151392978334466e-01
2.681299319285810725e+02 3.849660825344955462e-01 -1.278799553385103760e+00
3.424801975770088802e+02 3.328092563028122175e-01 -4.346148878453830022e+00
3.238788874216143654e+02 1.962607038902628442e-01 -4.705391176558137545e+00
2.832852639297757378e+02 5.841212861470744810e-01 -6.452406396030656133e+00
3.538983313368747758e+02 6.398321390266530351e-01 -4.971863097681439303e-03
3.363296566019859597e+02 4.321893534538907011e-01 -4.536841805912021353e-01
2.819428873515554983e+02 2.648120935745734150e-01 -3.160560934442214531e+00
3.257930595283779667e+02 7.392817593540836896e-01 -4.416891534776655526e+00
2.855774148756638056e+02 6.983430345132267680e-01 -6.308206800547263349e+00
2.591100700548275313e+02 2.129515274327265506e-01 -1.626934605677921031e+00
3.204284906389467551e+02 5.472627858513304799e-01 -4.147741841615460778e+00
3.665701062090427058e+02 3.273749269634653181e-01 -2.862860854759921470e+00
3.496138425521130557e+02 5.939143216111743007e-01 -7.746677640990247138e-01
3.552206245367294173e+02 6.044545526661525559e-01 -1.320129593578512339e-01
2.805715864670552833e+02 6.802874421761625490e-01 -4.844384190913677557e+00
3.282199996650640514e+02 5.612175041409160903e-01 -8.387734979310756955e+00
3.672640118928808306e+02 7.198520365937386423e-01 -6.254325200180328448e-01
2.883841726778569523e+02 3.006752249071099059e-01 -2.629082821463404773e+00
3.292620387412770242e+02 3.771443647815665989e-01 -1.205876887475362302e+01
3.146080759981402366e+02 3.731684133371063750e-01 -5.109642803707189707e+00
2.989157764060155955e+02 6.522953405410931715e-01 -1.112428527771833320e+00
3.011797794104663240e+02 8.343903948479730603e-02 -7.094626444086782335e-01
2.965420261962696031e+02 2.050657298666504202e-01 -7.853491005270845093e-01
3.331618802275201574e+02 4.040501987135090012e-01 -5.588527047979934714e+00
2.505359406173787988e+02 4.950308197262788257e-01 -1.171512491739991058e+00
3.176492287745348904e+02 4.287980185649832854e-01 -1.260676715397504699e+00
3.271799639872817238e+02 7.952774510798518159e-01 -4.660923158511621978e+00
3.024181142851395521e+02 3.462223311452709562e-01 -2.442478074257461718e-01
3.058733068807121640e+02 4.508914152299343669e-01 -4.847834093457367821e+00
3.106882415940885380e+02 2.498587111626075427e-02 -6.681931157486779849e-02
2.901865365527345944e+02 1.780873937188020006e-01 -4.413390746189105318e-01
2.716805200436328960e+02 7.219313164839494812e-01 -3.501538101197421704e-01
3.389293443824095107e+02 3.055346996851684982e-01 -1.850218631187555252e+00
2.684248029853500839e+02 6.638723538371805732e-01 -4.298950552168421702e+00
2.545736843082321457e+02 2.200858977571263364e-01 -2.037621036581237277e+00
2.573862036140329224e+02 3.671995930321574897e-01 -2.327462484032769119e+00
2.629034964971095860e+02 7.753521185977579888e-01 -6.221979911567525612e-01
3.218798234701318393e+02 2.786442113210981231e-01 -5.670242548333933819e+00
3.411034079847157727e+02 5.742721674003276044e-01 -2.034808391925067017e+00
2.730340752699989935e+02 2.107432479231967012e-02 -4.553284641810502187e-01
3.523077680761279566e+02 4.862712588798505653e-01 -7.171154101890143961e-02
2.659643371164792143e+02 1.213756011241839960e-01 -1.060351667671850517e+00
3.246934590762058406e+02 4.093640941932789878e-02 -4.364188580980715160e-01
3.564172634399885737e+02 3.924189654816920836e-01 -7.092877951892497812e-01
3.000024932435936194e+02 1.736174970251970484e-01 -7.019813797511516018e-01
3.446839376673516426e+02 5.255614357665854275e-01 -2.297352760950035933e+00
2.934516089416069349e+02 7.833740082290178153e-01 -4.938384006364455736e+00
3.504595239763514201e+02 2.338211117428056207e-01 -1.347225364623983346e+00
3.460560334866633525e+02 5.169885701752181539e-01 -2.631998548135348504e+00
3.118737082520074182e+02 2.957463291219895041e-01 -1.234379901594965290e+01
2.549216535274780426e+02 1.093070143658035343e-01 -8.436653423027116183e-01
3.529486971515020741e+02 6.301821259448902035e-01 -3.901588612194418527e-03
2.652218293590830740e+02 1.305882316637192175e-01 -7.136590154615717330e-01
3.473554759630310969e+02 5.118399731876269176e-02 -6.933134310723079174e+00
3.178737558003135746e+02 4.089290232716210061e-01 -1.383624002430766664e+00
2.856637088448044324e+02 1.884369728450510095e-01 -5.996051945448489739e+00
2.969226127935766613e+02 6.954526752825755942e-01 -3.266060377334730980e+00
2.905313783279900690e+02 4.154722774570112631e-01 -2.967234938627933527e+00
2.702269529832918806e+02 6.654027075572410688e-01 -2.612741062921781321e+00
3.378983406789839137e+02 3.001702289106064625e-01 -8.645513386448768767e-01
3.667283050622091309e+02 6.064155856211831536e-02 -1.019611634375469311e+00
3.441792706895046194e+02 7.333840989270900002e-01 -7.727938546677709519e-01
3.690384775769977068e+02 2.135879402803529947e-01 -5.699874604359062680e+00
2.629174409574059155e+02 5.446686175996342527e-01 -3.879193811987128315e-01
3.361785695915220913e+02 7.910326885633193195e-01 -1.957163565800726091e-01
3.111983530252156811e+02 3.597982930734359153e-01 -1.544490716677578490e+01
3.423328870699264144e+02 7.612749971063480503e-01 -9.416754984996189570e-01
2.486061747049632515e+02 4.859821257129001149e-01 -1.196060127682435414e+00
3.388574568562838181e+02 6.970794993027806807e-01 -5.314242103179711574e-01
2.592876357856501386e+02 2.325367329011193973e-01 -1.644467633610103841e+00
3.465235442632564400e+02 1.561191591097762787e-01 -1.247285984764173428e+01
2.604020569480192648e+02 4.753175593717056113e-01 -1.422401108132557823e+00
2.580023692394125874e+02 2.263626814688990060e-02 -8.561718178052266648e-01
3.243541720597266362e+02 6.633985427560528114e-01 -6.636049057088229119e+00
3.030010859597198873e+02 3.927441064856646014e-01 -3.104368629891076647e-01
3.168266543169845590e+02 5.886907921211896877e-01 -7.902983863920890473e-01
3.644991478405419798e+02 4.030666035121324153e-01 -1.232596155282549510e+00
3.304863917417766288e+02 3.389697918346189498e-01 -1.195508991171613822e+01
3.511530448661968649e+02 2.826265850495938148e-01 -7.746678414451159123e-01
2.638558736929120414e+02 1.148174146594821421e-02 -4.831556953420226286e+00
3.510269189629919993e+02 4.470265326226725566e-01 -2.867520813414444203e-01
3.217027563632815372e+02 6.312904019769779440e-01 -6.151536166730432242e+00
3.411891970952349311e+02 6.090186233589793829e-01 -1.831242823814537735e+00
2.847179046397802153e+02 3.643808526717577934e-01 -6.745016016020264793e+00
3.366340003159952516e+02 6.435841112727251900e-01 -5.924855535917447624e-02
3.066690647178265294e+02 3.692484259910069344e-01 -6.933773182551213665e+00
3.136534402185409931e+02 1.373401910483258714e-01 -6.642431233554056291e+00
3.631436784064691210e+02 2.049875501087420615e-01 -1.236964019680759863e+00
3.150574010606845263e+02 5.781427049726191036e-01 -2.477257752426337500e+00
3.057690044343437421e+02 7.509951449394990375e-01 -3.359312996237418414e+00
3.202762733188977791e+02 4.701196975814334045e-02 -9.223894812042463531e-01
2.877874617137147766e+02 5.406768985477942158e-01 -4.727117582972702792e+00
2.738742631537258490e+02 7.574294623805649662e-01 -1.678207222037723323e+00
3.126578472855428004e+02 5.332957268903950609e-01 -7.263235464629265614e+00
2.825947863825279569e+02 6.215854843234516203e-01 -4.575028407014933407e+00
3.563734440735464659e+02 6.821898048339892773e-01 -3.422053596011692678e-01
2.685490622255856010e+02 1.863077424041765795e-01 -1.191601746566089970e-01
2.723963392968112771e+02 2.203769333489642157e-01 -5.470281384015243109e-01
2.562032189530905271e+02 3.211817422037374636e-01 -2.507231160246530255e+00
2.909787047204014243e+02 5.377052614913538364e-02 -5.877032395087303129e+00
3.707114722423717126e+02 7.716914117567289511e-01 -5.378783712895287561e-01
2.720000832887417346e+02 5.539785352611090730e-01 -1.442925052581650880e-01
3.457892620810018798e+02 8.481658435468522605e-02 -1.220375910894771998e+01
3.050535923352861687e+02 3.424601012157256485e-02 -6.293767332471680298e-01
2.777079693660042494e+02 4.881107047894954754e-01 -4.630197945176981023e+00
2.677597264156169103e+02 3.810482824199071250e-01 -1.263750965522633329e+00
3.278853911012237745e+02 2.410205256644155358e-01 -6.756432981770673862e+00
3.022823460208776396e+02 2.365893084686696013e-03 -3.051465147709834458e+00
2.843570220211575474e+02 7.163639710486617851e-01 -7.177340664101542700e+00
3.575801186986955713e+02 2.257365606839722150e-01 -1.557996407976110831e+00
2.922871396972371372e+02 1.468023319413739314e-01 -6.110768098136014626e-01
3.558600062577287417e+02 3.847751505325633370e-01 -5.394964394187753420e-01
2.761580091344029597e+02 4.633945938550376731e-01 -1.750885142430667951e+00
3.004645980192577213e+02 5.056711770329147537e-01 -3.055043284340472343e-02
3.097512248626126166e+02 6.028002473260565264e-01 -1.617872804538505704e+01
2.529549037144362842e+02 4.551726784141921778e-01 -2.081930272480368327e+00
2.984109974562621801e+02 7.837087235834013788e-01 -2.088516610881799185e+00
2.865352557960926561e+02 3.465635659764513821e-01 -6.499660795821975867e+00
2.479162869358540320e+02 2.423625222149536004e-02 -1.264758084128407400e+00
2.952700698233024923e+02 4.649929810680105691e-01 -3.006326279534810020e+00
2.939003489343485285e+02 1.639306417675303607e-01 -4.417599952806618990e-01
3.656394481524021103e+02 5.242847799542766918e-01 -1.329742358086645648e+00
2.648422333812063130e+02 1.290169960328894361e-01 -8.644355297464088039e-01
2.818565555007994021e+02 1.217794241565018781e-01 -1.891090743691296705e+00
2.502533810470042965e+02 5.122723071590040700e-01 -1.260310412030380078e+00
2.959454099193542334e+02 2.581017415262383818e-01 -1.066515718702445881e+00
3.426233372973762243e+02 7.958025512378772426e-01 -8.082151173497542640e-01
3.683589047397392164e+02 2.670105417812864146e-01 -3.972966837982701005e+00
3.617335335947583417e+02 3.356601881072083793e-01 -8.782693320928817160e-01
3.262906004364689352e+02 8.826807162518676697e-02 -5.784957412319243764e-01
3.319657941422407248e+02 4.193063297714113569e-01 -1.069479349593465045e+01
3.332826695476377949e+02 6.342888281078499224e-01 -5.144584784622943552e+00
3.087236475963652538e+02 4.387295240118286310e-01 -1.581951741836967074e+01
3.524320656510544723e+02 5.617522814721827018e-01 -2.338737134169220980e-02
3.350427625487937462e+02 3.154696806137111675e-01 -2.521415099187357178e+00
3.597552160838384907e+02 1.733492792242823377e-01 -7.061731283764738354e-01
3.605996156012935216e+02 3.097111356153696149e-01 -6.676531958180461634e-01
3.486908689585437173e+02 4.987865136123072474e-01 -2.126313514554990736e+00
3.544281652799399467e+02 6.936749987817228957e-01 -4.221309818840435213e-02
3.162160604299798479e+02 5.976930086274493403e-01 -1.165450363052205507e+00
3.184450670879250538e+02 1.064753383356946276e-01 -2.529733013451700874e+00
2.754533007284938435e+02 6.485796348749672813e-01 -1.152811933297037905e+00
2.514201535901398472e+02 6.744003743506535309e-02 -1.030461786297902860e+00
2.805202784547740293e+02 7.084929445707507378e-01 -4.942115387473745791e+00
3.272316278211687859e+02 7.392135639017208826e-01 -4.874759202712574790e+00
3.195849015099510098e+02 5.753392628150718613e-01 -2.872619150002799326e+00
2.889989756047777405e+02 1.165536182305243057e-01 -1.705425659889158840e+00
2.555816405847189401e+02 7.267707288014809697e-01 -3.825437004975443589e+00
2.658517928894630131e+02 4.315155271298078965e-01 -5.305438763140646330e-01
3.292764156222548309e+02 1.803271034838939690e-01 -8.875251267848764058e+00
2.544602843102562133e+02 7.393924524317445346e-02 -1.163330079386406313e+00
2.786624354148942757e+02 2.504018771825810563e-01 -4.008324024204939384e+00
3.003067574536381130e+02 6.791973050767311504e-01 -1.973402643106482723e-01
3.236683867326523227e+02 1.927497093980120313e-01 -4.918726499863441681e+00
2.613777314372841261e+02 2.785279707350511447e-01 -9.968827461167668602e-01
2.971887922335419034e+02 1.022270168209045149e-01 -8.454496707932935839e-01
3.478988708820410238e+02 2.950912923683258748e-01 -6.088343942574838685e+00
3.191050207674729791e+02 4.531840132535139287e-01 -2.309090883720982479e+00
3.462972153599220064e+02 5.509529667490024180e-02 -9.085683226175408578e+00
3.111861777609135515e+02 5.461103117295840192e-01 -1.366604987939746785e+01
3.225187236271636948e+02 4.462533095493652624e-01 -7.192050298532518759e+00
3.129710464306949689e+02 4.632638168342161911e-01 -7.234975899463071514e+00
2.971207535187916164e+02 5.415247036058472574e-01 -2.788657023896650156e+00
3.161683275196794511e+02 4.104419455275082895e-01 -2.372413072950370960e+00
3.248988494837614667e+02 4.739334232624544119e-01 -5.768806878029512752e+00
3.086094798763161293e+02 2.823924659933291781e-01 -1.590275741280903432e+01
3.148382547991101319e+02 6.557695139063062229e-01 -2.171253811966249447e+00
3.117526208401858412e+02 2.868255420192816207e-01 -1.310369573772843133e+01
3.300524173090851718e+02 5.568560496175379848e-01 -1.116327465711119693e+01
3.120139829314181270e+02 4.226891496320325792e-01 -1.185487633984583944e+01
3.369554735946165920e+02 4.879787840654952191e-01 -1.673117852311940545e-01
3.174901102023454200e+02 7.499197656608395102e-01 -6.628223857154107446e-01
3.253678016635387849e+02 4.205545860274066405e-01 -4.395245199889759924e+00
3.259604723428788589e+02 2.873038221596361241e-01 -3.142599386358859714e+00
3.138239518366709717e+02 3.815757947367202085e-01 -5.829626793037519406e+00
2.933188517853146209e+02 6.006306123297622257e-01 -4.192951599182474176e+00
3.179100490118367475e+02 3.618024228252307850e-01 -1.582342510679804803e+00
3.092310365578833853e+02 2.641743404651131777e-01 -1.756180747720666702e+01
3.446593947441710952e+02 1.339451418319950460e-01 -1.257816138917895188e+01
3.124247063059615357e+02 4.748617026090017901e-01 -9.604060125172981799e+00
3.097342828475134411e+02 3.076847273562149376e-01 -1.858858666720609421e+01
3.142577259055527179e+02 3.438972077374138347e-01 -5.920634687380498029e+00
2.936987703756476549e+02 5.539502235988115197e-01 -3.548216255024435828e+00
3.314980218922606809e+02 1.700496435088748037e-01 -8.129128736356069140e+00
3.042164748614670202e+02 2.694227336777249571e-01 -8.995647271903204345e-01
3.084227944914263162e+02 4.850937731654865748e-01 -1.456151169070831131e+01
3.070350585704757691e+02 6.037356898123543703e-01 -6.789566188410522507e+00
3.146241739756177367e+02 5.549884022229648606e-01 -3.103337657831876761e+00
3.133105625127744247e+02 5.809313843614533068e-01 -4.789911660583859643e+00
3.323063225899743429e+02 7.610222875590487712e-01 -7.195389750224218339e+00
3.119996303036376730e+02 5.812054725894683083e-01 -1.026039407384801549e+01
3.036125242241192268e+02 6.084586420126849582e-01 -3.291652147624245517e-01
3.085075555277516060e+02 6.414219004774666111e-01 -1.319379308931718953e+01
3.051507137234556239e+02 5.586691945622428435e-01 -2.613480630860357756e+00
3.061722710972157984e+02 6.252420154134301633e-01 -4.474907743558773632e+00
3.010963352441296479e+02 5.915904969150875825e-01 -1.822057148460477227e-01
3.082292127084328968e+02 5.805997145335705101e-01 -1.273985347623881026e+01
3.038488258653649723e+02 4.516369425849610098e-01 -4.201260457184552988e-01
3.109206412763853109e+02 6.442835690843766727e-01 -1.299980476939080809e+01
3.034451905053128371e+02 1.788165687847891872e-01 -4.349154439134533812e-01
3.265568002158619834e+02 5.675250263078551738e-01 -4.675287552907756883e+00
3.084281180877247834e+02 2.376793755177598888e-01 -1.436106355913521604e+01
2.874691448268225713e+02 3.869447286551350174e-02 -2.488480179261611358e+00
3.285349818994561701e+02 2.413275900466259616e-01 -9.248322844637591800e+00
3.473694408021898994e+02 1.528734229112446545e-02 -2.606083010466242023e+00
3.117414208116384202e+02 5.898617847771111533e-01 -1.096516297581807464e+01
3.323670509493390455e+02 5.237850041121335787e-01 -8.743053273501613987e+00
3.207845461763894832e+02 4.143919033007106290e-01 -4.837164432301357841e+00
3.051154050105101305e+02 6.516681746137626963e-01 -1.945709356578585236e+00
3.028663380241271739e+02 5.912710488244600215e-01 -4.849278444789215659e-01
3.433049583505609235e+02 1.024562007056764590e-01 -9.674719106921271461e+00
3.427937234274359639e+02 1.695391929070441117e-01 -8.633788965766727941e+00
3.095735977931612979e+02 2.976039608564746697e-01 -1.850269477722693168e+01
3.258149316585137285e+02 4.345946847321628947e-01 -4.173657170841228670e+00
3.294378058909514380e+02 3.971665161926724585e-01 -1.214783315492353033e+01
3.216319751512261860e+02 6.580395612765328472e-01 -6.110176960692273340e+00
3.087332994940030630e+02 2.833629399559497997e-01 -1.672168070776828941e+01
3.303089320774139424e+02 2.107558199338083471e-01 -9.768579054921664451e+00
3.101669341680366188e+02 6.279980265199776313e-03 -6.259056209470378329e-01
3.272805010482613284e+02 2.463078156930011142e-01 -5.208693601944818674e+00
3.296954105600714229e+02 3.785197800719117822e-01 -1.216080019970301329e+01
3.314615488893772977e+02 2.559593387324136660e-01 -1.065306854852500962e+01
3.092421999244236304e+02 5.313697266125326779e-01 -1.690782559673134600e+01
3.118609843491747711e+02 1.341594701881893004e-01 -8.395945638726342253e+00
3.414888013406556411e+02 3.927045119911665716e-01 -3.144359729044862384e+00
3.079571344408657296e+02 2.419578181747399082e-01 -1.161801041513052724e+01
3.267546035956314654e+02 3.726909653388505994e-01 -4.501344788493673477e+00
3.316552771096662013e+02 3.232888197698327026e-01 -1.107049832161709269e+01
3.146599386301626282e+02 4.797556869741175234e-01 -3.839017197627313749e+00
3.384032667071788865e+02 1.932153059132016293e-01 -1.960863700685144595e+00
3.256614332320042422e+02 3.998082814149411246e-01 -4.093147323043512920e+00
3.099432262471928539e+02 3.047826127523216022e-01 -1.842645785027837135e+01
3.265284773759732388e+02 2.988206248183454261e-01 -3.646639253061347397e+00
3.118733836911078470e+02 2.500392771113256751e-01 -1.203740062282331991e+01
3.461740948262756774e+02 2.107621863910839888e-01 -1.116176144379484114e+01
3.094768102880732954e+02 2.999990995607297317e-01 -1.834001074716974600e+01
3.080937949068236890e+02 3.087370013333827767e-01 -1.308792042790573618e+01
3.096381442102910455e+02 4.707641916922653547e-01 -1.788486793860406365e+01
2.727972317159666886e+02 3.047590097931471842e-01 -6.859367666816705844e-01
3.078355321809186762e+02 2.858657981203173715e-01 -1.199476949800760828e+01
3.358597642778355521e+02 3.683752096724737801e-01 -1.072410261101048423e+00
3.048244768162875289e+02 5.047948557405399495e-01 -1.765869593346013122e+00
2.884204406589693122e+02 2.343273452925943856e-01 -1.991489336248848607e+00
3.129288975425083663e+02 2.892597794607091877e-01 -8.709070422374251663e+00
3.265951402035951219e+02 2.652103538828974316e-01 -3.301274530181599776e+00
3.150836389888231679e+02 6.441261581227273325e-01 -2.048841332822290084e+00
2.965509008269836499e+02 4.020986725620853131e-01 -1.949499082769408309e+00
3.103769875106308973e+02 3.905404805981853023e-01 -1.766937151074063195e+01
3.291807089772069048e+02 2.440393718438932658e-01 -1.065858776279439368e+01
3.112091768840494410e+02 4.486131526209105047e-01 -1.480240166180075079e+01
2.895435332535151360e+02 4.662666866164507096e-01 -4.130779720645398001e+00
3.107029869882097728e+02 2.955422067608690084e-01 -1.662365657815374220e+01
3.104008114229495163e+02 4.166942738387040546e-01 -1.746530526870186151e+01
3.099053587128888125e+02 4.939786390322598031e-01 -1.734452333594237672e+01
2.726130557603615898e+02 2.009538690173699044e-02 -6.346589433083877907e-01
3.091003787130794649e+02 4.502174844748280669e-01 -1.721826476509250270e+01
3.108755106046523906e+02 6.004622029229889080e-01 -1.356265318008482090e+01
3.099353828653079290e+02 3.961075732359107815e-01 -1.833130010912470809e+01
3.107363477830137981e+02 4.518605802239647473e-01 -1.604243280991043719e+01
3.094495152742093751e+02 3.077803715360600267e-01 -1.840207265929081260e+01
3.099607500128240076e+02 4.686649969391407655e-01 -1.764728804797245942e+01
3.093837331936043711e+02 2.869139509914429564e-01 -1.822578994856652201e+01
3.084496164942750625e+02 3.549071895619180239e-01 -1.523159260437759421e+01
3.103140612657838346e+02 4.895295635244633070e-01 -1.665059021131391148e+01
3.259773016196199933e+02 1.773891575589933156e-01 -1.846038404073062855e+00
3.097989433947014959e+02 2.074036889504825010e-01 -1.642599223763138383e+01
3.102552807558827794e+02 3.060122112949812401e-01 -1.816337186272162896e+01
3.115650536415194551e+02 6.722732688052772687e-01 -1.080178878618717775e+01
3.249485399546165354e+02 1.282967274823708925e-01 -1.545119179709870894e+00
3.090029582377850943e+02 2.196839418106398267e-01 -1.600697583470524776e+01
3.109765750295442786e+02 3.287427038212875074e-01 -1.615989564975075865e+01
3.095714374628067276e+02 4.005649260678595391e-01 -1.849691621813589748e+01
3.102909902620101548e+02 3.235527433355491200e-01 -1.783384041666514008e+01
3.107536855868004295e+02 4.305073683309503796e-01 -1.626651870584492698e+01
3.081166678820866309e+02 4.089452353850149269e-01 -1.284790935941402878e+01
3.094237841892997949e+02 3.966058075101767666e-01 -1.837828839644925338e+01
3.100096962665727460e+02 2.755767767977722049e-01 -1.812128912986260332e+01
3.102551747819247794e+02 4.459646679544794212e-01 -1.759099676567377202e+01
3.088138131035751712e+02 4.065371769545688685e-01 -1.686672601843267216e+01
3.092147757601034641e+02 3.170332530100996582e-01 -1.812496402748790914e+01
3.128586442873947817e+02 3.855348454498524480e-01 -7.988081550001517428e+00
3.104746475476931664e+02 3.782318317367214799e-01 -1.723301412691365542e+01
3.103645624380501431e+02 3.577524157139467809e-01 -1.783036427112342892e+01
3.100775271883613868e+02 3.191117317193934433e-01 -1.850350757920324796e+01
3.087823693897751696e+02 2.889197922116323869e-01 -1.676542778577152149e+01
3.090866842926164964e+02 4.819914689543705055e-01 -1.695432558620137087e+01
3.083221078408031417e+02 5.058691509982218282e-01 -1.331286618567690994e+01
3.108915159035460647e+02 2.949972205957530069e-01 -1.599435905806317137e+01
3.062860718512351923e+02 4.997633495743343812e-01 -5.398497636864170168e+00
3.100358701096412801e+02 4.033934544288352853e-01 -1.828224426802666258e+01
3.099829092440750173e+02 3.487010319021419669e-01 -1.853617149193594571e+01
3.106713247312452495e+02 5.078054772668293415e-01 -1.594847393860756135e+01
3.111617737490668105e+02 3.934168193028901306e-01 -1.526485649844188863e+01
3.103335678235397381e+02 2.790700683316408304e-01 -1.750483900916530544e+01
3.089807087283217584e+02 5.036315184713942017e-01 -1.677666442719794304e+01
3.094277881556379839e+02 3.388251341598382815e-01 -1.852180788406170109e+01
3.097730486366167497e+02 4.328445408769021063e-01 -1.821061181053184796e+01
3.096911538895272997e+02 3.347067902046050869e-01 -1.868889632157275571e+01
3.097993652504823672e+02 3.274310109106247646e-01 -1.867190848839747375e+01
3.097255110970209557e+02 3.010625866427982800e-01 -1.854208388667651519e+01
3.087209263366841583e+02 4.730246116291368930e-01 -1.557432956854765571e+01
3.095144191718690649e+02 4.366874293752259217e-01 -1.822276889991731963e+01
3.095680453431698993e+02 2.902865017248154600e-01 -1.843277294991638016e+01
3.101995814485767369e+02 3.040349150755190522e-01 -1.814726029449382239e+01
3.103638286043482140e+02 3.119180900378260013e-01 -1.779766162703907995e+01
3.098956605926626366e+02 2.498741457114870279e-01 -1.764487106763356650e+01
3.104556240790919333e+02 3.237793459547946284e-01 -1.785132105278216486e+01
3.089743806800497623e+02 3.095523552199591077e-01 -1.758975323133070390e+01
3.097359112461346626e+02 3.166900637588114797e-01 -1.863714573540804764e+01
3.097142903720951495e+02 2.747495709777514894e-01 -1.824998579804813659e+01
3.102581453241609211e+02 3.037417595825935290e-01 -1.814836253617762907e+01
3.100565320617827751e+02 1.784412980079650990e-01 -1.481116556935381823e+01
3.101812751572189200e+02 3.420981175103414151e-01 -1.825879282829837180e+01
3.092687650214686528e+02 3.575486179596197855e-01 -1.818320012905773098e+01
3.092038198680765504e+02 3.218321442440381097e-01 -1.814860935423910604e+01
3.092837773058768107e+02 2.775688540609608235e-01 -1.775748769578236264e+01
3.093947135527860155e+02 3.168077430868507793e-01 -1.846185536771382729e+01
3.104222728261144653e+02 3.547202646498178180e-01 -1.784504984620807377e+01
3.096554728916815975e+02 3.371236769352644602e-01 -1.868098895028834505e+01
3.098557428635211295e+02 3.412593542943533897e-01 -1.868779421852799771e+01
3.092653953843872046e+02 4.340347211102886793e-01 -1.782146889411847468e+01
3.094416881573955607e+02 3.248390477523386832e-01 -1.848823796599027602e+01
3.094019488780415941e+02 3.892276349670577562e-01 -1.841930902834774741e+01
3.088385534062806528e+02 3.270146263431650269e-01 -1.698483066649301065e+01
3.100159980872576853e+02 3.894090833348200498e-01 -1.837760119470242159e+01
3.101881871461627043e+02 3.576271001649953263e-01 -1.823339567399262862e+01
3.099050595109252413e+02 2.703652823530484639e-01 -1.804213704014026476e+01
3.095519535861659506e+02 2.831161767244339249e-03 -8.007177918062514665e-01
3.089403773512896123e+02 4.364428120095211749e-01 -1.735752058335308945e+01
3.103835612287271033e+02 3.295261607014805527e-01 -1.785565037248824893e+01
3.099360406494574249e+02 3.503447232991610538e-01 -1.853290341650668438e+01
3.098434376126664915e+02 3.623625135665346497e-01 -1.865916815616145996e+01
3.102686071369618048e+02 2.664814648657800045e-01 -1.771011204952626628e+01
3.092668520829943191e+02 3.039525834748238453e-01 -1.803434281623753677e+01
3.103422722971886856e+02 3.726015682769493464e-01 -1.776972591228038212e+01
3.098687332328275374e+02 3.797949928584408719e-01 -1.859130913188887035e+01
3.095832177362669313e+02 2.884556660023364638e-01 -1.841161850859999305e+01
3.093825383588163049e+02 3.609728449576486975e-01 -1.851887160977889124e+01
3.102089883541536324e+02 3.077090413027899207e-01 -1.817142017176015401e+01
3.095986321430032149e+02 2.937701036035782476e-01 -1.846497449254009737e+01
3.096819131976707240e+02 3.061518707941562889e-01 -1.855905424469816367e+01
3.094376714039814260e+02 3.171890315694790297e-01 -1.845746209393622550e+01
3.097516173588964534e+02 3.705536266581648253e-01 -1.863433920231314289e+01
3.091495658620860354e+02 3.258819112265813889e-01 -1.817425882557910910e+01
3.097975256697672535e+02 3.290809971159160963e-01 -1.867580750347607221e+01
3.094216324318536522e+02 3.791789958338235289e-01 -1.846070750613399269e+01
3.095883512840465528e+02 3.484645996128807877e-01 -1.868965225089294435e+01
3.093635659476144042e+02 3.385806244368787521e-01 -1.853054909510348836e+01
3.098900146367988668e+02 2.995750893543042692e-01 -1.838741988662827609e+01
3.094214379753620960e+02 2.999683589391321514e-01 -1.834798662309725614e+01
3.095476265213171132e+02 3.332616912879723392e-01 -1.868491147834961552e+01
3.091956822196748931e+02 3.207518670513722081e-01 -1.814572568893002114e+01
3.097650550890973591e+02 3.354219423234688913e-01 -1.868724777857054065e+01
3.097282348758939747e+02 2.880333297785946933e-01 -1.841964531134086513e+01
3.097923953135000943e+02 3.874930220207809528e-01 -1.855271695291455103e+01
3.098760181259593764e+02 3.167669059197001924e-01 -1.863197051631539836e+01
3.102730110248056121e+02 3.557931614802322118e-01 -1.824402147995352763e+01
3.095140783887902103e+02 3.561700210133221800e-01 -1.868705595285003795e+01
3.099780970755933254e+02 3.458974643826713269e-01 -1.853907649248673195e+01
3.099106609477930760e+02 3.351458367968003227e-01 -1.853805658826905045e+01
3.095736542120463923e+02 3.306973842566783284e-01 -1.867764369508479305e+01
3.096818053542123721e+02 3.396705789533274178e-01 -1.868104594698503362e+01
3.093296056306699597e+02 3.050161145703988441e-01 -1.840053410815059109e+01
3.100209429155067937e+02 3.475911956304340578e-01 -1.853822742784466371e+01
3.097709450031096026e+02 3.286847621059227342e-01 -1.867588728524517805e+01
3.101266717364974852e+02 3.502239772333093359e-01 -1.824599198563772973e+01
3.090930726871685010e+02 3.434497183017574673e-01 -1.767406491286516257e+01
3.100215625394757808e+02 3.701029955153414264e-01 -1.847816726642680862e+01
3.093516956801002493e+02 3.616668084675577766e-01 -1.852171155082992726e+01
3.096195035940361322e+02 3.358673018021781642e-01 -1.868260976062072842e+01
3.094029136611923718e+02 3.451497376027574671e-01 -1.852958412326819726e+01
3.099409599470597527e+02 3.485372597694729735e-01 -1.853553388016027270e+01
3.097857819330913571e+02 3.281224881431163976e-01 -1.867406606270518665e+01
3.096767560997709552e+02 3.532837062005790840e-01 -1.867777368130466442e+01
3.096694074956802751e+02 3.237978769084757236e-01 -1.864992964133361042e+01
3.098086320308930226e+02 3.375540192660145267e-01 -1.868771548432083307e+01
3.097460568190838899e+02 3.413573431864749264e-01 -1.869143737696983010e+01
3.096401593378106440e+02 3.428107140427443245e-01 -1.868622073523974692e+01
3.101295399826587982e+02 3.260195024419756393e-01 -1.824175454736017699e+01
3.100863255005291421e+02 3.337688926393995170e-01 -1.825112697817407081e+01
3.099403419572639109e+02 3.277132312706360628e-01 -1.852742253764207092e+01
3.097189290689084373e+02 3.372445418964266639e-01 -1.869047362762245612e+01
3.097768875768697967e+02 3.308135214568738158e-01 -1.868004719028674288e+01
3.097569154802050093e+02 3.546597909546944094e-01 -1.867955082743307571e+01
3.095163057632115056e+02 3.550183046980880386e-01 -1.868870102910850406e+01
3.099913536355014116e+02 3.468891640890440775e-01 -1.853840590436945490e+01
3.097378140673745861e+02 3.404258342166145423e-01 -1.869151816042639069e+01
3.097962134573377853e+02 3.309318993549818511e-01 -1.867958229916701995e+01
3.099388242185187892e+02 3.372168794469052044e-01 -1.853995667058868690e+01
3.096221648947854987e+02 3.350671224470072040e-01 -1.868126610332810955e+01
3.097664921285833088e+02 3.458220102261460038e-01 -1.868982593718022756e+01
3.099875637842511651e+02 3.337387629545287004e-01 -1.853796319401032022e+01
3.099081947974048603e+02 3.417512913503132910e-01 -1.854000328225542660e+01
3.095541117559735085e+02 3.382016957390825418e-01 -1.869092038441335291e+01
3.098447969920953824e+02 3.292825873540990989e-01 -1.867451700554668292e+01
3.098556935398585210e+02 3.300116890613726262e-01 -1.867563820792972962e+01
3.099957383630863319e+02 3.408041724192471533e-01 -1.854175626927556308e+01
3.096485805892940562e+02 3.458917068004943030e-01 -1.868555687858570025e+01
3.096967325328790821e+02 3.301636574329638307e-01 -1.868157749494280395e+01
3.096378150785329808e+02 3.449446669641166308e-01 -1.868661210704694042e+01
3.098491817196803026e+02 3.510719593058950760e-01 -1.868235861442068568e+01
3.095951438713178163e+02 3.450779273604401842e-01 -1.869024907656372037e+01
3.099177396592532432e+02 3.410876452850774010e-01 -1.854030562659839276e+01
3.096327910592027024e+02 3.438243664660055599e-01 -1.868703013691557047e+01
3.097741633657385023e+02 3.368775524097884499e-01 -1.868834610058017631e+01
3.097680813891332150e+02 3.519947428827512326e-01 -1.868357883670855202e+01
3.095189834197713026e+02 3.471123226757326097e-01 -1.869613324040520297e+01
2.999515488322446117e+02 7.223929783309641639e-01 -3.401066653951725360e-01
3.302077875958412960e+02 6.236519929832495812e-01 -1.046978790659735381e+01
3.056988008722780137e+02 3.674871531431495031e-02 -9.408869113585187627e-01
3.620279395405969467e+02 2.281888262815176815e-01 -1.154791743582637364e+00
3.295010861520275398e+02 1.241375986077372651e-01 -5.977692202503532393e+00
3.155588370843709640e+02 3.256433566817749092e-01 -4.424470693529558574e+00
2.969124329389293280e+02 1.627156128695306514e-01 -7.640165229509503497e-01
2.764828815737369609e+02 7.979702522686388244e-01 -1.644122605316077346e+00
2.748346636583740974e+02 7.300973119128647548e-01 -1.514296209257861126e+00
3.206292582870304386e+02 5.548418472329192941e-01 -4.518932193727039248e+00
2.929113577430519513e+02 2.676764276096786355e-01 -1.047728896793050701e+00
2.741623642105488443e+02 6.977661896345609405e-01 -1.929375858523115994e+00
2.851018528290915128e+02 2.994041058559278046e-01 -6.633894319648984350e+00
3.362575321039200844e+02 6.940610305220480392e-01 -2.531618883444367585e-01
2.890066317357035359e+02 4.137179186026263555e-01 -3.546920164072848713e+00
2.858137140989195473e+02 5.892848536584089914e-01 -6.867887909664943891e+00
3.110506206052821199e+02 4.868895802814392493e-01 -1.505324183108305647e+01
2.718761443953104049e+02 3.431933165189763879e-01 -2.249313616896608803e-01
2.624942024670715455e+02 1.581947168141355775e-01 -1.177735773996339309e-02
3.336123499618734058e+02 6.721867243661372449e-01 -4.490868189394642940e+00
2.869351413612191095e+02 1.494165556434944864e-01 -3.184924851454512762e+00
2.559549967559637196e+02 4.603049428044880265e-01 -2.916319034397799381e+00
3.397661025050185231e+02 2.329898103635271167e-01 -3.836601268876531634e+00
3.127338733154058446e+02 5.677823791135988563e-01 -6.951682863122369049e+00
2.535242592052548787e+02 7.575484965981617025e-01 -3.990430725774496423e+00
3.195466614572169988e+02 2.057277419482164693e-01 -2.517371236946200241e+00
2.481054814256879979e+02 7.175141375255410237e-02 -9.132225860268825546e-01
2.986538817300229312e+02 7.659794169963465293e-01 -1.765025839531764618e+00
2.960472442205164612e+02 4.028197022973419306e-01 -1.908265749169270054e+00
2.943616825393405634e+02 2.779518943424161281e-01 -1.742104287285064279e+00
2.601190047609212570e+02 5.231029725471419978e-01 -1.484550588903645663e+00
2.728065771127513131e+02 5.069856743297375123e-01 -4.898040888238452406e-01
2.591732031302404948e+02 6.840011374943889555e-01 -9.157835834689147525e-01
3.052236519473419776e+02 5.692271269878256268e-01 -2.577265322330087205e+00
2.691306491635967291e+02 4.556334089634522799e-01 -1.996713939753228972e+00
3.642541031419152660e+02 3.308457469886900704e-01 -1.311139658937293895e+00
2.489270581795477995e+02 1.680175609815334203e-01 -1.214108647225741411e+00
3.703652975829650700e+02 6.699081650469604909e-01 -9.666165570014905173e-01
3.590300083634089106e+02 3.699487361946742769e-01 -5.547511610078382782e-01
3.435446941193030170e+02 2.832103486223273153e-02 -4.169160177517444055e+00
3.324087776516237227e+02 2.251617243205303667e-02 -5.148671858129709733e-01
2.513595253011817476e+02 4.181865133134537449e-01 -1.275293183723834156e+00
2.788868332622693060e+02 2.458344112454310948e-03 -2.338775411067146592e+00
3.382226785942658012e+02 6.006588379107055120e-01 -2.120702916633875612e-01
3.024070399687749955e+02 3.660604159221705345e-01 -2.775046603290133862e-01
2.702351629290969868e+02 3.460018434984490354e-01 -5.894308124062594967e-01
3.038382477670340336e+02 3.880364636256412036e-01 -4.293333906862847327e-01
3.445099427183080252e+02 6.421782574364788276e-01 -1.194185440950507715e+00
3.347723791919660243e+02 7.388862466224191961e-01 -2.246061092514114232e+00
3.076264607167077543e+02 3.058139833615802772e-01 -1.101881678270783560e+01
3.215881822026072996e+02 6.338699921216242039e-01 -6.163828494116216028e+00
3.278325287511089527e+02 1.044622307265311439e-01 -3.173415828926617444e+00
3.544836427563236612e+02 5.792242447741265954e-01 -4.319119418375765018e-02
3.273169282148691082e+02 3.980567878595365205e-01 -6.142115506784691981e+00
2.646887179727766579e+02 5.354363200744137741e-01 -5.307935222447284218e-01
3.139089812920142322e+02 4.297579213331557679e-01 -5.258733366594610104e+00
3.598079334437537682e+02 7.705231384107971149e-01 -2.909571594203976819e-01
3.471334325720252423e+02 5.976619543173530835e-02 -8.292908288540164818e+00
3.648771140380393945e+02 1.135607191906200936e-02 -1.159503945941767478e-01
2.553172490494162332e+02 7.505784137810718182e-01 -4.672758855539277612e+00
3.483618915888904439e+02 2.122997685681252966e-01 -6.634609425828056573e+00
3.172100238609885992e+02 4.269799310692513894e-02 -2.287584684498890741e+00
2.914099901706877063e+02 2.865396524170319981e-01 -7.365572403963505099e-01
3.684302040543669250e+02 1.436764855425727017e-01 -4.439231170005033533e+00
3.152724580496472413e+02 3.770263396610314399e-01 -4.139002210833582218e+00
3.405029666671326254e+02 5.948358476315469545e-01 -2.029189962322827778e+00
2.527304734643686572e+02 4.327029100387919103e-01 -1.676796613972581174e+00
2.805642551889940250e+02 4.957605251203927033e-01 -4.114455740007072038e+00
3.664085743178860639e+02 1.011101660687568765e-01 -1.996989113573199193e+00
2.829065428603192345e+02 3.189187273217735097e-01 -4.007417716564869004e+00
2.574066988479526117e+02 1.193844456000198034e-01 -1.734302509554884741e+00
3.081984277005885815e+02 2.506611808209661674e-01 -1.369246706963590121e+01
3.626291020208061013e+02 3.594225578125544440e-01 -1.002916821918180101e+00
3.365634270671954482e+02 5.183784760380555356e-01 -1.764893917181944438e-01
2.662420523085680770e+02 7.882491129440795108e-01 -2.870867884957618354e+00
3.688145207876096379e+02 7.267485348174772264e-02 -3.210152090524097002e+00
3.501858475354441111e+02 4.661061870009803321e-01 -7.776412801861383173e-01
3.420065355473474256e+02 1.913678175149137739e-01 -7.031207523298951934e+00
3.230664348379760327e+02 1.788789325426831944e-01 -4.928471429788590541e+00
3.240424130798080000e+02 2.937577964039731482e-01 -6.339456701509731396e+00
3.096627621844217515e+02 6.310273407779591892e-01 -1.595926372689416084e+01
2.635966025747827643e+02 2.161332045958764825e-01 -1.392267615426180660e-01
2.896423214782587365e+02 6.123094877515832257e-01 -5.908415865635684661e+00
3.585045363527422069e+02 8.324880082982560880e-02 -5.251635002435083299e-01
2.837861227966534443e+02 4.966805328134374919e-01 -7.370256894687385874e+00
2.812455205471177919e+02 6.567790603612750910e-01 -5.531793720700674655e+00
3.183404666381627521e+02 7.837441408556244937e-01 -1.391163196881722852e+00
3.555103184229139401e+02 5.506752195504215353e-01 -2.061870514553192368e-01
3.498813934187888890e+02 4.434080494035310682e-01 -1.099311952144746085e+00
3.525131312826727026e+02 4.734568336565753710e-01 -6.549845302576283446e-02
2.497930575542307565e+02 1.296658503113738148e-01 -3.718650255988086295e-01
3.008568107835808405e+02 5.405580104784695195e-01 -7.834670455758925567e-02
3.521050693605566266e+02 5.568095189511318432e-02 -8.963504033925557835e-01
2.776380947840798399e+02 2.464358846975039929e-01 -4.259270998387637341e+00
2.611810231977339640e+02 7.114916741248978882e-01 -1.172020145505170863e+00
3.258957116741337359e+02 7.185717541482412596e-01 -4.446710031742330926e+00
3.567654513667654896e+02 1.982198230496988733e-01 -1.754187134118077251e+00
2.938933187357408769e+02 9.365266158882298853e-02 -1.456466262696039515e-01
2.675227581016989689e+02 2.589847834600167431e-01 -1.149046099274192712e-01
3.461522432137676901e+02 6.490879203737034420e-01 -1.254862212464713966e+00
3.102180129015558236e+02 3.290217065881115843e-01 -1.825320580475565535e+01
3.098960625360378458e+02 3.277905642283571175e-01 -1.852690443024916789e+01
3.097951284446558020e+02 2.804771650382130166e-01 -1.832557571615482672e+01
3.096192156496488224e+02 3.487770607728701844e-01 -1.868685708693717373e+01
3.098101597746712059e+02 4.197811126708984597e-01 -1.832456322997987996e+01
3.102292954993993135e+02 3.963726758956909180e-01 -1.803835129872736687e+01
3.100943042944998069e+02 3.005253307021772402e-01 -1.811612883937893415e+01
3.093732339005528615e+02 5.115067822647406670e-01 -1.736820258045322163e+01
3.096875163970115068e+02 3.505411858251115120e-01 -1.867973400167156584e+01
3.095312768313218044e+02 3.758301500694590791e-01 -1.862923602243729704e+01
3.099483474816603348e+02 3.357730350799919550e-01 -1.853921108355927672e+01
3.093973098691817540e+02 3.636376618095853996e-01 -1.851146515400363413e+01
3.090246025613711254e+02 3.411589984287968225e-01 -1.768858302186192333e+01
3.095892087411396574e+02 4.041871249002992328e-01 -1.847210857830970099e+01
3.097797910004910591e+02 3.347328186035156694e-01 -1.868595670248063811e+01
3.099546479010626285e+02 4.689677715301514005e-01 -1.764354765792026924e+01
3.072599924625263839e+02 6.565086153214263476e-01 -7.200743012581780178e+00
3.102592990358717771e+02 3.559867157906205226e-01 -1.824261122669537016e+01
3.092995380053015992e+02 3.214320422822344314e-01 -1.812807283652422186e+01
3.097194627681211614e+02 4.329546179453190868e-01 -1.821011981923379608e+01
3.099943761581756689e+02 3.770880743188945727e-01 -1.844582312505436406e+01
3.098513430287399615e+02 4.199514498006325924e-01 -1.832255466072739836e+01
3.093519533811037263e+02 3.455500841140747292e-01 -1.853673140089503590e+01
3.099713480761981828e+02 3.022483429151484602e-01 -1.840865570705642895e+01
3.101950150770700247e+02 3.849731474855198066e-01 -1.811108641960540666e+01
3.102847754202792885e+02 3.305096479403641929e-01 -1.784664397564916172e+01
3.089470191445987552e+02 3.790193105063581203e-01 -1.766397765163036127e+01
3.097137444093882550e+02 4.400949561678058619e-01 -1.814303064993560355e+01
3.096469509161944416e+02 3.724345535252263084e-01 -1.863313788087893386e+01
3.090922779247204062e+02 3.532993471246958506e-01 -1.767626902591099025e+01
3.097551157818321030e+02 3.873719453811645952e-01 -1.855418501608789583e+01
3.100567419776066345e+02 3.866068877988013686e-01 -1.839577019444907435e+01
3.104099962189505959e+02 3.523783375072744306e-01 -1.784919290341643361e+01
3.091036889245788188e+02 2.520325126330322796e-01 -1.683069271385590326e+01
3.098808628207528955e+02 3.646148164620821586e-01 -1.865144856556254638e+01
3.089951978410265383e+02 4.108452977671115391e-01 -1.751012415377511289e+01
3.099812211591143409e+02 4.218594137890291917e-01 -1.812863443990864454e+01
3.093505684450381068e+02 3.217104122142442346e-01 -1.848979312467865910e+01
3.100311017080844636e+02 3.678563248053492440e-01 -1.848734789942649570e+01
3.094973020365563912e+02 2.956113425998251887e-01 -1.849203237319859383e+01
3.104941294704443067e+02 3.454027342157688363e-01 -1.735057888472437782e+01
3.070674882001126207e+02 4.807994100263873749e-01 -7.513194374429247091e+00
3.088578983868977161e+02 3.308898003186511172e-01 -1.698969973543007583e+01
3.098056825224117574e+02 4.000051377827578136e-01 -1.847455193218069169e+01
3.096285771272208649e+02 3.327110128812812984e-01 -1.867682388540646343e+01
3.100819594235233012e+02 3.461910629920013083e-01 -1.824880690792998195e+01
3.098295172702929108e+02 2.622902654365859010e-01 -1.803700101597767969e+01
3.489221171833783046e+02 7.542707904780105999e-01 -7.419016335801386086e-01
3.095444903480818084e+02 2.809697750709942432e-01 -1.832595082234059092e+01
2.620609728971224968e+02 3.392850299178968299e-01 -7.925747148389961083e-01
3.096440192497110502e+02 3.317985690506777274e-01 -1.867370248365827479e+01
3.101065372642871694e+02 3.334378360630374516e-01 -1.825213007164775192e+01
3.140907534078129402e+02 5.250102139785699507e-01 -3.966229546084772739e+00
3.097844410171059621e+02 3.554912745418857822e-01 -1.867719388389305735e+01
3.095054599178469061e+02 3.799677464250670877e-01 -1.861369354215220184e+01
3.092569014918292964e+02 2.695360632615029783e-01 -1.764524862044203957e+01
3.098854081854927927e+02 3.214639584447366860e-01 -1.850954992719677961e+01
3.098206674665038918e+02 3.162246465316701505e-01 -1.863173281820590432e+01
3.101396960995315339e+02 3.716884962634499079e-01 -1.817782951347187392e+01
3.092974773475363008e+02 3.533715949976774517e-01 -1.818123095528518718e+01
3.096932386068028222e+02 3.106045503150688947e-01 -1.860781321814701528e+01
3.099278977600437770e+02 3.575190847690154494e-01 -1.851806887738970531e+01
3.099600520236986085e+02 3.073994324095415398e-01 -1.844369139431389826e+01
3.090354348255729064e+02 4.258901345662813864e-01 -1.740849934222553586e+01
3.094833469269175907e+02 2.935541022279450907e-01 -1.828089854756481714e+01
3.097139050761001613e+02 3.363460420674615481e-01 -1.868987684684215722e+01
3.097681417267962161e+02 3.005429084669717366e-01 -1.853617904158432594e+01
3.093017181245762686e+02 3.472416372937011664e-01 -1.818160457469890900e+01
3.098167447705806694e+02 3.781600311755375365e-01 -1.860035309401440529e+01
3.096889541455154813e+02 3.844999343338280640e-01 -1.857860705033188964e+01
3.097390805736142738e+02 3.249756353230052741e-01 -1.866750846193546565e+01
3.097795509559483662e+02 4.283048960298020957e-01 -1.825155549230528962e+01
3.089847938825816414e+02 3.840165970044928101e-01 -1.763811984351492157e+01
3.098491218571169838e+02 3.867017303441828702e-01 -1.855589218420461606e+01
3.152741884021470469e+02 2.639830182473463793e-01 -5.613248469147063879e+00
3.097093793562045221e+02 3.591763780669787742e-01 -1.867125265255816657e+01
3.097321988913701034e+02 3.540345295443281248e-01 -1.868137389680656568e+01
3.093812939068966443e+02 3.407794545078514648e-01 -1.853028843450413277e+01
3.233531214643319913e+02 4.660537673201074482e-01 -7.753862297007565907e+00
3.094768932161256885e+02 3.102588184687611883e-01 -1.841387125806442171e+01
3.094421157209035300e+02 3.689285127477313075e-01 -1.849224629784128382e+01
3.096951919250244600e+02 3.806587882818023849e-01 -1.859106600607641369e+01
3.097464546058370729e+02 3.452140196678365469e-01 -1.869076025142724973e+01
3.100391211222863603e+02 4.202868693048912307e-01 -1.814465080674277431e+01
3.099098200438218100e+02 3.376321069964446919e-01 -1.853963221594596789e+01
3.099221831814934944e+02 3.237684964800610077e-01 -1.851721726586531602e+01
3.100011380994712908e+02 3.385776437514171899e-01 -1.854158084089612046e+01
3.147387148314261367e+02 6.558941281606908147e-01 -2.355215140802489504e+00
3.097038673706218788e+02 3.533103043762351181e-01 -1.868340494175107835e+01
3.097188195621548630e+02 3.409229998236878445e-01 -1.869223675066466583e+01
3.095975959396962480e+02 3.401751491915967485e-01 -1.868872995769523015e+01
2.933655396685568348e+02 4.562944454028358132e-01 -2.940494187511018875e+00
3.098054371608113797e+02 3.030276478337110557e-01 -1.855364721807906037e+01
3.094622958983173930e+02 3.740239140734795686e-01 -1.847391783821826294e+01
3.099644237045812361e+02 3.475849999564311066e-01 -1.853714189370495902e+01
3.097853560180460590e+02 3.526082399779756349e-01 -1.868215022418214133e+01
3.095246455171218258e+02 3.579924240008577341e-01 -1.868295960065020367e+01
3.299524882025159513e+02 4.590374667221666094e-01 -1.189636997604727142e+01
3.095025463830936019e+02 3.681413850461284776e-01 -1.865899931913298460e+01
3.096636007287905272e+02 3.389646984378986150e-01 -1.868208876401752505e+01
3.097988412247246970e+02 3.206108158006087949e-01 -1.865082901878372823e+01
3.103544418367320645e+02 6.047931328697990772e-01 -1.509929958093725411e+01
3.097646898900479755e+02 3.406643959696000201e-01 -1.869070962920636347e+01
3.096756799953610653e+02 3.463344578968556298e-01 -1.868311970530321631e+01
3.096894330454146598e+02 3.348522155507205333e-01 -1.867498984638970327e+01
3.324765549960974340e+02 3.544500605517455494e-01 -9.021020184518039997e+00
3.146630357845191952e+02 6.081599345777073395e-01 -2.678294251124157643e+00
3.097317574661464050e+02 3.391147186770986921e-01 -1.869122518297559665e+01
3.098548187245707481e+02 3.568631764106207083e-01 -1.867234581320962761e+01
3.097863458327461785e+02 3.341450531010596858e-01 -1.868499421566228236e+01
3.098844841928149094e+02 3.295339973565442615e-01 -1.867357402560408630e+01
3.095898021931063226e+02 3.303277579295195165e-01 -1.867540694137601065e+01
3.095647720340476781e+02 3.207838943184473934e-01 -1.864840609186576970e+01
2.930789761586609075e+02 5.706248024734773550e-01 -4.159331570595631078e+00
3.097195391993394651e+02 3.545986988478491142e-01 -1.868072865944177607e+01
3.095726810101429010e+02 3.600764263247043240e-01 -1.867485593199691962e+01
3.096532870445676622e+02 3.558431027419395321e-01 -1.867613504193079166e+01
3.097789531094244921e+02 3.630100425835139921e-01 -1.865911418649430331e+01
3.098769486004989062e+02 3.519638941319468972e-01 -1.868026915703047663e+01
3.098131784520666088e+02 3.259513138376192165e-01 -1.866754521628474706e+01
3.096250783253722147e+02 3.477308615641689360e-01 -1.868693715216554807e+01
3.095803158081026254e+02 3.227406986012631429e-01 -1.865433052270386938e+01
3.098595396690246844e+02 3.578251820070620925e-01 -1.867012808877983687e+01
3.098553350785189764e+02 3.453905613693687982e-01 -1.868718561014180324e+01
3.097113014964027116e+02 3.399843270152149710e-01 -1.869223161939298095e+01
2.712282779449446366e+02 2.957268063017683413e-01 -1.944402225933168638e-01
2.872204499782819767e+02 3.183746334418793844e-01 -4.543894127232014135e+00
3.656044917045720695e+02 7.743055817049122602e-01 -5.679734359301054081e-01
3.598745095501224114e+02 4.122054894037581185e-01 -4.277215129841240304e-01
3.573713465143538883e+02 3.922483954111787852e-01 -9.480259489237616854e-01
3.402665641216289032e+02 1.738585192939853530e-01 -5.013582069291534715e+00
3.680446088492457761e+02 6.098309166498561140e-01 -9.353181672185263418e-01
3.698999288814310944e+02 3.916546224559366851e-01 -3.601433830949299253e+00
2.476373867005482055e+02 4.042765267607205115e-01 -4.312514031739185238e-01
2.517660759113180120e+02 4.283671735800778091e-01 -1.366189028585001353e+00
2.935606540009923719e+02 2.186147068327214671e-01 -7.593671479920373057e-01
2.569980628354151690e+02 5.125085436959495588e-01 -2.333825372612795324e+00
3.496630466804529647e+02 6.941359575070129573e-01 -5.606087812524173097e-01
3.466381150170307137e+02 3.437606815402187432e-02 -5.936389303077657331e+00
3.047648787789979110e+02 2.043869374927539673e-01 -2.297750821231177465e+00
2.907292733845937391e+02 5.796017311389375370e-01 -5.140841919000458837e+00
2.980976448931374421e+02 5.424708286327872830e-02 -1.788485025336690404e+00
2.881789993385929165e+02 9.020365139047291370e-02 -1.997454965376629366e+00
3.635431546915150420e+02 6.011403534840210616e-01 -4.483040628835763264e-01
3.536677702623504729e+02 2.534334384271630380e-01 -8.099738784247447754e-01
2.575875955119774972e+02 3.632138409167761095e-01 -2.296764792462691052e+00
2.494606623393732718e+02 5.732043187645088356e-01 -1.379693215027531839e+00
3.374490232995009933e+02 1.924754156589738030e-01 -1.215788690606858458e+00
3.667038950223743541e+02 7.565322694642137025e-01 -6.058625354186032430e-01
3.360317849427131591e+02 3.061088081737656230e-01 -1.287762567098402089e+00
3.239468974136551651e+02 4.573679962391672404e-01 -7.386176840708777114e+00
2.615957317572318175e+02 1.649465575577671317e-01 -4.028132766866637793e-01
3.430725495111823307e+02 6.699470552943424806e-02 -7.535345863735958716e+00
2.692694499668724006e+02 3.446699514202902215e-01 -8.633999047373054347e-01
2.644336777150763282e+02 2.718545984016444983e-01 -1.325304272020418062e-01
3.178681318520421542e+02 1.110667750930829922e-01 -3.006032771917515056e+00
3.230429979902655191e+02 4.389420660720430023e-01 -7.668369424722935257e+00
3.325379748754118054e+02 5.532837031373233350e-01 -7.736106279312764400e+00
3.556645821170882869e+02 5.656403027897771718e-02 -1.140954222325896827e+00
3.077734416925723622e+02 5.207602584980146609e-01 -9.879834897234294644e+00
3.569669525978662250e+02 6.000324441188475098e-03 -9.437666547000846118e-02
2.898522900164947487e+02 5.487154977223946961e-01 -5.185850485887126382e+00
3.202229025518038839e+02 7.116341108194790266e-01 -3.711109881466088112e+00
2.816210519153956966e+02 2.776603907892875589e-01 -3.563708326345892186e+00
2.781683065472427074e+02 2.354791342736694063e-02 -2.476220867141567084e+00
2.656339873540814551e+02 2.934011969834453629e-02 -5.427240066463199675e+00
2.978381266443601589e+02 7.141972990502136742e-01 -2.855468909100754349e+00
3.303903640654478977e+02 2.397887733430700274e-01 -1.058705684331006402e+01
2.833527404907706568e+02 1.333090590608338732e-01 -2.497053931217352751e+00
3.220639634072639979e+02 7.281935502040162711e-02 -1.491074376306813720e+00
3.260347789780306584e+02 3.315723460143207291e-01 -3.571232910653998172e+00
2.752428902287950905e+02 7.789627253273549989e-01 -1.078540500910343702e+00
2.804212205040511208e+02 2.823203285108832339e-01 -3.070349751941358285e+00
3.093079036963283102e+02 7.430372193523373525e-01 -1.453755875080056015e+01
2.862350116469834234e+02 4.766326527298161975e-01 -7.090755160466814644e+00
2.592337071379073450e+02 3.540650166685204159e-01 -1.477658618670286916e+00
3.417936178910814533e+02 7.502910959313315864e-01 -1.241321755268673721e+00
2.843689738680150185e+02 4.714485194305229054e-01 -7.138013397239945768e+00
3.162417550885213586e+02 7.637947350590681417e-01 -6.147301098540129960e-01
2.506164679194490645e+02 6.423514978123789909e-01 -9.803738164062192340e-01
3.000660090165840188e+02 6.764445488925302508e-01 -3.141350678237273542e-01
3.330616117874901647e+02 9.610791362586373898e-02 -1.765619878903730511e+00
2.768087653765024925e+02 1.397624395950906040e-01 -1.832217005504411800e+00
3.029369862714890473e+02 3.248390217694633875e-01 -2.731907848189170651e-01
3.340017791371529938e+02 2.431807862548812649e-01 -3.386121940424016596e+00
3.685197032847363516e+02 4.202201301807003131e-01 -2.416707756517471939e+00
3.062281076453051583e+02 8.783569524330799017e-02 -3.222419780463622985e+00
3.625492093728583427e+02 6.543840188977264605e-01 -3.690548389098307625e-01
3.592732290312733880e+02 3.691164821663572848e-01 -5.103137058291032924e-01
3.007292798337388149e+02 4.559321820727255670e-01 -1.327359889059403532e-02
3.174298511848937210e+02 2.143954999378646920e-01 -2.875004292437949083e+00
3.107930544492669469e+02 1.782144901886023314e-01 -1.330214687191137912e+01
2.742974925201351084e+02 4.177078673341399345e-02 -1.552514804953796235e-01
3.080137342982635573e+02 6.660294637178968413e-01 -1.099804405089417614e+01
2.528123700005286025e+02 6.246407334686095991e-01 -2.147397697695506480e+00
3.144062328478202630e+02 7.314184837018471441e-01 -2.194252627731801297e+00
3.398489045878260413e+02 7.032859701622286019e-01 -1.426444390264270501e+00
3.530772685798269777e+02 6.814886784754564664e-01 -1.124346430120688224e-02
2.549782738266108595e+02 1.843066164921535743e-01 -1.840024514679134082e+00
3.511354530728728491e+02 5.053581827641275837e-01 -2.077180275709683832e-01
2.545328018802418342e+02 7.880223718990060355e-01 -5.634118085268605469e+00
3.270885796705895814e+02 6.592594229551962393e-01 -5.181512170059216160e+00
2.675685250213139170e+02 4.918672304245714222e-01 -2.441692155079721704e+00
3.201632398970111808e+02 1.176913835584257051e-01 -2.181943154858414502e+00
3.127565214686318313e+02 5.395556651699283668e-01 -7.230879278627370788e+00
3.459949841712291345e+02 3.415838296001560970e-01 -6.526032037224748450e+00
3.300052340375148106e+02 5.671074731475199693e-01 -1.106967523261447184e+01
2.598038122865978607e+02 1.554653361959965063e-01 -1.570469739884880589e+00
2.666814682345808478e+02 1.249780055418112518e-01 -1.491600474129481935e+00
3.383543552264961818e+02 5.980699915549091417e-01 -2.096468134516164816e-01
3.499285169815811400e+02 5.852839463594768921e-01 -6.318760829592827699e-01
2.828786790422547028e+02 4.974473423683443141e-01 -4.554821467850358019e+00
2.698948584490901226e+02 2.269998863880409168e-01 -2.162241876874832214e-01
2.925894246125483846e+02 6.362813085699622340e-01 -5.231592436237759713e+00
2.943019750108954895e+02 4.411312722913077744e-01 -3.142764461058698888e+00
2.789404933548398731e+02 7.278333360415933928e-01 -4.357208952512853450e+00
3.019105033363150596e+02 5.359784037640497045e-01 -4.985721329084027986e-01
3.483656962002162913e+02 7.986524303523727664e-01 -7.198846328680048590e-01
2.961668518250707507e+02 1.104443232000954650e-02 -1.517336005612416105e+00
3.439944517816398388e+02 2.602690191146771470e-01 -7.784179836439984790e+00
3.140261728835390045e+02 3.017935949347970714e-01 -6.601923797571815022e+00
2.721379257327242840e+02 1.452226182062030524e-01 -4.799397754063898236e-01
2.630715369111392192e+02 6.182180562749933772e-01 -4.739780730795940533e-01
3.280010834742291195e+02 4.809399568707835027e-01 -8.174685179523425660e+00
3.621890618459437974e+02 3.835922946176209547e-01 -8.727788605829976953e-01
3.095898002241643212e+02 2.968940505432495214e-01 -1.849486880675660316e+01
3.249139785380237413e+02 6.120879270715637865e-01 -5.901326157012456441e+00
3.021436567504466666e+02 7.681391045314472921e-01 -6.777952912262108498e-01
3.086839250402678658e+02 7.859078371180212574e-01 -1.274494324043262594e+01
3.096618136699507318e+02 4.029108493379073841e-01 -1.847532320071075418e+01
3.097928182446532333e+02 3.329836689262913874e-01 -1.868314107304954064e+01
3.164984905830350499e+02 4.927239413014058989e-01 -1.297387043938231788e+00
3.089858968310912815e+02 3.368056058883667214e-01 -1.769181591666509590e+01
3.095170153393527244e+02 3.554578542709350697e-01 -1.868796757253558383e+01
3.092543097713678435e+02 4.474448112535236444e-01 -1.771772816187846544e+01
3.160867725545432450e+02 4.730512063392110500e-01 -1.845592574836095734e+00
3.125156886447132365e+02 6.751166452763870396e-01 -6.802345245788937511e+00
3.293882678227569727e+02 6.227618791642285379e-01 -1.039744848936811472e+01
3.289523042741357131e+02 7.470743884424932979e-01 -8.484119299026890104e+00
3.100290679584353484e+02 3.934956686009642990e-01 -1.835179872302527926e+01
3.100564831508341967e+02 3.631602653674461667e-01 -1.850461007873623487e+01
3.097221545914848093e+02 3.563264078393947321e-01 -1.867730668828689744e+01
3.102459421192988884e+02 4.329650864472411320e-01 -1.772403071390408158e+01
3.095643866100992341e+02 4.649102938450340172e-01 -1.794940701340950184e+01
2.952850750840245269e+02 7.615608387202548180e-01 -4.381778604695913515e+00
3.092796986001590653e+02 2.686591904963093747e-01 -1.762669863997452779e+01
3.100100636677902912e+02 5.041608111682326365e-01 -1.722394606527532446e+01
3.179156634812138122e+02 4.634025741167038248e-01 -1.215034184077323776e+00
3.101614229956281292e+02 3.452762361726433582e-01 -1.825512793227179031e+01
3.099096890169264498e+02 4.715749723442184127e-01 -1.761150275990489078e+01
