1.566116375426886123e+02 2.408740165601748751e-01 -1.987425384672169004e-01
1.232034980468829986e+02 5.056170618828191854e-01 -1.186788624956693211e-01
1.281369751570842652e+02 6.423831008820042321e-01 -2.130156754929024843e-01
1.367422412589449721e+02 2.029638527753866439e-01 -1.940132437277520194e-03
1.353769375884511987e+02 1.923490568403014578e-01 -7.561953525984523895e-03
1.497230690809635405e+02 6.253022349792857204e-01 -3.128711949455167396e-01
1.724894519975437674e+02 1.127571324799156102e-02 -1.785722204634557567e-02
1.701127140207307775e+02 3.072668988354944064e-01 -3.556832513763774073e-01
1.331365810005794401e+02 7.383128354687908124e-02 -3.544241345301957224e-02
1.292183658599355454e+02 5.130302596372600110e-01 -8.687282329723891583e-02
1.290603505599074765e+02 4.804027117232177457e-01 -9.357737251857169147e-02
1.476245524541724876e+02 1.447619368380063942e-01 -1.063548472887339447e+00
1.521396348653907467e+02 2.934058080870015567e-04 -1.033594815182243970e-01
1.454192274041025996e+02 8.604070912834138607e-02 -4.414372647227522983e-01
1.732459855983778425e+02 7.157233830012272868e-01 -8.628680832020247937e-01
1.336629349283195154e+02 4.236735807074381438e-02 -3.160299613585369066e-02
1.338390075405615960e+02 2.224682489935366769e-01 -2.251053550690786803e-02
1.246877278207002320e+02 4.605343126762941330e-01 -3.484398820060483071e-01
1.251558514449002644e+02 2.113366173063499776e-01 -2.491834075921784686e-01
1.529762715496710541e+02 6.976157935097306861e-01 -3.562701336540939345e-01
1.310376927126939393e+02 4.700586317865707575e-01 -3.163467194072298178e-02
1.322605057018011792e+02 6.196742742421226247e-01 -8.600250287549038308e-02
1.423800885382114814e+02 5.649899870017864867e-01 -1.593594953111909240e-01
1.478365307857325774e+02 2.698050931971394117e-01 -9.204100502514006577e-01
1.571220655667782751e+02 5.549348556714263081e-01 -1.320286304545386369e-01
1.463573842529567628e+02 2.606847481994514770e-01 -5.310450100503658621e-01
1.489700961907066130e+02 4.383433258303002233e-01 -5.841525767730877394e-01
1.387900155165705769e+02 3.901469588755872575e-01 -1.101663616317485050e-01
1.547390608927238986e+02 7.981723707147541091e-01 -2.838677546860304823e-01
1.666512416830166217e+02 7.384425237988935242e-01 -7.865981135396919732e-02
1.269167036285456902e+02 4.275480125842993084e-01 -1.177984920939897096e-01
1.633103844035874772e+02 2.257431283214804962e-01 -4.212713059361792439e-02
1.446199073515552413e+02 7.522705289511133486e-01 -8.747381941441242925e-03
1.191694970882042242e+02 1.543411336553500157e-01 -4.979389153007720420e-02
1.518083216244340008e+02 4.152347710964814365e-01 -5.341319832409444635e-01
1.200429191127729922e+02 3.950491654104415495e-01 -1.523261566910294740e-01
1.582466879509498199e+02 7.666212694363631064e-01 -1.238479689851030713e-01
1.616306317054913961e+02 4.555315077385408973e-01 -1.280868314275955266e-01
1.304606506826766008e+02 5.513512843710496325e-01 -2.925557645078534844e-02
1.365193437767296132e+02 2.800871104173289772e-01 -6.111763694783502524e-03
1.677387083829139840e+02 2.388141409085579037e-01 -1.911721701183767552e-01
1.715883655507769276e+02 6.573183491816774193e-01 -6.419285947200460418e-01
1.455764664018991539e+02 6.956834343886439398e-02 -4.699606765411677989e-01
1.316279144024950369e+02 2.895531733178892675e-01 -7.563768002645258892e-02
1.487511922478121278e+02 6.942897665662988160e-01 -2.711028313832217207e-01
1.623111637704402597e+02 3.578289000829705802e-01 -8.202420523291838184e-02
1.380650948816603432e+02 1.805214036402335021e-01 -2.261789334190160775e-02
1.686276993916301592e+02 3.203361147464998115e-01 -2.503692876976988391e-01
1.217582506894650294e+02 5.909219178408209316e-02 -1.326974886426440514e-01
1.434893799030151342e+02 5.922761026072680401e-01 -5.693009779957589750e-02
1.659154269585090162e+02 3.441857457611882110e-01 -4.815340490376722460e-02
1.361169833561526730e+02 5.296365564730526332e-01 -1.206783015900400081e-02
1.236365351877739158e+02 5.766592616634385049e-01 -2.871039179254300522e-01
1.259010335032349701e+02 3.359040221048802399e-01 -2.181465049451805360e-01
1.299410411669590530e+02 2.547781222085562236e-01 -5.556089517243143622e-02
1.504572847280318797e+02 3.747447716342013069e-02 -6.468721296008574928e-01
1.471297048569908270e+02 1.624032337134363180e-01 -9.205437436254556571e-01
1.429077349025563137e+02 9.139354849948345960e-02 -2.860357143653341830e-02
1.214654104843097713e+02 7.895014285739025972e-01 -9.545772552120787569e-02
1.539891242308111714e+02 4.470848344977949584e-01 -5.053128410553466843e-01
1.244386062089310343e+02 9.736727923886967506e-02 -2.991734755466583517e-01
1.739288231463550574e+02 4.993504246840752003e-01 -8.934179188227029389e-01
1.533919675066836703e+02 5.403744076062708679e-01 -4.562862646794482724e-01
1.594656386045153909e+02 1.250928554882385912e-01 -7.484823112101839093e-02
1.706490229194169217e+02 5.736920701044526671e-01 -4.830494022251814457e-01
1.221813562119314867e+02 5.381532929380095087e-02 -1.944345339847040055e-01
1.744612247361968116e+02 7.301526929281704215e-01 -9.506704785611328479e-01
1.177703217323235947e+02 1.334909502177140384e-01 -1.536733239411234020e-01
1.405840453501031675e+02 5.894077483666009254e-01 -3.574392804210880792e-01
1.267940145405366792e+02 7.749766576636851756e-01 -2.731631736009101363e-01
1.347132197141014842e+02 6.395440823506925998e-01 -1.560332248777043795e-02
1.692231902036412805e+02 3.771770144219258603e-01 -3.003109262739002139e-01
1.641724449964156349e+02 6.027623962464936369e-01 -4.631424423552237685e-02
1.441418070140522332e+02 7.769669198211009986e-01 -1.006594768863389687e-02
1.378360247853947271e+02 6.101716129231027352e-01 -8.445920791037986319e-02
1.186139742318969184e+02 7.077540898122303137e-01 -1.365275052429198444e-01
1.626103717849746602e+02 6.641958340763927104e-01 -1.219969512761246433e-01
1.640439957822284498e+02 4.732175459344056256e-01 -2.945737112216795933e-02
1.654514234305298146e+02 2.336557048225873512e-02 -6.025912473191717168e-03
1.670695279118270946e+02 1.143513344302957702e-01 -7.424457330042760761e-02
1.207144053805901649e+02 4.942214979048921153e-01 -1.600836326894477801e-01
1.392063736527481694e+02 1.046747336583320198e-01 -9.295712970892398841e-02
1.583566803831852496e+02 4.038035799932276904e-01 -6.944465704740561407e-02
1.171526224028866778e+02 3.390208499654640550e-01 -3.158925667086640715e-02
1.693062703174801413e+02 3.700787618378681976e-01 -3.487914041807768650e-01
1.589798269800876653e+02 1.878781995833087026e-01 -5.766096757900706672e-03
1.555176507907597738e+02 3.024165269778532061e-01 -4.503113845953294336e-01
1.561924018436325809e+02 2.734115333202026821e-01 -2.846811128498968335e-01
1.411549183058155279e+02 1.740170267912686808e-01 -1.081283650920433631e-01
1.720113374047652144e+02 7.240654593506180570e-01 -6.361899866405458237e-01
1.401443961736978849e+02 2.665605325245927471e-02 -4.426883864968804705e-01
1.416484353061626393e+02 6.820945692284243744e-01 -3.015826537607650959e-01
1.606475506791099406e+02 3.625209419590355031e-01 -9.936143467542904451e-02
1.194802496430955756e+02 6.494971184752946769e-01 -2.684434373651254369e-01
1.548771358926460096e+02 7.512482640782872645e-01 -3.053514250885963621e-01
1.650871983037196173e+02 5.263408756236103159e-01 -2.511878782736609930e-02
1.163808265678040925e+02 6.768539537425010133e-01 -3.302116273047569495e-01
1.279082110525615548e+02 1.422000390754935006e-01 -6.986044653088388512e-02
1.600449899437559793e+02 4.194014543841854681e-01 -1.009315300133843407e-01
1.512218252689910400e+02 3.158055689415436573e-01 -6.841150397309669895e-01
1.419903605422359760e+02 2.225706491640399021e-01 -9.526495888890654240e-02
1.612866356545876556e+02 1.130194649761777914e-01 -2.295726379750851198e-01
1.542120924530678394e+02 5.604460421348967936e-01 -4.294640839676197586e-01
1.508061574636535340e+02 5.752692835808160821e-01 -3.547047751129766002e-01
1.622254954217192449e+02 3.702671495502713461e-01 -8.307350827437375018e-02
1.638563355636988774e+02 2.903393414293790609e-01 -1.265424022607874489e-02
1.257036912684575327e+02 1.086309446513884364e-01 -2.820709152002705555e-01
1.237635270899802293e+02 5.995934471443209457e-01 -2.919074725037562046e-01
1.262689132244985899e+02 1.432782876252093052e-01 -2.045889755982545355e-01
1.452275937811891140e+02 3.826921786061214803e-01 -1.439818005144700430e-01
1.368637332333409518e+02 6.447625211391768696e-01 -4.964318006481215767e-02
1.628535006246378884e+02 4.770109997064334029e-01 -7.239854359552982954e-02
1.374522254715843133e+02 6.379240517476649774e-01 -6.659634405019183856e-02
1.296490708796960121e+02 6.709100765560762625e-01 -8.538006852649593359e-02
1.690049920512597623e+02 2.583207560197365860e-01 -2.653357032069088017e-01
1.208338392667334062e+02 7.509849935791998998e-01 -2.356802139501844584e-01
1.515238609887556720e+02 1.835952165774589195e-01 -8.800883905382663741e-01
1.439938879902403528e+02 2.135301710673313813e-01 -1.408273245818648413e-02
1.395328671260612623e+02 9.681676382757033184e-02 -1.169394363132744558e-01
1.317063715775900903e+02 7.917743768731122511e-02 -7.873913130070048227e-02
1.551586911911981872e+02 5.280862893077680198e-01 -3.870102622935601699e-01
1.349275616417009473e+02 3.175794578435156557e-01 -6.945918979969976405e-03
1.403743620075653666e+02 2.479762773483871752e-01 -1.701630342396270867e-01
1.680617875498945182e+02 5.830939507488565043e-01 -2.038655817279219351e-01
1.586985897948252386e+02 2.826718636376147897e-02 -5.073845664383757059e-01
1.227650814590089396e+02 4.136640330117471454e-01 -5.789489901321721865e-02
1.353615836518663116e+02 7.388174736618512428e-01 -7.038312261260458273e-03
1.487904342917407234e+02 4.183432018528885910e-01 -6.229166715715787062e-01
1.564938243608384312e+02 9.332617760721328981e-02 -1.295631732196957930e-01
1.337727592050408987e+02 5.020357642177651902e-01 -5.120227973483086614e-02
1.524555955197035075e+02 2.798317673652371829e-01 -6.971935599191442234e-01
1.576684915532178763e+02 6.022571995236769560e-01 -1.113197333448822102e-01
1.469738975564765440e+02 2.524626132120005861e-01 -7.893131371435238020e-01
1.165983520500294617e+02 7.689765530646941460e-01 -2.632250450647210527e-01
1.675013099392540710e+02 4.856176175263873240e-01 -1.702280377540578704e-01
1.428867734839724335e+02 6.198001801334840355e-01 -1.081627615693534772e-01
1.289318120053735299e+02 6.565945731732325541e-01 -1.635172068371478216e-01
1.203698411949455505e+02 6.857145126683876768e-01 -3.185048881814751542e-01
1.665451976622195787e+02 1.493502818949261728e-02 -8.699084114567592549e-03
1.522125141322468096e+02 5.228577355333854371e-01 -4.439024059824592250e-01
1.684201658055083044e+02 4.688111931072073135e-01 -2.649560909479570237e-01
1.273477812471440700e+02 2.815648464605810530e-01 -5.758994154721081005e-02
1.284656629286871805e+02 1.726228856566372205e-01 -3.329413797744348869e-02
1.213842106652959956e+02 2.329790439532093693e-02 -1.513194937988026345e-01
1.220518653909595059e+02 7.182850673185335599e-02 -1.515213484404037969e-01
1.434168491134764452e+02 5.080226554252657012e-01 -4.768428652361783593e-02
1.600822590783579358e+02 6.486406205329076080e-01 -1.543493379800021659e-01
1.557803867734572805e+02 7.352179875451005930e-01 -2.517001302272187102e-01
1.595314496450049830e+02 1.262110724441962151e-01 -7.261355962608879999e-02
1.322115563057854786e+02 4.417532360094170163e-01 -6.504588887030235411e-02
1.720815933665753334e+02 2.966662542858031770e-01 -5.274524652817905723e-01
1.274602710026003223e+02 1.674243638189354400e-01 -7.587098937115477337e-02
1.722867213705684435e+02 7.849633833006638417e-01 -7.211979908973492615e-01
1.707529895419181400e+02 1.921315006834890537e-01 -2.996604499855293757e-01
1.191990662686542635e+02 4.375370594772487465e-01 -1.463852789266719689e-01
1.729218465787249954e+02 2.682910449390873420e-01 -6.122801275724240044e-01
1.631876104838834749e+02 6.003702853544702622e-02 -2.407062507787162131e-01
1.383915529583563000e+02 5.890362963961227605e-01 -1.441400868210894193e-01
1.593307727293918958e+02 7.166416156566643991e-01 -1.351319769887923128e-01
1.482976130208298571e+02 3.371672332717440268e-01 -7.987643859707258542e-01
1.314787193710268411e+02 1.565475488971491691e-01 -8.211418535839881683e-02
1.646828442765504974e+02 5.465261526402291903e-01 -2.796618282807469477e-02
1.570856507599922338e+02 7.606094776597733809e-01 -1.513933109567960622e-01
1.410564279175143838e+02 4.054468463706272785e-01 -2.803225598383418671e-01
1.197687250688863116e+02 3.088002736421079919e-01 -9.417396759811179352e-02
1.226471734203607014e+02 5.380431809471558635e-01 -2.363555565477955950e-02
1.701427005634748753e+02 6.985304021507449113e-01 -4.124370793935933643e-01
1.693208108308482451e+02 7.254294604065818497e-01 -2.783702042246802288e-01
1.458365607508750372e+02 5.575665434915466623e-01 -1.560370590617958242e-01
1.385896371826361815e+02 3.537714395422166813e-01 -9.820142683793493810e-02
1.444303851037904565e+02 3.849329298689846968e-01 -2.792957440267319208e-02
1.477359222950060769e+02 4.275636179832027484e-01 -5.681642579576527963e-01
1.493724798814831161e+02 2.012906174600322950e-01 -1.146460064424825953e+00
1.536971417335570891e+02 4.534595404331483448e-01 -5.186575907516384198e-01
1.367225602154100557e+02 1.443889359250676296e-01 -5.182740812127281709e-05
1.246181562224365962e+02 3.640738702452961384e-01 -2.970668931516780575e-01
1.502492309024094084e+02 7.954733636636225347e-01 -2.318915179319211151e-01
1.307264964468465962e+02 7.107578556900397970e-01 -2.606105104538088742e-03
1.535806573862767266e+02 6.784458800093799979e-01 -3.695090187095552148e-01
1.464407374412847389e+02 1.285845486701713281e-01 -6.637507230981449791e-01
1.662719044570979179e+02 2.340046316615499149e-03 -1.308204099831134989e-02
1.496381881122665334e+02 3.320431108590726765e-01 -7.795514515031275460e-01
1.415502508879043262e+02 3.571324310057485962e-02 -2.678778938964944123e-01
1.714546219534145735e+02 2.269630809968263829e-01 -3.815492511164932377e-01
1.360408096961653825e+02 6.158377904940965930e-01 -4.966005741886722093e-03
1.183689508126292793e+02 7.593760679006650305e-01 -1.072888512778875925e-01
1.742596863806836893e+02 3.247917491359781916e-01 -8.245265545797896278e-01
1.575106199205451674e+02 6.306471625063512221e-01 -1.338975585986700023e-01
1.253661355484014166e+02 5.438919063917915797e-02 -3.980495640968045312e-01
1.242530292136343775e+02 4.559247593894644179e-02 -3.305642033923710810e-01
1.339940894891961420e+02 6.915247718755237472e-01 -6.199787879731784301e-02
1.646487671490376670e+02 3.459470475351249519e-01 -7.792323322390968393e-03
1.300084620881038120e+02 4.931632170645042779e-01 -4.881183622938761041e-02
1.606822212832423418e+02 8.606138102909859089e-02 -2.957881313845303062e-01
1.330835368815081949e+02 3.981299503142796681e-01 -5.846164251855446442e-02
1.655137408862793791e+02 4.637610388562676822e-01 -3.165985678520863433e-02
1.179871134564222217e+02 7.837397766302593993e-01 -8.413496194117675575e-02
1.733823064903456270e+02 1.899962421159854808e-01 -5.061816379731229887e-01
1.171851538541351090e+02 2.392377334609249451e-01 -3.782723642442171325e-02
1.396917190457427864e+02 5.153342719192685051e-01 -2.856157801331978274e-01
1.299788964490513763e+02 7.611041934942407439e-01 -4.666153723275504733e-02
1.730749575092796135e+02 6.699020028988247333e-01 -7.890972234147453079e-01
1.485831074439576298e+02 5.996160496593395672e-01 -3.571918887327119041e-01
1.448213568255638393e+02 9.065628361914784827e-02 -2.028221648592989923e-01
1.554078343449095883e+02 7.395218393545579527e-01 -2.450279473441989431e-01
1.635945488062269533e+02 1.170772112968868905e-01 -8.722496830618563235e-02
1.362146080329885081e+02 4.049220515313964319e-01 -8.121424731821053761e-03
1.737830632268816657e+02 1.859353534917379536e-01 -4.882379711192454397e-01
1.695636222622507319e+02 4.788298095015606215e-01 -3.596181930275489380e-01
1.196883714507292211e+02 3.839805930864478301e-01 -1.341433900166197346e-01
1.456396725155532295e+02 3.871345476375451788e-01 -2.269471298829437711e-01
1.315863990400435171e+02 6.952764706868812539e-01 -5.210380794004165761e-02
1.353051255265376653e+02 1.116777277666703870e-03 -1.695442314079513291e-01
1.427932426810466779e+02 2.382764731568218497e-01 -3.723480136101511156e-02
1.284667220209412051e+02 1.650604098913742712e-01 -3.465486557480113722e-02
1.524852347575605620e+02 4.339251348985425638e-01 -5.228728406284952612e-01
1.507520320647482492e+02 6.187575686825077526e-01 -3.214891509759174593e-01
1.690571612669238846e+02 6.357204612629416829e-01 -2.964526220415585889e-01
1.461484188147774432e+02 4.254930399585101775e-01 -2.947865868617400298e-01
1.275827124183087733e+02 4.528790839445533400e-01 -8.394961239685620746e-02
1.397498137645333429e+02 5.484372321637338843e-02 -2.389331222972210511e-01
1.244444345017067945e+02 1.008862501768725481e-02 -2.856615236445687045e-01
1.571977425524876821e+02 5.423927600187674614e-01 -1.331531030966056628e-01
1.384059475557248220e+02 1.696919255222745226e-01 -3.736367089187180024e-02
1.360614475921133248e+02 2.105603101199406135e-01 -4.864352493025080569e-03
1.701023304781519130e+02 4.194201483521350915e-01 -4.013933530916519721e-01
1.167798449086691903e+02 3.012689826169928087e-01 -4.971785682706086895e-02
1.717200687493110536e+02 4.121113965907562404e-01 -5.684270663156760772e-01
1.259182430066504850e+02 3.478716502078104678e-01 -2.202989410250891233e-01
1.296836188928426736e+02 3.686818739760540087e-01 -5.492138510220846703e-02
1.180504528783641831e+02 2.673522065435377515e-01 -3.115808999314791800e-02
1.568685454384560671e+02 5.143936073662184194e-01 -1.782596147667577235e-01
1.604933787842427364e+02 2.576913804662911978e-01 -7.721829944947114499e-02
1.582200056560967596e+02 5.532351887119026923e-01 -9.535722354707143467e-02
1.173944592806712848e+02 3.108345571789815076e-01 -1.573152902882184873e-02
1.330369501816770423e+02 4.964355208583440815e-01 -7.014779287740144365e-02
1.549937627076230342e+02 5.897385929381052661e-01 -3.488075153533444772e-01
1.374233047749528964e+02 1.245648695899188585e-01 -6.539120145843888010e-03
1.625261447481408936e+02 5.721389579667243153e-01 -1.105921927597560556e-01
1.304243252018864041e+02 2.450826056227268790e-01 -7.133614262097265346e-02
1.742776602505008441e+02 1.960794002263205604e-01 -5.755462768164950615e-01
1.201407635000952183e+02 7.114651089247314708e-01 -3.265336135683020724e-01
1.289157686697218423e+02 1.062479722911250646e-01 -4.232845795879541795e-02
1.269013903232054759e+02 7.584600295686571014e-01 -2.655358514785446933e-01
1.658157249154042177e+02 7.763809782830985995e-01 -4.866163351475913390e-02
1.391978968573311874e+02 2.221662623991054186e-01 -9.561740485859454575e-02
1.470049118425076244e+02 5.290882886735716051e-01 -3.552459829450762552e-01
1.386925849571013600e+02 1.801867788175565144e-01 -3.711798036153221569e-02
1.436023763529215671e+02 2.027984376599152316e-01 -2.113752204089072023e-03
1.715714572541382950e+02 6.312599575653792261e-01 -6.398726543395478750e-01
1.226005506869404087e+02 5.087670852592465209e-01 -2.350845403127398842e-02
1.250973611964129049e+02 4.463309145962253699e-01 -3.211547336887812798e-01
1.438303369630991995e+02 2.024135214566719770e-02 -3.419768957404202281e-01
1.372740977254942720e+02 6.035924368818618158e-01 -6.258447401682820654e-02
1.588095577323019256e+02 3.264847785651981416e-01 -3.612091776124600612e-02
1.309431104259210770e+02 6.743404519283234810e-01 -7.510628317472665440e-03
1.345866127796662965e+02 4.931011653541097495e-01 -1.060215048063910780e-02
1.265969553489167794e+02 6.853016719074962460e-01 -2.424517480702119698e-01
1.634420113747406162e+02 2.262069438201685656e-01 -4.316061563353902619e-02
1.671166077624643549e+02 7.178727872783737807e-01 -1.078810755043197595e-01
1.607986930063895556e+02 3.353317946012562834e-01 -1.069642255269185188e-01
1.480224616039495231e+02 4.847677907547120468e-01 -5.049577743936026764e-01
1.614891385850009726e+02 5.858269139982898166e-02 -3.996051316774815176e-01
1.408074053835266284e+02 5.500008289755545787e-01 -3.394429150173933762e-01
1.512904888578622717e+02 9.687549413890129968e-02 -7.783809864053683469e-01
1.722238270334367485e+02 6.982758532611960112e-01 -7.212214210955290028e-01
1.476886529729873132e+02 6.905518267329857629e-02 -1.181710557257954708e+00
1.453611004160117091e+02 7.243315150668161451e-02 -4.703093771840908266e-01
1.237088386092404022e+02 6.635426288662107375e-01 -3.169840061326006375e-01
1.562846797382547663e+02 4.576472994060764576e-01 -2.439301384803564399e-01
1.541726935257125888e+02 7.230945142888073329e-01 -3.361926150059117435e-01
1.231299168170829574e+02 8.620351696460697155e-02 -2.464193352632812750e-01
1.523924590591643664e+02 2.759833433337792186e-01 -7.006108156760230132e-01
1.542900924959234032e+02 3.604568334358409509e-01 -5.296917032107267831e-01
1.597579926955226597e+02 1.468923785363720202e-01 -8.518922920534086063e-02
1.679962346377720621e+02 7.502089146885205784e-01 -1.804882912571089126e-01
1.503122429401573186e+02 5.217700356923765659e-01 -4.114213514219638435e-01
1.334996371999191069e+02 2.611497434156336353e-02 -7.440636051331148137e-02
1.666677796522397443e+02 2.818943384038017363e-01 -1.220196474559208100e-01
1.491923735841072016e+02 1.390775764024611283e-01 -1.253907838249370466e+00
1.343323938319215358e+02 4.707524482861847881e-01 -2.035574075078929249e-02
1.534838939544536061e+02 6.158438106253707467e-01 -4.081609726252800607e-01
1.405784443342278394e+02 3.934039426726587130e-01 -2.721978869241366006e-01
1.495566290336436737e+02 3.247768338105695707e-02 -8.182975984988969387e-01
1.186391173180479939e+02 5.619369034781057648e-01 -8.086614658291454982e-02
1.647191428327080587e+02 5.808824067414745107e-01 -3.200597442389148395e-02
1.414550061008028194e+02 3.393833545331417234e-01 -2.276510177841049032e-01
1.641235633025970913e+02 7.997489429145884232e-01 -7.003158166993411760e-02
1.709556343729333037e+02 7.728454808371685303e-01 -4.748700006622345593e-01
1.187615466790705341e+02 6.411899043193445280e-01 -1.646460951957026408e-01
1.687204236672259015e+02 2.495967959702818373e-01 -2.651974219379824582e-01
1.653639614604747976e+02 3.185731401464531043e-01 -1.928940193065381559e-02
1.322282389184638873e+02 1.520327577930472296e-01 -7.003997381484793061e-02
1.619140039985708199e+02 6.537565111313901056e-01 -1.430248502585065584e-01
1.206120900149521589e+02 7.320984013336792051e-01 -2.947723764024477999e-01
1.592286839867888943e+02 4.342183365042583121e-02 -4.126652808216967894e-01
1.245101159786821938e+02 2.928204502918845265e-01 -2.654781590258197821e-01
1.219294970555598780e+02 3.597481626671569233e-01 -1.624617177915285010e-02
1.419804261193506818e+02 1.293106397245414596e-01 -5.384854325219812915e-02
1.213860750903543675e+02 7.915108208030559034e-01 -9.346132744347425414e-02
1.447704530473288287e+02 6.032181341054281276e-01 -4.530460353281864222e-02
1.552565503962886453e+02 4.823706710909340112e-01 -3.530618666382885351e-01
1.595410696827044887e+02 6.340188218695157474e-01 -1.380094867265146685e-01
1.237668004093180940e+02 1.816400715415578127e-01 -2.189837844624077101e-01
1.240378943565429921e+02 3.066981800534054892e-01 -2.189387907589739335e-01
1.375566735588840572e+02 3.881354596003672858e-02 -9.380514234646980531e-02
1.558018343044632275e+02 7.187322674277534240e-01 -2.147578836119282131e-01
1.571105018585126061e+02 6.991135032936997284e-02 -1.156328857944763644e-01
1.450743000488433836e+02 4.025177841120197719e-01 -1.418046119068795963e-01
1.286897057632980079e+02 1.418942649477576978e-01 -4.049395968283715785e-02
1.334781938118944140e+02 2.567131774224921115e-01 -3.249503066142973157e-02
1.654902623847734731e+02 3.579176823736889279e-01 -2.223226806256353716e-02
1.342943260747184979e+02 4.602195906317552154e-01 -1.969288418547128841e-02
1.666765497846006099e+02 5.999318900715653463e-02 -1.316512190909754042e-02
1.214336808206225129e+02 2.974803647662548900e-01 -2.495480628177464480e-02
1.674045968781304055e+02 3.616667467598321251e-01 -1.732243067271052317e-01
1.402307990339925254e+02 4.527986890645114837e-01 -2.863238557077563140e-01
1.538721744752459983e+02 2.654642530915339305e-01 -6.202205791764145992e-01
1.202846425915901278e+02 2.972486414092757184e-02 -8.012990043846693333e-02
1.422504429018762551e+02 7.386209537086231292e-01 -2.558395649591548859e-01
1.410851601470823482e+02 3.376040738091836690e-01 -2.245222349814046670e-01
1.230108090494415336e+02 5.657837686540894140e-01 -1.380982277044957574e-01
1.636754967931757960e+02 2.382656199665524402e-02 -2.143104126243682017e-01
1.166956170272475788e+02 5.349126712865518440e-01 -1.944652578138105770e-01
1.384553276035584020e+02 2.904519500072883509e-01 -7.369240856596818989e-02
1.722427717187451321e+02 1.865299925777407775e-01 -3.419516466376633645e-01
1.527275549363515665e+02 6.556991065787656225e-01 -3.760855759858546810e-01
1.683234493347514160e+02 2.468328288909750479e-01 -2.297903335292285354e-01
1.398809828389084942e+02 7.310915542746547757e-01 -3.608530869596205948e-01
1.710196902907931360e+02 5.774777719829556899e-01 -5.576272181583401544e-01
1.467172030570156949e+02 4.883184348108458028e-01 -3.976772468920679593e-01
1.742986602180558862e+02 6.790769121757493920e-01 -9.594480302953277695e-01
1.310490061282462477e+02 2.288833922611093197e-01 -8.216344654906543310e-02
1.417903772649900418e+02 1.748108383600095461e-01 -6.828482495417366460e-02
1.306682609175764753e+02 4.720150906085274767e-01 -3.135667043873598819e-02
1.690559850779292219e+02 1.304420299000439709e-01 -1.540944992383312118e-01
1.516631442157953416e+02 5.859522925188068720e-01 -3.665797737166566761e-01
1.216661858366790909e+02 6.425507255829884246e-01 -3.580783579749839685e-02
1.206817824762434697e+02 5.555032157563246642e-01 -1.819158879850262533e-01
1.283602374523156868e+02 5.180089012573769747e-01 -1.252138397195305397e-01
1.508813478811364064e+02 1.673543925480562855e-01 -9.646070723834171412e-01
1.490877762821055228e+02 6.809615807116262687e-01 -2.780420274519076473e-01
1.648978630494908089e+02 1.222825678345124678e-01 -2.476906723224491305e-02
1.476919663015168851e+02 4.374573391814849943e-01 -5.535047178178503779e-01
1.696217251650780042e+02 1.191862961219962436e-02 -7.158985237540892166e-02
1.295246682813563268e+02 2.503565587480187093e-01 -4.707568404764414516e-02
1.193777636782991749e+02 7.836684326170850756e-01 -3.362942162708384419e-01
1.190891282221483465e+02 2.105807073051936540e-01 -5.392198846245133820e-02
1.618141678388661830e+02 7.897819406572184064e-01 -1.726328929260313172e-01
1.658926653962575131e+02 5.459761667698855014e-03 -6.213142824325387087e-03
1.297872997574990563e+02 3.445933504234915401e-01 -5.345349362142718525e-02
1.366640079124333340e+02 5.758480274902665341e-01 -2.391430367246996647e-02
1.369981435800726217e+02 4.289961676231522358e-01 -2.082820050324974553e-02
1.601974710357730487e+02 2.389969221181692804e-01 -7.860950557977758324e-02
1.357209761251007762e+02 5.400548336799347870e-01 -5.502192968837248642e-03
1.722103773617250511e+02 1.569008049380463676e-01 -2.787260279992060386e-01
1.714067790950605570e+02 4.992819571687630575e-01 -6.153563719214221184e-01
1.330815366520276655e+02 1.943550359553919415e-01 -4.034724929086437595e-02
1.617043907593573806e+02 6.959215820895159332e-01 -1.630384377149376729e-01
1.176283947032020194e+02 5.946492138478655098e-01 -2.972720683364617894e-02
1.255415905487920725e+02 7.223216838450938759e-01 -3.664850033321567224e-01
1.607958205771067526e+02 9.419460615634712985e-02 -2.675601906532067975e-01
1.386851505962103772e+02 4.520080154288900337e-02 -2.380857908676069501e-01
1.174505614023089350e+02 5.481426232564684531e-01 -3.815736324452236039e-02
1.245334303688116222e+02 3.785521215240392756e-01 -3.056306644166367215e-01
1.629401472892948561e+02 7.343970908896395311e-02 -2.748342686595736661e-01
1.225711879861641904e+02 4.663761737008325636e-01 -2.356427066268005840e-02
1.562082251656146639e+02 1.077104835648357295e-01 -1.989062751283112440e-01
1.441503478347251530e+02 4.230385309127291937e-01 -5.297078604089578042e-03
1.181562970943282238e+02 3.182647704521051057e-01 -1.762132362850663686e-02
1.729872284050238704e+02 3.323667851824845809e-01 -7.058116825148315066e-01
1.544153821525369210e+02 6.980283380210149380e-01 -3.512268426439790203e-01
1.488600825327824566e+02 4.150874739370826183e-01 -6.293801004886612205e-01
1.316737060547650344e+02 2.825577886762619673e-01 -7.658481758505442105e-02
1.592359858071143037e+02 1.189829061371852348e-01 -8.693384101797997643e-02
1.267048931004683823e+02 3.862065543083137986e-01 -1.076357184977719955e-01
1.505787366275057195e+02 1.036799353278165664e-01 -1.016929800827150121e+00
1.430660740800639132e+02 3.941006294642974139e-01 -3.189692404747488524e-02
1.495469771269216324e+02 2.789478601061822216e-01 -9.174353232776472078e-01
1.568251279151424455e+02 6.102998307924616395e-01 -1.638094497440346631e-01
1.679209739408961752e+02 5.202892985368632317e-01 -2.140119952601080844e-01
1.626652661433769822e+02 1.468850285707448411e-01 -1.237514080632302754e-01
1.395276534698010664e+02 7.458027545940728587e-01 -3.272411274635699252e-01
1.580063830225335266e+02 5.086832823119198654e-02 -2.089106247619954837e-01
1.642780629821807281e+02 7.923858677803793382e-01 -6.958042056591233482e-02
1.454768306987153892e+02 3.247119305982463788e-01 -2.572684359688598987e-01
1.734840794838197269e+02 8.518699401801045623e-02 -1.681344067845980395e-01
1.586861541152320569e+02 2.016461465717612200e-01 -2.003835818387344255e-03
1.261708620930127296e+02 6.637322997362300470e-01 -2.632689948135601421e-01
1.345488939381768034e+02 6.204209206978507085e-01 -3.261358376078826032e-02
1.325269278307034426e+02 6.295293001502326735e-01 -8.540821870493417456e-02
1.275712008282102232e+02 7.701034731082385676e-01 -2.917578324582560945e-01
1.519946850851868021e+02 7.101245830247482349e-01 -3.211194759656965103e-01
1.464722107350411306e+02 7.635045128114547053e-01 -1.599875983654389100e-01
1.478359487977693618e+02 2.187965123304087545e-01 -1.033232321233655160e+00
1.535009492990406272e+02 3.701755157180666167e-01 -5.818635722592438997e-01
1.704320677489321554e+02 5.103998458681842099e-01 -4.803245655306579986e-01
1.435458485279647221e+02 6.662401802748018076e-01 -2.279116444746575806e-02
1.355416174023525855e+02 7.575206845142609113e-01 -1.791857709336569949e-03
1.268806665105237244e+02 4.447979609496279796e-01 -1.218647519005816443e-01
1.507680820583550769e+02 1.998739277393936919e-01 -9.303964457421969314e-01
1.465132666267041088e+02 5.216453259786703323e-02 -9.066876985216655305e-01
1.483842487502898280e+02 1.790782213211059570e-01 -1.170977647856092929e+00
1.498094681710607574e+02 1.266515690059231147e-01 -1.142502675736236872e+00
1.510799588056352150e+02 2.224608919871199630e-01 -8.985224186467617447e-01
1.497943609124490365e+02 9.618006991837574002e-03 -4.839553542909964534e-01
1.489539929014154040e+02 7.053373771433894823e-02 -1.169983054161281233e+00
1.474181645821377060e+02 2.736609217746278216e-02 -1.008841703169528259e+00
1.482194385341141469e+02 2.333928346633911133e-01 -1.053003201314656856e+00
1.483738804981030910e+02 1.377623094223694722e-01 -1.235144578929248560e+00
1.492783812364386620e+02 1.189609093209442331e-01 -1.258554202411994449e+00
1.477315459539669291e+02 1.514157176017761341e-01 -1.162246084248751643e+00
1.514767480938055257e+02 5.735462275703211849e-02 -4.782885013338946112e-01
1.489429228942136660e+02 2.587494373321533314e-01 -1.003857053773751895e+00
1.492146680472252740e+02 1.123638553601808421e-01 -1.256805560603096783e+00
1.482786433424634822e+02 4.626615513863222527e-03 -8.035511472108981534e-01
1.525723305503339304e+02 2.176112965365844393e-02 -1.854460230034802870e-01
1.506306151127284068e+02 4.240663195726167289e-02 -5.726416228975274025e-01
1.519300328944678427e+02 5.339952402782152663e-02 -3.795666449989779645e-01
1.493981506299598436e+02 1.099243283271789662e-01 -1.205719209722369900e+00
1.486189216004222544e+02 4.666064381599426686e-02 -1.094155282149967601e+00
1.495771186650721063e+02 2.285525621128652318e-01 -1.051401720455451327e+00
1.482974545849636456e+02 2.041232005316245268e-01 -1.120312430605631127e+00
1.491166276575135612e+02 1.036787867546081626e-01 -1.250605931460092801e+00
1.521302440672818364e+02 1.570853465414931982e-01 -7.401809068943255854e-01
1.489995359271268285e+02 1.371145069051689369e-01 -1.257889047962469808e+00
1.474567703684784306e+02 9.829002295081221141e-02 -1.112135416775632102e+00
1.482193673465231711e+02 1.661077014252621553e-01 -1.199464484924962049e+00
1.494911813643462892e+02 1.710674240083034925e-01 -1.178195207839850323e+00
1.493299676813478811e+02 1.750905393474802285e-01 -1.202824564782466243e+00
1.489135038743345376e+02 1.335240342935880009e-01 -1.263520189932098692e+00
1.486160215256774677e+02 1.545677519767291175e-01 -1.246701424621509346e+00
1.483745288854932767e+02 1.257586233504230655e-01 -1.245441837542919705e+00
1.492819400683804645e+02 1.795719672313078052e-01 -1.194779932152107982e+00
1.497197217993950744e+02 1.129974111779642743e-01 -1.207634018011926713e+00
1.485674669013933169e+02 1.056270680280830265e-01 -1.274601111705196077e+00
1.480290238009608288e+02 3.494580321271173462e-02 -1.055513122357404576e+00
1.480116679489802038e+02 8.765937744272749022e-02 -1.190993330447845500e+00
1.481958847226877367e+02 7.269550238085244198e-02 -1.219181778302226737e+00
1.497051268446186896e+02 2.096754113901267980e-01 -1.097838384934315181e+00
1.475691562913217183e+02 8.218081438102110489e-03 -9.200287395790407441e-01
1.491911382701925675e+02 1.830290422216066526e-01 -1.188905761193034927e+00
1.479308850829943367e+02 1.673513585547841132e-01 -1.130484322203480163e+00
1.487045309655090080e+02 4.423393143014671403e-02 -1.076803687437713375e+00
1.482938763383379523e+02 2.032955819590835655e-01 -1.122259703650285934e+00
1.475066391060558999e+02 1.958505490211726041e-01 -9.887798801752343270e-01
1.478372877788198991e+02 4.697190976226232884e-02 -1.116367259485342656e+00
1.494287566401434333e+02 1.073000484479984390e-01 -1.202337616486983674e+00
1.467961920000974487e+02 1.428621559164209021e-01 -8.005260058452149385e-01
1.477395938232258459e+02 1.922450180761221816e-01 -9.866286724088888516e-01
1.486265064509302647e+02 1.238358525530623977e-01 -1.275217703423249693e+00
1.486180079654217536e+02 6.487943542078018766e-02 -1.188921689747237220e+00
1.485688830245365182e+02 1.235801458358764676e-01 -1.276571656037214453e+00
1.495835706941913941e+02 1.841996213202910793e-01 -1.154086485643405879e+00
1.492408440500020106e+02 6.981010875342978650e-02 -1.164468937904822754e+00
1.484382319840330808e+02 1.941180886850082388e-01 -1.138792004745710074e+00
1.492195107736923774e+02 1.565610766546915722e-01 -1.234700103108579583e+00
1.492528913554219798e+02 1.271357417106628585e-01 -1.258874755348542873e+00
1.492879004623501373e+02 1.274272743728573354e-01 -1.258323961439098415e+00
1.481239321816947836e+02 7.756781014285286935e-02 -1.231286576056763726e+00
1.489220907824534095e+02 1.806363961863275414e-01 -1.194534446779137227e+00
1.487833873289733333e+02 1.199964213224360976e-01 -1.272705231636014345e+00
1.484077187277380858e+02 1.287881374359130804e-01 -1.242278015777624978e+00
1.493192475146066727e+02 1.428857150757763816e-01 -1.249020989480142729e+00
1.484659440497477760e+02 1.325472844956658292e-01 -1.237414898936340046e+00
1.488540472599345890e+02 1.689280215867321189e-01 -1.218309556685285067e+00
1.486932438186355228e+02 1.662946105003356989e-01 -1.226299435164329266e+00
1.479718771358260483e+02 1.032726951198199433e-01 -1.194966271073875763e+00
1.499309921420849037e+02 1.511130956597414032e-01 -1.139873735479657757e+00
1.497412275840682128e+02 2.022561459982264442e-01 -1.114992869372690265e+00
1.492630424309827220e+02 1.844758272171020674e-01 -1.185055100759462299e+00
1.490856014408878423e+02 2.240470760705788877e-01 -1.092848160990765427e+00
1.490568931154828931e+02 6.959675875895503239e-02 -1.165223472801423688e+00
1.479460795224584331e+02 1.704649567604065163e-01 -1.124694743498965588e+00
1.481660028674606906e+02 7.563808013554318421e-02 -1.226362479240826087e+00
1.486867378378615285e+02 1.077176726185866545e-01 -1.273127762846178790e+00
1.486770575427106280e+02 1.159259635695459728e-01 -1.275345196217819943e+00
1.483693135938221417e+02 1.021401762962341336e-01 -1.250227033280090438e+00
1.490041080081074654e+02 1.274338309686021686e-01 -1.262179970676855500e+00
1.484604787544200803e+02 1.533374580665508025e-01 -1.212996105318434159e+00
1.490618072152287255e+02 1.798939630662617917e-01 -1.196796596841583682e+00
1.494126292965216010e+02 2.054430425934276327e-01 -1.136177098435965815e+00
1.491937233357424759e+02 1.222545141398290042e-01 -1.260120866528483541e+00
1.488795810745792210e+02 2.109185111996722262e-01 -1.127330852800219718e+00
1.492666196911487191e+02 1.570270019622122537e-01 -1.233424657930846102e+00
1.488278747156142572e+02 1.903895629820940849e-01 -1.175814181348562304e+00
1.482675691576746431e+02 6.953094601708571798e-02 -1.209649082381022644e+00
1.483654475930409831e+02 1.535186181427423135e-01 -1.215503651804906715e+00
1.487169990847168606e+02 1.570522215922436626e-01 -1.240879276582536495e+00
1.502512247232034497e+02 1.723187641594183528e-01 -1.040973953419133124e+00
1.485683775387468017e+02 1.795423636207132412e-01 -1.203712177836114394e+00
1.486015378670015252e+02 1.446834927546780392e-01 -1.259867519844295680e+00
1.482281818744692146e+02 1.413714076554987709e-01 -1.235503081159673888e+00
1.488462930087163443e+02 1.139311969204850894e-01 -1.271427308993420269e+00
1.479661892521849893e+02 1.430760968872121786e-01 -1.165070691061767860e+00
1.484172797887568436e+02 1.216290954873178870e-01 -1.246572311007140943e+00
1.483075808791137149e+02 7.154793421772086270e-02 -1.213641260743279826e+00
1.494033501283148269e+02 1.385414755451230273e-01 -1.214295803370331495e+00
1.495113672294345122e+02 1.015663313407211832e-01 -1.193221081764228142e+00
1.484692959874558937e+02 7.599258338983387595e-02 -1.219093641931841887e+00
1.490756380406149901e+02 1.052082889814395239e-01 -1.252800469524374405e+00
1.486314854853198426e+02 1.404012433596577292e-01 -1.263809083448943271e+00
1.487594971757558255e+02 1.804620669090613860e-01 -1.198109784536572908e+00
1.483226361401102338e+02 8.043688136843803183e-02 -1.231071349667111070e+00
1.486822984076138709e+02 1.501488658089773498e-01 -1.251391588119861176e+00
1.490634296999862443e+02 1.743519159004167651e-01 -1.207518342824460023e+00
1.483280258348457323e+02 1.052770597085106036e-01 -1.252238339432428349e+00
1.487828848648389055e+02 1.348494985821862835e-01 -1.265439218563572998e+00
1.488309194100041282e+02 9.655576372093811754e-02 -1.261212256256246000e+00
1.484196090972093316e+02 1.414641294440248664e-01 -1.229707595978524637e+00
1.487329071977696628e+02 1.576979631580874841e-01 -1.239559741956064443e+00
1.495188613534029685e+02 1.867366607767222408e-01 -1.149311178989016913e+00
1.491713090215830562e+02 1.171090494455145764e-01 -1.259526945308603985e+00
1.488469588989752310e+02 1.075797318987898737e-01 -1.269549869478465265e+00
1.485978365129855092e+02 1.097347306635473169e-01 -1.275887195354831194e+00
1.494804873269062284e+02 1.670737939574466480e-01 -1.184563660145933284e+00
1.486499767558468363e+02 1.268145750040317321e-01 -1.273490913653208434e+00
1.489154576825963829e+02 1.658006548881530984e-01 -1.222518418484594749e+00
1.493526171723579523e+02 1.426146557912094659e-01 -1.248795700376794660e+00
1.488978544050369521e+02 1.186074997199261238e-01 -1.270319755926349714e+00
1.485451653710201754e+02 9.151021483020599367e-02 -1.260507828316707268e+00
1.489077061396875479e+02 1.571876160545144507e-01 -1.236582937514862479e+00
1.489117635457809570e+02 1.544112061778237233e-01 -1.240564444694641777e+00
1.485414805206558810e+02 1.615352536731778088e-01 -1.198029059915556083e+00
1.487485075237161425e+02 1.626259529034916884e-01 -1.231386637980486531e+00
1.489425624137109878e+02 1.103884264581908997e-01 -1.259047477588872255e+00
1.484847147438563297e+02 1.338604953362422800e-01 -1.235658364942630261e+00
1.493415698147379089e+02 1.584351166609623274e-01 -1.230424525820419168e+00
1.490266388309239005e+02 1.531451840836753620e-01 -1.241771165223091833e+00
1.486688726096525102e+02 1.475582949856137915e-01 -1.254985947836976035e+00
1.492015048669163662e+02 1.391403933857353614e-01 -1.253735737353812940e+00
1.483849978096769746e+02 6.310527381368448430e-02 -1.188245032324549921e+00
1.487120193481344756e+02 6.839144862418899962e-02 -1.200566553012930360e+00
1.482312741563458474e+02 1.069647387862134452e-01 -1.255345972553646661e+00
1.488682433435681673e+02 9.810708683034134736e-02 -1.262086752309212967e+00
1.484151011307728254e+02 1.272545392356103922e-01 -1.243186876187791556e+00
1.484221787073336998e+02 1.000402446782034938e-01 -1.247872338339777842e+00
1.483538908344530114e+02 7.341097919569077035e-02 -1.216728294217643835e+00
1.485289066152778332e+02 1.046424118313230150e-01 -1.274813430171250594e+00
1.493261491114180899e+02 1.234270084652617644e-01 -1.258294912300071067e+00
1.484931404039838299e+02 1.520785091738635630e-01 -1.213846191359007509e+00
1.487421664383078905e+02 8.649130994393727789e-02 -1.248100630576369108e+00
1.490950983369474443e+02 1.754308491966632411e-01 -1.205098382545807478e+00
1.488681632563789776e+02 1.127980695342276629e-01 -1.270761432100096844e+00
1.489654325030004429e+02 1.138952850397688676e-01 -1.260908977549692889e+00
1.493479950166980927e+02 8.919845913487071953e-02 -1.165848554356826439e+00
1.491497391865176212e+02 1.195125926736605448e-01 -1.260416639253905791e+00
1.491394345563210209e+02 1.171067954015190954e-01 -1.259953870932938313e+00
1.485722046906328160e+02 1.830601628811671100e-01 -1.196381966710257316e+00
1.487894996119772770e+02 1.274706626942151144e-01 -1.270065885269053396e+00
1.484707943416531180e+02 1.074840027763586670e-01 -1.248239133975231896e+00
1.484355669947865124e+02 1.005140392462182675e-01 -1.247673999864282068e+00
1.490645223443228815e+02 1.398782782285514226e-01 -1.255024138229277497e+00
1.484242265703455814e+02 1.175240438912676794e-01 -1.248145860742848390e+00
1.489686865890177501e+02 1.410473017734764356e-01 -1.255348262173390461e+00
1.484410418296498335e+02 1.514156319359823977e-01 -1.216312308175385493e+00
1.484953252726698736e+02 9.935953142175651953e-02 -1.245409525854232591e+00
1.488231908534321519e+02 7.985473036182089146e-02 -1.232399713053087487e+00
1.486149188011530100e+02 1.084250346817155486e-01 -1.275002566731218367e+00
1.488307355794743785e+02 1.280213614147572843e-01 -1.268859610045128594e+00
1.484140800275735614e+02 1.089412038165390728e-01 -1.249993734977666415e+00
1.486681349321537482e+02 1.056002420174989853e-01 -1.272420374166040924e+00
1.485685074345523731e+02 7.542935546889635579e-02 -1.225560388139848467e+00
1.482684556271781560e+02 1.220351979308677975e-01 -1.250855679609762072e+00
1.488998683481430874e+02 1.248489302963109726e-01 -1.268736712837786662e+00
1.487161101064610875e+02 1.203724286338422600e-01 -1.274139721968006844e+00
1.487120737663958039e+02 1.016514733221817041e-01 -1.268708596025477142e+00
1.486601281580892078e+02 1.574933129123259057e-01 -1.241415282509431339e+00
1.490010871246460056e+02 1.490806616402391149e-01 -1.247006103791889364e+00
1.484216439419142830e+02 8.147466056433416703e-02 -1.230037839182608117e+00
1.485081991786862545e+02 8.030378856047792890e-02 -1.239466102682823090e+00
1.489095493362986815e+02 1.365602006370385535e-01 -1.261192413469345519e+00
1.485631482912707781e+02 1.363670348533510268e-01 -1.269040004523691367e+00
1.486570901862931464e+02 1.156602714047654801e-01 -1.275774807669616040e+00
1.490773923093239546e+02 1.284652696671116645e-01 -1.260948199585596674e+00
1.487624164928577102e+02 1.312309897398129532e-01 -1.268509499705600341e+00
1.486242268683030829e+02 1.039361672833047090e-01 -1.272308047858941693e+00
1.488611315033755318e+02 1.270669309357086718e-01 -1.268652096506367011e+00
1.486373895142404820e+02 1.087465864597786658e-01 -1.274650211048153459e+00
1.486042754047393828e+02 1.123326168865276531e-01 -1.276494275967899661e+00
1.487102874606761702e+02 1.165850676765883276e-01 -1.274620812511000345e+00
1.484417898716640423e+02 9.494301268715055198e-02 -1.244429291137450377e+00
1.487087660835792349e+02 1.024861046310470147e-01 -1.269440778874979081e+00
1.486019724109650042e+02 1.245230705087273376e-01 -1.275514549769168005e+00
1.486408371845406862e+02 1.291422395624681474e-01 -1.272484588428728580e+00
1.486224877363222845e+02 1.151487701236202366e-01 -1.276504577719774103e+00
1.486959891115810422e+02 1.214133998475494247e-01 -1.274371333467887002e+00
1.487587256586912190e+02 1.415679947779887315e-01 -1.259827359267033264e+00
1.488221566096776769e+02 1.247627371253445250e-01 -1.270523524806848048e+00
1.487353881660469028e+02 9.400801486040553934e-02 -1.260117473224818596e+00
1.488703234580315211e+02 1.033769235128085412e-01 -1.266588794144117625e+00
1.486137429673623842e+02 1.303607651519494703e-01 -1.272359660926567271e+00
1.486685078707431842e+02 1.132390481177021901e-01 -1.275264518599031893e+00
1.485191462416487980e+02 1.216711456952080800e-01 -1.243455911503960287e+00
1.483925308440437902e+02 1.237209047042903409e-01 -1.246170539903251440e+00
1.488727489710630039e+02 1.225868282321124075e-01 -1.270109882817403557e+00
1.486618156590369324e+02 1.331238549673540994e-01 -1.269438418085377052e+00
1.487710258110470818e+02 1.344296831110141921e-01 -1.266032803365947146e+00
1.483997179751503097e+02 1.202497106868032212e-01 -1.247775077686294365e+00
1.485046722039542146e+02 1.068585669940682187e-01 -1.247171185218448830e+00
1.484764856725838058e+02 1.221869191661278803e-01 -1.244483927927297229e+00
1.486489476453141947e+02 1.052404469535904163e-01 -1.272619880245790869e+00
1.486388781524711362e+02 1.141884410378147252e-01 -1.276052302817280770e+00
1.485505796349686989e+02 1.133193982581787163e-01 -1.277853132350893484e+00
1.485056690831846993e+02 1.073263364381991797e-01 -1.247179839118228495e+00
1.485494894447914476e+02 1.226271021790347193e-01 -1.277289107035769256e+00
1.485832112238764751e+02 1.245355845853987758e-01 -1.275922771027158786e+00
1.485242960360476161e+02 1.130401036456574887e-01 -1.278373574794123613e+00
1.486573379958134069e+02 1.192487185795068627e-01 -1.275617499237845953e+00
1.486790759397330248e+02 1.117157221964799191e-01 -1.274715292877098616e+00
1.485987788621549157e+02 1.143005174024396275e-01 -1.276943290575986101e+00
1.485797736122213735e+02 1.162400898185257242e-01 -1.277489588898161887e+00
1.485377962780989094e+02 1.120677849071035487e-01 -1.277877796592665538e+00
1.485825142027529182e+02 1.065445947522879327e-01 -1.274794866320345221e+00
1.485091838447759756e+02 1.097230146741073054e-01 -1.247117962006611736e+00
1.485950490103498964e+02 1.268874682344684757e-01 -1.274668786756277816e+00
1.486010679739489433e+02 1.213104880755641601e-01 -1.276492625927423186e+00
1.486890414115411261e+02 1.236244669531212370e-01 -1.273904042686917482e+00
1.487196263242070131e+02 1.198194446247337619e-01 -1.274155577775072601e+00
1.485979029363029724e+02 1.239943636222785861e-01 -1.275793836491611932e+00
1.486713238207803158e+02 1.126906692112668584e-01 -1.275102370211492975e+00
1.486476231324366495e+02 1.136485704943612646e-01 -1.275787801726177451e+00
1.485961536934876790e+02 1.089530624219260946e-01 -1.275627493621796837e+00
1.485445281679093341e+02 1.216667782869515907e-01 -1.277650224573325444e+00
1.487059628254184531e+02 1.267070407891153772e-01 -1.272299057321575999e+00
1.485171134365356522e+02 1.021460480703771517e-01 -1.273253998466945980e+00
1.485767009638548757e+02 1.073237571986250388e-01 -1.275320367677811983e+00
1.486251743538298342e+02 1.091507002117762526e-01 -1.275076564919357169e+00
1.486488067217296987e+02 1.103553028662675461e-01 -1.274989809834889298e+00
1.484207982101396510e+02 1.196442038564816956e-01 -1.247408400023262809e+00
1.485567455700660275e+02 1.205952213638956244e-01 -1.277614189107320941e+00
1.484191239373780604e+02 9.955820786095218033e-02 -1.247749698642995453e+00
1.486449285992537455e+02 1.088295101578868329e-01 -1.274520225888021496e+00
1.486173029399110703e+02 1.046685191581869373e-01 -1.272942779851699457e+00
1.485157632691983736e+02 1.109555106490615062e-01 -1.246843429084683708e+00
1.486795789115921593e+02 1.162935164640087615e-01 -1.275298004639109362e+00
1.486250192102704091e+02 1.207474940151291448e-01 -1.276084550129871653e+00
1.484436614532914973e+02 1.010314640138977593e-01 -1.247636353464461445e+00
1.485538632074002976e+02 1.131420199921994718e-01 -1.277751112407666145e+00
1.486335669983868684e+02 1.087851267192248561e-01 -1.274748942334837043e+00
1.485482026775085274e+02 1.158238792520087657e-01 -1.278166096780559258e+00
1.486224062103312065e+02 1.180064377400879688e-01 -1.276510367898325837e+00
1.485694648786747507e+02 1.182420802710213020e-01 -1.277654240624541693e+00
1.484968727528010959e+02 1.223795045563683959e-01 -1.243760694317078475e+00
1.485732532356758782e+02 1.176974953676640512e-01 -1.277607297536720532e+00
1.484449917774776964e+02 1.155540337884770619e-01 -1.248141118752238876e+00
1.486654570903840522e+02 1.152535581260735742e-01 -1.275567817029028994e+00
1.484239285039444667e+02 1.034172359073439185e-01 -1.248981113732440917e+00
1.486009955103720870e+02 1.225122119081318711e-01 -1.276190661256588754e+00
1.484934357146349271e+02 1.248775003469209666e-01 -1.242404583952116059e+00
1.526520087148070672e+02 2.959455059124557752e-01 -6.639503788575494836e-01
1.684149763736849081e+02 6.323514501540877797e-01 -2.474199625953495407e-01
1.511998740886525070e+02 6.169682513006871094e-01 -3.325170718986156237e-01
1.218613210190240892e+02 7.619117127623056263e-01 -3.938252956336800448e-02
1.612693228388172315e+02 1.924171960338364462e-01 -1.198239493801379479e-01
1.237361834768664153e+02 7.899812397014918108e-01 -3.482747796467172141e-01
1.465680553951362128e+02 8.654044587972645891e-03 -9.162952598287178452e-01
1.649290850904417880e+02 7.212860531634355254e-01 -4.302617489797101041e-02
1.316205302567736624e+02 2.694711346922658290e-02 -1.545923171509524796e-01
1.173405726785153007e+02 2.008490036029267345e-01 -6.440393731632736152e-02
1.521350439833786936e+02 3.513668322284060341e-01 -6.102542529188015319e-01
1.293924091586654015e+02 2.269243197454975242e-02 -8.655198938266696340e-02
1.506457375836279766e+02 5.763679706055457874e-01 -3.534271895320608148e-01
1.265663516105010160e+02 6.586749129712143880e-01 -2.310863344518385432e-01
1.426171458173643316e+02 5.926554942867197084e-01 -1.687285571806698414e-01
1.191315504680895145e+02 5.421259440559685894e-01 -1.651039525772742822e-01
1.585582599722780515e+02 4.186467209562068081e-01 -6.359137505849760119e-02
1.279394112077805232e+02 3.973431071319730862e-02 -2.255887065067090913e-01
1.179352234026784743e+02 5.055788507525361686e-01 -1.330546389097890005e-02
1.668250513954994858e+02 3.324553571988275724e-01 -1.270227010756660169e-01
1.213478446975490073e+02 2.961933661028676723e-01 -3.636500831866525812e-02
1.663377139127851763e+02 5.512753654431982175e-01 -8.974487426669718049e-02
1.247149513929262383e+02 7.122799618000122956e-01 -4.519824909545554492e-01
1.561711002546328473e+02 2.238334810793042584e-01 -2.807609654631674778e-01
1.493894964591113421e+02 6.953606970969438139e-01 -2.647886164102723483e-01
1.513080017222633273e+02 7.912383498899067114e-02 -7.041146248786888107e-01
1.346800621751247320e+02 3.243284733344308224e-01 -1.032269527841677380e-02
1.444054673883239275e+02 4.556492220094360279e-01 -2.386207023806019220e-02
1.274043246036793704e+02 3.546373654539878295e-01 -5.900374719828802017e-02
1.655667205744911143e+02 5.530055003354081636e-03 -9.792449620382049497e-03
1.360617031053779726e+02 7.790572906785064866e-01 -6.608818013625866739e-03
1.724217422117355625e+02 7.173924080130870962e-02 -8.689638171625865826e-02
1.567349169637617194e+02 7.317351015848269080e-01 -1.505965404556768583e-01
1.554515548265135294e+02 1.006833574066036824e-01 -3.105619791749107961e-01
1.287317225937622425e+02 5.151816307131403816e-01 -1.191793020340112669e-01
1.679172809761434451e+02 4.420046235664847889e-01 -2.197405266716997985e-01
1.435875075173269408e+02 5.570002841948606953e-01 -1.719544989501393603e-02
1.391687768517003008e+02 1.103131929486400181e-01 -8.766023970571773516e-02
1.182112285362907187e+02 1.444192281405203560e-01 -1.269465652597745187e-01
1.617479768788483625e+02 7.699241549724833433e-01 -1.709561871871259353e-01
1.224937818871398179e+02 5.334934278179283007e-01 -2.533544514994080094e-02
1.633405035426398229e+02 1.791694884927141074e-01 -6.518348495688081057e-02
1.283751967243535717e+02 5.677709818416248888e-01 -1.570206546118738944e-01
1.253208940777406042e+02 4.710671643869288605e-01 -3.318891225943646495e-01
1.469017077760373127e+02 8.257203454434476619e-02 -1.012701103625691879e+00
1.712257178788246392e+02 3.910472081676861222e-01 -4.942112524016774033e-01
1.416507856896919861e+02 1.840897628638136496e-01 -9.746831456742642563e-02
1.736314015988815527e+02 9.439230437796294892e-02 -1.989866061698215283e-01
1.321399051173161752e+02 6.410401691132299185e-01 -6.772133444575674510e-02
1.548459154850777395e+02 2.739717068688886092e-01 -5.207016578198084833e-01
1.364263385136428326e+02 2.653136507798206090e-01 -5.555646781791147466e-03
1.479702571110974532e+02 3.951502126521049818e-01 -6.565927257105238501e-01
1.475854016739135943e+02 1.435924775126163622e-01 -1.066635269204005532e+00
1.579301989385399452e+02 6.002374899202534975e-01 -1.121525799194302980e-01
1.244756926304969795e+02 4.252103950935450793e-01 -3.317555508783220919e-01
1.413664249454359378e+02 3.115274522460079187e-01 -2.091898147308442202e-01
1.741814666859463898e+02 6.261980728607866586e-01 -9.647763071497496012e-01
1.459217461038945487e+02 2.542445816663497782e-01 -4.098600371538707599e-01
1.624116170617413388e+02 6.389054672008682989e-02 -3.520794846792582589e-01
1.496668627445067159e+02 4.368262651973153776e-01 -5.534346692234876075e-01
1.334679845930346005e+02 1.727605559376230171e-01 -2.894376669686339262e-02
1.331732397720593895e+02 7.581965843693656559e-01 -1.392442927870192471e-01
1.716932027617115182e+02 6.801597014907357908e-01 -6.412583904875744922e-01
1.231527697771353473e+02 4.158600889596267836e-01 -1.025299048547532732e-01
1.404426222671554285e+02 2.609743404790984544e-01 -1.802204002175819275e-01
1.704540570187434412e+02 5.234057181992910479e-01 -4.818676117929519553e-01
1.375620728572693849e+02 7.401709330913033291e-01 -1.221150459231177127e-01
1.453960634933443998e+02 1.215670397228098554e-01 -3.905309258099860514e-01
1.388033967563037834e+02 2.243238054621593536e-01 -7.203581896454970546e-02
1.688248659894055095e+02 5.367259693318461589e-02 -6.628517975958118924e-02
1.484384642047863281e+02 1.316849082448291741e-01 -1.238997546913814807e+00
1.370584139363874385e+02 7.035255507800529662e-01 -5.543637817875664980e-02
1.697865777662773894e+02 5.012970510675032187e-01 -3.556942589399358368e-01
1.732336139767855911e+02 4.799826607832915482e-01 -8.221666426693878815e-01
1.193229040422699399e+02 4.902647110860604562e-01 -1.768600163046331886e-01
1.533039757031644115e+02 4.008106922021242302e-01 -5.665139127948488618e-01
1.381473674553348019e+02 1.138945967006426835e-01 -3.223490594147940258e-02
1.262434676600434784e+02 2.878149428818667643e-01 -1.405333504529873434e-01
1.201515958400155739e+02 5.871395980782574409e-01 -2.700317448954593913e-01
1.672685868895507610e+02 1.673861421945947725e-01 -1.132645389711119249e-01
1.306177389361764654e+02 7.993105467288500465e-01 -7.958294607945246208e-05
1.595943186239816782e+02 6.793803323130758187e-01 -1.459295485552598026e-01
1.208738929350416811e+02 3.133948276085198881e-01 -5.615973616327234880e-02
1.339862586826671418e+02 5.688361525245230199e-01 -4.415010252630735543e-02
1.641281646874493276e+02 4.861719247949740641e-01 -3.134612210065397531e-02
1.602464213638697288e+02 3.715335763019072535e-01 -8.375954966657904455e-02
1.313556324984648143e+02 2.152349374552670058e-01 -8.273538407261245287e-02
1.538366798010710852e+02 4.624747350984827476e-01 -5.135871059864116628e-01
1.576296699463890434e+02 2.352193385124953517e-01 -6.601046244604526214e-02
1.591607756784466972e+02 7.108939280209581879e-01 -1.360086647847661701e-01
1.547254749030270204e+02 1.569843328376878400e-01 -4.698362055926991743e-01
1.424321424504802565e+02 3.611515344921245041e-01 -1.164745568125614000e-01
1.637660422090945076e+02 6.678445245626547511e-01 -7.423078879234455696e-02
1.441528967810061204e+02 3.382346905117492031e-01 -5.588771820843095942e-03
1.302751929401210589e+02 4.719548577068446993e-02 -7.833207612795714536e-02
1.349933255428286429e+02 3.807602298695687004e-01 -5.702995501052090209e-03
1.705627826436523264e+02 2.412024825728604771e-01 -3.341060565815398564e-01
1.608952152303634762e+02 7.505696492263908004e-01 -1.747168574619377690e-01
1.401280178960295757e+02 6.134638125253458751e-01 -3.516819921217922973e-01
1.167238682587875616e+02 6.490869762312452274e-01 -2.349238860551572106e-01
1.591138123693761770e+02 7.409384270868404343e-01 -1.415400055737316698e-01
1.379639568674914187e+02 2.445834691204038236e-01 -1.930241209949592682e-02
1.545439209592527163e+02 3.539828500752211227e-01 -5.409550593708295496e-01
1.275680033556567992e+02 4.513591321660766903e-02 -2.621904742671731237e-01
1.736383205704494230e+02 3.905788473068513289e-01 -8.330601383697864293e-01
1.310129296151348228e+02 2.214014656672252945e-01 -7.876173179002099456e-02
1.308769243720541908e+02 4.968914776223068985e-01 -2.695384801941509700e-02
1.415184738021598605e+02 5.250575667444125072e-01 -3.120263044881012582e-01
1.406770265554237085e+02 1.170303850867958906e-01 -1.037411333154412141e-01
1.517150230072947750e+02 7.914487870918647250e-01 -2.782722150230932390e-01
1.498684638409775118e+02 5.540407002022658123e-01 -3.825267547574298654e-01
1.235606006653635376e+02 4.463323981759839687e-01 -2.317960691116895955e-01
1.163949803893358563e+02 7.493054219459360787e-01 -3.495382821708349352e-01
1.228863522795199117e+02 8.064080837855303052e-02 -2.281929567005872017e-01
1.172843336126223193e+02 4.066608086731404170e-01 -1.463957966961738043e-02
1.479229705513167801e+02 9.752901855418180666e-02 -1.196961662204821142e+00
1.653647335715684221e+02 2.670817665035933944e-02 -3.319689237843421320e-02
1.489545499094801642e+02 6.961604824777234413e-01 -2.666288677611673985e-01
1.375812143287231493e+02 4.505014385030682300e-01 -5.090758157873235407e-02
1.183697954278494819e+02 2.586184697428942081e-01 -4.093222257254019308e-02
1.549038262717083683e+02 4.895524183585824307e-01 -4.042990748718330307e-01
1.227277494775429005e+02 2.177248050147008451e-02 -2.143045568589611871e-01
1.716305742039119195e+02 3.312349252954309708e-01 -5.079381328676076945e-01
1.361391941337844571e+02 1.754750631742202360e-01 -4.158699578963548187e-03
1.581590206434659933e+02 6.594615695343031270e-01 -1.107409793129058573e-01
1.487965413933723084e+02 4.577360633554971026e-01 -5.487638458038048839e-01
1.530108837743567847e+02 1.390945307141466802e-01 -6.162107584081661926e-01
1.353576779430655961e+02 5.857140149751707270e-01 -2.145476732556860985e-03
1.667030282539129757e+02 6.157071520922893226e-01 -8.305426149283655357e-02
1.287885625627337163e+02 6.677894654552383180e-01 -2.049292609411525468e-01
1.457013434929933169e+02 2.862382171807983933e-01 -2.687183012156668660e-01
1.661629553030755062e+02 6.525531839459977057e-01 -5.835131005171143026e-02
1.639086672064928507e+02 2.077233143797168613e-01 -2.576895538865787288e-02
1.206740377906513402e+02 1.230599768289527413e-01 -2.690954423519688245e-03
1.694828236152553131e+02 4.381758228231233954e-01 -3.580499460916485299e-01
1.559079132197417437e+02 3.057739478731276161e-01 -3.688510886234690478e-01
1.673382598811331547e+02 1.527350128146587604e-01 -1.017887531730323342e-01
1.631576392779017795e+02 9.415184311912799808e-02 -1.688190470433184598e-01
1.627506616249264937e+02 1.938905246919359060e-01 -8.177527832666381391e-02
1.409367718819187871e+02 5.962693533736612705e-01 -3.546545112209454342e-01
1.445581494730760426e+02 4.132710712709730116e-01 -2.502053492733298176e-02
1.317764711468476833e+02 6.249459198259299519e-01 -4.262592256803878626e-02
1.604446717963620301e+02 6.054812651765484333e-01 -1.579393192268124801e-01
1.422516828395474136e+02 6.842298100813722916e-01 -2.477667772560358528e-01
1.596702110528237881e+02 7.242863599849218570e-01 -1.526979094296860295e-01
1.564172784906564004e+02 7.154774897522295785e-01 -1.828786109355397260e-01
1.348118412828044654e+02 2.379928485720018139e-01 -1.167626864475917320e-02
1.221516249473487790e+02 2.258961777053646591e-01 -4.495394634693226921e-02
1.576563035241851480e+02 4.298834122532504409e-01 -9.713312734882578736e-02
1.203464645015731804e+02 7.616210577646143065e-01 -3.477894537898723049e-01
1.471534934524333664e+02 6.818951658405505989e-02 -1.006887066206561210e+00
1.250569940236500628e+02 5.054011037022600010e-03 -4.046080570418171818e-01
1.449533880336747700e+02 3.128757601618628592e-01 -8.443768769643889005e-02
1.370065910675718612e+02 1.626390016142305051e-01 -6.627639965925570921e-04
1.259864991533280403e+02 5.780563592929662819e-01 -2.827521661200619318e-01
1.607092600760176992e+02 6.882696660522225063e-01 -1.682452830019112722e-01
1.198269249632778894e+02 3.427211315531782931e-01 -1.169211277893534434e-01
1.675686986293644622e+02 3.262521764334747609e-01 -1.665999016156744506e-01
1.647797870023521796e+02 5.397888502460340687e-01 -2.739313329170922282e-02
1.264095190466972554e+02 1.467332067534189155e-01 -2.016039633951000887e-01
1.251600602589825684e+02 1.503206960688123310e-02 -4.228014441587939487e-01
1.540166189056746475e+02 1.076890355867539395e-01 -4.593239518664664622e-01
1.326468794971599152e+02 1.303832418718436081e-01 -5.818496663961244403e-02
1.646226583338858802e+02 2.108166359261372524e-01 -2.665992776404434942e-03
1.722693765823873377e+02 4.782174595873453504e-01 -6.733985996383163863e-01
1.684607706824770617e+02 3.600651317267623552e-01 -2.606652829904194113e-01
1.364826497921617374e+02 5.671394912650724596e-01 -2.474366831159605096e-02
1.717575549634731544e+02 3.506145870753294980e-01 -5.230435420378436451e-01
1.506185051571960969e+02 7.570204183059341396e-01 -2.553996476578779817e-01
1.461216245952625741e+02 5.469090595995662607e-01 -2.263092411771172596e-01
1.691954521166038603e+02 7.694263181672807983e-01 -2.745429218819543937e-01
1.438150121213014359e+02 5.157265214517514629e-01 -1.638253056152375389e-02
1.188604271324582413e+02 2.785576620387787972e-01 -5.739052944979178283e-02
1.295043817832264210e+02 2.513316988533764174e-01 -4.712154195858019728e-02
1.280355505514509389e+02 5.045657858560514963e-01 -1.161702274144710972e-01
1.301747241445661416e+02 5.756459070068488115e-01 -4.953456425313516875e-02
1.472229257560148312e+02 7.316423720991971358e-01 -2.261626172621918340e-01
1.582539265767193228e+02 6.352258343273425867e-01 -1.071927501657699011e-01
1.511552603890267790e+02 3.648379571161010360e-02 -4.237985024196005424e-01
1.532284030368533365e+02 7.084549214439112008e-01 -3.567997716075909098e-01
1.618896603775887684e+02 2.689249419105717021e-01 -9.588650417657100522e-02
1.178888250624648464e+02 4.979799549554269483e-02 -3.441574738237199726e-01
1.432515290463581152e+02 4.183061630792708208e-01 -3.632772816195113663e-02
1.273609006003212585e+02 6.784275822804858302e-01 -2.264285567916896613e-01
1.613546553600152436e+02 2.944806948528937984e-01 -1.027146269540456930e-01
1.565281900195666935e+02 6.204447048827166356e-01 -2.043306514553464293e-01
1.699529818177671245e+02 7.987641919771378829e-01 -4.083524291851473587e-01
1.211594848453525373e+02 6.471279404129708368e-01 -1.501918202360865429e-01
1.523357544306374223e+02 7.537967128676224815e-02 -4.395096489190255529e-01
1.331025260044166316e+02 3.740602103988796556e-01 -5.700849424209625954e-02
1.398171567180987438e+02 6.259800973393921109e-02 -2.112357156127170621e-01
1.335657506703453237e+02 4.708911470907308772e-01 -4.638979295594724411e-02
1.426736126219024072e+02 3.927559210283527724e-01 -7.265663363011184983e-02
1.338771833616578419e+02 5.340935854764861102e-01 -5.663640873530678688e-02
1.710258050846601066e+02 1.883931438931577551e-01 -2.900847215541991209e-01
1.391453718043105710e+02 3.829972464600912563e-01 -1.437905386641457339e-01
1.739667586720684369e+02 7.830460305815439837e-01 -9.065615158536584062e-01
1.732200642667819181e+02 1.824351966672400904e-01 -4.241054821041760903e-01
1.243219025983363366e+02 2.977584051171953683e-01 -2.471846657089102062e-01
1.390484319414006222e+02 4.871422468760719382e-01 -1.901189418081336013e-01
1.487489867923616202e+02 6.508798599243163785e-02 -1.187605927897398272e+00
1.485936214922519412e+02 1.250754475593567061e-01 -1.275487044130135583e+00
1.498846005429490162e+02 1.677041774430115262e-01 -1.123120552273536132e+00
1.487284578507389199e+02 1.073562502861022949e-01 -1.272047125651590838e+00
1.488381288853740045e+02 7.653608188590810268e-02 -1.223659181676244767e+00
1.483347079150148318e+02 2.373242676258087436e-02 -9.594074892366640794e-01
1.492532357771058003e+02 2.289031028747558760e-01 -1.078691450164437349e+00
1.492105719814962299e+02 2.961152303933901886e-02 -8.831436093317368563e-01
1.502237579377134864e+02 2.300228575176063439e-01 -1.001322245834422642e+00
1.488003193187672366e+02 1.114260773520478892e-01 -1.271968512785516703e+00
1.492674329217075240e+02 2.892464114437258149e-01 -9.159682613290448527e-01
1.483320660966737137e+02 1.709620779624182463e-01 -1.187693748691330820e+00
1.501578376738375766e+02 2.181673095933269468e-01 -1.029090296810164284e+00
1.489424658943344468e+02 2.536745786666870228e-01 -1.017207568693206499e+00
1.483730751079779111e+02 4.063485309233675485e-02 -1.084238250108865653e+00
1.482403248078462639e+02 2.074362516403198409e-01 -1.114158601189983999e+00
1.493387965429285202e+02 2.237057209014892689e-01 -1.091407027337338853e+00
1.497044150149030486e+02 1.553292577257572582e-01 -1.199207757358789816e+00
1.476077628805164181e+02 1.405855311055881629e-01 -1.069476908900795387e+00
1.480419589265573279e+02 4.605145000372155850e-02 -1.107601760185678685e+00
1.496926556729771391e+02 1.435910463333129883e-01 -1.210033811480494270e+00
1.487580861993563417e+02 2.040175859159720773e-01 -1.145982276139557499e+00
1.495146108343798517e+02 2.954798413719300076e-01 -8.734002030531258232e-01
1.500126663177348405e+02 1.870615601539611927e-01 -1.093354298598170793e+00
1.485522418897145940e+02 2.626242357470053856e-01 -9.748662925695185111e-01
1.481220731599602800e+02 1.002410650253295898e-01 -1.256753175212430795e+00
1.490297242846045833e+02 1.990965366363525446e-01 -1.155310646155492060e+00
1.485172510449559127e+02 9.114974498571803974e-02 -1.260522282138568873e+00
1.487911791875679626e+02 2.162051916122436634e-01 -1.115843507424870928e+00
1.492792907311389854e+02 1.664199471473694070e-01 -1.218861113548939779e+00
1.484919175668684090e+02 1.827659078795003667e-01 -1.160831662542177067e+00
1.479756576123601519e+02 1.216218471527099609e-01 -1.186390066195287973e+00
1.484640015136843090e+02 2.546206712722778320e-01 -9.961205717903148793e-01
1.489500716734186199e+02 1.971583247184753585e-01 -1.158431462179316362e+00
1.485320850898005176e+02 5.536138415336609025e-02 -1.146517777386057313e+00
1.486879830765882389e+02 3.873745799064636647e-02 -1.036335388063144514e+00
1.493473397512100576e+02 1.041284799575805664e-01 -1.248112039383241001e+00
1.481851062251454607e+02 7.005874720051330495e-02 -1.213064600610287647e+00
1.480784562585940591e+02 1.026525020599365345e-01 -1.191189573419713099e+00
1.490598893355705741e+02 1.309046118468411013e-01 -1.260374375910743527e+00
1.483465647410347117e+02 1.110033748316708868e-01 -1.251936936513798448e+00
1.497530419300523761e+02 1.745594978332519753e-01 -1.171104654850321447e+00
1.486770347802094250e+02 4.926310460454556145e-02 -1.109962070642235066e+00
1.481030805360914826e+02 5.784412026405334750e-02 -1.176053561919153667e+00
1.488042687313346732e+02 1.499080955980145458e-01 -1.249059656477604197e+00
1.493068914918381154e+02 2.646333448111971021e-01 -9.823635807486741367e-01
1.479993975496889789e+02 2.216694705810163812e-01 -1.022503075488088387e+00
1.487362777230283086e+02 4.594415128231049000e-02 -1.088053161821259662e+00
1.494937424404769786e+02 1.569789085599854750e-01 -1.198305528904006989e+00
1.474936936099679201e+02 7.204629299133415155e-02 -1.109554148521409100e+00
1.490288080103931065e+02 1.547222602715885853e-01 -1.239689949990722351e+00
1.486949839937979903e+02 1.346056788244544833e-01 -1.267584667961477507e+00
1.490404718765386747e+02 1.286765235422324682e-01 -1.261383027391626221e+00
1.483792761929377377e+02 1.502337398424100912e-01 -1.219772302499128047e+00
1.486139934345794131e+02 1.399392017579921543e-01 -1.264648815512884772e+00
1.486859298432060541e+02 8.950512127601210899e-02 -1.254505160398567742e+00
1.491085097699001949e+02 1.703513980550841189e-01 -1.214270069627272131e+00
1.480176238902073180e+02 1.236659597723350629e-01 -1.183278056733300776e+00
1.489178921869552710e+02 1.812692744382442545e-01 -1.193334905161250958e+00
1.481592870948585414e+02 1.259276747703552413e-01 -1.251801880742615225e+00
1.482807034132429749e+02 7.603891286208398770e-02 -1.224171379426528095e+00
1.481629866927799810e+02 7.278860550107600635e-02 -1.220236697703437123e+00
1.487261339480554057e+02 6.411857723150031496e-02 -1.184118262199577165e+00
1.488026899803087417e+02 9.343055253580898056e-02 -1.257943731842307233e+00
1.494894967740091261e+02 1.999091148376465066e-01 -1.121248938588996991e+00
1.486163918560383763e+02 1.117244358717857655e-01 -1.276087801504060426e+00
1.477836052136553064e+02 1.132372823836684389e-01 -1.198598684481192000e+00
1.482275549716523244e+02 1.581605933073232384e-01 -1.212423793255012594e+00
1.491840764735452467e+02 1.178677650866793852e-01 -1.259578059899127522e+00
1.491180387671812184e+02 2.126088143355308879e-01 -1.121698064764035108e+00
1.477936077994805828e+02 9.487869892779859926e-02 -1.201209295358374174e+00
1.482749256697451585e+02 8.301951614938285484e-02 -1.236401755238974776e+00
1.483197405019396342e+02 1.916907876701114399e-01 -1.146980124665692546e+00
1.496711648361445555e+02 2.162993219371472375e-01 -1.081933109150888805e+00
1.484014143227174714e+02 6.198235787662122881e-03 -8.145614397141994756e-01
1.485615775281140429e+02 1.428924729342209987e-01 -1.262731555861703603e+00
1.481028466504055530e+02 1.596608973546739252e-01 -1.136903658159582831e+00
1.488825973592072103e+02 1.046046555889605101e-01 -1.267137663949651438e+00
1.482336213788321118e+02 1.295607089996337891e-01 -1.246917844446090440e+00
1.484591253864749660e+02 1.187274230364315231e-01 -1.246631312622636267e+00
1.488790171116188787e+02 1.302338072038924099e-01 -1.266520295018195519e+00
1.488275268848234418e+02 1.104084729886513350e-01 -1.271075275477496769e+00
1.489859955426730949e+02 1.571623112198177741e-01 -1.236899863133781752e+00
1.483984528598791712e+02 1.238383112983316714e-01 -1.245921921465541482e+00
1.480660926790683618e+02 1.119334769000828178e-01 -1.188873538842767141e+00
1.489054691521959910e+02 2.131656085905800913e-01 -1.121421160027406660e+00
1.489335143650601481e+02 1.384142348135996292e-01 -1.259009612017041313e+00
1.493165721207726051e+02 7.106904382175699419e-02 -1.168854995628001880e+00
1.491494215582413574e+02 1.736247451990225454e-01 -1.207821542860463948e+00
1.482627218157988693e+02 2.061102796933587111e-01 -1.116649800360366429e+00
1.486458947377550430e+02 9.751283045665211369e-02 -1.266184859339386959e+00
1.487333470010083261e+02 1.264209881505055366e-01 -1.271820428289434535e+00
1.493800695120018531e+02 1.612200382366243412e-01 -1.225796861798773341e+00
1.487200208103626267e+02 1.506505953580807577e-01 -1.249913691794564574e+00
1.492155146517329456e+02 1.200326767247974769e-01 -1.259612305373058350e+00
1.482092805441292853e+02 1.012885568665385788e-01 -1.254637536875948367e+00
1.487485706615670438e+02 2.037713289260864313e-01 -1.146732267655802495e+00
1.484530352960302935e+02 1.785713368351768970e-01 -1.170101723763351531e+00
1.487753255068419378e+02 1.997239968156911405e-01 -1.155737066158968318e+00
1.488001067001141280e+02 1.847851961240463137e-01 -1.188375219907068958e+00
1.489970822654179585e+02 1.150276462468072386e-01 -1.261038883192563631e+00
1.487734282823173260e+02 1.627300757438757128e-01 -1.230690803457829441e+00
1.489190132854379272e+02 1.557308025313250965e-01 -1.238499037594155805e+00
1.485591778397782150e+02 8.665363858815522402e-02 -1.252038495285141773e+00
1.487836993659551013e+02 1.083947151417705701e-01 -1.271305835872983403e+00
1.489295803985759221e+02 1.214084296539989227e-01 -1.269129550349852087e+00
1.486499590505993922e+02 1.300379117156251485e-01 -1.271757825175418910e+00
1.486213566878030008e+02 1.221214863955045610e-01 -1.275848059733400985e+00
1.488487579558850769e+02 1.338210643390632948e-01 -1.264757892343507217e+00
1.486069805281331924e+02 1.766704657141423551e-01 -1.208709480487867527e+00
1.494422399775599501e+02 1.395506498848179677e-01 -1.213641465525746810e+00
1.484399461018586237e+02 1.289918214943348573e-01 -1.241146465933454124e+00
1.483230964430470920e+02 1.358365300028198941e-01 -1.238627527159230413e+00
1.486722961864230967e+02 9.484792399241627481e-02 -1.262511784217460020e+00
1.489005490874051247e+02 1.010736345195298730e-01 -1.264152935772379971e+00
1.487160373951344923e+02 1.000699142982438838e-01 -1.267254063763657124e+00
1.495677706419594131e+02 1.196156044809191937e-01 -1.213192861748368045e+00
1.486866713438770944e+02 1.477776103467147439e-01 -1.254328495604192462e+00
1.492245203649317205e+02 1.457715822374762438e-01 -1.247577563154133928e+00
1.485808709892938566e+02 1.620422694104723671e-01 -1.235844898627518562e+00
1.485603757728676442e+02 1.258129249287401052e-01 -1.275914549598044179e+00
1.482656653240099445e+02 9.809563799701424835e-02 -1.251517990982877082e+00
1.484044084681700042e+02 1.230693996510527771e-01 -1.246186608001703222e+00
1.491061717044337058e+02 1.638418724636150625e-01 -1.225304662122799870e+00
1.490621749306861261e+02 1.413257416949675604e-01 -1.253881732334260368e+00
1.487124432538361134e+02 1.131220046218149727e-01 -1.274277688420052401e+00
1.485046648025397644e+02 1.251516657265676624e-01 -1.241889182247206680e+00
1.484195543103451485e+02 1.438740424787881278e-01 -1.226855625235847569e+00
1.486396510921272522e+02 9.823081477174883114e-02 -1.267077829668367572e+00
1.488504788896603372e+02 8.047320818419964605e-02 -1.233337709787593273e+00
1.485370228982710898e+02 1.310099841669311038e-01 -1.273633131056601586e+00
1.487079854181311873e+02 1.315669406408949971e-01 -1.269500444563219421e+00
1.488129099684802839e+02 1.147606118499485128e-01 -1.272261734208915307e+00
1.487739149903235898e+02 1.222704501049555886e-01 -1.272419525090754622e+00
1.486943453739469589e+02 9.862711233042008308e-02 -1.266328376231350861e+00
1.489878690965113321e+02 1.231394928737758604e-01 -1.262888688180068053e+00
1.483461603649473375e+02 1.020025748671808535e-01 -1.250866049625892762e+00
1.485729951388531163e+02 1.044864714867111966e-01 -1.273772550642178203e+00
1.487470417860426437e+02 1.190459010139671148e-01 -1.273653128293313896e+00
1.489721206939144622e+02 1.070545600975392059e-01 -1.255925926860854247e+00
1.488446215091160525e+02 1.025260581908905427e-01 -1.266529953518245932e+00
1.489034385569832750e+02 1.161886443432950666e-01 -1.270302593398304536e+00
1.484722836052130504e+02 1.234527740646973459e-01 -1.243908186651782266e+00
1.483323881461757878e+02 1.281931194801806395e-01 -1.245001386186629144e+00
1.486363516139227841e+02 1.451586249154848962e-01 -1.258565340773981855e+00
1.484585121264647398e+02 1.075767842834598337e-01 -1.248614020666332536e+00
1.490469424498222395e+02 1.592655886319488401e-01 -1.233095728626366627e+00
1.487663190055920381e+02 1.686700052640921488e-01 -1.220586954185119088e+00
1.489403574803509116e+02 1.352621310255737730e-01 -1.261572061583693172e+00
1.483690830194609021e+02 9.524439047885507881e-02 -1.246752472068765494e+00
