3.689915601066360296e+02 4.928365635348358476e-01 -1.545611735468464865e+00
3.233938346362372158e+02 5.015855710580531257e-01 -3.259825542783231223e-01
2.484476510863353269e+02 4.144452586372975311e-01 -3.447974936895913611e+00
3.016696935787481948e+02 1.238416212523421045e-01 -2.067114284331607710e+00
3.499839835352410091e+02 5.803469306094967139e-01 -8.028563628493545767e-01
2.646394285766835992e+02 5.982010570375190239e-02 -3.169608116694448974e-01
2.780746683485808717e+02 1.973866208340865069e-01 -5.141660402134166086e-01
3.251165220553274935e+02 7.506324016791277032e-01 -1.517533608844872095e-01
3.442125167273397892e+02 5.398601343219636139e-02 -5.025909240846835324e-01
3.641007600945483773e+02 2.505858278857326371e-01 -3.238676612079377737e+00
3.167502224760053764e+02 3.598868499964001932e-01 -1.119393813856260245e+01
2.750015208621454690e+02 7.694671582097261098e-01 -1.270805717781586353e+00
3.558228434574177754e+02 3.472544212812738174e-01 -5.671687397402799258e-01
3.602623640737157302e+02 2.256172654930202470e-01 -1.452724544249036631e+00
2.843122584592927637e+02 1.776353551727714863e-01 -4.410430568732998657e-01
2.711718894085709053e+02 3.053111871068656669e-01 -4.418898661493072311e+00
2.623486433344365878e+02 7.279565785381941767e-01 -8.354018099212181525e+00
2.944629905964536647e+02 1.693932240694623337e-01 -1.390663429185155509e-01
3.076516120256115414e+02 6.705225347027831129e-01 -2.076814068780396383e+01
3.588260011845268309e+02 4.008978862321034287e-01 -5.497758546990090256e-01
3.149024753712503184e+02 4.400320362476519698e-01 -1.390665161704887076e+01
3.030240134362757090e+02 5.946478124508048912e-01 -6.638647681844860315e+00
3.107281412033891570e+02 9.988522162030005758e-02 -1.463519608471847455e+01
2.702171315799706690e+02 4.520346981067330794e-01 -6.526775552617643861e+00
2.912154646442072590e+02 1.652450180665631929e-01 -5.568428660864116475e-01
2.730219591112540911e+02 5.135079942799113395e-01 -3.194566973067681559e+00
2.504703450314369491e+02 7.147582917131888314e-01 -4.423586422307495880e+00
2.668185827872708273e+02 6.599239709309434598e-01 -8.495664744381004496e+00
2.691142356865449869e+02 3.908171580743424744e-01 -6.832566222230877173e+00
3.415529779006956232e+02 3.995232764306455575e-01 -1.489470625894839285e-02
3.468950872665048450e+02 5.385733659906660753e-01 -7.394712911976635272e-01
2.719883411517690206e+02 2.776356189439797145e-02 -2.132297495650719021e-01
3.351569963604870281e+02 2.146235866091444899e-03 -7.218378963604360488e-01
3.397587750458380924e+02 5.576492675397730636e-01 -1.725133654900064539e-01
2.565144244211225555e+02 5.855899573363529953e-01 -6.530658351718154897e+00
3.386342542804109144e+02 3.812249446148029963e-01 -2.513753164329942669e-01
2.995995225958574224e+02 4.329857281096232136e-01 -6.215437246065034227e-01
3.548346057231292434e+02 3.738830040202711924e-01 -6.116083696670757686e-01
2.918457094861291807e+02 4.191433255677413650e-01 -7.381244548226424673e-02
3.612283502913030588e+02 6.940135518919497981e-01 -3.096894192030989479e-01
3.198440067847986938e+02 1.477148315998156464e-02 -6.702896583450277390e-01
2.978781797202941561e+02 2.862914695553510636e-01 -1.203686405117201097e-01
3.086721568860571097e+02 2.222559151934959398e-01 -2.690931700273877070e+01
3.320868905774342466e+02 5.703257144333095940e-01 -6.268503674901185763e-01
3.136168490586460393e+02 5.619234079567795304e-01 -1.691310750267552621e+01
2.810597068768477698e+02 7.430476011287564519e-01 -1.095413194439467663e-01
2.952241423595858691e+02 3.141384894252520765e-01 -8.017461463237998687e-02
2.817961769217804999e+02 4.312115258507252524e-01 -2.531839724825762361e-01
2.880929432391860132e+02 7.257033754422888283e-02 -6.655365210906356577e-01
2.584439249545319512e+02 4.673297613851002952e-01 -5.753212856223635541e+00
3.541811982988237446e+02 6.421568156798518334e-01 -3.381431524482699236e-01
2.641378499036040921e+02 4.780476861083513551e-01 -8.861019270469387976e+00
3.295625263492855765e+02 2.253117736473090812e-02 -2.875637276191853053e-01
3.375648813408093929e+02 4.534688226644940923e-02 -1.958291023667679820e-01
3.658153421312445062e+02 2.775320071239688602e-01 -3.657211152484495464e+00
3.672648295593443208e+02 3.676379600702369688e-01 -2.733800959551710541e+00
3.053504911619867244e+02 2.335498561140757490e-01 -1.617150929685831073e+01
3.517956330944219872e+02 6.550882922464454916e-01 -5.828249215690902707e-01
2.537912865484440772e+02 5.310910308460574658e-01 -6.161080082431558580e+00
2.876371208896806593e+02 1.445317676042051913e-01 -6.664282061834774229e-01
3.297813851390842501e+02 3.292660497739907099e-01 -5.100629160868683787e-01
2.602375681317226963e+02 2.431613333937566734e-01 -4.467404236181668153e+00
3.000504142136742871e+02 7.888054411115273945e-01 -7.772530533727343149e-01
2.522225719940879287e+02 6.185323409547699436e-01 -6.186867354231179839e+00
3.486826582157826806e+02 2.960243750034055599e-01 -1.209051826719246936e+00
2.547565237097674924e+02 1.556805757110785726e-01 -1.923269116927146527e+00
2.662865086890793123e+02 3.744190674659254869e-02 -1.430389965842827626e+00
2.794787752741711984e+02 3.269862758480056586e-01 -4.214121438626840521e-01
3.330533217840597899e+02 1.135660536238390916e-01 -3.323704571159207810e-01
3.694580410419411010e+02 7.666925232506972554e-01 -3.300998144749268670e-01
3.530514383033342369e+02 3.436582775041630011e-01 -9.735121746218030614e-01
3.622769172767973487e+02 4.591561122499378533e-01 -1.180963835435516307e+00
2.612187479100485348e+02 7.196686935261242812e-02 -5.883699591965018127e-01
3.646180068536469321e+02 6.080574943612218064e-01 -8.457154483694456770e-01
3.450264103719269997e+02 7.950434709550167067e-01 -5.069397494781646696e-01
2.769462698784779491e+02 2.103789593710975181e-01 -8.275478909256610560e-01
2.928271406795717553e+02 1.900063818491961043e-01 -3.956869481649732956e-01
3.570983905931684035e+02 2.949290176728805446e-01 -6.143731644883541065e-01
3.336862938352610968e+02 1.054708142026405393e-01 -2.755480481202523535e-01
3.185353546200888673e+02 6.720502424920503648e-01 -3.889204784787855917e+00
2.861582755502923874e+02 1.354886027667081827e-01 -6.348382957681940608e-01
3.263306359210881737e+02 2.005508575278237005e-01 -2.022104004590739024e-01
3.244180136743636353e+02 7.097824435897051032e-01 -1.807370848960538900e-01
2.967862857560236876e+02 7.345587533488854293e-01 -1.052783423818847014e-01
2.511226692816100297e+02 7.587852407993747050e-01 -5.157450807870097798e+00
2.835683938217118794e+02 6.850066665344644035e-01 -1.414109390418120671e-01
2.756133199928141266e+02 6.022434541808806552e-01 -1.112879657493593299e+00
3.067358230411435329e+02 6.331428539925365584e-01 -1.948185775517158191e+01
2.900873903205977058e+02 7.772874694851391597e-01 -8.026102721067471593e-03
3.216688845758039292e+02 4.819932248712941458e-01 -8.490001289477461244e-01
3.128203358417288769e+02 2.718292094605842535e-01 -2.626684651816711735e+01
3.477286765022489021e+02 7.022817592189651847e-01 -5.704968395430763950e-01
3.115226164254974606e+02 2.593512116808214252e-01 -3.004477341479749342e+01
3.365099422819072288e+02 5.216176728922422567e-01 -3.537089050641002430e-01
3.276570006060297828e+02 1.395147499099221311e-01 -1.348228494657583432e-01
2.474889015653910178e+02 5.516015341707289910e-01 -3.133308588327250899e+00
3.174554167644754443e+02 8.699042180093634336e-02 -3.669254124835636066e+00
2.568470612211366984e+02 8.990634371974420835e-02 -2.943531587022474860e-01
3.429867615476405263e+02 6.304927635752850534e-01 -2.845458479054677192e-01
3.041433185339217289e+02 5.116737185779479669e-01 -1.101461311588091085e+01
3.433736508234071607e+02 2.880720124176535113e-01 -2.064171268893104094e-01
3.481206019401809044e+02 4.040571717645934091e-02 -5.084497781428632956e-01
3.575629182540200759e+02 6.859448016671909620e-01 -1.741953089481276806e-01
3.294257746090340788e+02 2.991748577892109351e-01 -4.374754055496961613e-01
2.923821349718246552e+02 6.675226445645103535e-02 -3.464939006657610787e-01
3.268723726748275453e+02 6.010161752106765731e-02 -2.142170785109460407e-01
3.256705290614950741e+02 4.213557207944551575e-01 -2.171480789795953437e-01
3.333805693413571021e+02 5.378656240494963936e-02 -3.321905619832850043e-01
2.682304367473241768e+02 7.814152302011425633e-01 -8.995293449701737387e+00
2.936114907360193911e+02 2.620815199690821884e-01 -1.759225482868594648e-01
2.772162532775400905e+02 4.038632016063559149e-01 -7.072653446537836563e-01
3.667390001684190679e+02 4.644408917800220138e-01 -1.794057323491960121e+00
2.738115648164789491e+02 4.091256124379543668e-01 -2.456420256426215865e+00
3.557259941001859147e+02 2.163164833438427359e-01 -7.460341662874946378e-01
2.950616524670211334e+02 2.501208841372548064e-01 -8.366454235803183481e-02
2.982277987112518645e+02 9.118557504279772852e-02 -5.951665812803683120e-02
3.604514242444596448e+02 3.317393433376277234e-01 -1.073291582044677783e+00
3.520183356353378485e+02 7.509788968494957029e-01 -4.067250920433679862e-01
3.192468073139510807e+02 7.251847141019777121e-01 -3.116166924715285891e+00
3.513245182559296040e+02 5.873485186700970750e-01 -7.364162407661468679e-01
2.759876892449476031e+02 6.149422005223662557e-01 -9.716103144991173890e-01
2.839625430445980214e+02 6.224615780648634633e-01 -1.728178354596681676e-01
3.209523145949616492e+02 7.551709491602756064e-01 -9.284265910005281563e-01
3.227072154403928721e+02 3.146076599505975152e-02 -4.727724646828667110e-01
3.147841057306096104e+02 3.867995416874968617e-01 -1.649499507662121900e+01
2.501374506867762477e+02 4.721369668936933883e-01 -3.484232538934917134e+00
2.593180773687561214e+02 5.419467261978303529e-01 -6.569802236797666950e+00
2.726667209913080114e+02 2.440236610681295049e-01 -2.712481935654720289e+00
3.055128406358277289e+02 7.959689336125772563e-01 -1.387293983013794296e+01
2.873868331900470139e+02 2.047841311665649783e-02 -2.886170905584654611e-01
2.888711312999244001e+02 6.305434342958375904e-01 -1.750686024711604200e-02
3.408228739267790388e+02 6.473892049591382092e-01 -1.198954190205607645e-01
3.394600721076440664e+02 6.368938563068198278e-01 -2.409192325272820345e-01
3.070024756326779993e+02 1.172211519955703996e-01 -1.193212383568252477e+01
3.075464478197606581e+02 1.865587406529688741e-01 -2.206238701957565596e+01
3.380099978096891959e+02 4.957684922961099194e-01 -3.579603538609793523e-01
2.605670843479669543e+02 5.227109008921501099e-01 -7.236788749728794379e+00
2.655465944368997384e+02 1.248701604622577677e-01 -9.618304597762844521e-01
3.700971464125641432e+02 1.637529881871828685e-01 -5.570383654714442301e+00
2.520412071537236898e+02 6.619854755429303017e-01 -6.108531891811431969e+00
2.492431922014160364e+02 5.457727878670468602e-01 -3.575048896332891246e+00
3.399599045808434994e+02 9.506877156904854076e-03 -6.230811223231119689e-02
3.506281081697422906e+02 5.533980946538084034e-01 -8.250700126896297615e-01
3.303669958609750665e+02 4.341447475861082705e-01 -6.729642787189485942e-01
3.314110538411883340e+02 3.793800608766189630e-01 -6.360928303704038722e-01
3.431829023739298350e+02 8.478496064766502527e-02 -4.654960361427109006e-01
2.787739347516111934e+02 7.033127966422599853e-01 -4.340204571931485233e-01
3.117719290095475912e+02 2.370199083747143443e-01 -2.829600668294449406e+01
2.954462539164118766e+02 3.619076521297390214e-01 -7.200528685523993611e-02
2.710900759981663555e+02 5.974698606203678874e-01 -5.596128238946691980e+00
3.551723195248782758e+02 4.590043339004173072e-03 -8.860520537776926664e-02
2.858258198276396342e+02 3.482052134780498631e-02 -4.330460029376989040e-01
3.679716162062796343e+02 5.795649195536645149e-01 -1.019260537328867233e+00
3.175218917873987152e+02 3.420956896773785227e-01 -9.408841518489944988e+00
3.035349015568811524e+02 7.865745963281655095e-01 -6.897615818976501778e+00
2.536454587467669342e+02 4.875136357960685451e-01 -6.033379551921337125e+00
3.367831969045773235e+02 2.834250865010850551e-01 -2.895090295436167360e-01
2.469479190664603152e+02 2.646343881818067900e-01 -2.310521118854218514e+00
3.585387697521293262e+02 7.903616166651759867e-02 -5.711622922120975776e-01
2.749373953237250703e+02 5.357687205934460462e-01 -1.511421930283779913e+00
3.628280509810148828e+02 4.520137318313078301e-01 -1.354822966825460329e+00
2.618961173812861034e+02 5.037705285300628777e-01 -7.614044712813465843e+00
3.280724116430866957e+02 2.264309553641234707e-01 -2.680506991845220122e-01
3.347065831751984319e+02 3.272068871381271227e-01 -2.796273574358559832e-01
2.699189692382773273e+02 5.144652568970444761e-01 -7.188008280010728335e+00
2.972650772968178217e+02 4.288487917721015563e-01 -3.799326882282361845e-02
2.552577881205481560e+02 3.447800763061196760e-01 -6.299144838011709879e+00
3.488460972754832596e+02 3.146564333795633384e-01 -1.193846113347926341e+00
2.584881398491448294e+02 1.716744469735345391e-01 -1.959924735563511655e+00
3.014722485461722954e+02 5.689229168238212342e-01 -2.918416915847409587e+00
3.101270304087569798e+02 1.442185697538348188e-01 -2.217044835376706757e+01
3.606168934336136545e+02 1.060854340268982537e-01 -1.663851505839559319e+00
3.153007028045621496e+02 2.157400177692320453e-01 -1.491620210747490205e+01
2.909537411374447515e+02 7.417255131050736194e-01 -6.017339054582242393e-03
3.166591609492521684e+02 7.105438610986379855e-01 -6.752292144599159052e+00
2.817787100542416852e+02 1.789201098189309169e-01 -6.004653838496646356e-01
3.461765998547254526e+02 2.055482039284450002e-01 -7.040392528576131514e-01
2.642688860370000725e+02 3.926368009385972635e-01 -8.158615776462159630e+00
3.331676571286204762e+02 3.714444357997163104e-01 -4.609468923898533688e-01
3.133800705520125121e+02 1.305760926950597089e-01 -1.555890020329485957e+01
3.654438415534464184e+02 7.188031463083769390e-01 -5.192399896427047912e-01
3.048080789573837137e+02 1.425482942876001302e-01 -8.845947622609461547e+00
3.537417583838388282e+02 7.661245471523918660e-01 -2.663667612750670877e-01
2.634030882377813327e+02 1.575449771419779321e-01 -2.847679947859816263e+00
3.632713854887438174e+02 7.345105867308127090e-01 -4.037934664662894413e-01
2.810573712494545475e+02 6.029596676536475020e-01 -1.830110945431591973e-01
3.086585032415559340e+02 3.119921257772824141e-01 -2.963264900798392176e+01
3.217200922219776658e+02 5.119742652482660583e-01 -8.037389173574306378e-01
3.244867794913677699e+02 3.563934268572978015e-01 -2.807303500147526054e-01
2.678372643339516799e+02 6.755194890255538098e-01 -8.758295029991293390e+00
2.834642232992698609e+02 5.618619752432357783e-01 -1.830841811779629069e-01
2.792465630046414731e+02 6.669512276289881747e-01 -4.079351614619524113e-01
2.515184307671286206e+02 6.896119956459476619e-01 -5.714045459360122869e+00
3.010407255074670729e+02 1.949989566860133028e-01 -1.825734175566523509e+00
2.571177451676002192e+02 6.493329119612779587e-01 -5.969382376892655273e+00
2.889565098727742907e+02 7.699599426939629510e-01 -3.696483766237805817e-03
3.451451306084924227e+02 4.565658687310956143e-01 -6.187894405231431083e-01
2.990232541869091847e+02 2.726370662300616199e-01 -2.944197464727795754e-01
2.558271097114323425e+02 1.001405279639821927e-01 -6.424248993639283256e-01
3.663428957021903898e+02 4.432267292334050035e-01 -1.963693769676957412e+00
3.570416581206054047e+02 7.729846649456133534e-01 -1.434949232348393389e-01
3.200749329511303927e+02 5.716410960481773662e-01 -2.001053245554456073e+00
3.132489754679094176e+02 5.119013198511682683e-01 -1.984005874395120017e+01
3.149121677881244068e+02 3.116980070894513899e-01 -1.623527035147542463e+01
2.689121060072983482e+02 5.670362375746496042e-01 -8.318969964720487553e+00
3.693438532019188756e+02 2.966892834524224032e-01 -3.745208367916375458e+00
2.993671278331601684e+02 1.040274725341560763e-01 -1.404698095292623850e-01
2.935546425337631717e+02 5.444154699918585250e-01 -8.375082016827403719e-02
3.637927524234710859e+02 5.196793103563316363e-01 -1.202934913595442357e+00
2.538362955552436517e+02 3.415732704252755769e-01 -5.295963761370122924e+00
3.170355507122028484e+02 4.526661331131237032e-01 -8.942372500990222406e+00
3.629429897484972116e+02 5.291714534638776168e-01 -9.736239141868014979e-01
2.646399103529435592e+02 4.218903109124596540e-01 -8.212303579592296288e+00
2.973551773717250057e+02 2.458490936098871593e-01 -9.444479886766476984e-02
2.894503841394615620e+02 7.218395368762536846e-01 -5.948035423742458611e-04
3.686167750043674687e+02 1.737375263278740922e-01 -5.140415874076549763e+00
3.523274757915804685e+02 3.750714622170674417e-01 -1.066728346728232024e+00
3.146492498416375838e+02 1.186917841554136488e-01 -1.137583903565290200e+01
2.822516179957558506e+02 7.009289709362436227e-01 -9.167959252305461770e-02
2.638552698359686133e+02 1.207394878584756165e-01 -1.544525079800350920e+00
2.953378887535063200e+02 7.461086936952624482e-01 -1.913758184752262503e-01
3.510323522588913079e+02 2.483578584824645830e-01 -1.360359647334305366e+00
2.845949578345883424e+02 3.547735199263997719e-01 -2.873545788747935426e-01
3.675589468987387818e+02 3.273527120261631729e-01 -3.204654507511438766e+00
2.766320245543026317e+02 4.127736091082324643e-01 -8.829997971468498408e-01
3.539094772630724037e+02 6.586828979614168800e-01 -3.180490648229874484e-01
3.303718528414439106e+02 4.701663956584165027e-01 -6.932220419478135609e-01
2.606955875914428020e+02 1.945165689262871866e-02 -2.956791657652954264e+00
3.367721098770256276e+02 5.581263945782025671e-01 -3.540305849161018426e-01
3.114911366819882801e+02 2.252185198091636309e-01 -2.891585250273948660e+01
3.560710688345247377e+02 5.438438982291096124e-01 -3.048680025193046816e-01
3.182235890413945754e+02 6.703689111054965677e-01 -4.574464155401500420e+00
2.495779272680505017e+02 6.490595415597359974e-01 -3.669763969667125370e+00
3.339817366767397857e+02 6.838519249872732075e-01 -3.266512371083793997e-01
2.763189738971180418e+02 6.022541184557637095e-01 -8.692757522094685108e-01
2.922009520544083330e+02 7.679223253347164935e-01 -3.257175863007812089e-02
2.741865008245650870e+02 7.903248416470258775e-01 -1.847520555725693514e+00
3.265937932534588981e+02 4.639295284351377946e-01 -2.462918962300770787e-01
3.496307463701793949e+02 2.670688792479320589e-02 -4.017662592560580226e-01
2.977673025228637016e+02 1.875841003320670997e-01 -1.479363861224160248e-01
2.481084381585362166e+02 6.784979698868687237e-01 -3.377645074584330498e+00
2.725680387268066056e+02 1.290925931015727279e-01 -1.213037295621371081e+00
3.323400287594004681e+02 4.340163210025282381e-01 -6.070804116977793763e-01
2.870503690966842782e+02 2.219606890280547903e-03 -7.379688402899274580e-02
3.610362826420656575e+02 5.813420248416134584e-01 -4.511338262678207256e-01
3.105538027209728398e+02 4.738968268718983801e-01 -2.950594013035473040e+01
3.089486744087475927e+02 3.466539418838520681e-01 -3.069972034761990543e+01
2.692159903791274473e+02 9.882548274955137158e-02 -3.145742694458395494e-01
3.474785658768847156e+02 2.597059825565159463e-01 -9.968154018314399067e-01
3.446822001341328132e+02 5.655311741845306384e-02 -5.083461834873065355e-01
2.949156080580539765e+02 4.927868653483172823e-01 -1.147944466628092602e-01
3.211960288009024680e+02 1.015224493561203700e-02 -8.189019981184388897e-01
3.646683605715965086e+02 7.877659895787161859e-02 -3.743569027867096999e+00
2.799987916133160297e+02 7.822290647715038903e-01 -2.093745945592862534e-01
2.803320820487055016e+02 7.131469299084818025e-02 -7.506514815586692313e-01
2.663398258914821781e+02 1.597708072840183235e-01 -1.613476315699639452e+00
3.376746693411824936e+02 2.719741238567023323e-01 -2.910457897543404782e-01
3.461368242891874729e+02 3.837431948972036544e-01 -7.660002593377608360e-01
3.004137621437798202e+02 7.386828533461305968e-01 -1.136189317293747392e+00
2.593077736411804040e+02 5.264320155780868316e-01 -6.540644317335783775e+00
3.044192495244149086e+02 2.729450695651198244e-01 -1.237261469406603531e+01
3.281294856022880708e+02 3.334389832480153526e-01 -3.337626441652501441e-01
3.196778046307580894e+02 7.342848471634780827e-01 -2.541985921060781806e+00
2.887768410077365502e+02 1.362173968964820181e-01 -5.895878629122336401e-01
3.482585717236116807e+02 5.344876514815054963e-02 -6.225362609843914097e-01
2.669116618255031312e+02 6.283984915559487350e-01 -8.377954007069602582e+00
3.386956174502354884e+02 7.965098411667486111e-01 -2.848456308501027268e-01
3.228208273447415877e+02 5.854090219368780490e-01 -4.421668501712324173e-01
3.016967912464077131e+02 2.900030650909620755e-01 -2.862309650476161593e+00
2.509059671267713441e+02 4.445667240505717099e-02 -1.363661136935044427e+00
3.429764406547081990e+02 1.651185362006497570e-01 -2.235861111116630440e-01
3.251060841798329193e+02 6.925974866754263104e-01 -1.583463126884037120e-01
3.078366631276521730e+02 3.146923644406759424e-01 -2.719270829589910932e+01
2.852661260035339410e+02 1.765981794936540838e-01 -4.572834600375698666e-01
3.347604020689348090e+02 4.458731124341143159e-01 -3.028657091241880872e-01
2.582260746969436696e+02 5.035076638634707891e-01 -5.716143492865371378e+00
3.416088756327532110e+02 3.663858907744943494e-01 -5.278441608495147534e-03
3.443329750097726674e+02 4.248584589493880626e-01 -4.493172838769147193e-01
3.029683950506657197e+02 6.345226246134925141e-01 -6.519500641812289388e+00
3.296094076146788439e+02 2.838182302081878050e-01 -4.656935752620164348e-01
2.551433507269096026e+02 4.861829180026565611e-01 -6.864843001427475500e+00
2.493018305379072785e+02 7.551989536621466215e-01 -3.704157360555319745e+00
3.601981268957903808e+02 6.200040623990381583e-01 -3.298470323075668453e-01
3.052095983427510646e+02 9.269696091075095568e-02 -5.682789692365332712e+00
2.620974973738207723e+02 3.912816609651947330e-01 -7.098319194496811591e+00
2.910593852728002275e+02 2.126344647404307120e-01 -4.247308930209098277e-01
3.315042299637951828e+02 4.015842749057595973e-01 -6.543034748644178666e-01
2.564926676204760838e+02 2.396884136863629555e-01 -4.715697312825993137e+00
3.589059074332267301e+02 1.479099078154259839e-01 -9.388539700697281498e-01
3.398855738175020065e+02 3.999036032845378896e-01 -1.433429482031680913e-01
3.242163032501295561e+02 6.091047471137256419e-01 -1.984563651292857722e-01
3.064458800599530264e+02 2.059668371172061474e-01 -1.934009456685698325e+01
2.528066392292142552e+02 3.422801838862165463e-02 -1.123491804297542140e+00
3.664471082689258310e+02 6.417117937732582655e-01 -7.703399818940204202e-01
2.839555210899005147e+02 5.961561811184107329e-01 -1.814055753953665306e-01
2.577578444953913959e+02 1.940368852003417632e-01 -2.656441345328322878e+00
2.784818460419458006e+02 7.145480806235453564e-01 -4.659099062725247653e-01
3.555109301880895600e+02 7.109028639022662022e-01 -1.986898354015467216e-01
2.738084477954677141e+02 8.308957668788102824e-02 -5.440919711260621128e-01
2.711226715788440060e+02 2.212427008019392238e-01 -3.296736312497376087e+00
2.677039605754806075e+02 5.307109106656068276e-01 -7.990969455047861381e+00
2.474556654617063316e+02 6.697636610720190120e-01 -3.134483601693997201e+00
2.709262178927299942e+02 7.514870987245386713e-02 -2.211339853574675052e-01
3.668749997800151164e+02 6.301592316130535387e-01 -8.089072058994148939e-01
3.057284738519945790e+02 9.979968876020652024e-02 -7.609605008883686850e+00
2.973761441983780287e+02 2.995244075792676264e-01 -7.179700328837120005e-02
2.885025529013317964e+02 2.826377295040798376e-01 -2.968694956885830627e-01
2.694488320648624722e+02 7.268235764752606354e-01 -8.350160886356057688e+00
2.506122806620788026e+02 6.772754648565875168e-01 -4.337016170787197034e+00
3.257921451360826950e+02 4.065889968005333144e-02 -3.156880053893899030e-01
3.426878653940727304e+02 2.339139965777366492e-01 -1.464075183788953738e-01
2.783111459214529759e+02 2.244108063993618396e-01 -4.702634837674122825e-01
3.108207514153442048e+02 1.124979007208657400e-01 -1.707598136485756157e+01
3.261368723944061117e+02 2.085630004012809513e-01 -2.104393768391296937e-01
3.437647354892661724e+02 4.826826812494404151e-01 -3.858600284790020818e-01
2.919331631467456418e+02 2.963596661624552653e-02 -2.040724265268807069e-01
2.546165107825089535e+02 5.453467249785040050e-01 -6.615182656247148962e+00
2.890761390714617960e+02 1.117744929233326218e-01 -5.958568417453161681e-01
3.691835246675196345e+02 5.008351688185987971e-01 -1.487166547973385322e+00
3.540174426635352347e+02 5.992759634824813553e-01 -3.831675130666135631e-01
3.283203389039116473e+02 3.844737801626542661e-01 -4.061888814145294124e-01
3.376928298094604770e+02 7.915193798804530667e-01 -3.574649638545149277e-01
2.531059070783260552e+02 5.527511862202910686e-01 -6.151784728010434300e+00
2.722692436526632491e+02 2.185725308663399868e-02 -2.747383013726091283e-01
2.820181902495518216e+02 7.693404516326302067e-01 -6.301797836447975421e-02
3.385251563309234939e+02 2.641349384184384363e-01 -2.736481245305131260e-01
3.529046731387552995e+02 4.572618343878777636e-01 -7.287063323275116966e-01
2.656696367856245047e+02 4.034957837476060849e-01 -7.372248500803040727e+00
2.951896454476928398e+02 1.890854935975976592e-01 -8.371878517559867838e-02
3.503625418349466827e+02 1.377219026048103478e-01 -1.186927454774516777e+00
2.765332640840381941e+02 6.872361443730372610e-01 -7.265015786445122581e-01
3.223103635264868672e+02 3.578517490736838891e-01 -8.855614063596000118e-01
3.044683217559944524e+02 4.775838388427267600e-01 -1.275644115981761750e+01
3.571099088179232695e+02 1.626638752411783961e-01 -7.007643898150105466e-01
2.842099716342829652e+02 7.810319372877359001e-01 -1.379595649773679988e-01
3.642710380442281348e+02 4.689067428338554722e-01 -1.586562650129413665e+00
3.094814488974354276e+02 6.090235863816320094e-01 -2.565674075227358131e+01
3.145540075893646872e+02 5.645273103175879603e-01 -1.259939626457578932e+01
3.112361619924675438e+02 6.181735524574106799e-01 -2.398309444918800537e+01
3.607317925145816275e+02 7.142663203802386285e-01 -2.408357880498064041e-01
3.076485135320004360e+02 7.428266434535139018e-01 -1.935570436611797263e+01
3.458675888045272586e+02 5.110369061183969164e-01 -7.048308624456520732e-01
3.330468055306243400e+02 4.128835600336351885e-01 -4.769973507347766706e-01
2.814688169192615987e+02 3.424376917524922792e-01 -3.325180410714108636e-01
2.653069627730371849e+02 3.622837760373702198e-01 -7.126985252954862737e+00
3.338629630537131447e+02 5.226459329683189603e-01 -3.640864956485622694e-01
3.292899585868287886e+02 1.472719550378561726e-01 -2.592413580415746099e-01
2.615517414022439766e+02 4.209319220628171543e-01 -7.030596338279123891e+00
3.035377850993892821e+02 2.414341849658021288e-01 -9.075145270265620567e+00
2.935294155507777418e+02 8.546514121138765185e-02 -1.340139569099245143e-01
3.488010275803713398e+02 6.999484177670708268e-03 -5.643232933413575014e-02
3.690384290466078028e+02 6.469002022237778371e-02 -4.082419506498159656e+00
3.599741505119500289e+02 1.977437284242326843e-01 -1.279231384848319220e+00
3.405608269904832923e+02 7.948291999813270614e-01 -1.555144756508157478e-01
2.859981580514333928e+02 3.484743595263135041e-01 -3.685383152281125896e-01
3.241865517488624846e+02 2.005102820126307417e-01 -3.280073724570727878e-01
3.407780240874056403e+02 1.797839083218237544e-01 -1.297066258799459137e-01
2.640515720884978350e+02 7.626534505371205253e-01 -9.732346176068716659e+00
2.514538631994259958e+02 5.701919341066350455e-01 -5.483938925347492166e+00
2.591314717847666884e+02 3.126780326060172310e-01 -5.211709047093318503e+00
3.206222651491448232e+02 6.068123220022996200e-01 -1.497631728766771753e+00
3.357240221271040923e+02 3.330763364617660427e-01 -2.812826266164222266e-01
3.563519719739558127e+02 4.348901692527515350e-01 -4.096253735655987493e-01
2.752141776316076403e+02 4.884771023564851156e-01 -1.588561605958436651e+00
3.066699357386017937e+02 7.355572300538184560e-01 -1.778299487531672440e+01
3.660444705619798356e+02 3.059689471408646444e-01 -3.319543151921441115e+00
3.307496788893979556e+02 7.046775187115119632e-01 -6.999738379234933250e-01
3.021958634781840942e+02 2.162516518932260379e-01 -4.147023415749992559e+00
2.684488261225628776e+02 1.301384494665478453e-01 -8.135658986727863917e-01
2.837773559033013839e+02 1.379933583709437583e-02 -5.557448758925563892e-01
3.210481326826883333e+02 4.319405831132734908e-01 -1.616517372975466715e+00
3.587561782767953105e+02 2.561273540123433223e-01 -8.782242493981129439e-01
3.517376827841345630e+02 2.919996994339124630e-01 -1.285119319827069617e+00
3.129167410892903831e+02 3.698293645476896097e-01 -2.530445523232916116e+01
3.169356092064263066e+02 5.214455745783391077e-02 -1.400111314556233388e+00
2.597285893621022410e+02 2.742035032012477003e-01 -4.931538253601768673e+00
2.490040046363644706e+02 9.441583394678086660e-02 -5.810544854315842223e-01
2.911542905514945687e+02 3.522247988275872127e-02 -2.868158901046253262e-01
2.557443190723646467e+02 6.620631896480754230e-01 -6.961231202182708522e+00
3.005365959761105614e+02 4.530584973610876642e-01 -1.243513178253711216e+00
3.149426532412201141e+02 5.190816263926157914e-01 -1.236470558719919133e+01
2.774561527886634167e+02 1.216825393054698917e-01 -6.674697225488764873e-01
2.941590851974028737e+02 6.409593724703444018e-01 -1.389990742497403675e-01
2.521797721567961048e+02 3.269964343056999123e-01 -4.906154986875799651e+00
2.736984682078979176e+02 7.464488761821749252e-01 -2.409303983242859992e+00
2.995803709823917984e+02 6.509335375405275181e-01 -3.221792884410220048e-01
2.625871223103330863e+02 5.813724626642239324e-01 -8.341108539246512521e+00
2.977245175796807075e+02 4.441227413449946315e-01 -3.782090814068729545e-02
3.479127507173184313e+02 7.526501755613899114e-01 -5.131198227001031453e-01
3.367777346391466153e+02 6.977932136237678939e-01 -3.418749803092090422e-01
3.633873067270209845e+02 6.376785696662587988e-01 -6.504118777880205649e-01
2.790761360432018705e+02 3.831195198892613507e-01 -4.619325210890355415e-01
2.874731862706124730e+02 5.391704070572271856e-01 -1.478355212791803985e-01
3.550250656853860960e+02 3.961670179548847370e-01 -5.750976993545079408e-01
2.576561813192130330e+02 6.335292554757054884e-02 -4.477466948341787822e-02
3.449514136467107051e+02 5.878466256251955180e-01 -5.925263513897264245e-01
3.194641905898960772e+02 1.724646261738488340e-01 -4.152882846217968549e+00
3.309116287358170894e+02 2.518850738793630417e-01 -4.898015964843736025e-01
3.627326582527082337e+02 1.577535456745325082e-01 -3.172649370983243955e+00
3.177945719381642675e+02 6.947014712078674048e-01 -5.050487534343057305e+00
3.095564135440808400e+02 4.495384994431040337e-01 -3.019627505408895729e+01
3.110594219588552960e+02 2.483310461044311579e-01 -3.058983611618618426e+01
3.070953035045330353e+02 5.184606245365014354e-01 -2.266960472332003818e+01
3.088941012662164667e+02 3.536957502365112305e-01 -3.067849864292822204e+01
3.106671373147576674e+02 4.132350921630859597e-01 -3.053725786934884923e+01
3.086462503145643836e+02 4.254665851593018022e-01 -2.880720922728540145e+01
3.101600820276806303e+02 4.437086105346679799e-01 -3.046233223952468450e+01
3.098754590312348114e+02 3.189293616390861397e-01 -3.239852687200755810e+01
3.057974283433596838e+02 4.929733475648770957e-01 -1.900022604382652602e+01
3.197725669206010934e+02 7.940593668190049081e-01 -1.846643530767541952e+00
3.092491739416923338e+02 4.574821472167969194e-01 -2.962730482385212838e+01
3.100034887786032414e+02 2.559110403060912975e-01 -3.151383930975234193e+01
3.104997782558822337e+02 3.459801912307739480e-01 -3.221378826643961446e+01
3.120503016650271775e+02 4.195565991163539010e-01 -2.725414250219279566e+01
3.108232635669300521e+02 2.754470825195312611e-01 -3.180546804347637035e+01
3.059759375535066397e+02 3.822997351750871964e-01 -1.966108715252410377e+01
3.113351094001270098e+02 3.233165264129638783e-01 -3.139377041165538529e+01
3.109466247963072760e+02 2.814504610860175116e-01 -3.190922293620730699e+01
3.033201890092226449e+02 4.536796574617150135e-01 -8.421091159688193883e+00
3.075181861868908300e+02 5.806067295252846927e-01 -2.263849766644493400e+01
3.087375730904783495e+02 5.412890434265137385e-01 -2.626103244000532300e+01
3.079385854195626280e+02 3.374607543292356127e-01 -2.725263108020881120e+01
3.079939561191437178e+02 3.356944799423218218e-01 -2.871737486331241129e+01
3.093278948567022439e+02 7.836457729339599831e-01 -2.132642153872347279e+01
3.128123654570371173e+02 2.397292062554870484e-01 -2.578686849666249614e+01
3.104635144169718046e+02 3.325327634811401367e-01 -3.232437067859294899e+01
3.102386179814288312e+02 3.658782720565796343e-01 -3.202455195769376672e+01
3.125149516021212435e+02 3.037777356925321914e-01 -2.788974857596385348e+01
3.097439475651343059e+02 3.385970830917358620e-01 -3.203668859581666339e+01
3.090498257232343349e+02 4.236916542053222878e-01 -2.968029261478930181e+01
3.111197643946973699e+02 3.691007375717163530e-01 -3.072804084833073901e+01
3.057063315672030512e+02 3.353226292167644784e-01 -1.782163725608030092e+01
3.092605344083033856e+02 2.861764430999755859e-01 -3.123951721088088362e+01
3.112990209076383508e+02 3.017202138900756947e-01 -3.144091440532765347e+01
3.096166571695674179e+02 2.592455148696899414e-01 -3.124139849226347820e+01
3.094839211955805922e+02 4.086786746978759988e-01 -3.061795340129496168e+01
3.098627765109240499e+02 4.580321311950683594e-01 -2.996898716162992571e+01
3.092428701546283492e+02 3.245929241180420255e-01 -3.155042039978150115e+01
3.106024082946125304e+02 4.860788345336914396e-01 -2.917648887764886467e+01
3.094219206931278450e+02 3.981961488723755327e-01 -3.081623707443004534e+01
3.085181535682937692e+02 3.163959980010986328e-01 -2.972957812782798115e+01
3.089857965772585544e+02 4.363282203674316850e-01 -2.945141149502297750e+01
3.112689603782557128e+02 3.784155470171997049e-01 -3.060360708274853536e+01
3.118579462746425861e+02 3.191982030868530384e-01 -2.908855981078510666e+01
3.116675870479709261e+02 2.271484613418579268e-01 -2.905352917168336191e+01
3.088975270102270088e+02 2.996899604797363392e-01 -3.059329534806050432e+01
3.107285052907177487e+02 1.737614393234253041e-01 -2.615220780449177695e+01
3.085907598617706071e+02 4.851020812988281472e-01 -2.762001113465227675e+01
3.117672637007221965e+02 4.420065402984619252e-01 -2.804240652251991861e+01
3.109547612394780458e+02 4.764161586761475053e-01 -2.894782337999461674e+01
3.102893251897149867e+02 2.201854228973388894e-01 -3.005402132159601436e+01
3.100612789345907458e+02 4.471918106079101896e-01 -3.037167312556167786e+01
3.106628094685001997e+02 3.700968742370605580e-01 -3.143997039397500970e+01
3.108429202322363381e+02 4.064320087432861661e-01 -3.074371366143223838e+01
3.078257529531127830e+02 3.663271427154541349e-01 -2.727028123162704176e+01
3.097969959959712014e+02 3.026433706283569447e-01 -3.199944008768238746e+01
3.086566463452732592e+02 3.075524568557739258e-01 -2.959531154547959986e+01
3.094165523695677962e+02 2.975293159484863614e-01 -3.134724406118721873e+01
3.102346411995018229e+02 4.329002380371094194e-01 -3.072644565989147836e+01
3.108475459669142538e+02 3.774614572525024636e-01 -3.135207454178295094e+01
3.099729506642526644e+02 3.061946630477905273e-01 -3.236849959645974906e+01
3.089181107382267442e+02 6.751717503982265223e-01 -2.357838479638804330e+01
3.096907190578752420e+02 2.386480638712921987e-01 -3.044255678870061033e+01
3.087910568063881556e+02 4.355911731719970814e-01 -2.952009194344946508e+01
3.088824924745012481e+02 3.172014713287353849e-01 -3.073612692492964271e+01
3.116511111906180531e+02 2.796078681945801114e-01 -3.039537508522576204e+01
3.096312106503641530e+02 4.318747043609619252e-01 -3.060471845334547680e+01
3.102011970436109323e+02 5.268441677093506081e-01 -2.822812198697538832e+01
3.095272552333518661e+02 2.646394968032836914e-01 -3.141855071553419876e+01
3.093067691501960326e+02 4.580825805664062722e-01 -2.960371016050441995e+01
3.088986041143470516e+02 4.688726902008056863e-01 -2.876941951521993701e+01
3.092992058512865015e+02 4.930069446563720703e-01 -2.874750147542612311e+01
3.079009620063366128e+02 3.518332004547119474e-01 -2.727629108325087515e+01
3.112967881072718797e+02 3.729975938796997181e-01 -3.071874753469290553e+01
3.095755595930674531e+02 2.312553405761718917e-01 -3.011646182508944847e+01
3.091463864083437443e+02 3.839564800262451616e-01 -3.110172835151175619e+01
3.101517958589644763e+02 3.065782308578491322e-01 -3.235677635675354225e+01
3.096220265730059396e+02 4.151807785034180021e-01 -3.096771982967294079e+01
3.099619522142330652e+02 4.105907917022705300e-01 -3.122400624289126370e+01
3.088406933696688270e+02 3.694104433059692827e-01 -3.056193952377673639e+01
3.094118719577064098e+02 3.853798627853393666e-01 -3.102183715220196092e+01
3.105501542979429814e+02 3.461693763732910378e-01 -3.221619167170939591e+01
3.105614199964102795e+02 4.260021686553955300e-01 -3.075320538834528961e+01
3.104474325444065812e+02 3.960832357406616211e-01 -3.140921364391697423e+01
3.093367893412940361e+02 4.404762744903564786e-01 -3.000007104326975238e+01
3.105385564213323732e+02 4.027994155883789507e-01 -3.128021605775911596e+01
3.091789294326737831e+02 3.758475542068481778e-01 -3.120799129775856073e+01
3.087302610293913858e+02 4.026749134063720703e-01 -2.914113480639654341e+01
3.102902850409294615e+02 2.659308910369873047e-01 -3.186776909672737190e+01
3.118776185541049699e+02 3.309088468551635853e-01 -2.897718763129049790e+01
3.113092632332398466e+02 3.183899402618408647e-01 -3.141389880023647763e+01
3.090394515379169889e+02 3.318687438964844083e-01 -3.070554836882967464e+01
3.109537665869673333e+02 4.147668838500976896e-01 -3.057708358301040974e+01
3.110672140003672439e+02 3.572822093963623491e-01 -3.091220327828913028e+01
3.104492839360783023e+02 4.708540439605712891e-01 -2.957148051765324936e+01
3.108622737332423185e+02 2.805404424667358732e-01 -3.188557799244430413e+01
3.094346743104358666e+02 4.860170364379883257e-01 -2.890379785117615796e+01
3.110912596907352281e+02 3.039292812347412220e-01 -3.138174569377067513e+01
3.088624880004859392e+02 4.842638969421386719e-01 -2.841868673643992338e+01
3.099273847683775216e+02 4.996592998504638672e-01 -2.896833379737834946e+01
3.098162110965433840e+02 3.772361886980934997e-01 -3.162715352150908998e+01
3.096734787408791476e+02 3.187394618988037553e-01 -3.209251921455008016e+01
3.105588974919500060e+02 3.603840297485066402e-01 -3.204453294180116529e+01
3.100677155752604790e+02 3.845746487360169330e-01 -3.173430959601546064e+01
3.096667653975592316e+02 2.637962579727172741e-01 -3.136245589726180327e+01
3.107141016139362364e+02 4.186706066131591908e-01 -3.041874711310696711e+01
3.100786749846870407e+02 3.846977472305297963e-01 -3.173216503701248214e+01
3.088572561615250720e+02 3.577633619308471791e-01 -3.066193479749194140e+01
3.104171942428166062e+02 3.216564469099663093e-01 -3.237246485729562551e+01
3.099742970686160106e+02 3.990284034586107365e-01 -3.146323719844180289e+01
3.104668625499347172e+02 3.768992424011230469e-01 -3.177625428369697147e+01
3.118058991844914090e+02 3.420353889465332364e-01 -2.878775670856156310e+01
3.110239039434720212e+02 4.058948040008545366e-01 -2.990677953245943499e+01
3.094190758240022774e+02 4.001925468444824663e-01 -3.078280223593984744e+01
3.090539129961410367e+02 3.646906137466430775e-01 -3.053601773533102914e+01
3.098734105273707087e+02 2.821549177169799805e-01 -3.214003866666546116e+01
3.102582621551630382e+02 3.459495896498128165e-01 -3.219136242934546743e+01
3.101164335086606343e+02 4.377056552462312289e-01 -3.060754631240972046e+01
3.091831264349060575e+02 4.170359160037526158e-01 -3.051917314483636190e+01
3.110259727144243698e+02 4.835153222543369100e-01 -2.876684219669856546e+01
3.107895357640184670e+02 2.898127323287654211e-01 -3.197579635092860073e+01
3.103211712203572006e+02 3.842689752578735685e-01 -3.162517362025785772e+01
3.089990755549303003e+02 2.599079370498657560e-01 -2.970686641478159373e+01
3.087026400271463444e+02 3.520152126483562793e-01 -2.965924343113242401e+01
3.095326184021831182e+02 4.287321341723469570e-01 -3.068270293896355128e+01
3.100879486635864737e+02 3.062274649971722940e-01 -3.236016966632352165e+01
3.100771645292365974e+02 4.159881805626421403e-01 -3.110958730241635450e+01
3.096034236182132986e+02 3.470855331555688372e-01 -3.200191933811456124e+01
3.110923668791672867e+02 4.084975537118795685e-01 -2.987064151899458153e+01
3.097040823429507554e+02 3.863066011653388809e-01 -3.149970548139144455e+01
3.102887885475865346e+02 3.567826569857350250e-01 -3.206538532960765053e+01
3.091551639077345044e+02 2.758140579769000067e-01 -3.107541852505626068e+01
3.090230770590414977e+02 3.514470877327211529e-01 -3.064739756370500956e+01
3.094982481149371552e+02 3.236618507627446184e-01 -3.212334684357297476e+01
3.098113083109469130e+02 3.582901693725560333e-01 -3.186801699289155820e+01
3.092002550196457378e+02 2.982903453038152075e-01 -3.142217620284034396e+01
3.094455147653654876e+02 2.939985400197539511e-01 -3.129544127643488949e+01
3.109873290533821546e+02 3.050513316729887570e-01 -3.135016157481294741e+01
3.103820222561266178e+02 3.500739351406876865e-01 -3.215814269862914898e+01
3.104708423000938637e+02 3.500769485819224536e-01 -3.216659244475535218e+01
3.109860684192141207e+02 2.938944339752197488e-01 -3.132693554981576156e+01
3.105517101657280818e+02 2.918780400114671103e-01 -3.229018382822480504e+01
3.106494368085524229e+02 4.309095124179080916e-01 -3.009415286597834793e+01
3.086856622733718609e+02 3.763914416885811298e-01 -2.948504927829419842e+01
3.094349498518546397e+02 3.936156471638877496e-01 -3.088913048561037300e+01
3.098079514516244899e+02 3.536942642359552913e-01 -3.191444400077638477e+01
3.108900848836867681e+02 3.105679728645255877e-01 -3.207419827906689846e+01
3.107837975760867835e+02 3.669729232788085938e-01 -3.152242535937336498e+01
3.108102067203119532e+02 4.140804258271204574e-01 -3.055569049928594083e+01
3.106597893053627786e+02 3.150023765958193112e-01 -3.202566250347205568e+01
3.102831815017174222e+02 3.395318178503756723e-01 -3.225575245784688860e+01
3.102111038556951712e+02 3.047219046616465032e-01 -3.234271862216805005e+01
3.104174947668947198e+02 2.750572919845581388e-01 -3.205749577184895571e+01
3.101044551491306152e+02 3.580938812695840245e-01 -3.212770856627914640e+01
3.105417938822457700e+02 3.236428296986609277e-01 -3.237422467552715233e+01
3.093928057916256762e+02 3.810089459216520758e-01 -3.108911494512342344e+01
3.098746121592298550e+02 3.103117045493193893e-01 -3.238970787391790651e+01
3.105068826213460511e+02 3.804462238426984388e-01 -3.171833320833715320e+01
3.096491926632091918e+02 3.688611393221133961e-01 -3.176485742596091910e+01
3.106247878742195212e+02 3.772763568593349714e-01 -3.178750306299007988e+01
3.098200556617661050e+02 2.840753294933777706e-01 -3.177270630271139495e+01
3.094546121062984412e+02 2.833254543112920243e-01 -3.112733540221816142e+01
3.099396048599423921e+02 3.491445614432728273e-01 -3.222985719412530159e+01
3.098790356531100088e+02 3.157180516600682219e-01 -3.239831509862043646e+01
3.094949710326854415e+02 3.637143198078298112e-01 -3.184919638800538166e+01
3.095060306883984822e+02 3.001664525818820706e-01 -3.203647724660108054e+01
3.099753144242155258e+02 3.544054997075233859e-01 -3.217343295747730991e+01
3.100436103809110477e+02 3.845906790395144381e-01 -3.173399476012901133e+01
3.094645443111344889e+02 3.466252581606434346e-01 -3.142519960748842323e+01
3.100742557416271552e+02 3.709767430216159845e-01 -3.195465871853651052e+01
3.112390751390578885e+02 3.221803158031573133e-01 -3.137105720978126300e+01
3.107041751499730253e+02 3.136968301954561333e-01 -3.203682069837582702e+01
3.098893926058906345e+02 3.813332571237366131e-01 -3.178949983410380042e+01
3.098657904464354829e+02 3.714226432794363042e-01 -3.170231409652402021e+01
3.099580275754691456e+02 3.275313531375334541e-01 -3.237676621485367434e+01
3.099935417068749643e+02 3.457745324353861394e-01 -3.226021633578676528e+01
3.102182045469706395e+02 3.692000070956801272e-01 -3.197842808452546493e+01
3.098551059607112279e+02 3.520677852105205119e-01 -3.192225472323794477e+01
3.097877355819188665e+02 3.412091542289009682e-01 -3.201474048975593689e+01
3.107330863291505239e+02 2.819483880617638660e-01 -3.188501990504766326e+01
3.099727673539711077e+02 3.339679943335767676e-01 -3.234698276734280853e+01
3.107679225356254165e+02 3.114656821151919885e-01 -3.205163659936776099e+01
3.098766114056135166e+02 3.354671418405730798e-01 -3.234184586705450215e+01
3.100212060061645047e+02 3.215449639262561998e-01 -3.238812387062731091e+01
3.096156687707428432e+02 2.992736743533259136e-01 -3.200752849908228370e+01
3.103234183436934472e+02 3.530568964657554432e-01 -3.211669422007135921e+01
3.102579535046390902e+02 3.465871582934492157e-01 -3.218455190368600682e+01
3.101131304991635602e+02 2.663525600674627181e-01 -3.179430903553048182e+01
3.097792076451505068e+02 3.360975082897554866e-01 -3.204330311651046514e+01
3.103072330458105625e+02 3.300934471148410099e-01 -3.232701508669906332e+01
3.100524567460447543e+02 3.193644472970056380e-01 -3.238839914260763919e+01
3.100754020587122568e+02 3.254037601213172204e-01 -3.237734369462604178e+01
3.099390601449642304e+02 2.911033960369653339e-01 -3.225404830929419830e+01
3.101847330124628002e+02 2.958648904017179282e-01 -3.228057554908171767e+01
3.100594607237029550e+02 3.646128084623166399e-01 -3.204532003705261189e+01
3.099493102843365477e+02 2.924816521430768090e-01 -3.226817260908033091e+01
3.101755251523472907e+02 3.097222291663757066e-01 -3.236714868968937253e+01
3.101885685002216633e+02 3.223735111559408173e-01 -3.237687187182364568e+01
3.098377902974209519e+02 3.085838069444390985e-01 -3.202960241551792819e+01
3.102445808758204180e+02 3.385083834104665179e-01 -3.226095746042783219e+01
3.097337813864746181e+02 3.183383972844029408e-01 -3.208117175565984525e+01
3.102792529421209906e+02 3.508677624976647702e-01 -3.213850853151083697e+01
3.104164375297054335e+02 3.185798750205194318e-01 -3.237972053332023137e+01
3.097055480483869019e+02 3.114458824161150385e-01 -3.206818744240002417e+01
3.096643858345042872e+02 2.952829661696609875e-01 -3.195836078318722784e+01
3.103631601907337085e+02 3.213969085955319382e-01 -3.236950714510345506e+01
3.102280866829451611e+02 3.174128477420228300e-01 -3.237701775341232491e+01
3.100152172615461836e+02 3.183391785350619951e-01 -3.239102147612523197e+01
3.104254538942308841e+02 3.315601941523652063e-01 -3.232760535584719008e+01
3.096301019591381873e+02 3.077471256256103516e-01 -3.206515491563953901e+01
3.100762475969538627e+02 3.050309898994540414e-01 -3.235528201468361686e+01
3.099851385344415462e+02 3.007992823138070926e-01 -3.233723460869658339e+01
3.098873710619844815e+02 3.576823408131643012e-01 -3.213670194343348641e+01
3.096653304433130529e+02 3.145128448488965778e-01 -3.208584135939553050e+01
3.099388024146616090e+02 3.204034412324516801e-01 -3.239400982276092833e+01
3.099810681602296540e+02 3.323208957202751779e-01 -3.235533382247854206e+01
3.097137254717574706e+02 3.432504141426595545e-01 -3.201337141963009714e+01
3.103877485281070108e+02 3.147527684166096518e-01 -3.238227411228986341e+01
3.099582840905257513e+02 3.231489760650912979e-01 -3.238880363460432932e+01
3.100438294726772597e+02 3.056523340307080172e-01 -3.236082047720805122e+01
3.098420210530437089e+02 3.331940817395725452e-01 -3.204454979733995401e+01
3.100630800564078982e+02 3.079949943535864043e-01 -3.236948934598671457e+01
3.100693573549331177e+02 3.278839041028820955e-01 -3.237004923081467211e+01
3.097802317068740194e+02 3.333868473492329620e-01 -3.205434090751705867e+01
3.103542091006278838e+02 3.426389771629598791e-01 -3.223390169714147646e+01
3.059859595539080601e+02 7.045422670104466434e-01 -1.610116230226629597e+01
2.979861445166276326e+02 1.053030158615602119e-01 -7.436291080045634438e-02
3.604913953310215220e+02 6.760730666154195490e-01 -2.487921693528935274e-01
2.582556958506980891e+02 1.977361884621192667e-01 -2.623477450267523547e+00
3.607234853784474353e+02 5.594121157677388601e-01 -5.063420186297271641e-01
3.690549255042926688e+02 5.516565544896532280e-01 -1.148770057759439522e+00
3.005675415818054717e+02 6.225925516092686296e-01 -1.165510364863474813e+00
3.115080315192076341e+02 3.329054327799241819e-01 -3.023931968474970944e+01
3.401541021344140745e+02 7.989849822857112427e-01 -1.721326861991158974e-01
2.813943183878923833e+02 1.462350123833294213e-01 -6.822123316659951531e-01
3.012732812299859688e+02 3.889437277992904285e-01 -2.302289576758413059e+00
3.461206334351844589e+02 3.592077527528284020e-01 -7.716710925916472341e-01
3.369999192164095234e+02 5.150144375109335648e-01 -3.697864253972156234e-01
3.650517379109722356e+02 1.433355580422834563e-01 -4.341614889822468903e+00
3.635375375351285356e+02 8.981202516892110299e-02 -3.106779596907732977e+00
2.883762102820318205e+02 2.838789647396545157e-01 -2.928097567379266963e-01
3.189756982994389887e+02 6.254838551581978212e-01 -3.507157417836403113e+00
3.669987130335252346e+02 1.940793470427631950e-02 -1.739490275993501367e+00
2.872240346409999461e+02 4.000022005437444128e-01 -2.902650365853499115e-01
3.325859408539121205e+02 7.574323092464527729e-01 -5.012498290452569449e-01
2.508046181268834118e+02 2.231415027343209290e-01 -1.791647331342808291e+00
2.663695944549698993e+02 6.441274755645785000e-01 -8.544784364274931932e+00
2.732739627030946394e+02 7.780131565920522796e-01 -2.643854928435123153e+00
2.678594668225713349e+02 2.294086158131114495e-01 -3.501379624076283115e+00
3.700200058198577153e+02 2.673906962775571827e-01 -4.240778977303230945e+00
3.430773743854556983e+02 7.032877929221732494e-01 -3.079857577156491222e-01
2.834869389314779937e+02 4.354395057298653393e-01 -2.376947339468264142e-01
3.658195782858094276e+02 3.495286055036952444e-01 -2.841716719781854028e+00
2.746876669342814239e+02 5.388902321219866121e-01 -1.706269946536270066e+00
3.209752377393143661e+02 2.788456443497218107e-01 -2.062403702393404537e+00
2.528862505793581477e+02 5.105494189007389050e-01 -6.119173566389894070e+00
2.552620525787860970e+02 8.286877788752908258e-02 -2.287760918981421310e-01
2.914057053350371120e+02 1.556351494428681870e-01 -5.817283976163843962e-01
2.937852008877213166e+02 1.540635524389517667e-02 -9.649784142650523477e-02
2.788544257973310323e+02 7.187401014363379304e-01 -4.272933237150156049e-01
3.568462717995621460e+02 5.215194333452001230e-01 -2.987463651853383695e-01
3.542385393385933412e+02 3.147358170563031420e-03 -1.483301044267999469e-01
3.293856444386144062e+02 5.716252817323701496e-01 -5.697795778088550200e-01
3.228309057468571837e+02 6.910223367653474114e-01 -3.825476097646444140e-01
2.578179864065187417e+02 2.593174736637885447e-01 -4.044389743339230847e+00
2.894727907107090914e+02 2.723633685725160986e-02 -2.527033562929462129e-01
3.100215123480062971e+02 3.945424607626010771e-01 -3.155139481522550682e+01
2.988488381402986533e+02 1.903056469595252320e-01 -2.618831367818655886e-01
3.239461944832042946e+02 7.440041196808797608e-01 -2.009675832213158320e-01
2.679354423886071004e+02 1.237245125377108845e-01 -5.889947186879872509e-01
3.274494036052992101e+02 7.705930020912723499e-01 -2.423142024515494430e-01
2.613459400877082430e+02 4.907682366003870422e-01 -7.299478266300341467e+00
3.335953812700972207e+02 5.948625263908369210e-01 -4.125410090034367094e-01
3.472235785004320974e+02 1.306120942616118830e-01 -8.091940522553143778e-01
3.062091724024099904e+02 4.587752931767806186e-01 -2.083566243243973659e+01
2.559140976981532276e+02 5.812101045126424337e-01 -6.933510261408886599e+00
3.077658859067500430e+02 5.896532635433200387e-01 -2.350257736566868871e+01
3.545344612855641344e+02 3.780230966012643884e-02 -3.851765462283043839e-01
3.513228941488168289e+02 1.697478316723119163e-01 -1.310911462570954811e+00
3.415918597326738109e+02 4.226796928441715062e-01 -2.341583258030244599e-02
3.450061172207854838e+02 2.457260690153189042e-01 -5.719519839004479911e-01
3.487025667559533986e+02 2.115286774058821873e-01 -1.191853659061361093e+00
3.618497860078456938e+02 4.837417294896959596e-01 -9.369722126340446211e-01
2.491523594775158301e+02 3.708723455200575447e-01 -3.186131596517768561e+00
2.627308053491531155e+02 5.988532221795533905e-02 -9.424048563233863307e-01
3.592709269830250491e+02 4.518814583816274655e-01 -5.120551251862329734e-01
2.533978030619705066e+02 3.273490598613534308e-01 -5.137216227967407178e+00
2.954810357528075997e+02 3.025547163866253442e-01 -6.868322748878545603e-02
3.307000911028397354e+02 2.899371373403375474e-01 -5.255259983834981163e-01
2.498583953703693510e+02 7.999437728491780308e-02 -4.983508580105181496e-01
3.184758342343380946e+02 1.808207234986083933e-01 -5.948350208349798329e+00
2.646724958906443135e+02 4.118233559381110354e-01 -8.119663980927606772e+00
2.798463936940146937e+02 3.067687257742851004e-01 -3.833161403757230357e-01
3.036236030613739558e+02 5.638166011789341736e-01 -9.401382655801290511e+00
3.093096747294142688e+02 5.015889564117081978e-01 -2.852645808850569864e+01
3.124631881842851158e+02 7.221008261849173326e-01 -1.766409986547958511e+01
3.248601725395575954e+02 6.026399022446015108e-01 -1.830368229912177069e-01
3.048094266484220043e+02 7.306161147089232921e-01 -1.218268689872445520e+01
2.698445683867694811e+02 1.164892610638820075e-01 -8.772488026222333701e-01
3.136534511063966875e+02 6.834330715575497317e-01 -1.422786348538178736e+01
3.496209110815847225e+02 6.572940363687099774e-01 -6.690248501204507647e-01
3.213333763204024649e+02 3.150912341039192044e-01 -1.544160093040893855e+00
3.392273665139356353e+02 2.358902423216248934e-01 -1.989351728666872710e-01
3.353156391440114703e+02 2.021325651795503608e-01 -2.156008776869710319e-01
3.158752547368691239e+02 7.891012396393991546e-01 -7.135225086439541009e+00
2.721988549579903633e+02 7.363850279208925542e-01 -4.179665078363561825e+00
3.523146164924777395e+02 3.397088092418409921e-01 -1.142649661182465026e+00
3.267967709092151267e+02 4.470693344603788866e-01 -2.445383643302495857e-01
2.859286038701001189e+02 6.875338618665190193e-02 -6.119500342455793662e-01
3.166266204146818950e+02 6.086382555742383405e-01 -7.774493687903718531e+00
3.567541910059969723e+02 4.765167545623781864e-01 -3.470869425343585668e-01
3.380033703743459341e+02 1.016958481119716179e-01 -2.718117173500744221e-01
3.317517517553284279e+02 5.495667507383124317e-02 -4.203471288033386877e-01
2.947697284035755843e+02 6.502054549327427324e-01 -1.635886008951741299e-01
2.840270445841132414e+02 4.154427078197034384e-02 -8.434380795568542366e-01
2.477007594889826123e+02 4.690861559636128608e-01 -3.201416251696130644e+00
2.759482531046259055e+02 2.526268575114066217e-01 -1.228152611357028690e+00
2.912956596986762747e+02 5.318648875051390501e-01 -1.497329775016902759e-02
3.441596939649120941e+02 3.676260195913887419e-01 -4.327302329601774855e-01
2.964724897492840228e+02 4.250705033827605894e-01 -4.979457076644436958e-02
2.704991798468333286e+02 6.657953762908105366e-01 -6.623618306779552434e+00
2.817893975214964257e+02 1.608349783068024619e-01 -6.632341485002269943e-01
2.770429655700141325e+02 7.600300351208080230e-01 -6.281186850949672662e-01
2.631019035292548551e+02 6.329635053735129802e-01 -9.017305683243167280e+00
2.599914761224291055e+02 3.823898333658765081e-01 -6.429965913779696507e+00
3.101089872571261026e+02 3.334335967289034919e-01 -3.234380206087737974e+01
3.100980920100502090e+02 3.357539470938251114e-01 -3.233131695569795738e+01
3.097328871665668544e+02 3.190018153251829025e-01 -3.208215420736307522e+01
3.097180531810922162e+02 2.430610358715057373e-02 -5.983190089757322028e-01
3.101720687861388797e+02 3.141817609794563815e-01 -3.237803546841195157e+01
3.101653825324686977e+02 3.208480434666887149e-01 -3.238022842429101189e+01
3.094250415458288899e+02 1.044564247131347656e-01 -1.504229325141381501e+01
3.101425453121810278e+02 3.322521047598225863e-01 -3.234807613210496413e+01
3.100300392817356965e+02 3.164329161376742694e-01 -3.238984977734339310e+01
3.102031794217094784e+02 8.324834108352661965e-02 -1.119972736568155902e+01
3.099819326275978142e+02 3.359700371308947386e-01 -3.233491495794606152e+01
3.097164438045956558e+02 3.048720505004970383e-01 -3.203138210611097492e+01
3.098616632731926757e+02 3.170524075600789082e-01 -3.239971415274587940e+01
3.097911416660473947e+02 3.122981568251484430e-01 -3.205525641253599645e+01
3.097956803245054971e+02 3.228060172607877809e-01 -3.207259016665938134e+01
3.099420280612675924e+02 3.296066443043715322e-01 -3.236951722113797558e+01
3.098065433423058721e+02 3.205117004261606173e-01 -3.207008892977189163e+01
3.099338059729485053e+02 3.281981051354328494e-01 -3.237546085738486568e+01
3.101303308442645061e+02 3.185833453960922323e-01 -3.238380276148337344e+01
3.100089865779992238e+02 3.246469594807593895e-01 -3.238283891233290035e+01
3.098060444227501762e+02 3.161409914635039398e-01 -3.206387352119667611e+01
3.099670375024846862e+02 3.336122051325373095e-01 -3.234916883363842288e+01
3.082730385956493251e+02 3.724078238010406633e-02 -1.858612561408555575e+00
3.090364855937464768e+02 5.977320671081542969e-02 -5.842372445430435768e+00
3.100254391360710997e+02 3.310266882986439008e-01 -3.235955303639578773e+01
3.166857857351106986e+02 2.236205920227275767e-01 -1.178941645832132323e+01
3.457726234626719588e+02 4.487358489679508233e-01 -6.805844756211527624e-01
2.548880859640467236e+02 3.341652685844757054e-01 -5.814976935304696504e+00
3.197732854670496181e+02 3.895126476760900625e-01 -3.498114801234007754e+00
3.350508015909276196e+02 1.601694736722451551e-01 -1.980374724689979160e-01
3.696901353694604495e+02 4.764122193199446520e-01 -1.672133683369727342e+00
2.658377105034329020e+02 4.809084845277989406e-01 -7.839412312383845283e+00
2.963551332975436026e+02 2.263274468863648442e-03 -7.224268360662028376e-02
3.582081248178727151e+02 5.345753192806866894e-01 -3.026353894596585103e-01
3.113334423022735109e+02 4.900900885442416310e-01 -2.774663205550093892e+01
2.937287548495646661e+02 7.362324525012884369e-01 -1.421980730645899249e-01
3.595011334928055931e+02 7.181094998530511697e-01 -1.637823379059768214e-01
2.990711809670552839e+02 4.651579512627692647e-01 -2.367928641779126764e-01
3.327718689293433272e+02 4.351942055631367601e-01 -5.502092006753437348e-01
3.359148928692343361e+02 7.557505149562168123e-01 -2.744377630506026344e-01
3.036082547619363368e+02 2.678432186664135850e-01 -9.417524111051186253e+00
2.862710493717715963e+02 5.140187255911719127e-02 -5.640452104710432790e-01
2.523865777427003820e+02 2.423933220799118493e-01 -3.741259785871843491e+00
3.316789455815884367e+02 1.473775840884291310e-01 -3.752735755619077129e-01
3.647561618787270845e+02 1.921989872252810871e-01 -4.199854392705000272e+00
3.089556158598539923e+02 1.036751873875458724e-01 -1.374396524583025148e+01
2.688279363967987479e+02 3.240661395480893825e-01 -5.853596206982611960e+00
2.888782423815800939e+02 2.081076195902881176e-01 -3.856251903142088322e-01
2.953127023490696388e+02 1.337795700157393408e-01 -4.718409000890275845e-02
3.500811407720646002e+02 2.013647582170136341e-01 -1.336297707867488915e+00
3.669771112875275207e+02 2.596290866109402518e-01 -4.011766932760286508e+00
3.560659604611732334e+02 2.917346478872232529e-01 -6.604504316034526257e-01
3.256499338445749459e+02 1.130366449980467203e-01 -5.596672521032886732e-02
3.640752415613588937e+02 4.196878501560865060e-01 -1.817418511537787440e+00
2.768997182797747882e+02 1.831731962514304424e-01 -8.294739437731162290e-01
3.041989882755172516e+02 7.797417675726009412e-01 -9.256996694726137065e+00
3.606970145500921490e+02 6.435677042698945138e-01 -3.426647584868889318e-01
3.513698820346496632e+02 5.137391367682372367e-01 -8.772880854843732035e-01
3.412521395663460453e+02 3.836194956738487316e-01 -1.136095649915338027e-02
2.584928309629406726e+02 1.208316592000234224e-01 -6.343117204849760826e-01
2.695932886622709930e+02 5.007562645216470099e-01 -7.431792733729845502e+00
2.635700665466976602e+02 5.458552718668057135e-01 -9.122837455194771294e+00
2.815812237096130275e+02 1.841035254442071611e-01 -5.535828154844647520e-01
3.281685074970962432e+02 6.019438676484840656e-01 -3.702256841318674607e-01
2.556369485868636957e+02 1.589436708992361114e-01 -2.473626351201076989e+00
3.291593173142657633e+02 2.862157362527039117e-01 -4.308214067532811220e-01
3.271394516680247762e+02 6.130005233914919138e-01 -2.692627630324812560e-01
3.373255914491515455e+02 3.369045723336949738e-01 -3.282133827774068036e-01
2.737733639340171976e+02 6.516610552966853875e-01 -2.235820758726634772e+00
3.434927737601111062e+02 6.993809037132172612e-01 -3.731935238724206627e-01
2.713956556936366837e+02 6.852894981509773942e-01 -5.112075301900364188e+00
3.471118358091314349e+02 7.209756239668904110e-01 -5.436486727806781882e-01
3.527904452147345751e+02 5.714192612577732033e-01 -6.031733204487462752e-01
3.422940355970501969e+02 5.233302433543357557e-01 -1.664296004625853698e-01
3.392640401924800244e+02 5.892288227690659630e-01 -2.325562224268347133e-01
3.227925277179411978e+02 4.031664421292657785e-01 -6.366019651165990556e-01
2.867970334594040196e+02 2.254054985795483565e-02 -3.116935541414037059e-01
3.136386135939513906e+02 7.878255262297654271e-01 -1.230520200955252008e+01
2.763188741149201633e+02 6.881941581821372500e-01 -8.117905597817407504e-01
2.950022697860187009e+02 2.505550184491815435e-01 -8.358548675994054156e-02
3.486499941389348578e+02 2.759251897451779345e-01 -1.218755841960106556e+00
2.642920168897883286e+02 5.838207782192513795e-01 -9.374746337504818783e+00
3.307024740823425191e+02 3.556168554127003278e-01 -6.013611484357035408e-01
3.107646461926856318e+02 5.394793067783657525e-01 -2.706340590718759387e+01
2.809583620155931385e+02 6.712779898988441296e-01 -1.439216913012367483e-01
2.726871621292903001e+02 6.330511433343496419e-01 -3.452680849331803525e+00
2.800931754228211048e+02 7.608027656791603865e-01 -2.200119990657146418e-01
2.599042174473584623e+02 6.128708330107848767e-02 -4.779764999621972099e-01
3.548421045323781868e+02 5.968498564188430278e-01 -3.057359953322421608e-01
3.397131592542785938e+02 1.688035857049979549e-01 -2.175390017613084426e-01
3.569687757812045561e+02 6.274631725727097820e-01 -2.137624606906238511e-01
2.492716342272367456e+02 7.844606657302551078e-02 -5.350682922074525560e-01
2.470953025272057175e+02 7.451882283054440670e-01 -3.100909977836852072e+00
2.788929903360092339e+02 3.608430508020485927e-01 -4.584980372772567425e-01
3.059398909008359055e+02 8.171575787943086144e-02 -5.551824672521246562e+00
3.181592607555031691e+02 1.073311662359371921e-01 -3.869223160762869096e+00
3.665567036672725862e+02 3.928055598006168214e-01 -2.428626147323391216e+00
3.538262334858253553e+02 7.349025156407134052e-01 -2.937926888810691306e-01
3.620732041941203647e+02 3.441996112910320482e-01 -1.595144970321108691e+00
3.128450745825214199e+02 6.177488823774954785e-01 -1.868334606877936466e+01
3.018369985237977744e+02 4.090468217614728896e-01 -3.899112833382653243e+00
2.608413765853355812e+02 9.023315555716074354e-02 -5.390169842767794650e-01
2.987487853939208549e+02 3.042022773677580116e-01 -2.002595791727673491e-01
3.154573387387639514e+02 5.548508893507916317e-01 -1.081062888691288215e+01
3.448364852193487309e+02 4.608579264327343217e-01 -5.419058783382886268e-01
2.541143384808410417e+02 6.467541250178845957e-02 -1.479231383109269327e-01
2.578278896693639695e+02 2.972490775002418206e-01 -4.599066885547535399e+00
3.073477045965607886e+02 3.262668987292986073e-02 -1.083360902700981621e+00
2.889777516005750613e+02 7.066212584816077280e-01 -1.854890979235312726e-03
2.747817503576777085e+02 7.718787784682197284e-01 -1.453047008849081001e+00
2.620069147363491879e+02 2.325176915278975853e-01 -4.418190005266765752e+00
2.910233884267738631e+02 6.590605963680520318e-01 -1.078457995211226043e-03
3.193021254698636540e+02 4.305686001987332756e-01 -3.965944912109551801e+00
2.511317431439507573e+02 3.736993487610340559e-01 -4.054109428293312334e+00
2.494126608070522764e+02 4.749014312140788230e-02 -1.021449857896740365e+00
2.672647829989703041e+02 6.771923673169997215e-01 -8.634735673726023464e+00
3.077845769716370796e+02 5.081161988410354269e-01 -2.522749111754776763e+01
3.680522274191509950e+02 1.429612458284453547e-01 -5.163643786983043604e+00
3.004476612455291615e+02 5.619434245048562371e-01 -1.216078385794549854e+00
3.219176997542928120e+02 1.372825991538777560e-02 -7.302499745166484146e-01
3.241220302108687292e+02 2.249488401109702718e-01 -3.563463501723725946e-01
2.840461768473198276e+02 4.460633913815700291e-01 -2.445720942924433372e-01
2.916243682996565099e+02 2.877597265332673682e-02 -2.380100120104839401e-01
3.333855153861795770e+02 7.968170347118781471e-01 -4.165176439177720735e-01
2.835921300028174414e+02 3.144002483491086242e-01 -3.168604220254798709e-01
3.111229587395052931e+02 3.503998073053298246e-01 -3.103606629941928219e+01
3.098199627749774550e+02 3.669004440307617188e-01 -3.176731455713444774e+01
3.098366624534043012e+02 3.549985885620117188e-01 -3.189765858367354312e+01
3.092125629013485764e+02 4.065507888793945535e-01 -3.071273759077788057e+01
3.101763804861417384e+02 2.734088897705078125e-01 -3.194808062935630844e+01
3.098032064452353325e+02 3.932533052230436921e-01 -3.137043569250827346e+01
3.105872809506805083e+02 3.404699563980102539e-01 -3.227353173180705426e+01
3.124590597037195039e+02 3.208025490764663257e-01 -2.772393408106685442e+01
3.112898307918907221e+02 4.044025421142578569e-01 -3.004334540709244195e+01
3.089184246864689385e+02 3.997930896637251763e-01 -3.013527672439433047e+01
3.094090623104386850e+02 2.465652227401733398e-01 -3.008813832094410401e+01
3.093832882899642982e+02 4.676286646822180870e-01 -2.936396816761982009e+01
3.095495864483943933e+02 2.890587963907284008e-01 -3.190569376968452175e+01
3.085092431908271351e+02 3.484779119491577259e-01 -2.975973614195906336e+01
3.114838458033169104e+02 2.424635171890258956e-01 -2.958588111643954832e+01
3.102521460704762717e+02 4.340199651566934991e-01 -3.070032582244653696e+01
3.092406506856343640e+02 3.259450143691639545e-01 -3.155131428301778840e+01
3.091156848989355126e+02 4.779732227325439453e-01 -2.850424939698703852e+01
3.108042217459150152e+02 4.569808113558583296e-01 -2.944571575501395699e+01
3.100429377170740963e+02 2.522631264975991328e-01 -3.138853414941399222e+01
3.106471237162311354e+02 3.283195868857530786e-01 -3.196140433627869726e+01
3.083483434715010389e+02 4.288162708282470814e-01 -2.770390388154995165e+01
3.103713520740909075e+02 4.859811305999756081e-01 -2.913817806622790130e+01
3.115721923820699431e+02 4.722408382819649475e-01 -2.709466734066528915e+01
3.078424664513805737e+02 2.804084539413452259e-01 -2.665965387417414689e+01
3.107095241828799885e+02 3.387053251266479714e-01 -3.188713929201699671e+01
3.099545463929209177e+02 3.635555982589722124e-01 -3.206097526136535691e+01
3.100150582007467506e+02 3.995489259415447858e-01 -3.145354516812989232e+01
3.100568053299059557e+02 3.366627072605272164e-01 -3.232756404811154027e+01
3.111769074289146602e+02 3.172287702560425138e-01 -3.137852348436481620e+01
3.099970819206421311e+02 3.730283737182617521e-01 -3.192425856341986190e+01
3.091577195404119038e+02 2.715650558471680021e-01 -3.097687350144018126e+01
3.091027398955114904e+02 3.846218824386596902e-01 -3.029648657561296687e+01
3.103042751048180889e+02 2.603152036666870339e-01 -3.172682242927799834e+01
3.111705514915022377e+02 3.878728286923081581e-01 -3.037199124196101607e+01
3.093437183651099645e+02 3.651173477874951057e-01 -3.129840217355454968e+01
3.111986087290961791e+02 4.028556166284930073e-01 -3.004549484558414107e+01
3.096176038846774077e+02 2.862488066465686543e-01 -3.185109397661108588e+01
3.095630958594776985e+02 3.305802822113037553e-01 -3.209948021645113414e+01
3.116082918091775014e+02 2.833599805831909513e-01 -3.041149895384265989e+01
3.096309996117209948e+02 4.351149082183838335e-01 -3.053104787864787895e+01
3.098717980424342500e+02 2.432905912399292159e-01 -3.107866335046642803e+01
3.108695854132223531e+02 2.048842906951904297e-01 -2.891786164652343061e+01
3.107776323159857839e+02 4.455934524536133146e-01 -2.974610608881267382e+01
3.103931426077100468e+02 2.263886928558349609e-01 -3.039247354165180681e+01
3.111348709775078305e+02 4.233261108398437833e-01 -2.951753041747180362e+01
3.098221609291850882e+02 1.569459438323974609e-01 -2.402914462125425032e+01
3.083205675749962325e+02 4.089508533477783647e-01 -2.801564756951124124e+01
3.105604085427566474e+02 2.410015388594340391e-01 -3.106831967597228683e+01
3.087325938088984572e+02 3.105068010559352554e-01 -3.075591349304295008e+01
3.104130281397507360e+02 3.022059329737944999e-01 -3.235793647946260165e+01
3.081223300621616090e+02 2.743443965911865345e-01 -2.791572394468935059e+01
3.112340479255144601e+02 3.201606273651123047e-01 -3.138140693949215887e+01
3.092629349668472969e+02 2.866886050169001332e-01 -3.124713037193675547e+01
3.107017934577515348e+02 4.496361296091456738e-01 -2.961593261136000521e+01
3.097243247973605094e+02 3.719097304636694856e-01 -3.171442641665178641e+01
3.101566550375048337e+02 3.887222523592819279e-01 -3.166055013261654594e+01
3.097745598821760495e+02 2.640299184106402186e-01 -3.134285660285016917e+01
3.080868456171123739e+02 3.868846654891968107e-01 -2.839766788746601023e+01
3.094907445226989466e+02 2.491211564705174963e-01 -3.092799020965412282e+01
3.107560097291911347e+02 4.033451557159424272e-01 -3.079140389597656835e+01
3.102769730129763275e+02 3.163292013453405938e-01 -3.237379358450559863e+01
3.101160608626227031e+02 2.816103856142546658e-01 -3.210689428633860842e+01
3.108990933600917970e+02 3.876985311508178711e-01 -3.116487086564847075e+01
3.097808396723883106e+02 3.452551841735840288e-01 -3.198894978945899936e+01
3.096364913530198351e+02 4.091069942750740762e-01 -3.109007484514299335e+01
3.105776570925791589e+02 3.758520307648953174e-01 -3.180680605084834767e+01
3.108856171556818140e+02 3.456159251611822802e-01 -3.185029615699031780e+01
3.094983312950206482e+02 3.962346553802490456e-01 -3.134928766817136037e+01
3.085560674656379661e+02 3.119321434422008266e-01 -2.968106115252511401e+01
3.092154892979454530e+02 3.602989099273052331e-01 -3.137900298744682814e+01
3.091172772269111420e+02 3.289667692152046796e-01 -3.158299505723671885e+01
3.095730600069229581e+02 2.971651777147565898e-01 -3.199608104577205481e+01
3.112677560499550964e+02 2.947293990656565388e-01 -3.141150529914550660e+01
3.110870170562045587e+02 3.079933249387080685e-01 -3.137838944350682269e+01
3.101828398782363365e+02 2.696775287170569690e-01 -3.186536710794621285e+01
3.105113951256912515e+02 3.320623782072610886e-01 -3.233095025180725202e+01
3.105952540217656406e+02 3.130073762100162860e-01 -3.239362637350693319e+01
3.104325598081851467e+02 3.141064405441284513e-01 -3.238514198522328513e+01
3.094999947715535882e+02 3.712331449617134460e-01 -3.175134913257724634e+01
3.108783270147187068e+02 3.688428869010323408e-01 -3.151314012514874818e+01
3.101871260280943261e+02 3.378412308916507456e-01 -3.231414994235837668e+01
3.106371278888071288e+02 3.498191841786728595e-01 -3.174351648067256448e+01
3.115490440631166962e+02 3.196769311118061729e-01 -3.037889276922933490e+01
3.095307402367291161e+02 3.341208883598728030e-01 -3.209175578369320192e+01
3.087475380693374518e+02 3.481031973475706143e-01 -3.076309161178981810e+01
3.100924441073696585e+02 3.200002822660593105e-01 -3.238555226748520965e+01
3.093820010004055234e+02 3.302870922981127055e-01 -3.150926641355389890e+01
3.100072294829066095e+02 2.963223204918158382e-01 -3.230049303299038144e+01
3.097756054559569066e+02 3.676563755124553912e-01 -3.176382231266795131e+01
3.092161237943055880e+02 3.629715152146688606e-01 -3.135182825763607184e+01
3.102644214804388412e+02 2.846025862225975978e-01 -3.220115363495694538e+01
3.100303165662266451e+02 3.509717420587013526e-01 -3.220908708993354708e+01
3.096460128675432202e+02 3.078679956326931810e-01 -3.206280650904079721e+01
3.108306077460673009e+02 2.760380541759131501e-01 -3.181584978475429537e+01
3.099020682031751335e+02 4.220088589970931725e-01 -3.096925613444452097e+01
3.104074535739636076e+02 3.585340501766312582e-01 -3.205456993820600076e+01
3.098420184343810320e+02 4.587896779259679758e-01 -2.995176792628614848e+01
3.112968437683379079e+02 3.819019405825793689e-01 -3.054330498226227419e+01
3.100188352125572919e+02 4.091254305130504476e-01 -3.125662432759054710e+01
3.100450607621261270e+02 2.882376938247576681e-01 -3.221006193397948891e+01
3.100293802511433796e+02 3.227177616829675633e-01 -3.238582658968150696e+01
3.103698472200711649e+02 3.361166516744407140e-01 -3.229148795485578916e+01
3.101819193362140936e+02 3.330098433214845333e-01 -3.234229578267625982e+01
3.115223665931347909e+02 3.170926959825646207e-01 -3.038486774638672827e+01
3.102315867829366880e+02 3.600744275361323909e-01 -3.210023259606353463e+01
3.093170978878246160e+02 3.351525934775987370e-01 -3.151672434085812924e+01
3.103794092723110225e+02 2.917695129980830138e-01 -3.228400546363774026e+01
3.102334838956921317e+02 3.502330506554464651e-01 -3.220994538222703341e+01
3.101922710452713545e+02 2.863453147603867710e-01 -3.217005826383377354e+01
3.101134434715963835e+02 3.554788166952320694e-01 -3.215802054806394494e+01
3.097670086950647033e+02 3.794769272608167210e-01 -3.159999180552299691e+01
3.104811583339597405e+02 3.422600047021115421e-01 -3.224874281913444207e+01
3.099470611631828660e+02 3.564591737303417496e-01 -3.215038016714310487e+01
3.101785433895751680e+02 3.596537666787438248e-01 -3.210688517718424606e+01
3.095777608373703060e+02 3.091946895298597897e-01 -3.208215825752769490e+01
3.106770476696646028e+02 2.741153652476284730e-01 -3.176355149773155162e+01
3.103149316337876940e+02 3.540071625125795762e-01 -3.210399200927857066e+01
3.105882472502731844e+02 3.300442395033181264e-01 -3.234827887248687972e+01
3.107141992012709011e+02 3.508877192124808531e-01 -3.174718267315577336e+01
3.099787002178283046e+02 3.495974288097762339e-01 -3.222438513526113013e+01
3.102594019040928970e+02 3.781380257419345026e-01 -3.172911755724653560e+01
3.102301003758799993e+02 3.415561592849976624e-01 -3.228601318476359694e+01
3.109808208490195511e+02 3.252397708507748231e-01 -3.204670733860051968e+01
3.098532001626813894e+02 3.029671877578849482e-01 -3.236039548294694868e+01
3.103261599093756331e+02 2.793168015492881739e-01 -3.212783936498218651e+01
3.104404277124102691e+02 3.429914558811636982e-01 -3.223830636647414138e+01
3.105531464133305235e+02 3.355674703837348005e-01 -3.231023194683758959e+01
3.107012728956505612e+02 3.670757502179247123e-01 -3.150098646249007572e+01
3.102294420981175449e+02 3.048850727175589359e-01 -3.235902749080036500e+01
3.104443289023251964e+02 2.906667884563720050e-01 -3.227544191109748084e+01
3.106231196493170614e+02 3.075508173626526620e-01 -3.202536200455443094e+01
3.099018090543822836e+02 3.263802707289946148e-01 -3.238316351613579513e+01
3.101953898791738311e+02 3.002708860745360586e-01 -3.231598207503220266e+01
3.106531894685897441e+02 3.178322733617210405e-01 -3.201642688860371067e+01
3.102818930181851442e+02 3.065770769028774434e-01 -3.236710483045963116e+01
3.097527578069471019e+02 3.439827784658405219e-01 -3.200231353868408490e+01
3.103605308552822635e+02 3.190848277212380291e-01 -3.237505779228207814e+01
3.094287846584019803e+02 3.494031810660449544e-01 -3.141660041402290204e+01
3.097395138463789976e+02 3.167727886242251434e-01 -3.207754077269351711e+01
3.106629938726309206e+02 2.945304610568960091e-01 -3.198979690398157771e+01
3.114325395857696890e+02 3.566239678622123432e-01 -2.986743262675701516e+01
3.105286683519019562e+02 2.784094599936746128e-01 -3.211641110119193598e+01
3.103491422656045984e+02 2.903104128006705476e-01 -3.226884347678873155e+01
3.102883312688836099e+02 3.202875316101105874e-01 -3.236719535600446562e+01
3.103967894953008795e+02 3.451447634382106000e-01 -3.221308326609742068e+01
3.109542830454087721e+02 3.130811948108210285e-01 -3.208352133181771393e+01
3.107495235216738365e+02 2.862793373913767314e-01 -3.193647264636680205e+01
3.104786010793719697e+02 3.368631392399274449e-01 -3.229470108615110746e+01
3.107939600946789938e+02 2.928920899326675764e-01 -3.200052815608951562e+01
