6.729834407290185538e+01 7.395916146579077921e-01 -4.269306644990718880e+00
6.338512845308471100e+01 6.967762369463939010e-01 -4.433231196975545352e+00
6.867588388188406157e+01 2.192837886038411233e-01 -2.146976858857903458e+00
7.487330636692821884e+01 1.830368545855245443e-01 -1.168001450742653269e+00
7.684595102934997612e+01 7.547561162614567776e-01 -1.839335357277025018e+00
6.373736545383188457e+01 7.901182694367041570e-01 -1.734729085371271573e+00
7.274760276077502397e+01 5.876276407641248811e-01 -3.461648916348026184e+00
8.809922322787373616e+01 9.633364470961358617e-02 -7.506113728067110857e-01
8.481399461447779231e+01 3.317521672396150922e-01 -1.386789295890754614e+00
7.294035667910887355e+01 6.314701670429073710e-01 -3.106688686182349723e+00
6.155902566353148586e+01 2.811362055694394679e-01 -5.606392226597559786e-02
7.328475746553556291e+01 1.333348145283742292e-01 -6.019377986111029699e-01
8.539248622767125596e+01 4.904992856335087525e-01 -1.099260370330734649e-01
8.150428279003367038e+01 3.836577402122725022e-01 -8.529671768500722839e-01
8.361179177766808834e+01 6.782498872833220283e-01 -1.047952687228847907e-01
7.921722755060993393e+01 4.648712703132250046e-01 -2.387630642159662919e+00
9.225167227441269802e+01 6.157388691031706607e-01 -8.129754120352790381e-02
6.930193831699965301e+01 7.341344452810505405e-01 -5.565720367755653403e-02
7.551886049774338971e+01 4.323145847606192915e-01 -1.310396885428482816e-01
8.896443674819079206e+01 6.350444160128005944e-01 -8.891407547567921343e-02
8.219249170385543835e+01 6.801867717268865743e-01 -3.002265419269019020e-01
6.906085990707562416e+01 4.844489071582716022e-01 -1.668494965029220650e-02
7.089452777804203265e+01 3.000931663498897506e-01 -3.573012142793841939e+00
8.579015293780986440e+01 5.525612533569836948e-01 -3.634792466530083199e-02
8.027016119411689488e+01 1.541325478151139017e-01 -1.456413212696576975e+00
8.337229628534835513e+01 1.428747895668070755e-01 -6.228111258128733452e-01
6.347515614995653976e+01 5.225322890905396145e-01 -3.860812889985755447e+00
8.297401260640333476e+01 1.911238046598184581e-01 -1.722496254984910324e+00
7.262355904027518250e+01 6.866405472122924514e-02 -5.122636507215917456e-01
8.176889494360175092e+01 2.665931114308213792e-02 -1.857014525295928475e+00
8.399422773776623785e+01 7.166532178595927949e-01 -6.714879918924221425e-03
8.961255137795934900e+01 6.412714741038098853e-03 -2.984028454341481340e-01
6.552653476177542302e+01 2.324656086561034951e-01 -1.089842199606113171e+00
7.574890040459584384e+01 5.446810618262190040e-01 -8.024420455570981103e-02
8.844748728861659970e+01 2.908129822586575930e-01 -2.408252970669372273e-01
7.026259224360821065e+01 5.695505007892849303e-01 -3.629095569400185628e+00
6.778229998720537708e+01 4.504016785560502889e-01 -1.066562911417760218e-01
8.602175252678748052e+01 7.667488828326491923e-01 -1.837821173728144131e-01
6.620577692572676654e+01 1.075359195557316627e-01 -9.388712661923798164e-01
9.137515525106628900e+01 7.057701732767220903e-01 -1.387795454282206575e-01
6.300357945557243511e+01 4.223549346345413236e-01 -1.539541330326273272e+00
7.827240363709391602e+01 2.201991454250055991e-02 -7.040557964420204318e-01
7.959998776385430119e+01 1.243907346866704594e-01 -3.882803112427767989e+00
6.434431370520442783e+01 5.422141086319335335e-01 -2.059617207041382902e-01
8.435056971705276396e+01 7.698440745655739381e-02 -8.820993188534476115e-01
8.646938026051456916e+01 4.422112645107423856e-01 -1.215640319158530491e-01
8.270275487318554042e+01 6.717709574476725676e-01 -6.171309092462937684e-01
8.750115528923124941e+01 7.792508199949539360e-01 -6.923706448862310125e-01
7.229499871119998033e+01 5.336727255663874514e-01 -1.563874789238660190e+00
6.431718411817168146e+01 2.480190428314070772e-01 -1.516464482464335017e-01
8.119652461045512837e+01 5.059477075432062820e-01 -5.639097716129742865e-01
6.264993119940873356e+01 8.783896734653140470e-02 -1.139221058457389329e-01
6.575454583719456991e+01 3.587379481952932547e-01 -3.366100380195297781e+00
7.016382939895115101e+01 3.747393965731111165e-01 -3.126340944428746660e+00
7.749133971174188673e+01 1.172798327517875772e-01 -8.490853587345185360e+00
6.198256295474237021e+01 1.965026110655474501e-01 -1.923396442739442325e-01
7.606575235490551279e+01 4.793413415367383523e-01 -2.269403059558892655e-01
8.692437596698124480e+01 4.270053659376767397e-01 -5.051660287585584275e-01
9.106606836383808457e+01 5.835042351979068398e-01 -1.159163638702437188e-01
7.405890838559069778e+01 3.486777769942991378e-01 -6.886445158888713003e+00
7.706382839199838486e+01 3.179084715444109865e-01 -7.036078284771210889e+00
6.971447541590394792e+01 1.239989015160986724e-02 -1.886918689673687588e+00
6.849001399530557421e+01 2.124362132541532666e-01 -2.408870452974167353e+00
9.045881425315462820e+01 2.780992127171201811e-01 -1.515507373431914662e-01
9.186960501954669667e+01 2.434694144337964661e-01 -2.609488982196448426e-01
6.748348194273046374e+01 2.678603295505472270e-01 -1.783163266395697333e+00
6.648780363018040873e+01 4.962392357552087296e-01 -3.578738140056619277e-01
7.514786173010239168e+01 6.176993517126416755e-01 -1.179242928060774354e+00
9.007206777372800843e+01 6.298461954855860689e-02 -4.095047737212665351e-01
9.166923013230393735e+01 4.635555603436245509e-01 -1.787101702234112355e-01
8.058108498782488027e+01 3.371377759210330560e-01 -2.229357719420691220e-01
9.052247658039135558e+01 7.728141450579432137e-01 -4.800154960725996900e-01
8.924715962031626759e+01 3.621126342220672978e-01 -1.353934779402173050e-01
7.438155894368117060e+01 4.924076642577793206e-02 -1.752365984104598207e+00
7.454788582370676409e+01 3.285400812183996572e-02 -8.779312514818966573e-01
7.172594709226667931e+01 6.588816219343393010e-01 -5.050805079070116443e-01
8.731330265129841450e+01 4.665776426742512112e-02 -2.548236844165177484e+00
8.778314303107461569e+01 6.005215430376142915e-01 -7.364180097182209117e-01
6.477755300134782601e+01 7.224118230457520218e-01 -1.548326588054319330e+00
7.996696353272837143e+01 6.419887895480284046e-01 -1.925702726752985150e+00
8.867865053342418946e+01 7.929678021623361994e-01 -2.535774677290497658e-02
7.852814408893759435e+01 4.108957078326738177e-01 -4.601169941424362864e-01
6.597839473454480697e+01 5.646383345317572688e-01 -1.738460787011612219e+00
7.068194124665728850e+01 4.070816001575240373e-01 -3.862833858828905509e+00
8.675984554976066931e+01 2.572253977873517061e-01 -9.708061958863095642e-01
7.361081138033695481e+01 3.987301235310383718e-01 -2.796492964606875464e+00
6.233512720978817612e+01 2.283675374518975565e-01 -2.244670938521483583e-01
8.509744020257002717e+01 7.498231855742977237e-01 -5.984118429904290021e-02
7.126638706956349267e+01 1.655859904007419281e-01 -1.706108173413637408e+00
7.156275470666552962e+01 5.158158576640412551e-01 -1.531399462643331377e-01
7.767012119037927675e+01 9.386880243641188004e-02 -5.099908969963331096e+00
7.880045686760361434e+01 2.063236550148938864e-01 -2.766121042602252889e+00
6.822421463000563335e+01 3.878775855941724027e-01 -1.970362166691330241e+00
7.808383613719689720e+01 3.089021814939807431e-01 -1.083373015877521633e-01
8.194175978747193767e+01 3.279286164543088744e-01 -6.504413085579943132e-01
6.680131349952976905e+01 1.704943031749491800e-01 -3.070433817865056980e-01
6.496008109153272869e+01 6.955892125209574006e-01 -8.011405373223258186e-01
8.091907940112399444e+01 1.504467931905729694e-01 -1.319160735740853907e+00
8.403378995861095291e+01 6.532265141873968561e-01 -1.055773718300211973e-02
7.637923936385942625e+01 5.977870633253583588e-01 -2.846410634040890120e-01
8.426638839817478299e+01 8.550227508581820235e-02 -5.161809183417559455e-01
8.226337709964259659e+01 2.880946381716806837e-01 -1.402247796374085365e+00
6.166371129131822926e+01 7.779023227143704311e-01 -1.379893940751507619e-01
9.108183169106004584e+01 1.140875334582696771e-01 -4.303788938234679451e-01
8.120870770724501142e+01 1.039045170759555492e-01 -2.214116727968532317e+00
6.951194802964357677e+01 4.482403388057489835e-01 -1.045406889697510611e+00
8.593916766233253668e+01 6.000945620996291918e-01 -6.648318751263793125e-02
6.318254957788476389e+01 7.216339517943415327e-01 -2.832453668372475253e+00
8.257560590442196258e+01 1.738473123994130620e-01 -2.718317374739421144e+00
7.396217855028123722e+01 6.251015592882167571e-01 -5.433109476651851288e+00
8.378703662777452621e+01 6.511396750383059429e-01 -5.036837321361130326e-02
8.285622028365303038e+01 4.986838799622883567e-01 -6.891222836654927741e-01
6.812115510923099748e+01 8.884850604121964646e-02 -1.489987230088792858e-01
8.004226565564903240e+01 1.369952204820636954e-01 -3.108627182854873272e+00
7.092230690593656561e+01 1.960268609040810572e-01 -2.896753615064346477e+00
7.025068433276106816e+01 2.116170445581771475e-01 -2.141794173280969549e+00
6.517424674605504720e+01 4.028507997009059816e-01 -1.023717355748519076e-01
6.918548934886609914e+01 6.899731506632573730e-01 -8.208528901734341368e-03
7.985015632307900546e+01 2.421176650868336611e-01 -4.541333097773772032e+00
8.848659367128291819e+01 2.675441364803237132e-01 -2.481594290270860148e-01
6.304573820725032363e+01 3.625459225759423143e-01 -1.717144593492407223e+00
6.730982609477661072e+01 5.786325068761569712e-01 -3.806975839943436135e+00
6.685822378781530517e+01 5.588864977702222570e-01 -3.759334175700939529e+00
9.222478464313645929e+01 6.844183801441298121e-01 -5.919450329819125195e-02
6.881400418821046117e+01 2.758956147905487488e-01 -8.503971282735663939e-01
7.050693692188085038e+01 6.768045636124585540e-01 -4.480799276517242191e+00
8.787013994060149003e+01 6.082937376812790758e-02 -1.335384288261980634e+00
8.817749544811719886e+01 5.366151123256679423e-01 -2.604912218361608578e-01
6.395580776341051887e+01 3.489821742045662312e-01 -3.513114412467858161e-01
7.597632686659363799e+01 5.288401368936497260e-01 -1.762733922169376077e-01
6.656617970720199651e+01 4.337385289004364042e-01 -4.211798663244927798e-01
9.040329509248456930e+01 7.036457842404508778e-01 -5.057847273046010006e-01
7.459494599962192751e+01 1.879559566765977574e-01 -3.255715406372469367e+00
9.048923057738429065e+01 7.570000603916083870e-01 -5.012663856122151484e-01
8.155164236097061803e+01 4.479888953182435962e-01 -5.056146105999169693e-01
7.768695617485329308e+01 7.151379882208692695e-01 -9.712383930312137315e-01
7.829477298492633963e+01 5.978564444543748024e-01 -5.113725770872796540e-03
7.244152696646291645e+01 7.282433515395679846e-01 -2.725570829191571232e+00
7.297348396533108428e+01 7.411766091966569270e-02 -3.648554749716206302e-01
7.533342417467329710e+01 3.327170596524644530e-01 -6.441678163174101579e-01
8.926309697466092530e+01 3.159612168388699072e-01 -2.392356907659349552e-01
8.127326809016352627e+01 3.869549920662502807e-01 -9.328404644586798522e-01
7.799331286179577205e+01 6.696762407173900700e-01 -3.038226044473423815e-01
8.921812347522188702e+01 1.577033052839551530e-01 -1.372485741095199607e+00
7.148413640485331655e+01 2.244537315101094443e-01 -2.233641023493831423e-01
7.968878522709981382e+01 6.435693567293793160e-01 -2.191817228443017296e+00
6.771181822732125966e+01 3.375861971929396965e-01 -6.078378245358270204e-01
6.981522590484873092e+01 7.724849397134212481e-01 -3.327742901763953043e+00
9.158100051256261054e+01 5.274901923261196002e-01 -1.758535137582301622e-01
8.069524681450222658e+01 1.673425219342437043e-01 -4.425750461447495732e-01
9.005935391200458184e+01 1.274978493275938374e-01 -2.287153301053233001e-01
6.216531327603010482e+01 1.832620873470406364e-01 -3.361015280170462360e-02
8.625418019557044147e+01 4.194698008362298669e-01 -5.989091692210295192e-02
8.046014260149428310e+01 2.873581465357193943e-01 -3.737653528172775741e-01
7.739705868767590857e+01 3.940871287397547107e-01 -7.023001285228125390e+00
6.841048327519607142e+01 7.055950567025469633e-01 -2.678881121706505830e+00
8.876194326057691342e+01 4.313885999704026308e-01 -6.708494857013404256e-02
8.488716044035029995e+01 1.485618794600100656e-01 -3.840045899672232199e+00
7.494471944175515432e+01 1.009464128419630333e-02 -3.892442569197144264e-01
8.528596703111288946e+01 4.810775352196568905e-02 -1.637564880128714595e+00
6.352497496368098950e+01 2.212274609806613168e-01 -2.295349400233290815e+00
9.129647289791773801e+01 6.083237486997314925e-01 -1.195797073583004522e-01
7.720634986078505335e+01 4.090227142917191028e-01 -7.673365198003184062e+00
8.338887155285550534e+01 4.152572075170332666e-02 -5.275416955507590266e-01
7.916947043552987395e+01 7.457446229887008116e-01 -1.257167253451660027e+00
7.267604674447954949e+01 2.330381716606059195e-01 -2.323095817202815550e+00
7.882179383295176933e+01 4.855041351783599968e-01 -1.314099244256492272e+00
6.753418382512450080e+01 4.655134038001598196e-01 -1.691342359612138413e+00
8.364586826825460264e+01 2.582591853809647064e-01 -4.955617139593133658e-01
8.723698475730458313e+01 7.858058499739921654e-01 -3.492235020443411608e-01
6.463629241188846208e+01 5.683736013946690813e-01 -1.282892502945113256e+00
7.859085590955011469e+01 5.662485044435699999e-01 -4.685877861283921364e-01
8.747352002541846616e+01 3.046208418144842611e-02 -1.483306216974676683e+00
8.455174543367161277e+01 5.913970896189941762e-01 -2.078718950943744259e-01
7.546844022125408458e+01 2.984287055812676059e-01 -2.115574997397549062e-01
9.192382814534971658e+01 4.747335306555786616e-01 -8.407697094206938171e-02
8.189475825674173848e+01 3.532255345212615971e-01 -5.070947830334486817e-01
8.505974740393743616e+01 4.927977004488318657e-01 -7.127868642145834821e-02
7.652154053618600926e+01 3.553608087971656809e-02 -2.185256291883769797e-01
8.664545878672106483e+01 3.248955981014280403e-01 -3.677264589756078506e-01
6.452747797496199667e+01 1.043115492031485569e-01 -1.430258002104900228e-01
7.418255445652120272e+01 2.526672828491823286e-01 -7.532413697298943056e+00
6.191134826183656514e+01 6.350447749005494469e-01 -2.882427281893409996e-03
7.192731308364515996e+01 3.723197997932097270e-01 -1.072969949485733210e+00
7.683738386026119827e+01 2.097536404095398654e-02 -2.985438308309605326e-01
6.524966435717452384e+01 3.779690780937466910e-01 -1.413874076897780607e-01
7.375369806469159073e+01 4.564065696167102226e-01 -4.426745172893557623e+00
6.269125497798086144e+01 6.187348754847161736e-01 -6.971588496651637268e-01
8.981094406125350815e+01 5.076502826595874485e-01 -3.566796058496412014e-01
6.646369329657157721e+01 6.823503949655683465e-02 -2.740484044069960712e-01
7.118452033509620946e+01 2.070680194388421214e-01 -2.037543452855103077e+00
6.575102940698306497e+01 5.170427030252351397e-01 -3.404757635654775516e+00
8.699707659591045683e+01 7.665760928489047110e-01 -4.297178422845406298e-01
7.208042315142712653e+01 7.383650831035208917e-01 -2.808921001970491327e-01
6.997226242176864730e+01 5.463585275938255270e-01 -3.895042939306680108e+00
6.616287927643688249e+01 3.079405404282987146e-01 -1.087579930474942058e+00
6.420641278056771739e+01 6.628460478370730158e-01 -5.810941438911487733e-01
7.617367305104366437e+01 1.284097300357872340e-01 -6.983708022448513464e-03
8.563593608139274238e+01 3.301210516829220648e-03 -1.661855638706510319e-01
7.331758432842055129e+01 7.964909910013785455e-01 -1.003183778491632427e+00
7.406867718288171432e+01 7.486943007776014625e-01 -4.929766853188189302e+00
7.531020186437444863e+01 2.862606639759002203e-01 -5.933869950359739187e-01
6.720480549502123324e+01 7.756568088737564315e-01 -4.997523946305896025e+00
6.360439302328677513e+01 2.825214881792653329e-02 -1.395535692610975653e+00
6.664095252361342148e+01 1.056148561037718453e-01 -2.563934978003196696e-01
8.528416154535278793e+01 1.909783487818722814e-01 -1.842230772877199607e+00
6.445788209037955596e+01 2.108761049758566264e-01 -1.127011618723042230e-01
9.206544603284976347e+01 2.974244793909147644e-01 -1.016288049374349661e-01
9.148515640701894824e+01 2.200924563570169079e-01 -4.521397918603878852e-01
7.056544106456571797e+01 5.684368211055699227e-01 -4.288411841794768087e+00
6.313643058951507214e+01 1.960115274476537384e-01 -1.132079267620413221e+00
8.283361553554129841e+01 3.764015274271164668e-01 -9.990328317381631518e-01
7.485167765806356499e+01 4.329640282562398079e-01 -1.193619240038485296e+00
7.014208865486872924e+01 2.768904747804550315e-01 -2.663946350533725749e+00
8.096485260162441477e+01 3.353004970869856161e-01 -1.136662510031303697e+00
8.351968049120119986e+01 7.792350880102920652e-01 -9.575989212987912058e-02
9.100950048064665054e+01 5.619109703539407752e-01 -1.149324134395831309e-01
7.951990517668205882e+01 5.067607296213983981e-01 -2.287325120720374194e+00
8.946118106949012372e+01 1.441963732113682728e-01 -1.299976372578458328e+00
7.832011613563912533e+01 7.652456941402872026e-01 -4.636636994654141572e-03
6.289992139907680269e+01 2.946691853434937891e-01 -9.238128905482603237e-01
8.717278073865567478e+01 1.425303046647306005e-01 -2.947098086544137630e+00
6.242437468446269122e+01 6.201193276992035264e-01 -1.375617671184500512e+00
7.770728295839217026e+01 4.594387345889070495e-01 -1.689051892852162506e+00
7.790356259587898080e+01 4.887097664952226861e-01 -4.803825922889792821e-01
7.341637079420620182e+01 3.912318488616586820e-01 -1.166297014180596614e+00
6.614666990414980319e+01 2.501168017504331598e-01 -1.262357301976186452e+00
6.511772933277467246e+01 5.899188879037400857e-02 -1.973988843577391683e-01
7.585566693959978579e+01 1.585933375702335280e-01 -1.507882774137072127e-02
8.039510582214137457e+01 6.008541175067297901e-01 -1.657901318604947938e-01
6.704447129665641114e+01 5.892177157998160775e-01 -5.461408131913234598e+00
9.026139516041067168e+01 4.085745693088441155e-01 -3.655959048723686489e-01
8.857268988332930348e+01 7.075193836109493484e-01 -4.154326621568311430e-03
7.112142841656455516e+01 5.570784878485389724e-01 -1.800316539899121659e+00
8.473865012396210261e+01 5.209571778657631214e-01 -3.357881278519783130e-01
8.694509581145143784e+01 4.445465611162731645e-01 -4.830210127265009423e-01
7.864854668344227662e+01 3.817259559749767994e-02 -1.150211136461175121e+00
6.747321524159724504e+01 4.065291536589592525e-01 -2.115026650982017919e+00
8.972636553488078448e+01 9.089795350574172983e-02 -1.015205079596046112e+00
8.509041357212313983e+01 1.150428124716045275e-01 -3.140898454369992709e+00
7.619718568874364450e+01 6.938076230037829584e-01 -2.988814587073481688e-01
7.740435201052548564e+01 7.349499273725825788e-01 -3.133699613743701651e+00
7.380035899010850642e+01 4.981017626739915084e-03 -5.193499693448938581e-01
8.591818519860474623e+01 6.278708026014090393e-01 -5.507763535976338554e-02
8.333590294796961473e+01 5.154373929988435021e-01 -2.605412539572820596e-01
8.827643570897663494e+01 3.476816836822907431e-01 -3.012074137023823539e-01
8.637305593862497233e+01 6.613520458552355485e-01 -2.228837439811680587e-01
8.407881576980648219e+01 6.100213429324705672e-01 -1.953680903616767869e-02
7.247874640371752264e+01 7.188862407256547682e-01 -2.926941848434660987e+00
8.139412399877798521e+01 7.436487863118865782e-01 -2.701826119449530772e-01
7.970584356635428946e+01 1.790269542848240969e-01 -4.465306429739516858e+00
7.158198040387134142e+01 3.716030570697300139e-01 -7.013156756914816492e-02
8.216225436909998336e+01 3.238666307578527137e-01 -9.950983368131091078e-01
6.569954031933423266e+01 7.201197977746763845e-01 -3.191762821641615400e+00
8.883519572644630102e+01 5.488077568835951769e-01 -8.381073239879574532e-02
6.263611297453962123e+01 4.761014003871674172e-01 -8.065537763161643170e-01
7.273400183700661614e+01 2.250116777729929129e-01 -2.275981925249901394e+00
6.426410220783068894e+01 3.934821804507195875e-01 -2.644141775316672383e-01
7.672704505243042661e+01 6.552973463622152606e-01 -1.034307067376558642e+00
6.528894738013664778e+01 3.401248822814015860e-01 -1.609870634758610863e-01
7.172380610248876565e+01 7.646357134305190040e-02 -1.464385276064862351e-01
6.948341297662344118e+01 6.707752591644748907e-01 -8.747857154187171913e-01
8.917912175664069707e+01 5.823142705024973997e-01 -3.599037027285569013e-02
8.656121455036273460e+01 7.932144125650895106e-01 -3.741558674033300114e-01
6.865630993093232348e+01 7.185043986894337764e-02 -1.217137318411964042e+00
8.007704902093824728e+01 4.500647116939890946e-01 -2.113378279240250901e+00
7.704787730045201499e+01 8.261026594078065000e-02 -2.866872569380153113e+00
8.255913983455315019e+01 1.486937955286644214e-02 -5.603343154527398173e-01
8.788826852990627003e+01 3.166844171655799345e-01 -9.196887977673786629e-01
7.565668588273622674e+01 4.178477422393009899e-01 -6.424112621744909601e-02
8.376760100261047626e+01 6.421162232753219179e-01 -5.266097894304409832e-02
6.961961501965149068e+01 5.364705836416047147e-01 -1.975636894898902707e+00
6.385833232781755697e+01 2.357451125084860932e-01 -2.350434032820175601e-01
9.065601324518061688e+01 4.840404044942372974e-02 -4.438875919288996774e-02
7.079659590310120620e+01 4.814281304024288222e-01 -3.873927106681512633e+00
6.155567486182007286e+01 5.931465241492389628e-01 -1.549931452520817154e-01
8.174628550824549222e+01 6.962929971340984237e-01 -8.036229589855189981e-02
6.789637372363758061e+01 2.628301879939350383e-01 -3.372031004227222378e-02
6.624274573073429906e+01 1.219628798833812811e-01 -8.945785255496330191e-01
8.235601578791661836e+01 4.697005976156831131e-01 -7.302023028654938130e-01
6.186131272899226730e+01 2.055053005076226125e-01 -9.733250198226581218e-02
9.110239305314595981e+01 1.313704994378665780e-01 -4.266481544381299229e-01
9.193360198469443390e+01 3.536217452830217045e-01 -1.255646189251980183e-01
6.487589717788645771e+01 1.659699988746479726e-01 -1.335414922499619517e-01
8.986866386689459318e+01 7.590325088257776631e-01 -5.421826222640249160e-01
8.083500256459507227e+01 5.339210918879859769e-01 -6.000234284211730662e-01
8.434529027449688954e+01 6.349043695944738275e-01 -9.262405266100333379e-02
7.466118971486314138e+01 3.648216862701073038e-01 -1.771256107051703443e+00
7.424527365036709625e+01 2.477218668667868773e-01 -7.265776236748252792e+00
7.659976431125417662e+01 1.827272885178854445e-02 -3.654789780982695691e-01
7.935934688348947930e+01 7.874261602273092686e-01 -1.133114725390976796e+00
7.302216131986951098e+01 3.095944899372185533e-01 -2.082474497622657683e+00
6.821256583244174010e+01 9.845453517244405484e-02 -1.117106688721630460e-04
8.581843300010940823e+01 4.261414900751663848e-01 -5.395166076175073044e-02
6.922566006445053688e+01 6.783844991457206319e-01 -4.752490023807698707e-03
7.025425849983906801e+01 4.965466962153701203e-01 -3.498001828585568518e+00
7.201214617478656521e+01 6.850930939529260577e-01 -4.512444227910695216e-01
6.832067354890646982e+01 2.640118902865491446e-01 -1.978608465132474903e+00
8.754906128727812131e+01 4.555810508865426600e-02 -1.950144629791389805e+00
7.886388458324626072e+01 1.723877748920212283e-01 -3.156387713080458735e+00
6.441052663483687013e+01 1.101220161005393577e-01 -1.327557815609824443e-01
6.389141615639160676e+01 4.629257038273011382e-01 -6.721045415529791622e-01
7.084124054273833337e+01 5.838218298968151920e-01 -3.755254481422358293e+00
8.869103444733650576e+01 7.489731504984193933e-01 -4.195427794471969646e-02
6.261068163094690675e+01 1.156961071959734522e-01 -1.946938368486676729e-01
6.879275559764703019e+01 6.971968957418869239e-01 -2.974583736090872232e-01
7.498506666935611520e+01 6.046681583203878940e-01 -1.132985756956077950e+00
8.860577784457579753e+01 7.302906431932937314e-01 -8.751498141161944896e-03
8.919148382806517361e+01 2.893822414014209921e-01 -3.337028281246131045e-01
6.839994048389242209e+01 1.395514310136894143e-01 -1.079432589645709761e+00
7.178234722632154785e+01 2.224490918807891029e-02 -2.732248329839623291e-01
7.442902480141567878e+01 6.317976170898053079e-01 -2.373212225490131555e+00
8.539698661664093038e+01 4.990704030733663643e-01 -1.007991354597865402e-01
8.965855403654845190e+01 4.354000860124686567e-01 -1.345045111199917598e-01
7.046122085177390204e+01 3.893182547477240796e-01 -3.780146214013678563e+00
7.937808092915742009e+01 6.818264793299955162e-01 -1.407029598719685470e+00
8.710833168909378799e+01 5.157344111936581488e-01 -3.748656854458591869e-01
9.130373444376895975e+01 3.590936533922002294e-01 -1.540415509907741565e-01
7.471622198548675442e+01 6.176655124514863759e-01 -1.236065198678305999e+00
9.203031664535339473e+01 3.765374303838746051e-01 -8.732330939896719435e-02
8.064518236017863728e+01 7.878056745114422332e-01 -1.670654030618693442e-01
6.298000247157172993e+01 6.581068937792274864e-01 -1.561665087707695410e+00
6.158317839306963037e+01 8.603962397168724019e-02 -1.218138336623664567e-02
7.744452711225356722e+01 4.267681776743654787e-01 -5.991148439727934871e+00
8.173939950975147894e+01 7.638263099459792205e-01 -1.011538738245837538e-01
7.802903624947428796e+01 3.482645387943321125e-01 -2.325178428878582615e-01
8.046398612474754941e+01 3.099418959103349969e-01 -3.359275317218996526e-01
9.179533940185339702e+01 3.671313307644245572e-01 -1.669026182272223269e-01
6.661093298493577208e+01 7.279593545211031635e-01 -9.506012479581924524e-01
8.224802859833542357e+01 7.972573940868500630e-02 -2.561464027385127462e+00
7.054249850904739105e+01 3.421553599411739349e-03 -2.393414728951407611e+00
8.250996397065810584e+01 3.721093633768493558e-01 -1.128899618966512142e+00
8.936353577942482218e+01 2.993104000025899047e-01 -2.593625992564887461e-01
8.416571941339819318e+01 5.574122377699771702e-01 -5.476800103740004505e-02
7.365205327028075999e+01 7.562024443307033827e-01 -2.236059173247817444e+00
7.826124486266036229e+01 4.900899426165382100e-01 -4.044542870198085394e-03
6.194105694739999279e+01 5.312707750755662345e-02 -6.551957617524915012e-01
7.862716121064069341e+01 1.482156110653050918e-01 -1.953386252499323295e+00
7.347956824367690842e+01 1.798788723152508484e-01 -1.310255884666004178e+00
6.945931797622695569e+01 2.253846959691233054e-01 -6.559153775297377198e-01
7.903764695943524998e+01 4.152658567445706161e-01 -2.325141428819711642e+00
6.990723180745027321e+01 5.103179566365159125e-01 -3.580144660302940540e+00
6.640532429064751341e+01 7.045901168890950084e-01 -3.541437630085349508e-01
8.607361415706138530e+01 4.079837455416541747e-01 -2.431570971919059729e-02
6.693045488089897788e+01 2.770130197805840688e-01 -2.468043312512029352e+00
7.702491292908452181e+01 3.296758273500621228e-01 -6.355134257117021512e+00
9.067163955969373035e+01 2.025592036956135600e-01 -2.095497300597033014e-02
6.520673878105971255e+01 1.619462322840900526e-01 -3.975474273533351199e-02
8.294063048837654151e+01 4.839903523341007596e-01 -5.011145175699547316e-01
6.527031446392159353e+01 5.958998366921764989e-01 -1.902199604601409466e-01
8.369460295334191358e+01 2.845650776230794210e-01 -4.144843802189299153e-01
8.664655950493300907e+01 2.411266608080765428e-01 -8.071725575927570784e-01
7.968780450771699009e+01 7.121034894789667058e-02 -2.497468038729566242e+00
8.114009586082488568e+01 3.179117716750501366e-01 -1.231317141550189787e+00
9.143377170565094048e+01 2.627714439017854731e-01 -3.269894265089879903e-01
7.302445280824576912e+01 3.643355859877175223e-02 -7.750860909357927264e-01
8.134934475923037667e+01 6.372792613448335919e-02 -2.331864164853168830e+00
8.637149973604540776e+01 4.219421027901412713e-01 -1.012072013181501556e-01
9.044180867765145138e+01 5.216669202770309877e-01 -4.113381793904543615e-01
6.806119865411952219e+01 7.681247774603797707e-01 -1.442059333284610778e+00
6.363031423647033336e+01 7.771124029269209643e-01 -2.221947085143750833e+00
7.115301007069346895e+01 4.545935340685551274e-01 -1.798398294248335638e+00
8.808626712573337159e+01 3.248950129274792431e-01 -5.240412237669951345e-01
6.430151315658098099e+01 1.355121196371328676e-02 -3.064122439569779699e-01
8.477773865160362732e+01 2.320251777747674160e-01 -2.777623899835395260e+00
8.505319015950763628e+01 7.173605908146908350e-01 -3.941828134838447351e-02
6.722368655193908182e+01 6.547647423408227141e-01 -4.613127738177936088e+00
6.224182343289948705e+01 1.685173124682178836e-01 -1.791478302846045978e-02
9.000490059974478640e+01 2.201145366594740305e-01 -2.209771640497452394e-01
6.611430108961712904e+01 7.980746871140390608e-01 -7.388970597794436435e-01
7.214675674153878049e+01 2.642154459973070635e-01 -9.447211123055975213e-01
7.784032701226870188e+01 1.891801805226049904e-01 -2.423166318991848200e+00
7.144592452745625621e+01 3.392621015636453352e-01 -1.144431112639918841e-01
7.233959456622305595e+01 5.678320333146348320e-01 -2.235248930838088288e+00
8.024189177212983282e+01 1.948133438643900595e-01 -1.720986624851162938e+00
6.765096117057696290e+01 5.401709901706811534e-01 -7.641180691849241979e-01
7.687521514999917827e+01 1.277636613848758818e-01 -2.091302351775695456e+00
7.396353458566065342e+01 2.139391955799678502e-01 -6.452449256591084037e+00
8.393725468848975879e+01 1.340678526915744517e-01 -1.827862363386954792e-01
8.309129999711936421e+01 4.588909320827854604e-02 -1.542754235644681504e+00
6.921079066421415860e+01 6.366222614487480058e-01 -1.614631856725396407e-03
6.491132501668970178e+01 5.454347959618158770e-01 -9.603119873656608130e-01
6.958538688720722121e+01 5.730964580761916949e-01 -1.787807578602131020e+00
8.203885811083934243e+01 6.136260480739886836e-01 -2.299300543286495746e-01
7.289311834546566615e+01 6.472792112294332156e-01 -3.265729746807714218e+00
6.785406469313369371e+01 1.000170477270237168e-01 -5.648947707920619621e-01
7.594300462097316995e+01 4.655118026767479100e-01 -1.680850407456493389e-01
7.971372058184850573e+01 5.848270736132300529e-01 -2.570187981574433955e+00
8.797658513101862354e+01 3.935028637611170388e-01 -6.658002854818809713e-01
8.764256794064738187e+01 4.454846975225562611e-01 -1.047246725233740294e+00
7.564663724072946138e+01 2.557591418868562783e-01 -2.400161576041843353e-02
6.323602951573006692e+01 2.441751039919592622e-02 -2.280384517024161006e+00
8.703447077899264173e+01 6.913045947873301955e-01 -3.841656677839373479e-01
9.095462275260452145e+01 6.714181516699134766e-01 -1.550649155389116629e-01
6.557771408671365521e+01 4.743072196829695719e-01 -2.254625890022825985e+00
7.635499257292821085e+01 1.533200398842226031e-01 -3.201881938529703019e-04
8.581146617032709401e+01 5.344592432627590650e-01 -3.832240427510759384e-02
7.623218905634911380e+01 7.431103549753168558e-01 -3.150981973957953097e-01
8.443202322293966233e+01 6.751576703082995401e-01 -9.003836220608263385e-02
7.510741817564421297e+01 9.406061644526406140e-02 -1.872303087682922196e-01
7.110311765588997446e+01 1.352465651269043334e-01 -1.931080556495264000e+00
7.597982564526662941e+01 3.178971251704300616e-01 -1.374628409827809428e-01
7.634102669241707417e+01 3.350315953684688264e-01 -1.744205725884734881e-01
7.763240090921811998e+01 1.282346724321133669e-01 -6.303344091431839935e+00
7.263327986396855351e+01 6.937961128108771636e-01 -3.120312658520044025e+00
7.723899076347989023e+01 2.129524198657753442e-01 -9.794299372229076539e+00
7.538796326942429005e+01 3.827339000695653692e-01 -4.304967949511877001e-01
6.558636737322582633e+01 5.053161277184693434e-01 -2.299417993889767864e+00
6.966123066353749493e+01 3.285820617610406558e-01 -2.042537512788903609e+00
7.585833315368839180e+01 3.253893797898873563e-01 -7.873328156959558122e-02
7.478168113875103984e+01 6.582927552074662181e-01 -1.189773605480517027e+00
7.585591673794354506e+01 4.518951149782318710e-01 -1.119277635709674396e-01
7.903066230088450084e+01 4.276977277443843040e-01 -2.135014380194969696e+00
7.122017082595444037e+01 6.174399967527000044e-01 -8.062009092262503174e-01
7.710298629905211953e+01 4.249918204663891835e-02 -8.108480340169640366e-01
7.510691684599329676e+01 2.784899583632579056e-01 -8.795146726629686773e-01
7.508404305462103423e+01 3.394065637800586233e-01 -9.872464002629465218e-01
7.499204161126236556e+01 2.180962078133917292e-01 -6.961112107866823662e-01
8.112202216088925866e+01 5.753215836803504679e-01 -4.634673935292612512e-01
8.055343363140359259e+01 1.180826476640785688e-01 -2.569844442636087800e-01
7.709105297141826441e+01 1.325876121272876185e-01 -5.893757864142022740e+00
7.470543306420719887e+01 3.303694912509058668e-01 -1.756407545470739517e+00
7.303340743804487545e+01 6.117716758236244612e-01 -2.530412718748607848e+00
7.654522072595577242e+01 3.500632796341034969e-01 -2.734297685418808910e-01
6.582326668294463445e+01 6.998418040058735912e-01 -2.883693214437879071e+00
7.832932699099117713e+01 2.962956118745095901e-01 -1.442322511205074986e-01
7.378028100284143420e+01 2.730245551197095777e-01 -4.911373363392413260e+00
7.787112127449293553e+01 3.178591417091461424e-01 -9.144649392486269290e-01
6.850110468555652687e+01 3.107302565801963179e-01 -2.661588986068041063e+00
8.428639871542938522e+01 4.118230746426349009e-01 -2.381689879915809271e-01
8.052450028565780826e+01 4.048066387756965590e-01 -1.533206181505055166e-01
7.846046296085590654e+01 1.876039301975661322e-01 -9.501160236562533612e-01
7.272025937860287570e+01 5.410745299314138057e-01 -3.353117222261854824e+00
7.696446759021621631e+01 2.691506248154977854e-01 -4.952232069513131663e+00
7.679315137353151499e+01 5.435284329766839617e-01 -1.754864134147980037e+00
7.826567891087442774e+01 2.319456987376459500e-01 -1.972196970346296874e-01
7.582526028439058052e+01 2.080581683344235600e-01 -2.865179062162492504e-02
7.531029212170398068e+01 2.203144009514694801e-01 -4.847700412908565459e-01
7.146531275317070708e+01 1.663983194728362314e-01 -4.329201845130312698e-01
7.355764383624973846e+01 2.128742778746776920e-01 -1.924354915377190611e+00
7.308074848843004645e+01 1.893402271510362112e-01 -1.081470847275386449e+00
7.692084924924353118e+01 1.070597185483082026e-01 -2.077804546984430623e+00
7.622026844935970757e+01 2.462518665182902022e-01 -1.341240311872704538e-01
7.866053579631930859e+01 1.958931566276711500e-01 -1.956035069519348246e+00
7.512709261784547721e+01 2.481013683687450233e-01 -8.089859502820926362e-01
7.605340046982325930e+01 1.821239371932309448e-01 -4.919450826951717037e-02
8.039446700404789681e+01 2.654364199311022854e-01 -5.517982325496590956e-01
7.202218767792336962e+01 4.844819194836682552e-01 -6.717070458283770362e-01
8.472992382827401059e+01 2.582141694193297310e-01 -2.426615335693433018e+00
7.725318582406578116e+01 3.071782393079257045e-01 -9.112978868004750765e+00
7.256213875617984854e+01 4.083543278083802130e-01 -2.899335046944619521e+00
7.731869756961162921e+01 2.058830362980406670e-01 -1.026296084175781509e+01
7.666898361572893350e+01 2.844247220224764838e-01 -6.772723517700270923e-01
7.722016324809152366e+01 2.777390913058751520e-01 -9.187152433388080297e+00
7.825492244180679791e+01 2.813483782439922254e-01 -6.291569729810936318e-02
8.217535853314277006e+01 2.019698691489029141e-01 -2.006172763893466993e+00
8.242339394648936945e+01 1.601577500049099489e-01 -2.739433335243000034e+00
7.332649668794539366e+01 3.079945383336284426e-01 -1.014158435325134944e+00
8.115003877866756454e+01 4.879745820873473972e-01 -6.141273447606032665e-01
7.391087960799636392e+01 3.146142144162225596e-01 -6.237574679328654170e+00
8.072893462846147372e+01 3.649693048485820324e-01 -6.033799854781696226e-01
7.940542156432570664e+01 1.590473689588302320e-01 -4.278360598925211811e+00
8.107664386209594909e+01 2.417320950255804068e-01 -1.597408091753030668e+00
7.374799354822137332e+01 2.937440081632047284e-01 -4.551142225996711588e+00
7.319165715586461829e+01 3.907272102835630534e-01 -1.473717091234665766e+00
7.327881604773304502e+01 3.638850855202545032e-01 -1.100701085346602381e+00
7.381077831545863432e+01 3.346323812936680686e-01 -5.353369307018578382e+00
7.928864843638052662e+01 4.784362602131189135e-01 -2.331555657451124475e+00
7.898070969592900781e+01 5.616786294318407841e-02 -2.322365769680120984e+00
7.418231120811392998e+01 1.275610661724165540e-01 -6.248724103832368648e+00
8.017138764688442620e+01 3.608943313441169698e-01 -1.669585176281766392e+00
8.107165676749551153e+01 4.187040955361578387e-01 -8.454437120455516874e-01
7.869235605601076600e+01 9.673395895900661901e-02 -2.374494983684450666e+00
7.056028448384724072e+01 1.565363767966305719e-01 -1.794496567733697256e+00
7.945988181172896248e+01 3.593415173364921111e-01 -3.114890049900195468e+00
8.055668343194452063e+01 1.273117572176657719e-01 -2.661801322098508726e-01
7.392831396551702028e+01 3.757483179657164496e-01 -6.149404172265819035e+00
7.291516537028152811e+01 1.194689558476468572e-01 -7.650912040526220981e-01
7.454486531083027501e+01 2.899562335623827036e-01 -2.843013533124417958e+00
7.667453142424999157e+01 2.269391029782070746e-01 -5.632966107419150603e-01
8.045666392071626660e+01 7.507680502395790156e-02 -5.165383035701508474e-01
7.365076468589197134e+01 2.410727915256378751e-01 -3.126694654916339466e+00
8.160097840785705614e+01 2.290090070467941108e-01 -2.084837439797843750e+00
7.699896675786055766e+01 3.839016430501218102e-01 -5.484559323621473581e+00
7.952337265299290436e+01 2.389933097907082082e-01 -3.990694451686590316e+00
7.948098593102756126e+01 7.593516683437839115e-03 -1.866865352095789243e-01
7.732941136232867052e+01 2.763134234382468857e-01 -9.613865248080209369e+00
7.877924998955855074e+01 2.059045907147448173e-01 -2.564518785955868463e+00
7.781734773581142406e+01 2.310909292447822228e-01 -1.923861285233775309e+00
7.648993601018011645e+01 4.397247577409917341e-01 -2.276117131664233684e-01
7.696675790507978832e+01 2.031083142038031808e-01 -4.547148464700422110e+00
7.955092706264252911e+01 5.569915023943690369e-02 -2.166273683129510186e+00
7.967267226997753937e+01 3.740108694307526793e-01 -3.672726058384226722e+00
8.114399180698546843e+01 1.350478697061164579e-01 -1.983007035266208584e+00
7.739275782913470891e+01 7.223762602411069877e-02 -5.783093483745799901e+00
7.462988859347368020e+01 2.473742973749278318e-01 -2.562211435664873527e+00
7.756185620194008834e+01 2.225816792105753950e-01 -7.009759836382498221e+00
7.676904531965298872e+01 1.094814344370665521e-02 -4.786745963405177329e-01
7.674769385905166530e+01 2.357750066904641673e-01 -1.182006110332739723e+00
7.537760326133174260e+01 1.983008675914061103e-01 -2.702615086364510977e-01
7.397095596267803330e+01 5.401796864029247969e-01 -5.754940057712305546e+00
7.688048375919626665e+01 3.046242593019237721e-01 -3.563677592762316326e+00
7.568846123598821407e+01 5.459182352468688187e-02 -7.682691827116304439e-02
7.513720962406100057e+01 1.634285272958392876e-01 -5.094825992411610160e-01
7.166404538630035859e+01 6.540016985034203811e-01 -3.955314196363581836e-01
7.036627726566696595e+01 1.125201415837344537e-01 -7.908189747246066048e-01
8.046887254396756362e+01 2.370589421336642966e-01 -3.521479863093274765e-01
6.809100280049767662e+01 3.560542115432012711e-01 -9.191348433002718421e-01
6.831119999995064518e+01 6.349613588963828326e-01 -2.906657584472722267e+00
7.709302328943130078e+01 2.733608024584030516e-01 -7.797224488232071593e+00
7.797266054178840022e+01 4.271816972341283447e-04 -8.156883240004400015e-01
7.748998807735334537e+01 5.205978878031685131e-01 -4.177245154753913781e+00
7.179888121102793264e+01 2.134087342405366350e-01 -5.410768869568829409e-01
8.378149378179455198e+01 3.850600314930314738e-01 -2.201975226702957422e-01
8.678688684846474644e+01 5.853038637739269717e-02 -2.601862959257113861e+00
7.009140854746380001e+01 2.832951581972271149e-01 -2.795367475482403830e+00
8.422604868383913868e+01 1.227750287713961705e-02 -3.017289598889228222e-02
7.460795240090997993e+01 4.907432202092444351e-01 -1.627926316286331776e+00
6.854684220588654853e+01 4.230046606454820890e-02 -1.859477935594143205e-01
6.960848518906765037e+01 4.205574677055741728e-01 -1.896276834427297553e+00
6.931792894309401731e+01 4.602720160004436512e-01 -7.656391017204670912e-02
7.893580710714313398e+01 6.495369120964432363e-02 -2.594394711211506444e+00
7.761554341330679563e+01 2.637686076572339222e-01 -5.398352688653631937e+00
8.557630530960886972e+01 3.614266598078155757e-01 -1.348051894931587558e-01
6.838152240707938745e+01 4.819069727664849201e-01 -2.796601129652432238e+00
7.374485626884371925e+01 1.005438654140584087e-01 -2.390799359215047382e+00
7.745091711246516297e+01 2.152916419949113258e-01 -9.286000166255384158e+00
7.702450374901587793e+01 2.537832360048499214e-01 -6.424690159144716084e+00
7.997163512005545272e+01 4.239145465157711512e-01 -2.842098153994787602e+00
7.742608563040047898e+01 1.171550015099722258e-01 -8.928390199075751710e+00
7.459273249691331387e+01 4.161922169515652192e-01 -1.879666385719265920e+00
7.228698899998472882e+01 3.455647189068997149e-01 -1.462725004307125376e+00
7.737453580841766154e+01 1.884868527657627413e-01 -1.023675663163581362e+01
8.160159777478742171e+01 1.772540065701243561e-01 -2.891717324568659819e+00
7.744397604907005928e+01 1.716511216683772600e-01 -9.648889684301517278e+00
7.862972073857267219e+01 1.363710747128552836e-01 -1.992491607094701189e+00
7.249055763976855360e+01 4.302159238498265426e-01 -2.869878510927243109e+00
7.769020872150626644e+01 2.043030185859018022e-01 -4.818041350305316328e+00
7.528282151036644620e+01 3.902998120175006358e-01 -8.045091223343672215e-01
7.266055844767525684e+01 3.587087125265868703e-01 -2.943896318000716494e+00
8.202140180769841038e+01 3.345044593119401166e-01 -7.238041468646159160e-01
7.506316669753823589e+01 1.029748434193160922e-01 -2.292262554058255575e-01
7.669351520623821727e+01 4.063562429720420366e-01 -1.092375220126021063e+00
7.722736701646499569e+01 2.366190668028574362e-01 -9.761396316358991854e+00
8.140997486102193648e+01 1.804132104239303813e-01 -2.845307844800653019e+00
8.157982134629671123e+01 1.115533092262459419e-01 -3.810581662657337443e+00
7.272830204678420785e+01 4.035639341128813840e-01 -3.213735072856268804e+00
7.358929075692331878e+01 4.077691031662888932e-01 -2.391498013950708490e+00
8.230196525645256145e+01 4.106461581321202425e-01 -8.186931018371287339e-01
7.547495490207208491e+01 1.100566767556580006e-01 -3.406226390887813482e-02
7.735151071755659302e+01 1.864778484241719214e-01 -1.031501373799435406e+01
7.716703375007666921e+01 1.453056948234890955e-01 -7.656770778844615322e+00
7.726100463320699419e+01 1.404770561012621266e-01 -9.085820061406614911e+00
7.727597786241807398e+01 1.877183054254429884e-01 -1.000795162433034591e+01
7.729516686270316939e+01 2.317873799222462949e-01 -1.002079859731327538e+01
7.746666231640338651e+01 1.899265967842319047e-01 -9.574516142859245349e+00
7.735969560620314667e+01 2.897691448759406874e-01 -9.253349067114735149e+00
7.740650147832501204e+01 1.726238924331809921e-01 -1.001019125158300227e+01
7.714487416948351495e+01 1.560792906202976837e-01 -7.340495980814335297e+00
7.753753635394210164e+01 2.867982271938467886e-01 -6.572428575617897728e+00
7.767079460827945070e+01 1.313627047476363663e-01 -5.577058118927299191e+00
7.535238162810846063e+01 2.886441814428894470e-01 -4.855924608769240369e-01
7.733444971382138533e+01 1.626578282551816856e-01 -1.012833776353999227e+01
7.739887253962834279e+01 2.293129248428763534e-01 -9.927945617646248166e+00
7.735699822013228300e+01 1.475437863330622268e-01 -9.845700284865159801e+00
7.731966096447840187e+01 2.187250219565038956e-01 -1.021885538204105259e+01
7.749513457956925322e+01 1.817106655870087684e-01 -9.083704093114329581e+00
7.730100437425292625e+01 1.749501722162481454e-01 -1.013933378106167638e+01
7.726955075011584029e+01 2.066226644162525439e-01 -1.008687180557251040e+01
7.737999303622891034e+01 1.948614583327668015e-01 -1.022059479744073229e+01
7.725384371065371170e+01 1.794644529313882408e-01 -9.550840825211924567e+00
7.722930902962065147e+01 2.802197427709202660e-01 -9.425965843600520699e+00
7.760429319326674147e+01 1.494122367904000825e-01 -7.097945723515204364e+00
7.744025114199455118e+01 1.771931644563934372e-01 -1.002126493735275048e+01
7.745903183070572595e+01 2.091218515627832064e-01 -9.371916399397978381e+00
7.733450640233240847e+01 2.300225517788835328e-01 -1.010760299121938921e+01
7.732699147372069604e+01 2.054951629956538461e-01 -1.026344856884246504e+01
7.729905452854430337e+01 1.668052900660858262e-01 -1.003696365207441943e+01
7.728747378176859684e+01 1.938491367385781761e-01 -1.004605809950593098e+01
7.740566076109983840e+01 2.032354356279297558e-01 -1.018190401875671824e+01
7.743064269217225615e+01 1.850401998904670497e-01 -1.000676944926058098e+01
7.731117149077670092e+01 2.220372596901632467e-01 -1.020019396768718245e+01
7.745532963392422232e+01 1.571658521469429803e-01 -9.611463859615980709e+00
7.739439391076257380e+01 2.266045208283682943e-01 -9.960224681863918406e+00
7.736959702000925176e+01 2.025393010745130951e-01 -1.018026579447767155e+01
7.747795933053019724e+01 1.350612502467324061e-01 -9.311449088876743829e+00
7.734880014927925629e+01 1.781371197775136472e-01 -1.028030016754853371e+01
7.722628627196866091e+01 1.644835475970805039e-01 -9.299952234732284495e+00
7.718318413981671711e+01 1.988597343928053540e-01 -8.765956222228266981e+00
7.736373279925477675e+01 2.279032364847557168e-01 -1.013260431052148647e+01
7.726392808324894190e+01 2.348067379352959394e-01 -1.000457512574152474e+01
7.740030498828772920e+01 1.713866532456451985e-01 -1.020396119459358708e+01
7.713010080484797015e+01 2.997818934978570549e-01 -8.230724524206099346e+00
7.725615119514742446e+01 2.094425982401627584e-01 -9.783885318926177632e+00
7.715552881479266034e+01 1.731263242222986776e-01 -8.398798636688573183e+00
7.722216941828692427e+01 2.634970059157850097e-01 -9.289561089663008531e+00
7.910203671792258717e+01 3.407311791202991547e-01 -2.902635441885526024e+00
7.741418123729769718e+01 2.570125183114796985e-01 -9.116957197565970006e+00
7.724054494484155953e+01 2.197012236627186310e-01 -9.798342684890956278e+00
7.738441472018773482e+01 1.473191735901877297e-01 -9.895781475139145300e+00
7.730313021544870367e+01 2.080832363518814732e-01 -1.025884543837104701e+01
7.948589373057855312e+01 2.741119196556418003e-01 -3.721533498731276257e+00
7.495124408350254441e+01 1.453745073645993091e-01 -5.812390709801352751e-01
7.748394953662212004e+01 2.237724547274106135e-01 -8.532108215148584307e+00
7.737351809633605626e+01 1.978715864141234460e-01 -1.020668688920570766e+01
7.853108089354464028e+01 2.397967626837741451e-01 -1.092780159373734961e+00
7.501803041477903378e+01 1.620993568802709395e-01 -4.978234847597843848e-01
7.731073868450106090e+01 1.888560772067287563e-01 -1.024126481571378378e+01
7.727365414058012050e+01 2.028462344862692612e-01 -1.008075344497475179e+01
7.735488568572176860e+01 1.782811504193157759e-01 -1.028127826919005194e+01
7.715696141299662258e+01 2.016460232613637715e-01 -8.801649921450948710e+00
7.730718783570063124e+01 2.383603123554086101e-01 -1.007293129667285214e+01
7.734367154686010792e+01 2.144786531566885979e-01 -1.024296340607888212e+01
7.706915869948227282e+01 1.643658371021166076e-01 -6.163291721589007288e+00
7.737757872556066729e+01 2.364314350656345765e-01 -9.829772693713433540e+00
7.834041689311310108e+01 1.175628091216200516e-01 -8.773400136542208738e-01
7.933020233786417919e+01 1.693007700558173678e-01 -4.374406510234202017e+00
7.733684387186603715e+01 1.991586159837034631e-01 -1.031364204254001393e+01
7.517243342408499984e+01 1.566107264459976889e-01 -4.835760298026168802e-01
7.729126488818708651e+01 2.204178274045593966e-01 -1.006997621163850454e+01
7.954696491474098252e+01 1.700044498360653855e-01 -4.212307111040304974e+00
7.724314874974632517e+01 1.696139662029796380e-01 -9.396222570019315157e+00
7.734715287327834687e+01 2.230614576452140951e-01 -1.017596890947233135e+01
7.732614518788385283e+01 2.426843516662137157e-01 -1.003160107268944223e+01
7.736958491565241047e+01 2.398299153383126603e-01 -1.000243711185587259e+01
7.730924903310707919e+01 1.741814908256610339e-01 -1.013041147398798181e+01
7.731769507783427287e+01 1.933255459153775391e-01 -1.025680109412073726e+01
7.732637139956896988e+01 1.962506433892154678e-01 -1.026283713203610759e+01
7.734946568940981138e+01 1.946262443639399931e-01 -1.032139410556637138e+01
7.730949342574277239e+01 2.099905590351522633e-01 -1.025394896018911339e+01
7.733205706238744881e+01 1.927149676849105875e-01 -1.032117203390153648e+01
7.737851942230687996e+01 1.777448835890840517e-01 -1.023010493868823367e+01
7.742999848195618995e+01 1.671277269766149598e-01 -9.995837701436848022e+00
7.739596580504243661e+01 2.121305149339379748e-01 -1.011234314731940387e+01
7.741043821718807294e+01 2.006667776315499696e-01 -9.909918750096204931e+00
7.740842867995905863e+01 2.176290465732113599e-01 -9.730170804114404604e+00
7.735031261341619313e+01 1.798109879161399194e-01 -1.028972305185615532e+01
7.737416287280612437e+01 1.852039662352996385e-01 -1.023954067746344343e+01
7.772590314807314371e+01 2.080520650199655930e-01 -3.993047905956564669e+00
7.740886700731928727e+01 2.142577059109951054e-01 -9.771318643321551534e+00
7.724551964548489025e+01 1.584010722315335185e-01 -9.156889959601318907e+00
7.729085791594107491e+01 1.733256894249675106e-01 -9.849897077269286427e+00
7.742198229676606047e+01 1.639351529914706285e-01 -9.976673032289193443e+00
7.743943567231401914e+01 1.820482541212048999e-01 -1.001633441045531647e+01
7.743758926877727333e+01 1.896916411293236016e-01 -9.989622691591840464e+00
7.744534577567328881e+01 1.959635620069877793e-01 -9.515715153243544222e+00
7.736135280680599635e+01 1.990438845991097938e-01 -1.031558106278520448e+01
7.739486675662146808e+01 1.805007745787931828e-01 -1.023847313605461196e+01
7.732974271517092291e+01 1.847708674628656123e-01 -1.021875379265984840e+01
7.734075300094521310e+01 1.984299148887564979e-01 -1.031550585170578671e+01
7.730896230095737565e+01 2.099851033716037818e-01 -1.025396553775340180e+01
7.738266226910369028e+01 1.855476781882342829e-01 -1.024054462281447009e+01
7.730753528011706521e+01 1.914188811886228248e-01 -1.025139797233429917e+01
7.732789613328571932e+01 2.055906251332874357e-01 -1.026329897096589505e+01
7.737030686338394503e+01 1.963969575209759677e-01 -1.021289602526685769e+01
7.730090292192602419e+01 2.111287367735649179e-01 -1.025054086525340580e+01
7.730841804137017448e+01 1.825185965500754071e-01 -1.020517065997679929e+01
7.738160047100838312e+01 1.958429008767625934e-01 -1.021696917988130160e+01
7.735655759057193848e+01 1.936459887885430831e-01 -1.032233746465115054e+01
7.731202773925501504e+01 2.024309308569128829e-01 -1.026664222660823356e+01
7.732504987287310882e+01 2.043701291116596375e-01 -1.026489516008644287e+01
7.733761910004707829e+01 2.084086734997439572e-01 -1.027878666613927017e+01
7.736533318382424795e+01 2.107197493978906488e-01 -1.026864770578082364e+01
7.736096252117393135e+01 2.022582357533208031e-01 -1.030671108405933900e+01
7.732269456854596967e+01 1.997446676794742415e-01 -1.026652880549105973e+01
7.731361379739500705e+01 1.886334676121026177e-01 -1.024013645125588390e+01
7.737550816401616771e+01 2.109558885035838216e-01 -1.011878825099903523e+01
7.736847062938856823e+01 1.886999614881791631e-01 -1.032008455701424410e+01
7.733934009732553250e+01 1.969264806353412112e-01 -1.031813478379897653e+01
7.738528462575720823e+01 1.954731344457514841e-01 -1.021902581642849306e+01
7.739301673677125848e+01 1.891907945657026191e-01 -1.023816233702395984e+01
7.733714558166110464e+01 2.066001344540744078e-01 -1.028761486990996765e+01
7.729805639245387283e+01 1.876078685761149167e-01 -1.023607635793353765e+01
7.728624029808523233e+01 2.467475147474475772e-01 -9.915754815309300696e+00
7.735036808540692732e+01 2.020216951033105279e-01 -1.030668882963570177e+01
6.930769901688945822e+01 6.820358171141864823e-01 -4.780555147633092083e-02
7.526821258115469959e+01 5.063626042342529443e-01 -9.549108010608082786e-01
6.816268232209662870e+01 5.721291102189139943e-01 -2.065094734090620499e+00
8.048704352573003007e+01 5.844188212937770910e-01 -7.439809374330025316e-02
6.355910703245073279e+01 3.303371854697947363e-01 -2.627549097915335974e+00
7.206034570280866092e+01 1.769700341562512741e-02 -3.130673442154965902e-01
9.076746849561810393e+01 2.914831966449705214e-01 -3.768590090557773220e-02
8.717563237132493725e+01 7.494443285458708415e-01 -3.287506691345326582e-01
6.498076367667539444e+01 2.267836563595428123e-01 -1.618116662207039202e-01
7.249013556584718287e+01 6.923719659544037563e-01 -2.926799387709270839e+00
7.268370890857764266e+01 4.639551031700621109e-01 -3.178028009615489591e+00
7.682112758762193039e+01 2.679094084254113328e-01 -2.225487893411992602e+00
7.342796535399369873e+01 6.984313829649309024e-01 -9.535486762116900383e-01
9.163122461318971546e+01 6.601384631806093140e-01 -1.528679171245902746e-01
8.548483844988521696e+01 4.216722132574912130e-01 -1.422546294896885055e-01
8.269714842127936549e+01 5.554989928641238528e-01 -7.320709484433645109e-01
6.563812103556448108e+01 6.641565570423276776e-01 -2.906790208131791342e+00
9.044487407347595820e+01 1.402991113421588609e-01 -1.436559238279190749e-02
8.594592089732566365e+01 1.147218532882391395e-01 -7.830145372366949241e-02
8.374907480926007963e+01 7.614259021394915727e-01 -3.837955701201994224e-02
8.408656646801753709e+01 3.978395237287400410e-01 -3.707087788721116078e-02
6.395721733939680576e+01 6.186174847809519095e-01 -1.125389881519557544e+00
8.558442855868480592e+01 1.241387236746307743e-01 -4.873565593269235663e-01
7.068766567120175637e+01 7.825328429023652443e-01 -3.947132639924809006e+00
8.984860453035909700e+01 2.733846683514760123e-01 -2.542280264137405932e-01
6.756919365532368715e+01 3.678307816810436615e-01 -1.467816262318206055e+00
8.683532305022308151e+01 4.016468917597644794e-01 -4.568679699737611677e-01
9.210991466452847476e+01 2.572298067568620176e-03 -3.204008033358963781e-01
9.132711240844898271e+01 7.700029549109830285e-01 -1.333493521123834402e-01
8.860254450550793592e+01 1.795130977620388590e-01 -5.237404488341600439e-01
6.290968437353448195e+01 3.254420317925448836e-01 -9.555284763208432564e-01
7.617029845100702801e+01 5.240700356577372432e-01 -2.900348515388617154e-01
7.184128812170963840e+01 1.707151227019352291e-01 -7.915969688763603296e-01
7.409750508859362128e+01 6.058268657135894575e-01 -5.485056542866574958e+00
7.158051028635266277e+01 4.851727113352190535e-01 -1.743593928210193655e-01
6.198515444519330231e+01 7.295292435553246690e-01 -1.115395285940514042e-01
8.321473029863203408e+01 5.967060649237700964e-01 -2.178085176823884583e-01
6.973760595099425075e+01 6.753905125613325344e-01 -2.608627290756314387e+00
8.937493641109251996e+01 5.676391107863987262e-01 -1.054571415785766518e-03
6.848201108745401200e+01 2.394044753361275757e-01 -2.542788602040148227e+00
7.925019594841327830e+01 3.727576799368111371e-01 -2.978226179315447641e+00
8.188007560857030853e+01 4.275098868804367291e-01 -2.618203821924190433e-01
8.162745501588756269e+01 2.402140343488250174e-01 -1.930910269768984833e+00
7.903470868382898118e+01 4.454882642947297078e-01 -2.045613304081414618e+00
7.795991246536739538e+01 2.555499886143874355e-01 -7.804808867497550207e-01
6.787539807574313500e+01 7.148576533189470172e-01 -1.427223055760508674e-01
8.503790605187714391e+01 5.372885081672411633e-01 -2.428620192529330063e-02
6.540407426926839207e+01 3.057395855325019673e-01 -4.951846776972186337e-01
6.491686232236163789e+01 1.454415281913746250e-01 -6.435845781193928750e-02
8.472100388744296140e+01 2.111784407993956558e-01 -3.130341183450829678e+00
8.923570325188123320e+01 3.877025924360455456e-01 -9.849557412062925899e-02
8.218779996484512651e+01 6.978467235958986381e-02 -2.374790290723430619e+00
8.823980913996952324e+01 4.966000985273100188e-01 -2.200914834106156570e-01
8.440455086330061363e+01 6.152128156446098339e-01 -1.198972670632347665e-01
7.823985384888125338e+01 3.513345596291063133e-01 -1.496693134876665721e-02
7.564818411790908215e+01 3.571471014205131467e-01 -5.490724583240574885e-02
8.654247767236564925e+01 5.448736941999499095e-01 -1.757274180494638460e-01
6.242798317304850997e+01 3.036277660163014813e-01 -5.862662518431166481e-01
6.992987769195264036e+01 6.020834679005418466e-02 -9.937647569889142274e-02
7.728138399352420151e+01 1.089749804823441359e-01 -7.613842604727079966e+00
6.699288262161020668e+01 2.833613692427161546e-01 -3.012785707296842919e+00
7.947353227714869206e+01 1.005841195191342213e-01 -3.719619244914575518e+00
8.301566730356341850e+01 6.522588009439904688e-01 -2.812369276812616281e-01
8.641826257328223448e+01 1.317781499945830659e-01 -1.105775902301038949e+00
6.905545404791217834e+01 6.308669974755616305e-01 -3.930766348343875047e-03
7.596474760072972288e+01 3.276781202332991472e-02 -9.676797611687258660e-02
6.708947061681735136e+01 7.394368170497058745e-01 -5.735078852716144482e+00
7.504306712487094444e+01 4.150555351760306100e-01 -1.067874331623738904e+00
6.640131239768935245e+01 4.686488147028893825e-01 -2.893697614326708467e-01
8.884137405091593109e+01 7.080168857369091295e-01 -9.182935436021397169e-02
8.027532857511523900e+01 4.342171835991044393e-01 -8.721053914510472627e-01
7.977861217276736738e+01 4.921122204435646186e-01 -3.178363928404745131e+00
7.451906955817941025e+01 7.816234622969747692e-02 -2.870698741502076601e+00
7.644129757871020558e+01 2.639847236398997210e-01 -6.536459558344924481e-02
7.865544819223759987e+01 2.629994837604194419e-02 -8.738765435129970394e-01
6.444721177313164162e+01 7.925299922685704601e-01 -5.589558490653553369e-01
8.759597651838888055e+01 2.239574979980334113e-01 -1.504866324879622130e+00
8.993236035357232083e+01 3.193619469268359490e-01 -2.964004466383014513e-01
6.661997949801671837e+01 4.527828078863332384e-01 -5.946512808602434363e-01
7.446542708612533090e+01 2.020440796957896357e-01 -4.877604983937064098e+00
7.120690469219699992e+01 7.233014454466193399e-01 -6.222217746293164931e-01
6.329952952913252062e+01 1.903102978954420987e-01 -1.265208733568888411e+00
7.760852925680269720e+01 9.012746190736228846e-02 -6.063913696324211955e+00
8.081637585055339912e+01 1.003263016727829610e-02 -1.088474813239647399e-01
6.170145581277108704e+01 1.665162578960768247e-01 -6.701939957707959234e-04
7.095924805164904114e+01 4.408584070098785224e-02 -4.906736017162256769e-02
6.586666421482365763e+01 1.588960863393888423e-01 -2.314877185053470843e+00
8.366080096528658316e+01 3.369426054913851054e-01 -3.791083465423450982e-01
9.194468212627354831e+01 6.396529419845505826e-01 -5.964083020035667454e-02
8.145656978858026775e+01 5.286109435395184297e-01 -3.982862323329469101e-01
8.111082456713710087e+01 5.134004225448187686e-01 -5.753045267750106495e-01
6.277186975264253022e+01 4.790121294183818934e-01 -7.314211571218752761e-01
7.031811334340908104e+01 7.905899464027690282e-01 -4.106619024877346646e+00
7.698324551993708553e+01 5.224815474932520409e-02 -7.543207953411357192e-01
9.100262535181470014e+01 5.774334163581981150e-01 -1.190971236701960367e-01
6.407857735189357129e+01 3.773263823674569695e-01 -6.686749969351500900e-01
8.781331914231445523e+01 7.552109519848783092e-01 -5.652811362363182601e-01
7.372498755023816841e+01 8.663150099810079663e-02 -1.788174992087839144e+00
6.890209255616301220e+01 1.974026673707818813e-01 -8.535022924445996306e-01
7.301701790383367552e+01 6.469344423170849678e-01 -2.730512615086382322e+00
7.715901240514511983e+01 2.475225103338069832e-01 -8.943174371564875713e+00
7.717023086442456759e+01 2.077241535868682432e-01 -8.846900980202427434e+00
7.786920957578240632e+01 1.563627764114348395e-01 -2.328292420693592657e+00
7.740324095341941302e+01 2.008316672423705040e-01 -1.019597717610849408e+01
7.729331188171647682e+01 2.266643907981628903e-01 -1.004665119851089017e+01
7.739023653508296263e+01 2.398465352978028098e-01 -9.784839499338490398e+00
7.706956331765141499e+01 1.849869646542368073e-01 -6.571439762851518651e+00
7.725300379887539748e+01 2.153982898095221088e-01 -9.794889255125179162e+00
7.733765205045925484e+01 2.170645165612137273e-01 -1.022390576031993881e+01
7.749640106903449066e+01 1.597755123383945708e-01 -9.154965974988725108e+00
6.729233935150139700e+01 1.790316993488066943e-01 -1.365871810619572635e+00
7.768330960557931064e+01 1.555733110310059675e-01 -5.474391720948545981e+00
7.445705047315937009e+01 1.469020221279357663e-01 -4.921367003265763707e+00
7.708511368033481403e+01 1.575031060965275120e-01 -6.710072718448772733e+00
7.749031735477490201e+01 2.122854406638176039e-01 -8.720443990810569090e+00
7.543109041861519870e+01 1.181659361268545400e-01 -8.948455023146487108e-02
7.708183799089262322e+01 2.212969469999411798e-01 -7.707818635281486586e+00
7.724243895371472490e+01 2.335635253839666581e-01 -9.771048904709681793e+00
7.735116202958414533e+01 2.286131838076918277e-01 -1.012401333602213072e+01
7.736477955404697582e+01 1.892104716110886986e-01 -1.032065290458785789e+01
7.732651054884999553e+01 2.381877569039857756e-01 -1.007544475100722714e+01
7.591506382841780010e+01 1.462448271690471591e-01 -1.395279962445866023e-02
7.771036022665082044e+01 2.507120892036788784e-01 -3.325397924808672911e+00
7.714559140832639628e+01 2.104483206511410520e-01 -8.270042625872397579e+00
7.351840932115608496e+01 2.678372469487054208e-01 -1.743100782184480835e+00
7.734176639077193727e+01 2.122836027924731861e-01 -1.025707811118703816e+01
7.736753269344301032e+01 1.973565300403549994e-01 -1.031925217070481082e+01
7.743990771277188401e+01 1.691377759831313998e-01 -1.000612100189262144e+01
7.739886911318654938e+01 1.861485826487012663e-01 -1.024238555114270888e+01
7.729872605230035276e+01 2.470714535531451372e-01 -9.983952934210304164e+00
7.742532698346425946e+01 2.025679485737839625e-01 -9.897220077377358649e+00
7.807771945335389319e+01 1.557323213640190440e-01 -6.707361337089599029e-01
7.342259839489635453e+01 1.668617254215137291e-01 -9.530963510665020344e-01
7.732364486670067549e+01 2.418716425916628276e-01 -1.003965121129231441e+01
7.665878582568709021e+01 1.937784632612636337e-01 -4.878342269796758224e-01
7.760034579462636373e+01 1.355221205165081932e-01 -7.080975690131434241e+00
7.721996456221003768e+01 2.540581739616900592e-01 -9.343270386383027315e+00
7.727411503255848402e+01 1.753097422768452596e-01 -9.879874176690337961e+00
7.745529992324773616e+01 1.820266448873075760e-01 -9.621468347204713112e+00
7.847751290253430057e+01 1.500354505125087723e-01 -1.128015477444540338e+00
7.735945632512354564e+01 2.043993184104742622e-01 -1.029887811143187726e+01
7.735093515346885340e+01 1.566434797983383975e-01 -1.003313522265923829e+01
7.727857615564889215e+01 2.292834849959418664e-01 -1.003509866201986789e+01
7.729119594310844832e+01 1.873292294602590113e-01 -1.000279004384200654e+01
7.911737940331921948e+01 1.477887512617820642e-01 -4.278938184204495343e+00
7.738294199903405968e+01 2.567904544805343359e-01 -9.523423268829994015e+00
7.767391789084015841e+01 2.136948806716845173e-01 -4.654935887404405115e+00
7.731845740767758457e+01 2.610513230163769571e-01 -9.819671613159007606e+00
7.758861494863712949e+01 2.314762531808178814e-01 -6.857158645589072954e+00
7.381744822164910147e+01 2.568214566958396117e-01 -5.226851273074083259e+00
7.745173557235264639e+01 1.857420294700272423e-01 -9.599397842004385950e+00
7.737340336186888123e+01 1.534336144957507697e-01 -1.000686157282336630e+01
7.722795808354263158e+01 2.233452894087404883e-01 -9.797657596029251792e+00
7.940054790306399468e+01 2.177863277458449154e-01 -4.100732854299444341e+00
7.727924602473356686e+01 1.738171375975875732e-01 -9.858796397651648391e+00
7.840926298946475015e+01 1.378982490654118431e-01 -8.830676701900747050e-01
7.738350831318236089e+01 1.866626303658224240e-01 -1.024003602846741678e+01
7.731123229713594469e+01 2.305610561647530865e-01 -1.014074984003598701e+01
7.735260939340157904e+01 1.624431794843343158e-01 -1.012493321114479627e+01
7.729540121676160425e+01 1.849929766886240223e-01 -1.022203819838898653e+01
7.734013343302589760e+01 1.512973581844166970e-01 -9.930484834836475372e+00
7.735138869241460213e+01 2.131204524767514874e-01 -1.025270634518279600e+01
7.737980678793708478e+01 2.373390505511421000e-01 -9.817738150402695041e+00
7.730748509538017288e+01 1.944223105031406829e-01 -1.025988464078674056e+01
7.727800605396872413e+01 2.200584369673482255e-01 -1.007202491680209100e+01
7.729782349920935758e+01 2.171240529009986764e-01 -1.022655489829091557e+01
7.742057476389486226e+01 2.063416081938694302e-01 -9.860526077418894531e+00
7.739665950460479849e+01 1.892268466716015840e-01 -1.023860096658828667e+01
7.744806394719155662e+01 1.492039052218032957e-01 -9.538383682623805981e+00
7.737613516277599501e+01 2.013745336706000699e-01 -1.018841254851071376e+01
7.739045921880699552e+01 2.115911976253548044e-01 -1.011605213849032125e+01
7.741201605261301211e+01 1.834758299516485447e-01 -1.000730621800691011e+01
7.724530456479143936e+01 1.787719177277523330e-01 -9.543319589433938432e+00
7.744438165416121933e+01 1.954460341138259949e-01 -9.520322504600672531e+00
7.734380370592188569e+01 1.881918793960102310e-01 -1.031817466610869083e+01
7.734232274124465789e+01 1.796236345413159130e-01 -1.028854787124642733e+01
7.738334104511510247e+01 1.950079101269659998e-01 -1.022054444886978430e+01
7.733408385691680564e+01 1.989676470520234663e-01 -1.031388774286167553e+01
7.733506328452089917e+01 1.667396493533402912e-01 -1.018052327950103653e+01
7.741759161433840575e+01 1.841665690197480387e-01 -1.000660591498473728e+01
7.736392631240151729e+01 1.684485380595905912e-01 -1.019949802932561944e+01
7.733068062651048535e+01 1.899579104208344860e-01 -1.024498192817878106e+01
7.733210862654659934e+01 1.842821185940787532e-01 -1.030809629938793215e+01
7.727297445756589411e+01 2.034880211176065823e-01 -1.008212021352716903e+01
7.731734018215558990e+01 1.695892162905838774e-01 -1.007415995799870068e+01
7.735234303672169176e+01 1.928130975123722168e-01 -1.032228293576718059e+01
7.741417518131639497e+01 1.787405938674587746e-01 -1.001560685506548332e+01
7.739591823962615535e+01 2.024253059789100639e-01 -1.018536070844719532e+01
7.731998555077184676e+01 2.074651172284993350e-01 -1.026007156047464441e+01
7.727677993067752027e+01 2.132714602160075690e-01 -1.008556034169206761e+01
7.742273116956421575e+01 1.676171070504325344e-01 -9.996866721801829669e+00
7.732730663477359201e+01 2.030190474422770563e-01 -1.026603835537900800e+01
7.730521855324283820e+01 1.918209326293550954e-01 -1.025282446775588596e+01
7.732312394514768528e+01 2.172522958422776762e-01 -1.022622814220647136e+01
7.726858392659158881e+01 1.944925461493311747e-01 -1.005175978596320086e+01
7.728262034735949726e+01 2.167834382333807541e-01 -1.007967427957160744e+01
7.741056581829063532e+01 1.726164646143934778e-01 -1.001093006883830405e+01
7.738942264314113118e+01 1.926909738627539392e-01 -1.022936280816380261e+01
7.736294662858227866e+01 1.970135961166103455e-01 -1.031950647630458739e+01
7.738767902372576657e+01 2.047309946803818337e-01 -1.016897889971780344e+01
7.734849008073190646e+01 1.869969960208782145e-01 -1.031607449892897499e+01
7.738989653405624836e+01 2.002252970638257745e-01 -1.019719808858806154e+01
7.733568161972394250e+01 1.964185832293173506e-01 -1.031864821606298221e+01
7.736132434459192098e+01 1.880539166761658332e-01 -1.031870070569413045e+01
7.730413448755258798e+01 1.868201157613169072e-01 -1.023179025672028608e+01
7.738798304313353071e+01 1.969658172009235708e-01 -1.021314001188823184e+01
7.732618568743953347e+01 1.982342227382364874e-01 -1.026541044709476758e+01
7.741004814105636456e+01 1.861741686594671208e-01 -9.998455800743542454e+00
7.734733154902583863e+01 2.005368071204918778e-01 -1.031089279623324551e+01
7.732210312966824972e+01 1.920749746841017291e-01 -1.025296157429244737e+01
7.736481178613115617e+01 1.799640442188828737e-01 -1.029086004678141464e+01
7.734192816786233493e+01 1.924711866410433736e-01 -1.032172055002818389e+01
7.729077951256157064e+01 1.791929964263228314e-01 -9.924796377363771072e+00
7.738816103921094225e+01 2.036703886442881029e-01 -1.017615979939846937e+01
7.733818254597538555e+01 1.894817255150956781e-01 -1.031975074070237497e+01
7.740042939996530436e+01 1.857797646031665029e-01 -1.024275703384270031e+01
7.734322331687175733e+01 1.890876926927615997e-01 -1.031949763924321495e+01
7.739397246592919544e+01 1.887683235340370524e-01 -1.023898537633754202e+01
7.736073022496972840e+01 2.009772082061599685e-01 -1.031062042478339791e+01
7.732934680932520166e+01 1.904513798595867946e-01 -1.024697632291584704e+01
7.731855579421250013e+01 1.897776516437603977e-01 -1.024480522161007201e+01
7.732751081649777802e+01 2.026321025299281375e-01 -1.026626386175259853e+01
7.732427175271399733e+01 1.815270778824099873e-01 -1.019692695662955195e+01
7.735141409901110876e+01 1.805699465409392745e-01 -1.029359214258271038e+01
7.732833176608029646e+01 1.929689631210357303e-01 -1.025540832788160905e+01
7.508173574702294673e+01 3.023282668527206840e-01 -9.127178732156817631e-01
8.015712386748828067e+01 4.123723615840992895e-01 -1.720553708500581314e+00
8.530816607983094002e+01 4.790640017802489381e-01 -1.448592603112133781e-01
6.264834075115032874e+01 1.476931749791846604e-01 -4.405768707403258655e-01
8.492171667351999531e+01 2.478508606800352565e-01 -2.036359599186686964e+00
8.193713642565295174e+01 6.918175994170083776e-01 -1.369592106970987655e-01
8.305730137044454864e+01 7.384858143130024200e-02 -2.069098306231573758e+00
6.689269834812031945e+01 3.257819834488610566e-01 -2.792416043203701292e+00
7.404395990840683339e+01 1.871837763787973993e-02 -3.593229376741811643e-01
6.578220628015087357e+01 4.020664864391721993e-01 -3.360768753412116006e+00
6.831296735994375524e+01 1.821166387779023510e-01 -1.165978104895467604e+00
7.159928482460732369e+01 6.741837763751020729e-01 -3.059482109457036803e-01
8.784186079579303907e+01 6.194906191983906574e-01 -6.260508835647731196e-01
8.100371971566583795e+01 2.068679429784321955e-01 -1.595779711516433164e+00
7.778451874033873992e+01 1.256796769182242368e-01 -3.605970634310659229e+00
7.030849853639853109e+01 5.580107066155183260e-01 -3.838975347857533471e+00
8.847027631064442232e+01 4.498366160509302825e-01 -4.595950909917879273e-02
8.165019761576962765e+01 3.096246006657296657e-01 -1.063578299081116674e+00
6.952986729451399128e+01 7.221462738290537198e-01 -1.112934568992887785e+00
8.873535497657026383e+01 2.612253583667326073e-01 -2.502380331928654722e-01
8.637834346516952166e+01 4.839925973651763025e-01 -1.153219616510389733e-01
8.658426113533846546e+01 7.916205657592656486e-01 -4.107212783925560107e-01
8.935963105663778094e+01 6.052070325842384690e-02 -1.962696329478492485e+00
6.618267716061156136e+01 2.912931973035757377e-02 -1.617873346993711214e-01
9.120039777156982552e+01 4.676619852452221782e-01 -1.080102960094714293e-01
6.724160485696458522e+01 5.757909706357986490e-01 -4.273496187632447985e+00
6.649014694278055515e+01 4.427370069140588171e-01 -3.285006592707656048e-01
6.331510449972892474e+01 7.056901956448085045e-01 -3.857636894444939291e+00
8.400305416114564139e+01 2.060254720022206866e-03 -9.740947855133127997e-02
8.251382683075316038e+01 6.819638603390072440e-01 -5.403005972391058398e-01
9.060668239712688887e+01 5.857292607779648330e-01 -3.373865682936523780e-01
9.013114004838212168e+01 1.312619238189233761e-01 -1.581514151237940480e-01
8.427867795925699568e+01 4.368722038860407553e-01 -2.132438961455951909e-01
8.442527750561376365e+01 2.661413785627946837e-01 -9.465945785585975214e-01
6.404349996664288369e+01 7.349286862639005102e-01 -1.370314496788698433e+00
7.049639301249629852e+01 6.148009534445617597e-01 -4.417691665155404124e+00
8.040783782276515979e+01 8.165074293655029403e-02 -6.643084147990139243e-01
7.008602410223994639e+01 7.736382115865292342e-01 -3.887092954487833207e+00
7.616944958579625791e+01 6.413483138855644583e-01 -2.979990849305325096e-01
7.317968261864041324e+01 3.796879092939265954e-01 -1.457682400861316285e+00
7.945824086744551096e+01 3.655561638629749588e-01 -3.071574072978457082e+00
6.498356194069702951e+01 9.619039897650978610e-02 -3.541867145955690521e-02
7.263704793335014642e+01 1.854658628732619718e-01 -1.874968432925482542e+00
6.590645320802924800e+01 7.144105535820943764e-02 -7.054972815637776673e-01
8.235838483536832655e+01 5.253332337353071591e-01 -6.204130553923670188e-01
8.505396588274459191e+01 2.541507184069107250e-01 -1.500553639567701047e+00
9.200113356786518182e+01 3.695468105956153382e-01 -8.906258360901229965e-02
7.440434220071242066e+01 5.330336410595827301e-01 -3.240966099181806559e+00
8.704598834482098368e+01 7.969150705756287145e-01 -3.924336452973711253e-01
7.930354741252713779e+01 6.345172646152290596e-01 -1.627242819912953831e+00
9.081493259030347076e+01 1.396454794111958442e-01 -1.821625480565803035e-01
7.812187174055907235e+01 5.445264956690097913e-01 -1.238281083037934271e-01
7.103443906425708576e+01 9.373047002665081673e-02 -1.098635971095012209e+00
6.351163883313682135e+01 2.152399760031516451e-01 -2.234292425350603128e+00
6.848591623252757188e+01 5.146303450826487103e-01 -2.462184089869809078e+00
6.196338100813822791e+01 3.380250373822188403e-02 -7.504556517243869962e-01
7.579344638867340223e+01 6.663425335011338158e-01 -9.919616039178302813e-02
7.258751483564266493e+01 5.550084522629115252e-02 -5.229147759945669272e-01
8.895189476398658712e+01 1.113012862941524239e-01 -1.414675046651983070e+00
7.896550099990786009e+01 7.615493980410250607e-01 -8.750464715022893136e-01
7.196018926597793097e+01 4.193665616196690649e-01 -9.710847262569992644e-01
6.226667342421779949e+01 2.730171580102617734e-01 -2.706572525884838321e-01
6.881964807499753078e+01 2.937333564746582026e-01 -7.756635345159617057e-01
6.534180782653048425e+01 6.262286040378796104e-01 -4.208822662052365549e-01
7.856644833189523069e+01 1.641307900366599515e-01 -1.663376688936048176e+00
7.730989742829139288e+01 1.168258513024238721e-01 -8.459475941788440423e+00
6.433937827379895680e+01 3.971008855208899568e-01 -1.801357965649248161e-01
6.746427229896174538e+01 1.987614690849774934e-01 -1.405231430994991593e+00
6.978963788669075541e+01 4.884486521633313316e-01 -2.996952405311312351e+00
7.207508998825676372e+01 5.788621992912701408e-01 -4.325697120782204808e-01
8.359226442530660961e+01 5.374347683860065672e-01 -1.917887950692744037e-01
7.675308260468537469e+01 6.043529890237845370e-01 -1.347880384745330673e+00
7.700639385079774968e+01 7.584030452268978317e-01 -3.715647177596526518e+00
8.829783065790164187e+01 6.984163062056701898e-01 -1.169027517201787214e-01
7.513435806420481811e+01 3.450777723240164296e-01 -1.026119282235590680e+00
8.333416676008914692e+01 3.191649151362597192e-01 -4.206374463892186277e-01
7.375069200363724065e+01 5.921254741598056537e-01 -4.110208434395456578e+00
9.217207437884771082e+01 1.711205225634835347e-01 -1.112452690765547286e-01
7.137606805668424670e+01 7.194419257784705479e-01 -1.138956950483886316e-01
6.908395199183347302e+01 4.259526592040548398e-01 -5.073678569445775471e-02
9.041072781353062737e+01 4.544432633994244242e-02 -6.470750556480384108e-02
8.975542107298153383e+01 6.610373253528890602e-01 -3.747443591484961312e-01
7.987288064699272638e+01 1.578908488835146506e-01 -4.185810996781959226e+00
7.639122641825450444e+01 5.098854490676828499e-01 -2.595673539807544228e-01
8.612496709225722213e+01 6.505035346315222178e-01 -1.761424417720751923e-01
8.086903567865563502e+01 3.526983422456562156e-01 -9.462270812394704134e-01
8.735328848542653191e+01 2.210201209985332982e-01 -1.361413384535133719e+00
7.841575845717807169e+01 4.560425607667255576e-01 -1.340155237402982646e-01
6.382917655832616077e+01 3.326781458619881837e-01 -5.982189637137090843e-01
7.449945759580126037e+01 7.797199310173881237e-01 -1.649704349858091668e+00
8.749962128832977726e+01 7.445896057494719722e-01 -7.025663659353299506e-01
6.468096234435199676e+01 1.254546532776242354e-02 -2.144084108078065043e+00
6.173147009081814218e+01 5.035230798639172001e-01 -4.567191621656193495e-02
8.135775715009852149e+01 2.812408923440697928e-01 -1.666313789140777768e+00
6.780194166809332046e+01 2.390428977459677640e-01 -2.547138675335140490e-01
8.555646638329537268e+01 2.282542126343063416e-01 -4.123353421048941425e-01
7.552740286176050688e+01 5.602176378555124847e-01 -1.311195558013993623e-01
7.354234679732947200e+01 7.388338326679145807e-01 -1.384814709912215669e+00
6.292738216009367846e+01 3.395728571787341443e-01 -1.058875375256819851e+00
9.163054287447968704e+01 3.910397563958141753e-01 -2.234390075390648989e-01
