2.419599975278195245e+02 4.073399845122579466e-01 -6.418952262623251137e+00
2.658363403713444200e+02 6.978457676544229660e-01 -6.678854720306525161e-01
3.134112948536245540e+02 6.533726973280528094e-01 -2.216513243947607403e+00
2.777180481751804564e+02 2.422740661436311241e-02 -1.563415880245683787e-01
2.454385160530091525e+02 5.937508330363291398e-01 -3.269638285050325166e+00
2.406323033801552924e+02 2.656410705351897050e-01 -2.286880856599810219e+00
2.977842774068446374e+02 3.490850774746591667e-01 -8.489382252346606983e-02
2.367992632362131360e+02 3.847170742559948009e-02 -2.570276894121645839e+00
2.454678595038212734e+02 1.230676848868628159e-01 -1.065789320812327912e+00
3.105006039252584173e+02 3.045660008524223583e-01 -4.897848991068832980e+00
2.734897620294214562e+02 2.278791575951914228e-01 -3.010146155914155686e-01
2.573705398523281360e+02 3.821141060498142172e-01 -8.484213887325669390e+00
2.336601676800789278e+02 7.446256739616876619e-01 -2.093243807862650741e+00
3.384267935359906687e+02 6.280455126181274661e-01 -9.853642950397134559e-01
2.490730934572772526e+02 1.883328491168357599e-01 -1.645864380042978858e+00
2.589133500097846650e+02 7.977778297812911923e-01 -7.625027183493026328e+00
2.726892535469882546e+02 5.501133472631364318e-01 -4.342745611598629596e-01
3.244105013787982443e+02 7.897437715850976758e-01 -2.515314883337983698e+00
2.596877305219854293e+02 4.697937595569087188e-01 -5.253817082818662776e+00
2.786392629382713721e+02 5.408772855720526129e-01 -8.315755051955171950e+00
2.351424677102507701e+02 8.314319001314529611e-02 -6.573019494090791559e-01
2.473370334053006729e+02 5.550397714601754684e-01 -2.453836924807474951e+00
3.266511277964119131e+02 2.792146566043803846e-01 -8.369606564062154419e+00
2.279855388853592331e+02 6.930276330246873950e-01 -2.749569986665350463e+00
2.611394004161098223e+02 3.593052290051699238e-01 -3.479400791005997196e+00
2.923036719574647577e+02 7.090790103246193965e-01 -2.248600234619036187e-01
2.826069098129989356e+02 4.844647917861670816e-01 -3.080334937083104663e+01
2.874135661570454090e+02 2.480356470306647187e-01 -5.937879932336231903e+00
2.521976755125938894e+02 3.329597935855730384e-01 -3.714922403401788031e+00
2.328696592608029619e+02 2.239209370205078042e-01 -6.508441628933688827e-01
3.388414687363098778e+02 6.843021138969832551e-01 -5.991508998816514886e-01
3.259498365070423915e+02 1.314257266688545200e-01 -1.049431105315851553e+01
2.696798988756958124e+02 7.775247320964635556e-01 -3.047640552313097828e-01
2.768630139336642628e+02 1.151321850962791493e-01 -1.169380077771484006e+00
2.505016064612029822e+02 6.465591923984552736e-01 -8.600418429383074326e+00
2.706452555541752645e+02 4.290134226491677527e-01 -7.414995702767097907e-02
2.893209542762828050e+02 1.734728331252194111e-01 -1.445301074947375142e+00
2.618717329591358975e+02 5.762995467307837627e-01 -3.541032269225435680e+00
3.158220962140695747e+02 9.912650438652412244e-02 -9.051052910969545451e+00
3.315048525480888202e+02 3.415380918193907656e-01 -4.070459441449312266e+00
2.532826733504633978e+02 3.256868898366949150e-01 -4.785658584411490502e+00
3.165926168669824960e+02 6.071236581903592944e-01 -2.795096996801384570e+00
3.402706426478828234e+02 6.707886944089431758e-01 -1.582164507817149790e-01
2.430002011466233398e+02 7.293958057290905739e-01 -9.177475519296800499e+00
3.058691664338012401e+02 5.066076330981396092e-01 -5.128413595511360779e-01
2.977084978333979279e+02 6.202037033174171432e-01 -2.288824677365467949e-02
3.099863391688386969e+02 7.153442927918679528e-01 -1.807446818295464164e+00
3.039274635821913080e+02 5.234188427612153360e-02 -9.622971048591696386e-01
2.288196156992440535e+02 4.522818565344279285e-01 -1.913911604526435495e+00
2.677851751700895306e+02 2.403482337880039899e-01 -1.597368282099419778e-01
2.803955136896087197e+02 5.778745273061861032e-02 -2.788603575024592107e+00
2.481946717998936549e+02 2.942506950773000063e-01 -2.949666337413269002e+00
3.026053611007670270e+02 2.040326986675565224e-01 -4.612894868680407212e-01
2.937077546779372597e+02 7.671671943128836046e-01 -2.721666935574373336e-01
2.898530761209691491e+02 6.696221201171591308e-02 -1.167837796086860891e+00
3.172269883214643755e+02 7.642694141572033140e-02 -7.194218707014476522e+00
2.313599712073673800e+02 6.395480235533289592e-01 -2.402137454308351572e+00
3.274436616860994604e+02 1.820714617796652113e-01 -8.995123964309531317e+00
2.380311049375453649e+02 2.872302416605166386e-01 -1.368605244749924399e+00
2.302235338657708894e+02 1.943204077815468764e-02 -5.361307485730333333e+00
2.996307612579792021e+02 3.694262518333529255e-01 -1.361163459833464040e-01
2.960348207662233335e+02 2.131069782467906737e-01 -3.496924198986791077e-01
2.540301502110725380e+02 5.672444571152071013e-01 -8.972382436666098471e+00
3.004743789647178573e+02 4.238651188517016388e-01 -1.093566934364757631e-01
2.849603465985923663e+02 3.972448289099848040e-01 -1.978064360180866998e+01
3.327716304306423467e+02 2.337449552676877096e-01 -2.428573286123877129e+00
2.549969733214092855e+02 3.137298486676538545e-01 -6.075318916460354934e+00
3.346978164388176538e+02 5.860645968784775617e-01 -1.712875011170916562e+00
3.089361414476830987e+02 4.564175320736321151e-01 -2.739539221272516922e+00
2.636678058411206962e+02 1.392246359707711816e-02 -2.040506547240529267e-01
2.837678347320073158e+02 6.089983837682463319e-01 -2.172646374501691469e+01
2.943660832433856172e+02 5.691061948336727516e-01 -1.301351158834632982e-01
2.860277097534274731e+02 4.929161695875290405e-01 -1.156162978369293626e+01
3.012347865782680856e+02 4.365089061723903541e-01 -9.926678732260071913e-02
3.352926733331229343e+02 1.617572857170362088e-01 -2.772718399721948668e+00
3.202456834101038794e+02 1.501505741473594391e-01 -8.991085225098370159e+00
2.563194719732704812e+02 5.279605117657474311e-01 -9.567047336993665496e+00
3.143561351851641348e+02 7.756304881830655695e-01 -1.551276815133773690e+00
2.664005624008445920e+02 4.400988346515914973e-01 -4.780407352431648715e-01
3.051570186727030887e+02 5.291700823267454501e-01 -2.976510277423146111e-01
3.290994756098168637e+02 5.012707996144478706e-01 -4.993320377826451661e+00
3.079181707572900564e+02 7.530053913150209187e-03 -1.014629054099215749e-01
2.758387288271481452e+02 6.776909916723875549e-01 -1.759210429146992993e+00
2.627400683962435437e+02 1.960695629312129984e-01 -3.350353772174298861e+00
3.206935399897931234e+02 3.668953492858534893e-01 -6.210914283579229256e+00
2.875724528966781008e+02 9.281170625758372594e-02 -1.956182936453684018e+00
2.361284403073150884e+02 4.740660720175044474e-01 -2.219664556717309001e+00
3.230395933068703016e+02 7.533247014105385331e-01 -2.774716924226258374e+00
2.397085930446610860e+02 4.786762759737211298e-02 -1.285411104959786281e-03
3.337164521561303445e+02 5.166318952185616764e-01 -2.408219587842302278e+00
3.186209982161748258e+02 1.381409974205219104e-01 -9.080759516016334132e+00
3.373809994853195349e+02 4.134376627045888708e-01 -2.379442613510626803e+00
2.915275115908114572e+02 6.586085445329096233e-01 -5.813488210576656101e-02
2.693101584774774437e+02 3.894683490756249977e-01 -1.167328579704045993e-01
3.219565755732677417e+02 7.231564873427668294e-01 -2.829906606583585393e+00
3.301092077896637420e+02 1.551837013145444533e-01 -4.992426079018992269e+00
3.122488117110320900e+02 2.582820053935485638e-01 -7.138679756587809955e+00
2.441988120326088278e+02 7.401140735523011882e-01 -6.720363503438970376e+00
2.813031653290393024e+02 3.011633798336897927e-01 -2.967190111246718587e+01
2.741919715865757894e+02 1.105115011058847574e-01 -2.521032984486396705e-02
2.435007515027777742e+02 2.833700776628700346e-01 -4.960984363748801584e+00
2.613212979052003107e+02 3.677474973272266690e-01 -3.496811395775597298e+00
2.827650240128747896e+02 3.905210895074275879e-01 -3.172880804382037567e+01
3.027192557311723249e+02 3.553019794853333746e-01 -1.804481407677621385e-01
3.390975044599591683e+02 5.689775341785402452e-01 -9.047077675076976577e-01
2.738939430248136659e+02 4.780156714442320709e-01 -1.790938012422331194e-01
2.738574369725732822e+02 4.352660130589703913e-01 -1.902202611401395960e-01
3.180551162140005772e+02 5.439073899894434350e-01 -3.030403980981665857e+00
3.065878334067047035e+02 3.251897949055572723e-01 -1.307538973828332285e+00
3.375732961376738785e+02 1.238918334795029302e-01 -4.500348532182657735e+00
2.472418361207108148e+02 6.034723350203784475e-01 -2.584880767239555066e+00
3.056438549592288609e+02 2.544120156408508637e-01 -9.229642089408803818e-01
2.366037415036598759e+02 3.779216816060503199e-03 -5.501690960720690526e+00
3.317802018136169409e+02 1.293376141341892605e-01 -1.751748201507966618e+00
2.771234647246656664e+02 3.790472412446810879e-01 -2.702894905929986713e+00
3.264960520705818681e+02 6.772915728260904267e-01 -2.990294379384370593e+00
2.507357752893062184e+02 5.286752151651388232e-01 -7.674643408315136917e+00
3.251057789246873426e+02 1.197307034420819899e-01 -1.084083578286981897e+01
3.141420036520590884e+02 2.886646422433779557e-01 -7.656194876298876295e+00
3.102994258616545267e+02 3.382791177959023066e-01 -4.561561990287233748e+00
2.429849325346322928e+02 8.321301818564830199e-02 -3.305246418611264003e-01
2.337762470212679489e+02 6.876674684727589471e-01 -1.997135080862921575e+00
3.278704606438524252e+02 9.241810402296454785e-02 -7.089709221215838575e+00
2.979734780375455898e+02 7.325337485852252417e-01 -2.658459671252491607e-02
3.238974848195727532e+02 2.388636665501331358e-01 -1.108744380003241581e+01
2.805450745033766111e+02 5.468241963972267916e-01 -2.151286291842918530e+01
2.866285338351735277e+02 5.762046639001406900e-01 -7.964463111424919362e+00
3.133960981755730586e+02 2.413131838324149570e-01 -8.315220549220278201e+00
2.301441987375499139e+02 6.273834619689602210e-01 -2.210624030075786006e+00
3.093427307757617655e+02 2.123585612823966629e-01 -4.497436147979818166e+00
2.379045225187340407e+02 6.674327806200314184e-02 -9.056846234764738268e-01
2.350936550324910854e+02 1.917993472972526550e-02 -3.835463111834446437e+00
2.955669296156314658e+02 7.263886788148311568e-01 -5.395438933653540908e-02
3.335885005023297367e+02 5.262784006875777243e-02 -3.802743711349929057e-02
2.906188149713522080e+02 7.470663659775330645e-01 -1.058947595240884720e-01
2.641711765170875879e+02 7.109141210739690075e-01 -2.764683805896353430e+00
2.863141856839083061e+02 6.631682765590212192e-01 -8.340725126892580832e+00
2.668591597055300895e+02 4.794105860040716316e-02 -4.459346242804712035e-01
2.969713777664331360e+02 7.873222471375638243e-01 -1.807973380338357208e-02
3.121030054628859034e+02 3.704052737854103827e-01 -5.250557446992125676e+00
2.701087955776272338e+02 5.218053606328812988e-01 -1.931342206746089474e-01
2.936208673030860723e+02 3.309528489021001385e-01 -6.773072066451981711e-03
2.461960395734487292e+02 5.671870273699215481e-01 -2.007687841756550906e+00
3.192762275466911319e+02 3.023399007475873201e-01 -6.797373106270123699e+00
3.401962160232813517e+02 6.484044034891222053e-01 -2.848808673651808121e-01
2.356399325825281039e+02 1.724749020895230134e-01 -8.598012752078652010e-01
2.283781129602954252e+02 7.196542216322235896e-01 -3.421121265643501719e+00
3.204826797509243761e+02 1.653163232451739795e-01 -9.055172914338704970e+00
2.895002145178153796e+02 4.954848331383407967e-01 -1.216213964411025916e+00
2.784558782141439792e+02 3.987161296564609714e-01 -6.606410812224093654e+00
3.362734291809824754e+02 1.367728060755610264e-01 -4.021247164937391538e+00
2.846424927147564290e+02 7.664764548786773268e-01 -1.472841970134743761e+01
2.599345062126790822e+02 5.997768939694488877e-01 -4.999730850136542948e+00
2.880937929409649314e+02 1.551368263706382478e-01 -2.862439345531976542e+00
2.570162899062996189e+02 2.781785486222496107e-01 -6.279024585698307348e+00
2.326350706373092692e+02 4.570771625177396102e-01 -1.797669689862852582e+00
2.813317463013790416e+02 1.969320208879067335e-01 -2.683746987516678217e+01
3.218800596750013483e+02 4.553375535766648885e-01 -5.668885681592033876e+00
3.321074326904125655e+02 4.161829222214439294e-01 -3.456837277100260675e+00
3.014481539578158618e+02 3.449537535513813036e-01 -2.035396062662075123e-01
2.309085129917938275e+02 6.411321246811833019e-01 -2.245390191054724927e+00
2.624744685393974919e+02 1.786422174523707440e-01 -3.007285559217970583e+00
2.988957640375814435e+02 2.316034414933532126e-01 -2.577164369952088530e-01
3.365355979234805659e+02 5.545954182693614287e-01 -1.451707858742532942e+00
3.035159828916347351e+02 7.597254449078763017e-01 -1.986932925198842681e-01
2.712490783029574004e+02 8.361334779919876725e-03 -1.556407990127940677e-01
2.629556492400740808e+02 4.263872689124846294e-01 -4.122508702502669209e+00
2.948158758441456939e+02 6.097892644666185191e-01 -1.055018989663559503e-01
2.678477748934201941e+02 4.705515634648964052e-01 -3.152405927247389772e-02
3.008421568999363558e+02 7.683323290300511088e-01 -1.353889213115340093e-03
2.557602182202045071e+02 4.479379087428430606e-01 -8.337595008287141951e+00
2.583260162358840262e+02 6.281729589609207076e-02 -2.546243516739979049e-02
2.755687161535831819e+02 7.937728814672421196e-01 -1.517777649152191266e+00
3.079186688986795843e+02 5.030634751726026366e-01 -1.871937551376689379e+00
3.203562600259049873e+02 5.106921222592655241e-01 -3.926865783026637136e+00
2.782343432120870830e+02 2.622125248701617228e-01 -5.387255666480003313e+00
2.725103916697671593e+02 2.236820643809587228e-01 -6.318020127457727453e-01
2.408740193667667313e+02 5.128266033788753120e-01 -4.939886243513885056e+00
3.304420047232947582e+02 6.885603029298280608e-01 -3.483305330283449575e+00
3.290312076567906843e+02 4.082093791227132673e-01 -5.881718186982695329e+00
2.840503031983330970e+02 4.050397624819552234e-01 -2.537044393826538169e+01
2.411301998443440766e+02 6.665504778235998851e-01 -6.180623213400593841e+00
3.162937130290133609e+02 7.787784019600507701e-01 -1.661693028629878333e+00
2.656652427120755533e+02 3.043714155284096487e-02 -5.462803119702785981e-01
2.493758219601436394e+02 3.179791480769863510e-01 -4.455985754061436488e+00
2.534460145865623701e+02 6.383588817588448094e-01 -8.195024077758768399e+00
2.684630229216700172e+02 7.033765116633527992e-01 -1.040046486923650731e-01
3.232185487471684269e+02 1.843585094183066986e-01 -1.123890964436462525e+01
2.913354843411341335e+02 7.403224996727342244e-01 -3.924737739006350229e-02
2.531934181413370766e+02 3.098507113149497894e-01 -4.523699683570383989e+00
2.449959652748015060e+02 6.220948399537467033e-01 -4.192140016986805051e+00
3.082786181615230134e+02 1.458363208980403558e-01 -2.813392025473154590e+00
2.487383343898078465e+02 1.070351593165851933e-01 -1.499757512285104788e-01
2.514484201489399879e+02 2.697497549241846815e-01 -3.425668460917319802e+00
3.158865147915608986e+02 4.867934067952092159e-01 -4.235955843709445112e+00
2.287070734193498822e+02 5.849100448099160410e-01 -2.933067299614852796e+00
2.546275967812007934e+02 9.878563551493134420e-02 -1.276487644912012998e-01
2.396616473197196910e+02 3.775306883575962891e-02 -4.863547195888451302e-02
2.923661651660646612e+02 2.044153154131903571e-01 -2.177107571976725220e-01
3.343138960804661792e+02 7.916443521922333915e-02 -5.090418241536127653e-01
2.503083110867488301e+02 6.254417356449839538e-01 -8.529536327540439444e+00
2.858531686242253045e+02 6.074434457542959159e-02 -3.215804905139184822e+00
2.790978020276303369e+02 5.774190152914501217e-01 -1.101568007946199401e+01
2.912075530178233294e+02 1.983833293902218520e-01 -4.061725063577850681e-01
2.608714747295883853e+02 3.837028487198965720e-01 -3.563199980640710418e+00
3.221786904902612605e+02 6.929762948044208004e-01 -3.133905784134662476e+00
2.314957953932502335e+02 6.966796410390806438e-01 -2.709343243689323000e+00
2.655185919525519012e+02 2.614664018981111560e-01 -1.883111981619868480e+00
3.231572627325693361e+02 4.897573634087171723e-01 -5.673713047671263610e+00
2.667436909880746612e+02 3.427969204804098835e-01 -4.334966479369695702e-01
2.967058477981125861e+02 1.699591866087784009e-01 -4.307031494962182960e-01
2.323560691200595443e+02 5.366985418861170976e-01 -2.237399016930925022e+00
3.395750175668529209e+02 7.115813036424764038e-01 -3.205646852064943930e-01
2.928391338019320642e+02 5.933467454781001793e-01 -1.987236798970501150e-01
2.848057443062611469e+02 3.869379169585016598e-01 -2.161316350793220664e+01
2.614091414614415498e+02 4.434939610932059906e-01 -3.549141949404065244e+00
2.890255501244954530e+02 7.388425622655782066e-01 -1.569194130507692186e+00
2.934305258546974642e+02 1.001197995800916507e-01 -4.380960012105110657e-01
3.147041538990264371e+02 4.569307781223856946e-01 -4.558585478639245459e+00
2.635251364795101949e+02 7.243940172936289557e-01 -3.303513183201951087e+00
2.754737995018131755e+02 4.206146236072560995e-01 -1.449060522910649240e+00
3.055189096836876956e+02 3.267235352135720167e-02 -6.462791932095235392e-01
3.203921649656805926e+02 2.348680419677428022e-01 -8.524540009952607633e+00
3.384657724307821240e+02 6.049073937332419826e-01 -1.064924782401993175e+00
2.707275613708891342e+02 1.787987145617644380e-01 -6.746536862447055638e-02
3.172967691908410188e+02 3.333319464063783655e-01 -6.490358523205972396e+00
3.083699440632794335e+02 2.476937279123697933e-01 -3.094221850703176901e+00
2.334181941457756011e+02 6.689294102484482085e-01 -1.975784272014495579e+00
2.554695865520979510e+02 7.891447322419460342e-01 -9.648888071813736644e+00
2.537283054600795253e+02 2.671555310060854116e-01 -4.465596285571530544e+00
2.448153105019924283e+02 2.553627152115205967e-01 -2.770011738679996949e+00
3.339386138153736852e+02 3.146588896098142518e-01 -2.324602829890987099e+00
3.108146728168821937e+02 4.506792438539989343e-01 -3.569391481500115759e+00
2.273081141883118050e+02 5.406669036232011893e-02 -2.382928900927456795e+00
2.300817035117429157e+02 5.585932074058584940e-01 -1.854085704700469739e+00
2.475407309867419485e+02 2.028488338250990231e-01 -1.210210128935502283e+00
2.749881018964858868e+02 6.539473999272614746e-01 -9.535821992894358834e-01
3.026748471183484526e+02 5.069971042509522352e-01 -4.923456084674333877e-02
3.366652411596189722e+02 6.374341758158992288e-01 -1.152221006777136347e+00
2.997818074205063112e+02 3.959594130672089984e-01 -1.149495727608729340e-01
2.687590080206260268e+02 3.209985231853647036e-01 -3.990884912041650634e-02
2.718498292113008574e+02 4.394313490369657349e-01 -2.647439852051754472e-01
3.004915321321137753e+02 7.676619900890455650e-01 -1.038380797941495723e-02
2.906374788185190710e+02 6.584916964965035202e-01 -1.219277504076962532e-01
3.277638415612620975e+02 1.390881437043016422e-01 -8.492982779373232205e+00
2.636576627798503409e+02 4.311491515339566094e-02 -2.480880664903416521e-01
2.486725915714048938e+02 2.551794346392230461e-02 -3.228194299047797422e+00
2.287149680404981780e+02 7.454205950698331584e-01 -3.861431423466646695e+00
3.404560234231387312e+02 7.808278579936649422e-01 -1.104675480127304404e-01
2.569515329167322193e+02 7.183859983036489094e-01 -1.081926894628464986e+01
2.363633640155624960e+02 8.500772718105767400e-02 -9.260769837385994796e-01
2.401633912133706588e+02 3.478757923162309473e-01 -2.370738346445234068e+00
3.209910606317673682e+02 7.931592839621869340e-01 -2.080452590640879063e+00
2.670571386873579627e+02 4.306431938355331224e-01 -1.452263935362654024e-01
3.312558135746008361e+02 3.530625358061574293e-01 -4.032788010292704506e+00
3.327294039184679946e+02 7.570921940405694883e-01 -2.395088874271195323e+00
2.983577913207303709e+02 3.601565066058707854e-01 -8.906402742143945672e-02
2.567646577395552754e+02 7.304116841916686864e-01 -1.071932859261669080e+01
2.957881014788547418e+02 2.787680246037847476e-01 -2.026561287677976775e-01
3.044184925431686111e+02 1.485753879988886417e-01 -8.139870374592161895e-01
2.377131141507296945e+02 1.203402601101529953e-02 -3.404199637713633653e+00
3.022329933760183280e+02 4.681982540764225154e-01 -6.481866132164143535e-02
2.433656498378776689e+02 4.021738965621476404e-03 -6.433519608906666853e+00
3.357890751122677671e+02 6.820857538431206457e-01 -1.129132825541579788e+00
2.824952335630395623e+02 6.907239604565425239e-02 -7.228237496072549284e+00
2.461959989465714216e+02 5.168050814541649274e-01 -2.022946144803618562e+00
2.491540745580369958e+02 6.782992635590612274e-01 -7.605597403803013634e+00
2.778790852773516917e+02 1.328424237099182226e-01 -2.127367767401515675e+00
3.245259014399856028e+02 6.427686116491578838e-01 -3.684341593042800511e+00
3.157400896966049118e+02 1.899224918479534840e-01 -1.004916667653563245e+01
2.584422264892727412e+02 2.258643869422740369e-01 -4.484279864949092698e+00
2.395220905029931089e+02 5.859957060022646935e-01 -2.298264024867777700e+00
2.352744631523191572e+02 2.236112216604220770e-01 -1.206563271345870492e+00
3.114593245549765470e+02 7.722611826511016631e-01 -1.494787328891880263e+00
3.128596982439602812e+02 2.189374183016221456e-02 -1.364942648641586320e+00
2.351554625382326265e+02 1.561537509647947519e-01 -5.915527296446837502e-01
2.733069541684376418e+02 9.127905571666017348e-02 -1.915078271205701843e-01
3.284411538914774269e+02 7.831661188903735193e-02 -5.614568037392201560e+00
2.592110328876776748e+02 1.085199349387433315e-01 -1.050745471763957495e+00
2.838159052278231229e+02 6.152677235890817720e-01 -2.160034348778435032e+01
2.945025480653549721e+02 4.834322705265179376e-01 -8.198515154467474197e-02
2.410273380873741758e+02 2.899503280369339353e-01 -3.060484116020609324e+00
2.521948345766594741e+02 2.977544690877801936e-01 -3.261819302238548435e+00
3.069982150312129079e+02 1.133282491897526223e-01 -1.545162548756170207e+00
3.058249001295653215e+02 2.137866179432796887e-01 -1.184872509927360928e+00
2.762702436753318125e+02 3.090845414003062230e-01 -1.997587371289273994e+00
2.866966212101195879e+02 2.853010694304911610e-01 -8.436181141250482796e+00
3.254113048107383861e+02 6.199546181203025030e-01 -3.668089178109401605e+00
2.430960438591382058e+02 5.481650928590769967e-01 -8.697728351803501567e+00
2.805830065084651892e+02 4.758968776275599999e-01 -2.240026574669218462e+01
3.170048049447604512e+02 4.139937004006484789e-01 -5.084273826020186959e+00
3.348183030503192867e+02 4.053359655995845690e-01 -2.136846974026676893e+00
3.270818178791878381e+02 5.295020416949504094e-01 -4.297139400325007408e+00
2.811763346279055895e+02 3.730717137031535624e-01 -2.994210861052401995e+01
3.100303290875372682e+02 5.655108943856332893e-01 -2.524847491268733979e+00
2.704525035976737399e+02 1.229057577467915774e-01 -7.894550069855335583e-02
3.184143900742402593e+02 5.730188220062805149e-01 -2.705461757591906657e+00
3.299970865413949355e+02 1.672358802251961707e-01 -5.853007356477684553e+00
2.882354452537584280e+02 5.037591749134686658e-01 -3.401406278765410462e+00
2.529450606579453904e+02 5.242800239976046495e-01 -5.969410803651647335e+00
3.077461916525677452e+02 6.535796613470745697e-01 -1.633311603258447597e+00
2.750185169837683929e+02 2.683989337798982078e-01 -6.095492104064030858e-01
3.176916135462736293e+02 5.167152391368321496e-01 -3.401824175186353383e+00
3.330137280582267749e+02 7.072306187051851101e-01 -2.376630114320067655e+00
2.438724832257939852e+02 2.042383052500979790e-01 -2.710723891957208309e+00
2.811718064162125188e+02 3.095619670166609438e-01 -2.985285316957098800e+01
2.925461173821785792e+02 6.657789881401416920e-01 -2.013209516183290804e-01
3.358483320310688214e+02 3.201953397198787354e-01 -2.679550783556504889e+00
2.348938469730024963e+02 6.968252363106177683e-01 -3.333430200224489326e+00
3.370942133993358993e+02 6.732124672664059339e-01 -1.006114534740995214e+00
2.561601968522327866e+02 7.941921661423907430e-01 -1.010263023708979802e+01
3.200783291780064701e+02 4.160833849251739658e-02 -3.729329701922989404e+00
2.617390422403929620e+02 2.603619217672638042e-01 -3.336971326118809422e+00
3.404337841423577515e+02 4.182570987257814288e-01 -7.981792432029165552e-01
2.955020509547746315e+02 5.874673386637430106e-01 -5.227412656472542329e-02
2.789762584797651925e+02 7.887843658973063832e-01 -9.276107392182421307e+00
3.016208361759518652e+02 1.883959144462735713e-01 -4.116408522904692613e-01
2.273415787481046664e+02 4.241801358704303526e-01 -7.376060181655665904e-01
2.723689290688560050e+02 6.345350930769687592e-01 -3.056242753380066235e-01
2.325973691353075878e+02 4.066995425495940619e-01 -1.582517141951323536e+00
3.063971529746398801e+02 4.816158609458607298e-01 -8.526606930305709042e-01
2.661979736890435220e+02 5.301372167280534731e-01 -5.345948104329469874e-01
2.890698532684884299e+02 1.175014376586585724e-01 -1.422025641482955516e+00
2.574423693243096523e+02 1.109154617044615238e-01 -8.430231441296553996e-01
2.626260858641159075e+02 1.022189417996877819e-01 -1.428486677055446519e+00
2.842639244278972228e+02 5.415729673017464219e-01 -2.070612372959928749e+01
2.796639513471121745e+02 9.392400268884276704e-02 -4.295223319105319071e+00
3.086918163325921114e+02 6.828807874668965106e-01 -1.880518954493727524e+00
2.289905074020325060e+02 4.904232091841229102e-02 -3.928853912577199736e+00
3.273792426017591879e+02 7.705912801967541859e-02 -6.532376110608196562e+00
2.821889849180064402e+02 1.441464895188631634e-01 -2.223395940691821693e+01
2.655247465166447682e+02 1.044169865867028250e-02 -1.898136448368350493e-01
2.693046423754093439e+02 6.141094750435611704e-01 -1.860670189317087109e-01
2.483512058342957971e+02 2.957123271029549749e-01 -3.221515366172177597e+00
2.638382685798446232e+02 7.489890006953974222e-01 -2.879555347532698928e+00
2.473382933765614098e+02 7.837359064287182653e-01 -2.896455053697583271e+00
2.862737915380438380e+02 3.912114934068913752e-01 -1.112551489660240911e+01
3.243840311460248813e+02 7.260582701599913591e-01 -2.950182643889430967e+00
2.309106705108372353e+02 6.846603740174203589e-02 -2.014344824693218516e+00
2.424522436116831727e+02 1.944259652743595135e-01 -2.677644420354512000e+00
3.318098953630595815e+02 5.978010862993553554e-01 -3.207653247275015218e+00
2.765043972518970463e+02 4.393416574843101441e-01 -2.134693535436482659e+00
2.988523735886045642e+02 1.385633242457685321e-01 -4.183279529549300269e-01
2.520884635005565997e+02 4.956216003437710071e-01 -5.130616786770964666e+00
2.446780338148208784e+02 3.311225041959193760e-01 -3.712451926903226784e+00
3.321626940970178339e+02 2.521039340473439916e-01 -3.130934741490472462e+00
2.606087758275544957e+02 2.764089052761755094e-01 -3.270859814502837803e+00
2.532131278219696355e+02 1.675238431611361933e-01 -1.428106663941808074e+00
2.539963315497865040e+02 1.537556384643566920e-01 -1.296476472001458546e+00
3.237826336326342016e+02 3.811097791590613015e-01 -7.855515741870782165e+00
3.226845208901034994e+02 3.970625495859168019e-01 -7.180087981205536707e+00
2.369746283188124210e+02 5.572496812607433680e-01 -2.199637936498507695e+00
3.262770812676057517e+02 6.442345574481905812e-01 -3.235634638579939715e+00
3.210341171659171096e+02 4.526525434870633524e-01 -5.092349398875410493e+00
3.035949646864801821e+02 1.230768027039831451e-03 -6.462188695996957222e+00
3.120729973392136571e+02 3.616180888199957977e-01 -5.393474898410763885e+00
3.140382036314568950e+02 2.859626113647704138e-01 -7.717127012325315505e+00
2.303023637948584508e+02 3.699989597577146849e-01 -6.651518736837891410e-01
2.586082399681896504e+02 6.003298700000517796e-01 -8.125377458098345329e+00
3.379772532730896728e+02 5.457875676210381943e-01 -1.409199587657059993e+00
3.303105270206297632e+02 4.974698796624520414e-01 -4.431093636124216140e+00
3.105399086555656822e+02 5.687892452501931428e-01 -2.545692939055668180e+00
3.025697878644849652e+02 2.153421203129165518e-01 -4.252717468993337802e-01
2.948334989397417303e+02 6.252934535035470365e-01 -1.090032112291393768e-01
2.598375496691693343e+02 6.607549609543278413e-01 -5.471999376875680277e+00
2.498506448340841644e+02 2.985301993876127713e-01 -4.416053823239463050e+00
2.383443618078860027e+02 1.228371625286789892e-01 -6.108996953844739730e-01
2.743680758777633741e+02 7.173829342954965993e-01 -2.308809875215258878e-01
2.460710587379091692e+02 5.091148415635624591e-01 -2.015030156450739796e+00
2.509799696526008859e+02 1.731659098732913626e-01 -1.516376688553626728e+00
2.972876873712319821e+02 2.688690553593927127e-02 -3.713339507268200168e-01
3.389450106213924414e+02 3.598913451179810430e-01 -2.214940410696718320e+00
2.676974262420938544e+02 2.236804591345942228e-01 -1.783184578994608804e-01
2.937718083526967803e+02 3.395609810523527727e-01 -9.331612787393580438e-03
2.909376867628270702e+02 7.683725259451896772e-01 -4.099503517195878660e-02
3.256522683405369207e+02 5.201752226658085121e-01 -4.698819596812340293e+00
2.400905094579473200e+02 7.522873355195707212e-01 -3.062680819797050980e+00
2.338968838693825774e+02 1.687396707573879037e-02 -4.183961642573431838e+00
2.412376895795825078e+02 2.411625061727488972e-01 -2.672174436032204170e+00
3.092623809736528528e+02 4.663623527932048152e-01 -2.835375745057080898e+00
3.054460234148314157e+02 6.217293255006004493e-01 -3.666446840932458540e-01
3.184110386954797605e+02 5.619466578907664767e-01 -2.807674924618966283e+00
2.773817984356573447e+02 3.569590322637092999e-02 -3.120010070736438379e-02
2.705806608192845601e+02 2.398857393205883204e-01 -3.311676381475393144e-02
2.989670390344397219e+02 4.093143517150452659e-01 -7.979651410057217453e-02
3.295114389697135948e+02 7.636889136527396094e-01 -3.330938283323877869e+00
2.838042296696661992e+02 5.714991920562048633e-02 -4.187676585649057870e+00
2.730966441130384510e+02 4.432702780938673204e-01 -4.960108321140037635e-01
2.909033574106771312e+02 1.815336304702089565e-01 -5.462956199695636617e-01
2.391082040553719423e+02 7.417213276988628978e-01 -1.912737013978345058e+00
3.342077549447421916e+02 3.171663664089788282e-01 -2.337340166600380797e+00
2.352919657769889454e+02 6.900069793416431230e-01 -3.407559842114554094e+00
2.548143011409187579e+02 4.608562385051793164e-01 -8.333737058572070922e+00
3.126672723547907822e+02 7.301575679783447459e-01 -1.697847341012636457e+00
3.158548725723504731e+02 8.532563847577034899e-02 -8.215189308974272464e+00
3.168094054084737081e+02 3.476526130863990538e-01 -6.480522733150645642e+00
2.865645078598376472e+02 2.297853004906431351e-01 -9.835974444282257423e+00
2.697566570135408028e+02 1.341371592273467028e-01 -2.779401186740939906e-03
2.881828773482671409e+02 5.779569822034469340e-01 -3.174623873625169068e+00
3.000291889380244470e+02 4.738050898188849169e-01 -7.171772641698119510e-02
2.276637113072215470e+02 2.948427879651509542e-01 -2.669952812179108292e-01
2.781448637839050662e+02 6.084068637537722868e-01 -5.919439906096738646e+00
2.826365201306798554e+02 3.110496411034486819e-01 -3.210569338333229439e+01
2.833950071655258967e+02 3.718131113811201649e-01 -2.983458920543307968e+01
2.791694790763829133e+02 4.570057433076815667e-01 -1.090719041491442631e+01
2.868480344944297826e+02 3.482613624686827225e-01 -8.353432392227155390e+00
2.834123975631886196e+02 2.937833836250136055e-01 -2.895083286629433061e+01
2.698303521385691397e+02 5.006970541136904762e-01 -1.997340400919881964e-01
2.866020972017664690e+02 3.446007664137512583e-01 -9.883908783023956701e+00
3.191065836711197221e+02 1.851235979817481558e-01 -8.934045705809419147e+00
2.806599112005750953e+02 1.575791373487717695e-01 -1.786272565451162109e+01
2.886412174621278837e+02 3.650085735263584596e-01 -2.661089369635695423e+00
2.817861367025520281e+02 1.164845942397309542e-01 -1.745336445674925940e+01
2.689683876655873860e+02 6.339812827448424448e-01 -1.545366026658507030e-01
2.737729513529605470e+02 2.946774217301443288e-01 -2.026214856731165803e-01
2.831068554453615889e+02 4.387559955425603397e-01 -2.986651974991864122e+01
2.652887200929834535e+02 6.395557491418260021e-01 -1.241751893257441841e+00
2.759022647346040458e+02 3.197073954912482696e-01 -1.740211569590027763e+00
2.763011347503714887e+02 6.199709330793009565e-01 -2.029322491335720624e+00
2.795476909996493191e+02 3.454055775336972167e-01 -1.379586265310558524e+01
2.754539981921663525e+02 3.609453492350720438e-01 -1.366021462249592089e+00
2.812420502171909220e+02 3.380299674661257914e-01 -2.998771975419280267e+01
2.771249822828328888e+02 3.036594762581772411e-01 -2.536735582017043189e+00
2.386438856224741869e+02 3.404541220721221118e-01 -1.508672145977297596e+00
2.763027804353836245e+02 5.236551399682914942e-01 -2.053451855951454075e+00
2.822281286551976791e+02 4.078081607818603849e-01 -3.268842857174704619e+01
2.784087055964532738e+02 3.031826878894721133e-01 -5.853207497899605372e+00
2.824880231187329400e+02 3.231647014617919922e-01 -3.287611472155045789e+01
2.828317305421979881e+02 4.315778255462646706e-01 -3.106918001840647037e+01
2.813858103233098973e+02 3.819695949554443581e-01 -2.976787810464667317e+01
2.838322374177487859e+02 3.823181014337182493e-01 -2.713149538210173972e+01
2.818307887041657978e+02 4.712116241455078236e-01 -3.106207106282940344e+01
2.857636153677980815e+02 2.983707497925670582e-01 -1.560758243275580881e+01
2.879377159871174854e+02 5.000606566516232476e-01 -3.962067196925068924e+00
2.826705058379980073e+02 3.470318078994751310e-01 -3.212564228549187106e+01
2.821085422739582782e+02 3.621050834655761830e-01 -3.312870100842473420e+01
2.820980672597471539e+02 3.306408841254412923e-01 -3.318203919842704153e+01
2.816734923854602357e+02 3.887821287988664221e-01 -3.240468190696124395e+01
2.825489368534593950e+02 4.019438230724814431e-01 -3.235276568936787811e+01
2.818806591467018734e+02 2.890460014343261830e-01 -3.278895806685387981e+01
2.826219596554017812e+02 5.179181575775146928e-01 -3.004901626068173570e+01
2.835720699671808802e+02 3.216010808944702593e-01 -2.905047054358130154e+01
2.831044073431966694e+02 5.137549710555318061e-01 -2.817891060745558462e+01
2.667382688278855198e+02 5.064709809843398469e-01 -2.708118193986088773e-01
3.269367448434659309e+02 4.355866615270341247e-01 -5.468760528524541087e+00
2.842392418632075533e+02 4.614914476611915450e-01 -2.268893220998820937e+01
2.454914003535558891e+02 6.794708237441227094e-02 -2.847178936812432282e-01
2.497663933645766576e+02 1.372628325819215955e-01 -5.623990857260652287e-01
2.817332798318056462e+02 5.132317543029785156e-01 -3.020933208682794913e+01
2.837023356823373774e+02 4.124945640563965066e-01 -2.647262772708160483e+01
2.802667416383698651e+02 4.703574801888682488e-01 -2.028227015318724114e+01
2.822814235790033308e+02 3.351056475169436055e-01 -3.326756324472213322e+01
2.838998993975831695e+02 2.364280661398527883e-01 -2.586694954976528038e+01
2.817230720716705719e+02 4.057319641113281694e-01 -3.219011352204204712e+01
2.818912520731680615e+02 4.301392340847716156e-01 -3.178897359435507042e+01
2.812962089097308649e+02 3.938809173810196573e-01 -2.971293095361512115e+01
2.829124553542033595e+02 3.900327682495117188e-01 -3.066795968824563801e+01
2.823868016153780331e+02 4.006445407867431641e-01 -3.279439486872873744e+01
2.829691426067271891e+02 4.357157707214355802e-01 -2.987721893086938962e+01
2.826736074798689060e+02 4.684825420379639116e-01 -3.115974519370234930e+01
2.820104057343182831e+02 4.626378059387207253e-01 -3.172991086719798659e+01
2.826788180211086683e+02 1.778247884351365771e-01 -2.597763241457110794e+01
2.819818568287179801e+02 2.818054807149237284e-01 -3.261977989218704010e+01
2.834522501413006239e+02 2.476020994524573693e-01 -2.816552784034383450e+01
2.827983845016859163e+02 3.071377992630004994e-01 -3.211002053173255177e+01
2.829660828560792538e+02 3.117709397600668120e-01 -3.120817074284384063e+01
2.782576580625409406e+02 3.729201607949200192e-01 -6.536972789203575829e+00
2.825787083329885832e+02 2.784528255462646595e-01 -3.233043109027389761e+01
2.815982943576593129e+02 3.702055692672729936e-01 -3.144093450962585123e+01
2.819270247006560339e+02 2.780703544616699441e-01 -3.254266328542961872e+01
2.823843743567208548e+02 2.035619472696976462e-01 -2.877683004218525298e+01
3.114191589694954700e+02 1.569980506301853485e-01 -7.220566413605075340e+00
2.790804470111961564e+02 3.862384442692981534e-01 -1.061390637308906726e+01
2.796972223359492205e+02 2.192457976796508001e-01 -1.310209369621923337e+01
2.825709516383190589e+02 4.331541153559270163e-01 -3.184072691700984947e+01
2.826792115967177210e+02 4.319566020217884272e-01 -3.101919240228594887e+01
2.820961839809066305e+02 3.494986802857941166e-01 -3.318308913988185793e+01
2.825182949201995370e+02 3.937156793322008075e-01 -3.246250852049306701e+01
2.816822298183741395e+02 3.241044682874509864e-01 -3.262881965510539573e+01
2.823485809359712562e+02 3.512838840484619474e-01 -3.324186096290217307e+01
2.824364735687458960e+02 3.106275568329052716e-01 -3.279940696143439993e+01
2.844317801524032916e+02 4.269349022550642525e-01 -2.212142416239487019e+01
2.822845976336591889e+02 4.480052776413941951e-01 -3.200485828068893568e+01
2.820619435147864351e+02 4.505389678482106253e-01 -3.195862082394949155e+01
2.827284825277404821e+02 3.024958848953247514e-01 -3.205564701103777026e+01
2.818395030616597410e+02 3.439194440841675249e-01 -3.262618933291408752e+01
2.828244159588437583e+02 3.396906088025810067e-01 -3.218918947400003105e+01
2.821476746247682286e+02 3.792488639150197738e-01 -3.299430040888825033e+01
2.815555559938457009e+02 2.828172688561474968e-01 -3.094373249889456545e+01
2.826197172125859538e+02 3.266965297194491802e-01 -3.290018337903057244e+01
2.829285642776192731e+02 3.918882051432972524e-01 -3.064577506839955845e+01
2.815794559308831708e+02 3.961525642733587649e-01 -3.122230197883408565e+01
2.822997714232083126e+02 2.408983525258238112e-01 -3.132398606775837990e+01
2.823812989718678068e+02 4.868095963641643209e-01 -3.121595519787922868e+01
2.828273351114550564e+02 4.716766357421875444e-01 -3.024653579866370023e+01
2.631941109367728586e+02 4.818794274071048211e-01 -4.040451082512223735e+00
2.819594736552448353e+02 2.791879242202949807e-01 -3.256334304057182294e+01
2.818905561088753302e+02 4.893990045586543158e-01 -3.068235312710035245e+01
2.825659100598030022e+02 4.634436328273141559e-01 -3.124565203028657479e+01
2.825409919238261409e+02 4.196642875671386941e-01 -3.207290583696232744e+01
2.813743997732641446e+02 4.186144211791399394e-01 -2.939210632555252900e+01
2.827630056780980681e+02 3.604017873898733293e-01 -3.206073544553058241e+01
2.818183657962174493e+02 4.269961397355923616e-01 -3.185695871982438376e+01
2.818586769323205772e+02 3.263395398000826231e-01 -3.258594232724352224e+01
2.820037887318196681e+02 4.262852373329282241e-01 -3.239184584442488557e+01
2.816608582388439572e+02 4.488141313903455387e-01 -3.043714801335027786e+01
2.822858327493145225e+02 4.797804812664303586e-01 -3.136074306775048370e+01
2.823964012957139289e+02 2.961741875961123038e-01 -3.263887174882940201e+01
2.815954983956448814e+02 4.053318633802307502e-01 -3.110915346237787560e+01
2.819144013165450247e+02 3.477365878877949346e-01 -3.321337680737046583e+01
2.794254663304114388e+02 2.434707126260726717e-01 -1.192992594652890759e+01
2.820207783068511844e+02 3.748326171979345922e-01 -3.304975350852748051e+01
2.824724222506238220e+02 3.438723863816095516e-01 -3.287986518838764738e+01
2.821916853132471488e+02 3.986461898187615982e-01 -3.281580959311075674e+01
2.821497179221149736e+02 3.445714361963465033e-01 -3.326204271774010124e+01
2.822457716459917378e+02 4.289129630040213192e-01 -3.235079373399756975e+01
2.825843556374406376e+02 4.751137422277088018e-01 -3.100233107096611818e+01
2.655479257395865034e+02 3.829515702029634427e-01 -1.649375479082835882e+00
2.818239878143003239e+02 3.486545938159986147e-01 -3.262484937016957076e+01
2.825164061708246095e+02 3.587814594553840886e-01 -3.281550420098350429e+01
2.829142444002487764e+02 3.847788900046141269e-01 -3.074460884243466552e+01
2.824602383058449391e+02 3.317851636753191835e-01 -3.289127415120179165e+01
2.823005275847120288e+02 3.779488107006587772e-01 -3.305871342103304755e+01
2.831197489859661687e+02 3.377862527969628936e-01 -3.125413650994421388e+01
2.827931667425473279e+02 3.823054498756124353e-01 -3.184322609845567698e+01
2.826003132061803740e+02 3.349431643926429891e-01 -3.290770219707850686e+01
2.824263304388584856e+02 4.176251529228833803e-01 -3.208785503397204053e+01
2.817495631677103347e+02 2.720284212973810289e-01 -3.179218784487015981e+01
2.822170615589280942e+02 3.262230696015905873e-01 -3.324992283175496510e+01
2.818627779440090535e+02 3.664910602933910133e-01 -3.254126155436208734e+01
2.825189011935023586e+02 5.039016357696480819e-01 -3.035108295305429138e+01
2.820772519369901943e+02 3.966536342830218609e-01 -3.281377521223080151e+01
2.828236205092964042e+02 3.586307960088553348e-01 -3.208905094963270699e+01
2.821158638302480313e+02 2.928642136253191697e-01 -3.293158073908253414e+01
2.829756919022814259e+02 3.498446677625029477e-01 -3.114236564066222712e+01
2.821434958416758150e+02 4.241488075405270286e-01 -3.241264319867647714e+01
2.823861770687973376e+02 4.274455962029407030e-01 -3.238182920434353207e+01
2.823206477185410677e+02 3.375290135068245156e-01 -3.326796248164738046e+01
2.826719912502018701e+02 3.470392337336375976e-01 -3.212595399989310607e+01
2.826877931473714511e+02 4.825071812987648534e-01 -2.996553380002341171e+01
2.827635432924090537e+02 3.133025874457409099e-01 -3.214474393812719200e+01
2.817107154473374067e+02 4.137210331053442491e-01 -3.208337932114860536e+01
2.820657410105018243e+02 4.389261721846605124e-01 -3.217017594456828533e+01
2.828870748629545915e+02 4.015148880909343854e-01 -3.160089644192703418e+01
2.825451077684070356e+02 4.748124053690460089e-01 -3.100148497229535138e+01
2.822335727209168681e+02 3.448253961064133843e-01 -3.326126272142466433e+01
2.825035717570966654e+02 3.676859420805598244e-01 -3.274685242070075475e+01
2.828676914568790153e+02 2.525466837214643823e-01 -3.015747097631304285e+01
2.820289267400900144e+02 4.169896149263378482e-01 -3.253675940284873036e+01
2.825795871824685719e+02 4.582679973784195560e-01 -3.135474930453714038e+01
2.822208391443041364e+02 3.748654512771740777e-01 -3.308658682793168282e+01
2.826203390386628485e+02 3.160724717196777278e-01 -3.285489035734303087e+01
2.824205127457501021e+02 4.008801217586391852e-01 -3.234779384486792964e+01
2.823219154864215739e+02 3.728796953318810892e-01 -3.310568812706818420e+01
2.823094874186996321e+02 3.567716669530087148e-01 -3.321768536475575218e+01
2.825605113888084361e+02 3.882251092705307771e-01 -3.253930029521784206e+01
2.820646130655285901e+02 3.488785194814572055e-01 -3.318927260715698679e+01
2.822525433578132947e+02 3.415313689416408782e-01 -3.326649782471043437e+01
2.820181881243655084e+02 3.289196766343402967e-01 -3.318943561860940150e+01
2.819401698915290240e+02 4.015114823579133407e-01 -3.276688210479267838e+01
2.821751057462017798e+02 3.505401827784553337e-01 -3.324489188970790821e+01
2.827898252847056142e+02 3.601037773595456848e-01 -3.206955785164584682e+01
2.819531842314387973e+02 3.705321029252620635e-01 -3.309296725029651753e+01
2.823194876480267794e+02 3.922910864427759936e-01 -3.290083123063077153e+01
2.819676365862899274e+02 3.039366656103095199e-01 -3.300562010477230501e+01
2.820599659630743190e+02 2.661099076848140732e-01 -3.218354062459280840e+01
2.825155167273276220e+02 4.061940079732686559e-01 -3.228444769268340764e+01
2.829511529584150367e+02 3.501508144263850153e-01 -3.113224956306217095e+01
2.823761771697137988e+02 3.913292837691839665e-01 -3.291373858440044842e+01
2.817980759877964942e+02 3.650904459148048287e-01 -3.256781799331702132e+01
2.825506594837557373e+02 4.199682854236608809e-01 -3.206938080447008588e+01
2.819596858923322316e+02 3.718703728430033384e-01 -3.308173734593351867e+01
2.817542803379143947e+02 3.922708448759708588e-01 -3.234592678759158701e+01
2.816982328834155851e+02 3.754088851136543892e-01 -3.252314832478591455e+01
2.821639512559280547e+02 3.610703763503717578e-01 -3.319252828885191065e+01
2.825124990382112173e+02 3.506731318956061161e-01 -3.285987805061297706e+01
2.821498881940219690e+02 3.543014999807443388e-01 -3.322921918333190661e+01
2.823497241662560668e+02 3.105838308382953272e-01 -3.314788718101276288e+01
2.823619216422531508e+02 3.639662339563169979e-01 -3.317497905542484204e+01
2.821551918241455610e+02 3.597191395245433188e-01 -3.320065797080023628e+01
2.822077416543548907e+02 3.126344708345158430e-01 -3.317061799452192616e+01
2.823756979674980130e+02 3.454277599175337166e-01 -3.325886744562744468e+01
2.823783390689588941e+02 3.264622294626276511e-01 -3.287400237536793668e+01
2.826057865053191449e+02 3.108647614742900411e-01 -3.281669987822473189e+01
2.826164804911240367e+02 3.484640318608036580e-01 -3.288185553079237877e+01
2.823300305564640098e+02 3.747606333162493697e-01 -3.308906294302013862e+01
2.825452081775293891e+02 3.429639754791983797e-01 -3.289094815327575105e+01
2.822825937278738024e+02 3.448231111268367233e-01 -3.326097582757165583e+01
2.827570857027466786e+02 3.438927967493682347e-01 -3.215966401067564817e+01
2.823287120441715956e+02 3.257686175817235408e-01 -3.324590247441665980e+01
2.821718500509125533e+02 3.755921148885438265e-01 -3.307899104493406384e+01
2.823873095276755976e+02 3.362806109829256651e-01 -3.288288898293836127e+01
2.822574300386965547e+02 3.644483225479154265e-01 -3.317111406272993435e+01
2.818397125079123384e+02 3.939057299968611869e-01 -3.230523514461236090e+01
2.819847498546491238e+02 3.469691169931891084e-01 -3.320507000158487187e+01
2.819218499237825313e+02 3.418379292511679601e-01 -3.322089887244593598e+01
2.824428463824243636e+02 3.426093157565117675e-01 -3.287957000551769227e+01
2.821574034780914531e+02 2.990162681482886886e-01 -3.302282052963401071e+01
2.822748323725786577e+02 3.708584512369952346e-01 -3.312236167503037620e+01
2.826318615380104688e+02 3.626072444319121679e-01 -3.280404343742401352e+01
2.821771969329154786e+02 3.477069938507093005e-01 -3.325419328069225600e+01
2.821680426192288564e+02 3.239982449856189661e-01 -3.324224032127947481e+01
2.824895338291307780e+02 3.329166692385372994e-01 -3.289519334559809494e+01
2.803684249004450635e+02 4.463835407960525803e-01 -2.039499950530578687e+01
2.820581262528201592e+02 3.059770574776541352e-01 -3.301422265130378264e+01
2.822345961783836970e+02 3.162211718010986550e-01 -3.319728569864370371e+01
2.820508706844009339e+02 3.350383570871485750e-01 -3.319891649605665407e+01
2.822199873072681839e+02 3.621701434009298448e-01 -3.318606207283018961e+01
2.822143027140484719e+02 3.498490133864217699e-01 -3.324737991170562168e+01
2.822061918504125515e+02 3.204382752197821871e-01 -3.322425576451404083e+01
2.823142806884426363e+02 3.172870993983977206e-01 -3.320226426803933606e+01
2.821539351266549716e+02 3.834098731283788197e-01 -3.299965133352426250e+01
2.819295646326468159e+02 3.298789344463872175e-01 -3.320624355505084679e+01
2.820746229597369279e+02 3.716291782662118903e-01 -3.306891176771712537e+01
2.822872281947289821e+02 3.235682880256895433e-01 -3.323787861541882904e+01
2.822356023186136440e+02 3.770727276200002143e-01 -3.306613532936143685e+01
2.821033951635272388e+02 3.044251184046355974e-01 -3.298748615378554661e+01
2.823825918808668121e+02 3.247598182309021642e-01 -3.287000725167091986e+01
2.823944723373645047e+02 3.814164140272112147e-01 -3.302524629593025196e+01
2.823162993386785615e+02 3.351622599097381361e-01 -3.326707604879882041e+01
2.820251716080409210e+02 3.293472555063927665e-01 -3.318973160330976668e+01
2.822413381360852327e+02 3.245716731963270152e-01 -3.324318571181165538e+01
2.822977418604938293e+02 3.210627026474504042e-01 -3.322537215285768752e+01
2.823483157037749152e+02 3.415040816252676303e-01 -3.326553486577638097e+01
2.822258622841570741e+02 3.738941536744530558e-01 -3.309547209517542399e+01
3.027845578879355912e+02 6.624170958124272479e-01 -8.867495595721161528e-02
2.950162300510456816e+02 2.770340963058490896e-02 -7.607763135034454338e-01
3.361676247765270205e+02 7.367703023496960935e-01 -9.519800876818728108e-01
3.406765179203148932e+02 3.510668803601100230e-01 -1.023527766738402178e+00
2.290782127970011004e+02 2.288371686145678763e-01 -6.218123017098685368e-02
3.345727223905977326e+02 4.232013758990312846e-01 -2.211198508965604770e+00
2.844307694510363262e+02 1.624514143055424409e-01 -1.973441436469590826e+01
3.040057887391608347e+02 4.466145915195177674e-01 -1.319669276075775277e-01
3.191389521461775871e+02 2.239506019701384965e-01 -8.368274113575690620e+00
2.959092621042431119e+02 3.286208247379011071e-01 -1.365534611327221814e-01
3.150875909381846895e+02 8.114965758197031920e-02 -8.111463482166641370e+00
2.873461814553867839e+02 3.768595049062390956e-01 -5.881155993137376470e+00
2.644830433800224796e+02 7.445241029492501994e-01 -2.102284482753354222e+00
2.459023244164085327e+02 1.312929717071384395e-01 -9.705826260922967297e-01
2.556721312629277065e+02 7.574474698224903380e-01 -9.629577465282885385e+00
3.172724292823196492e+02 1.944821677481107236e-01 -9.285160396005366579e+00
2.503529140181502726e+02 9.988508203575924282e-02 -1.937030343415888783e-02
2.932911038660539020e+02 6.211965273442587865e-01 -2.213449749800342758e-01
2.341350689126158784e+02 7.866846014474486448e-02 -6.524802274975525229e-01
3.162178008999254644e+02 7.035741911290114281e-01 -2.086209533782422909e+00
2.657592478832227698e+02 1.178203362339789728e-01 -1.035547404972253283e+00
3.084343183669314499e+02 6.790322433864578455e-01 -1.821077773712960868e+00
2.420751220563675190e+02 5.524133180766125362e-01 -7.816272834339646813e+00
3.290947653098871797e+02 3.072509961635013775e-01 -6.958036847149718263e+00
3.271383597649535773e+02 3.203718409409603840e-01 -7.396382529167516928e+00
3.331472314246316273e+02 2.418019552359141344e-01 -2.303009555778428474e+00
3.218085252450105145e+02 2.069911710766032253e-01 -9.482075736213188222e+00
2.339893320834217718e+02 4.810995197004553359e-01 -1.616123744589367917e+00
2.763594993463164542e+02 5.845640573159284203e-01 -2.138022326957690566e+00
2.707127757897144988e+02 5.432371412719726456e-01 -5.662088968174755488e-02
2.627424236956721870e+02 7.164905254799706080e-01 -3.495164210295808260e+00
2.608320472829963705e+02 4.888734700661178656e-01 -3.800352003088673047e+00
2.369935953439921263e+02 5.622295325599237226e-02 -1.568973709598793231e+00
3.250809248290010487e+02 3.369395054251421717e-01 -8.536378732385111689e+00
3.116803216886042946e+02 3.534089895653332314e-01 -5.205344001643515739e+00
2.560057182834650575e+02 1.471524299168306960e-01 -1.543121949153175576e+00
2.835330662522863463e+02 4.787778508269496247e-01 -2.633958610151628932e+01
2.617464059855768141e+02 2.995024001581668149e-01 -3.499069955286579603e+00
2.664819446440865249e+02 1.727079779171922791e-01 -5.240303706309052956e-01
2.902539674463309325e+02 1.865825263074259999e-01 -6.967674776280057269e-01
2.300922866255092174e+02 4.105486478650272608e-01 -9.592983077964229999e-01
2.314641676735760427e+02 1.554005449791403815e-01 -8.006190205604926668e-02
3.280162271305412105e+02 1.784845320749031683e-01 -8.770201582213791980e+00
2.747404469494593968e+02 7.080141138581881322e-01 -6.637602023332009882e-01
2.570517391095276025e+02 1.770984596778714089e-03 -2.624084607785893031e+00
2.493158498887672181e+02 1.249566562174291989e-01 -2.779841007109917217e-01
3.093654998692827576e+02 9.013624918363195848e-02 -2.759762261977569686e+00
3.298517795950324398e+02 6.682379274631198296e-01 -3.776355617936957287e+00
3.128236608464083019e+02 5.106798715297137248e-01 -3.467621111142856538e+00
2.792360118814378893e+02 4.501689213170538828e-01 -1.257491947448704117e+01
2.593239191971635478e+02 4.611488440939310873e-01 -6.158663092637183922e+00
3.371861617214196372e+02 6.881152224955044971e-01 -9.678845760669337883e-01
3.238073266872326030e+02 7.944670605513471928e-01 -2.522797889106304314e+00
2.322181928824208796e+02 5.953411229650725778e-01 -2.489545640604649890e+00
2.533180501669222053e+02 6.453809223545307061e-01 -7.650178520190304532e+00
3.005276918911043822e+02 2.674575392062571999e-01 -2.841085001393215403e-01
3.215672341939200578e+02 3.620769207573532045e-01 -6.968048116029267547e+00
3.078321912681426511e+02 4.172852035567135159e-02 -2.529280550226189472e-01
3.325808944413810764e+02 7.172027737509059642e-02 -2.921395255235904598e-01
3.395182861115409878e+02 4.065580660777887712e-01 -1.276723895411799869e+00
2.692849277880339400e+02 1.054200959116479708e-01 -8.503321307572937748e-02
2.437878985323137044e+02 3.999602065037735632e-01 -6.470591887260898289e+00
2.883748197771033688e+02 6.336197844106378207e-01 -2.550982120252948793e+00
2.588644570678208083e+02 4.299057367066688728e-01 -6.971177036935642946e+00
3.307585818200884660e+02 2.735878350108358337e-01 -4.962701453273911767e+00
3.012319429445757351e+02 6.526430751736823632e-01 -2.891271853010833788e-03
2.781052252251737400e+02 3.775684030620370113e-02 -9.836361605552429443e-03
2.893599443646633063e+02 5.266012031889446554e-01 -1.157027335723248784e+00
2.674584991521941220e+02 5.288621074683464984e-01 -5.759218681879819252e-02
2.915106396405641931e+02 2.571485013028373956e-01 -1.636328620017625801e-01
2.819850970952352327e+02 6.806107847257326648e-01 -2.680562015968781608e+01
2.466702753261898238e+02 7.236603062503216277e-01 -1.752607076566992328e+00
2.279715546274006215e+02 2.908320769634069047e-01 -3.533663874093548873e-01
2.452216225504345744e+02 7.600488923582808809e-01 -3.574187745361356416e+00
3.375700659659612484e+02 6.022516598997497139e-01 -1.218721989335802114e+00
2.968158880736106084e+02 2.388420189390052240e-01 -2.547033148088002075e-01
2.520828570879082235e+02 2.123345525136514089e-01 -1.843246023125847399e+00
2.798589570188272546e+02 5.691978009739110389e-01 -1.557348764300795274e+01
2.985961740674397333e+02 5.642743763375448474e-01 -3.604752446098773849e-02
2.728396106564872525e+02 5.139230278309791372e-02 -3.738258277593123902e-01
2.486377009039640029e+02 6.147899034346586689e-01 -6.492294922799926482e+00
2.545098836170451477e+02 7.705743315541544458e-01 -9.964280659320177591e+00
3.059550970238926766e+02 3.882754411034314845e-01 -7.937755609341025087e-01
2.816550161967077202e+02 2.859412773505825567e-01 -3.216038076900266418e+01
3.196818098389854299e+02 5.025813569495758415e-01 -3.663502448190835814e+00
3.050848095295892222e+02 5.481895384600624643e-01 -2.948598101433711482e-01
2.926471310006061799e+02 5.820629666670790181e-01 -1.772890523062532475e-01
3.103558522155213950e+02 3.741634381693521583e-01 -4.185516751528879809e+00
2.379357964780275836e+02 2.534645586967279041e-01 -1.226040384996035071e+00
2.859018652627930805e+02 7.794734485224735776e-01 -9.415740103715029008e+00
2.999181514422020314e+02 1.363388933870081088e-01 -4.143077032172923224e-01
2.409870171577450151e+02 9.820077841040709271e-03 -3.245271781104507980e+00
2.759950964783761265e+02 5.176548974663468528e-01 -1.944823990718442808e+00
2.693908888537436610e+02 6.251739122836137419e-01 -2.286646141562681811e-01
3.146712221001279204e+02 3.157734950465290735e-01 -7.289264915021739455e+00
2.402713827545316860e+02 4.688685059869162619e-01 -3.343511032114993231e+00
2.361640352501183600e+02 2.364203426209031053e-02 -4.026757088140332286e+00
3.241341138729503655e+02 4.346131490722271451e-01 -6.761549106173180057e+00
2.725179108413053655e+02 7.312523578007485980e-01 -2.316896932837541057e-01
2.396826719330590265e+02 7.919924669935953787e-01 -2.400956680794183562e+00
2.786335262074757679e+02 2.846021967770779870e-01 -6.694580195550606128e+00
2.822995645033257119e+02 3.594209709063016511e-01 -3.320326788161241183e+01
2.822504290552987527e+02 3.410750790127609067e-01 -3.326701457381344795e+01
2.823069849064821142e+02 3.483291474069997729e-01 -3.325199035058854236e+01
2.821428335675281005e+02 3.357329877940116725e-01 -3.326945879144295759e+01
2.822973062763230132e+02 3.384627033829042952e-01 -3.326818790179498109e+01
2.822581981269354401e+02 3.618734983853676979e-01 -3.318823440210604758e+01
2.821654237134992513e+02 3.588734986582607922e-01 -3.320567229651469887e+01
2.821569270225274977e+02 3.299909041602461235e-01 -3.326165965086140375e+01
2.820031572601976109e+02 3.452859649070869619e-01 -3.320539201543878960e+01
2.821047362240062739e+02 3.622455004795146483e-01 -3.312842768686667227e+01
2.819934718794170294e+02 3.361665984290058695e-01 -3.320913284147913203e+01
2.822789601903974130e+02 3.394587600481745460e-01 -3.326801215393653877e+01
2.821783731138674511e+02 3.636125275972174609e-01 -3.317610590734596343e+01
2.820486391202614982e+02 3.265381932992785785e-01 -3.317567537423972368e+01
2.791221846403878999e+02 3.265782096057601724e-01 -9.993888600737310668e+00
2.761442594019088119e+02 2.922370395693425493e-01 -1.821088778728024549e+00
2.820379494683852499e+02 3.509442237574419976e-01 -3.318747256752541119e+01
2.819988142954530304e+02 3.536985321990493980e-01 -3.318369130329216432e+01
2.819971052550007471e+02 3.408543819736746805e-01 -3.321036532036693956e+01
2.820889387536807931e+02 3.401739381779733118e-01 -3.319664667076619935e+01
2.820642365173814028e+02 3.536662936950228375e-01 -3.317459922169044262e+01
2.822910773519336658e+02 3.562596228943433196e-01 -3.322026608107711354e+01
2.816853413696260873e+02 2.525598837975590039e-01 -3.116269946933221036e+01
2.820536253880391655e+02 3.493385626941905020e-01 -3.318970997130227119e+01
2.820708794571696671e+02 7.021999143561552525e-01 -2.632443226031126216e+01
3.001507817277496883e+02 2.633746638628061687e-01 -2.775280352777282356e-01
2.341452306157293890e+02 3.466109659658856423e-01 -1.177576305789648670e+00
2.638577687337606221e+02 3.267122220085286743e-01 -4.102593180188131683e+00
3.270319457628145869e+02 6.492731667032993759e-01 -3.241086176767796534e+00
3.408696988594005006e+02 5.878411904138083344e-01 -1.774010498860163487e-01
2.600377589470461999e+02 4.379307877616532285e-01 -4.428028128677943265e+00
2.523415323834339006e+02 5.927843965483535760e-01 -5.507857373938282564e+00
2.649373850485744697e+02 4.344765076940101250e-02 -7.262589683971331089e-01
2.437880092967722021e+02 1.369977003387070069e-01 -1.127473697893956794e+00
2.707799557228220237e+02 7.226551194646047005e-01 -1.019653938971975954e-01
2.791758003633098610e+02 5.517450505715065789e-01 -1.099585720617854001e+01
2.337993544948835449e+02 9.077738493473302972e-02 -5.762465063134445398e-01
2.931144831781293760e+02 5.312492044513930090e-01 -1.517600856232862172e-01
2.407354062424488177e+02 2.787256015014954458e-01 -2.674563602569561382e+00
2.490937034544970459e+02 7.656529104892899618e-01 -8.030858227423992801e+00
3.084649273782473529e+02 6.581876675617363004e-01 -1.861679313754472265e+00
2.768683739454351667e+02 5.023598711262303729e-01 -2.458625659678772113e+00
2.953755148593655804e+02 1.607392125524567394e-01 -4.759103397324500606e-01
2.849652335537697923e+02 3.124332134194570121e-01 -2.107382413542062949e+01
2.604422778657897766e+02 5.938356389752285670e-03 -2.117654946662485216e+00
2.573126494658097840e+02 7.179995276099200296e-01 -1.085191141244649060e+01
3.045096877301475615e+02 1.717999880225868914e-01 -7.625340409601111258e-01
2.547408939093944582e+02 2.472768477361448614e-01 -4.410695788096730574e+00
2.500008479168451743e+02 2.705676881035681478e-02 -4.023635384032044904e+00
2.778202923838946390e+02 3.840810456942976847e-01 -4.560692429679650495e+00
2.373379591273526330e+02 3.569402774436186698e-01 -1.567228029898318109e+00
2.420202677393400563e+02 3.411589625003360049e-01 -5.374057551173969216e+00
2.703587122814316217e+02 7.332114651061901744e-01 -2.315350773806080786e-01
2.858254344362006805e+02 1.991650404216420422e-02 -1.593621175136444856e-01
3.204801529609321733e+02 7.869364448349974728e-01 -1.821130360041320451e+00
3.185669064998402291e+02 5.277088906232395571e-01 -3.144244492083290154e+00
2.308040108022823063e+02 2.187497753455697469e-01 -1.641960596035927852e-02
2.722667224236269021e+02 3.085706765142387509e-01 -5.879560379231342226e-01
3.165023369864999268e+02 5.839804844190175093e-01 -3.012111725030167886e+00
3.141640412519488450e+02 7.363112852391346941e-01 -1.732930502177900234e+00
2.664162063498770294e+02 6.359476579661511586e-01 -2.717370510019333496e-01
2.618400490307152495e+02 4.115378187641825503e-01 -3.635980765948941151e+00
3.055798108223301028e+02 5.544553633281315008e-01 -3.762269005142787059e-01
3.075798440565554301e+02 1.815798277218972911e-01 -2.513673840388265024e+00
3.337810841288518304e+02 3.578538808354374962e-02 -2.811332211444533824e-01
2.942515453141223816e+02 4.946878033348721115e-01 -9.301213729751035830e-02
2.730505419888415304e+02 2.655326926593890580e-01 -5.703032120445624686e-01
2.512382982635850226e+02 2.268485082735607061e-01 -2.564122299794922455e+00
2.805182111466746733e+02 1.394553237940912051e-02 -8.962745300383755387e-01
3.234209678379876323e+02 6.212197501087311086e-02 -6.680411431486874108e+00
2.462238387118683249e+02 7.463929716347035281e-01 -1.897866605173893939e+00
2.290372442503972934e+02 6.294670884720334758e-01 -3.206599346596325173e+00
2.449631676262462747e+02 2.335909457823357460e-01 -2.534813087918909691e+00
3.056954204457934452e+02 4.494101898785780036e-01 -5.625125589329559306e-01
2.875489031562840978e+02 7.585309927492935866e-01 -4.262387131167546528e+00
3.361104267958644982e+02 4.675018870180954744e-01 -1.857338390718270782e+00
2.429185613625716371e+02 1.353268869889809323e-01 -1.304198346644632300e+00
3.015383646495707239e+02 6.833414368619188384e-01 -4.610439696564898673e-03
2.675149615085143182e+02 1.902162250499773444e-01 -2.536696486547035945e-01
3.194035354306549266e+02 2.901813441766478152e-01 -7.042611957605373618e+00
2.299265022536708898e+02 5.220653886593467491e-02 -3.421066379529873913e+00
2.469772357151718154e+02 6.097393063794931400e-01 -1.906562236263891652e+00
3.175762783918000309e+02 7.768458270295373058e-01 -1.541737641315881646e+00
3.112562806444757371e+02 2.528394297589723894e-01 -6.398511319888556592e+00
3.154611324028895751e+02 4.032564484827771967e-01 -5.617248917264599406e+00
2.686486981005772918e+02 4.244578127893701147e-01 -5.234330471386795108e-02
3.298980933669058118e+02 7.070026891890521803e-01 -3.581336333813928352e+00
3.249353396388205510e+02 3.994317260569554828e-01 -7.130219855153042019e+00
3.279560984414970335e+02 6.034364163253157498e-01 -3.913758463181168601e+00
2.359668675338198511e+02 2.100494263132770267e-01 -1.065647754154193105e+00
2.395256277496837924e+02 1.927863243092297063e-01 -1.033221932554393208e+00
2.982035330857151507e+02 1.154985122209728071e-01 -4.603086551570547691e-01
2.919843434671872728e+02 7.988901350090437115e-01 -1.556769078568673859e-01
2.955056774327214271e+02 2.036417435980476809e-01 -3.435285060589292616e-01
2.836590411990899838e+02 6.896112638360295533e-01 -2.132159302140744117e+01
3.221491412937699579e+02 1.245082888023719553e-01 -8.827475011238409053e+00
2.993205654607958763e+02 6.755865820980373471e-01 -3.443822803349977368e-02
2.752812086723000675e+02 4.419722902676788134e-01 -1.162997901806149148e+00
3.290207618022731708e+02 6.416229384854005291e-01 -3.946351843515087499e+00
2.567157546213210253e+02 4.809719539348515926e-01 -9.559615998861255903e+00
3.122840852150640103e+02 3.330201603641307351e-01 -5.865752536558088259e+00
3.126668786410623397e+02 1.484768433580891389e-01 -8.604179848270602449e+00
2.480904441757149073e+02 3.756396974497651087e-01 -3.437530365383252740e+00
2.583737231932984741e+02 5.674293328099487832e-01 -8.585348270414430161e+00
2.323183412705216426e+02 5.396835700311166661e-01 -2.250491229531464743e+00
2.535407424649731354e+02 3.776622838357338585e-01 -6.361687083350977545e+00
2.383457629705042962e+02 5.179125304006616526e-01 -1.862218884229321691e+00
3.373545161206056946e+02 7.376655256375511116e-02 -3.283352751099626321e+00
3.351763419537985556e+02 1.001677447333644971e-01 -2.085774404164641549e+00
2.274747544677690598e+02 4.228367270088611574e-01 -7.269076105270029231e-01
3.323628744007868931e+02 6.169074350049389421e-01 -2.859930585731914832e+00
3.309791074919008906e+02 1.091504874198229030e-01 -2.960760938980963264e+00
2.873200793362329932e+02 2.850514463522526021e-01 -6.006657665564826942e+00
2.888264373032409367e+02 1.538062847353333373e-01 -1.858385648376218890e+00
3.101500509633555680e+02 4.569525091925820681e-01 -3.274721828571392379e+00
3.255690449169641170e+02 5.093720274956757832e-01 -5.014745064070151415e+00
2.749781255098352517e+02 7.744719818979046710e-01 -9.675072024780603241e-01
2.899087763664953172e+02 4.775463150119287348e-01 -5.875144041529428707e-01
3.375413786086878645e+02 3.631764668764926873e-01 -2.880426237244581245e+00
2.807415500648233433e+02 8.370784467166431098e-02 -8.530722169077426642e+00
3.033402041336790944e+02 2.976260822113889759e-01 -2.927124845896445504e-01
2.631238868554792134e+02 6.645564881172960625e-01 -3.560574206903799777e+00
2.975446755420443878e+02 5.705439802834145757e-01 -1.940986590821220520e-02
3.397246151081101289e+02 7.078198249417542998e-02 -2.404571869546010099e+00
2.851190187884244551e+02 2.311867963987713770e-01 -1.900503667167333077e+01
2.838411729857277237e+02 2.515612486721840457e-01 -2.734918870928644097e+01
2.862436459787369358e+02 4.697576431668958330e-01 -1.028470142159801171e+01
2.779899906466493462e+02 1.561305205755698366e-01 -2.681680768817193972e+00
2.823167452906096173e+02 3.071276006323444552e-01 -3.311502244092268654e+01
2.835724551805300280e+02 3.745139579379884731e-01 -2.852769794633096723e+01
2.827184778626017305e+02 2.788612870385704379e-01 -3.170140502163518903e+01
2.561178376856856289e+02 5.607424401530097802e-01 -9.550695873223622456e+00
2.827342666279439527e+02 3.636583429096758580e-01 -3.202642414793633208e+01
2.815533162900015327e+02 3.666227122566595997e-01 -3.148113121418849403e+01
2.828507272349356185e+02 3.247364656277300643e-01 -3.220389142007783789e+01
2.593938248609013613e+02 6.098375768109288719e-01 -6.471114579911942499e+00
2.831676636544549410e+02 4.724457087648353815e-01 -2.916476061633028749e+01
2.845414010247138208e+02 3.719433913060272712e-01 -2.335434711878196268e+01
2.816355028525983926e+02 4.817703531918937632e-01 -2.984367615595361656e+01
2.823315135849827016e+02 3.797966985756995317e-01 -3.304089493196197935e+01
2.823910643194195131e+02 1.657545258493451912e-01 -2.502879722895682590e+01
2.812331177376217397e+02 3.082290271143996452e-01 -2.980236710967981395e+01
2.841566839385018284e+02 5.408976442505125659e-01 -2.212040987758379629e+01
2.850277655886475827e+02 4.607367861360684436e-01 -1.849299566605171563e+01
2.804824441037999350e+02 4.888744185016564159e-01 -2.231448754109648291e+01
3.171432908154782808e+02 6.440013710046034179e-01 -2.376160537817445739e+00
2.809625915175244018e+02 1.803423143638459569e-01 -2.208249990264112128e+01
2.823431780064677241e+02 4.555215613315921619e-01 -3.186218149565491586e+01
2.841902031474709815e+02 4.319908152955898584e-01 -2.337329935581037432e+01
2.838251840367581735e+02 3.276627556121909923e-01 -2.784322904872478688e+01
2.841434670873245523e+02 3.143319806680478501e-01 -2.540985266492764083e+01
2.825078658362646138e+02 3.030420865038397360e-01 -3.273367413742128207e+01
2.817297164202183239e+02 3.121576435490112655e-01 -3.252608709515151730e+01
2.824875245142670224e+02 3.937780136350262361e-01 -3.245695303466382597e+01
2.828018697199790950e+02 3.187085925558677535e-01 -3.217754116174745604e+01
2.821755724488418764e+02 4.451728245445579768e-01 -3.205277870705096888e+01
2.816226704872237292e+02 3.601435386395870908e-01 -3.148312472475048907e+01
2.823946454030496511e+02 3.290920906086528541e-01 -3.288089029902951665e+01
2.821274805590237520e+02 3.766424831067062273e-01 -3.302044930215583207e+01
2.845660905474643414e+02 3.456316586971761029e-01 -2.381444765643551520e+01
2.826040381671471096e+02 3.521271356279387366e-01 -3.286437323353910500e+01
2.827110845666927048e+02 3.204859431328708763e-01 -3.216467487401267533e+01
2.788504641132990969e+02 1.958877919999889861e-01 -7.068096183010474043e+00
2.826422226254876477e+02 2.803691151711157348e-01 -3.171897144280044145e+01
2.832610373584519152e+02 4.918420442528823600e-01 -2.737526816212145420e+01
2.836840132444643245e+02 2.463033803136266686e-01 -2.715272012732231133e+01
2.835272427919965708e+02 3.488774217686601009e-01 -2.883908015027541794e+01
2.831087101398446748e+02 3.719153549830689354e-01 -3.097698248145898603e+01
2.818809863266044999e+02 4.380017631566584524e-01 -3.166134691517054378e+01
2.817858465841405291e+02 1.992697019193033769e-01 -2.793764301755923540e+01
2.871277641276263921e+02 2.952656312659250881e-01 -7.169228528701380831e+00
2.822651014466814559e+02 2.959989574398397272e-01 -3.297448905071442482e+01
2.852345061589412580e+02 2.728297754169404787e-01 -1.947464170771973357e+01
2.819544059926678301e+02 3.408692096438294961e-01 -3.321664591192755722e+01
2.829310106590507985e+02 3.025403455779187567e-01 -3.114354528413667467e+01
2.823505742676347836e+02 3.580676256144545988e-01 -3.321086421207340322e+01
2.821868326469520980e+02 3.459580643314210113e-01 -3.325885631244491947e+01
2.827215651082938166e+02 3.761225829597203418e-01 -3.189808764408565267e+01
2.830551027541748113e+02 3.330583971040648184e-01 -3.124950240205059160e+01
2.825555728910667312e+02 4.050533572748440392e-01 -3.230797092586900732e+01
2.819226501047093052e+02 3.125204801468021709e-01 -3.310501354221354831e+01
2.817387845739735326e+02 3.920085169436429706e-01 -3.235286416562584577e+01
2.822053152061027959e+02 4.628688057089936914e-01 -3.170749094225129738e+01
2.832431488668363500e+02 3.586976854023225525e-01 -2.993081907046601131e+01
2.819780591838241435e+02 3.827819638820503800e-01 -3.298126149566117959e+01
2.825862443714570418e+02 3.355262898688755047e-01 -3.290603951549194761e+01
2.818237774502885600e+02 3.325085444309292537e-01 -3.261931266101713334e+01
2.822494500781048714e+02 3.824129750549102869e-01 -3.301246911140972173e+01
2.824122008115145377e+02 4.452046330527810736e-01 -3.206412460923175445e+01
2.826142428605209602e+02 2.814420282408583995e-01 -3.173499455731251118e+01
2.826387000838974473e+02 4.305140554070319148e-01 -3.190003397554174569e+01
2.823337114071471206e+02 3.212783098220825528e-01 -3.322553738426311298e+01
2.819496595182597503e+02 3.813797473907470925e-01 -3.299855641076225510e+01
2.820725476915351919e+02 4.528084585097154613e-01 -3.191491930608932748e+01
2.819487523124253698e+02 2.993953946433342561e-01 -3.294828259435418261e+01
2.818916289418142469e+02 3.568855950586575787e-01 -3.318492924530017518e+01
2.814570229749802479e+02 4.211324895630230714e-01 -3.095158410967196261e+01
2.816955352103199175e+02 4.349693732019439540e-01 -3.175622839968524858e+01
2.824771157406207749e+02 3.960373793999183434e-01 -3.242484684396208650e+01
2.828888298995290711e+02 4.033848685051358851e-01 -3.157249762445990626e+01
2.825313420805504165e+02 3.949934959411621205e-01 -3.244740169885245251e+01
2.818925235047575484e+02 4.069566249847412220e-01 -3.213082751899493417e+01
2.823585508231985841e+02 2.784824201569358615e-01 -3.231789296100995301e+01
2.818539256883394728e+02 4.348304468098060926e-01 -3.172111168278440729e+01
2.824274285116468945e+02 3.841128163646089777e-01 -3.256894271493609239e+01
2.824478856070641086e+02 4.178085327148437500e-01 -3.208844204655041210e+01
2.823042897918069229e+02 4.012566413648505637e-01 -3.278388035005129097e+01
2.820480840755622580e+02 3.731440366340714188e-01 -3.306029720861944554e+01
2.821206903102948900e+02 3.246857643127441517e-01 -3.315559898905415537e+01
2.820415651680410178e+02 3.149452786734497356e-01 -3.310586613715101123e+01
2.822544038627916052e+02 4.615051296329903963e-01 -3.173802142942588134e+01
2.829470936523677551e+02 3.459032622776307409e-01 -3.115919089927339769e+01
2.825226881828367596e+02 5.243242740631103294e-01 -2.988021304335912376e+01
2.819893875108276688e+02 4.561790563042912305e-01 -3.185747630512984685e+01
2.830839664715202275e+02 4.229395870595675233e-01 -3.016890721523452257e+01
2.828614709414976573e+02 3.704592698675654994e-01 -3.199336131852277632e+01
2.832519370570614683e+02 3.404037714004516935e-01 -3.009319777023068099e+01
2.824760166690508640e+02 4.864180205927175482e-01 -3.073536574036318925e+01
2.816519177501944569e+02 3.675314839102476472e-01 -3.259305853608756109e+01
2.828007095967283249e+02 3.125193860961956727e-01 -3.214767225932081374e+01
2.830559839024126632e+02 3.199590444564819336e-01 -3.125756116043512023e+01
2.828702165513706177e+02 3.590485811233520841e-01 -3.209688949978885120e+01
2.825686782593862745e+02 4.583061162054276605e-01 -3.135200293732837906e+01
2.823113933479435218e+02 3.920665502548217884e-01 -3.290340103346711942e+01
2.823952307359757015e+02 4.035834285483781425e-01 -3.275411020719600685e+01
2.822012839832435134e+02 3.606311779223840275e-01 -3.319557229825362299e+01
2.824068871374973924e+02 3.131870163354650849e-01 -3.281572135560231374e+01
2.828232972781491412e+02 4.108081405919507545e-01 -3.143577607187717504e+01
2.825405968050571346e+02 3.464807432161999268e-01 -3.288002633882479842e+01
2.829065453977628977e+02 4.125251913153413219e-01 -3.142946322662028180e+01
2.824529162053641471e+02 4.253707348690128898e-01 -3.195995470692077234e+01
2.823770462993240358e+02 3.677555409048993695e-01 -3.314784966365487406e+01
2.824572584921992870e+02 3.267549927766580931e-01 -3.288333687646780135e+01
2.818561339996930428e+02 3.740642196221194427e-01 -3.249071469046150185e+01
2.822088734931167551e+02 3.647468017606375623e-01 -3.316858308371760700e+01
2.817625356040506404e+02 4.060647955146004517e-01 -3.217579297972143593e+01
2.821542123316912694e+02 2.957281995223197679e-01 -3.297531005634642298e+01
2.827787315275454603e+02 3.815379799507722103e-01 -3.184897881631658478e+01
2.815345091219911637e+02 5.178592104513326522e-01 -2.914889709510718774e+01
2.821077179291615380e+02 3.960126316932101598e-01 -3.281811333168091949e+01
2.831126577243941256e+02 3.635043526313381790e-01 -3.106971199900838698e+01
2.820492834456798050e+02 4.670504489730190056e-01 -3.163916827689674349e+01
2.815218004508578247e+02 4.504677395207619117e-01 -3.046005419119584801e+01
2.825315612853170819e+02 3.702893895092012055e-01 -3.272790079203696934e+01
2.826342643586709187e+02 3.873217491156698555e-01 -3.256115481368988895e+01
2.818140652653357847e+02 3.567706560622507794e-01 -3.260405819008305173e+01
2.818472349312824008e+02 4.258104948295832748e-01 -3.186859977781711351e+01
2.824948965921126955e+02 5.215851899136244585e-01 -2.993851928107107341e+01
2.823870972617655184e+02 3.490207276848794060e-01 -3.285117402941239106e+01
2.821345547022324922e+02 3.432355834243769888e-01 -3.326460609575344307e+01
2.828737873376584275e+02 3.546998343138364485e-01 -3.212879175190442282e+01
2.823391820404015107e+02 3.337007900065638299e-01 -3.326524315162993162e+01
2.822241601379928397e+02 3.582667669343221895e-01 -3.320948676541988931e+01
2.818374108455337819e+02 3.032703823826425338e-01 -3.239130711654124894e+01
2.825290064588963332e+02 3.878622975023134356e-01 -3.253909852191417684e+01
2.821019595309920192e+02 3.791172325002753474e-01 -3.300139324289185083e+01
2.826877093496351563e+02 3.436991598179639507e-01 -3.214449935518911161e+01
2.818218418694331717e+02 3.357896297311566136e-01 -3.262711088807203907e+01
2.816979028078689566e+02 4.865478442812055104e-01 -3.078161862729309206e+01
2.823654572590688190e+02 3.842455722423129827e-01 -3.299487234677938829e+01
2.827865389124153808e+02 4.146781140855894110e-01 -3.136076088487370939e+01
2.825972474815756641e+02 3.285699503991835191e-01 -3.290193226872092680e+01
2.820101417452324881e+02 3.738074990203932302e-01 -3.305969273374922324e+01
2.821099192769868864e+02 3.519747764230273801e-01 -3.317386793552795865e+01
2.823315294915979621e+02 3.678703529428604124e-01 -3.314671401628115888e+01
2.820466894292027291e+02 4.237002598476139470e-01 -3.242966958472360517e+01
2.829068728396908909e+02 3.756233758655169730e-01 -3.086374469761824457e+01
2.829545783763382474e+02 4.226412818026448193e-01 -3.012744623589494708e+01
2.828439732206026633e+02 3.337994689016677841e-01 -3.220505567548872250e+01
2.819889690197192635e+02 3.668658261558612743e-01 -3.311493916385813208e+01
2.823780057838207540e+02 3.783350426647830167e-01 -3.305596936310242029e+01
2.824937622089635738e+02 3.670861261800519304e-01 -3.275056406387577113e+01
2.826413109751465527e+02 3.524480696421371517e-01 -3.208844674151969656e+01
2.830058062577252826e+02 4.049910491068122731e-01 -3.046286821916202925e+01
