2.670261655640916274e+02 2.507349426123979264e-01 -2.271047764058489737e-01
3.109365223261518167e+02 4.754502853184097155e-01 -8.445854598335839070e-02
2.467829043442177692e+02 4.818352858378859849e-01 -1.786147232461974266e-01
2.867066820705809391e+02 6.614818983226803395e-01 -7.624319590028044713e-01
2.525015579853380245e+02 4.712033409493598946e-01 -2.427337082843435967e-01
2.251353076242692168e+02 2.603933102277211087e-01 -2.945693118655278386e+00
2.652154165388781166e+02 1.665738232790582307e-01 -6.679480289284610572e-01
2.979945202970617970e+02 9.208127807462013203e-02 -3.630019097529211258e+00
2.509721202816508026e+02 6.137895501180474778e-01 -2.463459961944367005e-01
2.244179099712615937e+02 7.704129841474491869e-01 -5.534710823315665884e+00
3.151605433655577713e+02 2.000984157688311393e-01 -2.673748436268354567e+00
2.806944235144417235e+02 4.011453527251229723e-01 -1.263203401498885770e+00
2.109979824102263990e+02 5.721862119953271542e-01 -7.620059234867075926e-01
2.721050301768650570e+02 7.610336971110442938e-01 -2.187926220142656364e-01
2.144827691169031709e+02 2.242379368310643550e-01 -7.345805641049737433e-01
2.377997018700688727e+02 5.761431649285650991e-01 -9.215391367581485582e+00
2.822995872623458808e+02 8.166694736841711988e-02 -5.293307116749959462e+00
2.659357627627846909e+02 1.831005971277065991e-01 -3.359732677816877899e-01
2.403286821946572047e+02 6.000694962954419287e-01 -7.906715469790190909e+00
2.639800952516212647e+02 7.885896840599607160e-02 -1.617040257537970982e+00
2.946212684748024344e+02 4.100312849223771566e-02 -4.241833868885096948e+00
2.290525056562461828e+02 4.082461614586370136e-01 -2.837646660405850785e+00
2.629575560364252169e+02 5.249375037797228416e-02 -1.944895414819965973e+00
2.449307536185244487e+02 1.984557841297613645e-01 -1.507488892994636842e+00
2.283071998709800710e+02 2.155422166593549405e-01 -9.504220191874424017e-01
3.145647480175684905e+02 3.412769530033286092e-01 -4.436311454531797205e-01
3.136198749083202983e+02 6.664692697914338382e-01 -8.318424439941378423e-02
3.119222892147974449e+02 2.437623704874813946e-01 -1.711843089324739942e-01
2.190130265957188556e+02 2.167949960885181548e-01 -1.036154795407635332e+00
2.698564406136197249e+02 5.511459589516228830e-01 -9.776249473795678435e-01
2.833333996555344356e+02 3.807637229023197456e-01 -3.985542823448794181e+00
3.038229233533591014e+02 7.376039665515060628e-01 -6.887487035963079096e-01
2.123022220394949500e+02 1.052944608706125468e-01 -2.907195750716669996e-02
2.621385793549975460e+02 1.453413142881540276e-01 -1.406291101914538544e+01
3.050983744091998346e+02 3.344449876736767524e-01 -1.680423751969336132e+00
2.315686519193859567e+02 5.297548575772983437e-01 -6.446915992349878444e+00
2.396150232415948835e+02 7.169567927846360877e-01 -8.582017945611381649e+00
2.559270252294990371e+02 6.727435738132706566e-01 -6.446349743702360691e+00
2.255316534672333830e+02 1.580850262317931229e-02 -4.010849926728525361e+00
2.204568847693702480e+02 5.157511314234308752e-01 -4.601355836882982331e+00
2.442509577825034910e+02 3.908918838285449504e-01 -2.456266942161296374e+00
2.172575741641013565e+02 2.332308625079997089e-01 -4.655024247439392138e-01
2.572631289140165336e+02 4.997988787411468126e-01 -2.001319863326484949e+01
2.936663458898015051e+02 4.505022915755438895e-01 -2.463545218862367658e+00
2.389336528992059812e+02 6.700118005643139474e-02 -5.062199428964178627e-02
2.888443908783914367e+02 5.830837239566045993e-02 -5.341084174482703339e+00
2.969160615623600279e+02 1.169927380130902778e-01 -6.591962123032817367e+00
2.924513098969666203e+02 5.428486533338466868e-01 -1.879569774094364432e+00
2.713676786884578860e+02 5.931749758298776598e-01 -5.868786845876078351e-01
2.226163673490555652e+02 2.480945007129377322e-02 -1.663385380397531810e+00
3.008268386266892094e+02 1.582525757081443274e-01 -8.373809623186327933e-01
2.590068399560093440e+02 3.925797564736699941e-01 -3.082115096597940607e+01
2.750126094289255434e+02 2.059189128701467697e-02 -1.180204781699421418e-01
2.304576490624855580e+02 3.724291767260033414e-01 -3.443349580017482037e+00
2.958687496804039370e+02 6.496361392911177424e-01 -1.057527781168954739e+00
3.078846361643840055e+02 4.451256817426872958e-01 -6.278129992101874057e-01
2.482525981807044957e+02 2.769393411959926552e-04 -4.950671978565560849e+00
2.544629708251457600e+02 7.311342537789577989e-01 -1.940642279442847951e+00
2.364162640248399043e+02 7.090661173977452769e-01 -1.086122400824069167e+01
3.090772933942911891e+02 5.226033491022591404e-01 -2.977461080500114488e-01
3.065819253649439702e+02 4.280010203770452382e-01 -9.441235106131281585e-01
2.851483370304704295e+02 1.263088516572936360e-01 -9.691797104877442948e+00
2.328264322403068718e+02 3.189037306202345823e-01 -6.270195943556468698e+00
2.426499178337321041e+02 6.902092880245616069e-01 -3.206726844769319573e+00
3.069332097554163283e+02 7.592141589159091541e-01 -3.118333666927118886e-01
2.214355898097624333e+02 3.253897133296502764e-01 -1.815022296245621725e+00
2.989845731702084777e+02 7.850033235423901079e-01 -7.598535431859462230e-01
2.680260151113591292e+02 1.305628397955832520e-01 -5.478244400588877516e-01
2.778581177759504044e+02 7.254172896593917841e-01 -2.933252766842355252e-01
2.607168482965709018e+02 2.840804562739647210e-01 -2.896924393917707974e+01
3.000028512251592474e+02 3.656765831916723997e-01 -1.368649015632499077e+00
2.332886767086634734e+02 7.446286695584330984e-01 -8.892248290775999209e+00
2.528978919717517613e+02 6.999105990354563822e-01 -2.524257185317229646e-01
2.156714562143232854e+02 2.990933652850891744e-01 -6.792166047511030147e-01
2.567242486436043691e+02 6.461897232752463749e-01 -1.220070256624678073e+01
2.766435138391973396e+02 6.194419887963663607e-01 -5.464555966805191289e-01
2.730035760304489258e+02 4.597127655429291693e-01 -2.298932563958715203e-01
2.881877076522765719e+02 4.164178700437444758e-01 -2.534278083089446909e+00
2.838938230731091039e+02 5.059162507486932858e-01 -2.431292075256827445e+00
2.784359431708825241e+02 1.849952926348230053e-01 -1.826224583791052014e+00
2.198035547931145288e+02 7.837513077619334689e-01 -6.659525117735482169e+00
3.016639612153033454e+02 1.733005085106209264e-01 -1.151094095882398527e+00
2.495651469250468040e+02 4.399306728340698358e-01 -1.539262991625296451e-01
2.861742277949210802e+02 5.665673608951162787e-01 -1.586366844141087862e+00
2.798554438968420186e+02 3.466646838720983115e-01 -1.399226162299498366e+00
2.422595560723328276e+02 3.065517533583728138e-01 -3.514359888733944892e+00
3.107022823337758268e+02 5.870549061163646831e-01 -1.318181790863862946e-01
2.505881385733884201e+02 5.539904289149014671e-01 -2.612050704089978193e-01
2.269932159425548548e+02 2.762575185276298084e-01 -2.148207877713222302e+00
2.463895615106787602e+02 2.693297088995697530e-01 -5.128506992029373546e-01
2.601709194419158848e+02 4.920446099994073008e-01 -2.650552778313692670e+01
2.160429080766453751e+02 6.251313326119656288e-01 -2.196931526777975652e+00
2.353651025787153515e+02 6.366105900363279169e-01 -9.974582013974330863e+00
2.695477773081672126e+02 3.484923156432768315e-02 -4.757223983042029314e-01
2.908240449360332036e+02 3.555964736241726265e-01 -5.679645436513816925e+00
3.033478736622282668e+02 2.897186123858644380e-01 -1.877542044731031368e+00
2.130034831943556810e+02 6.839685526653390690e-01 -3.165376217426008498e+00
2.752999149223977042e+02 1.013138209209850510e-01 -2.910078950830648215e-02
2.913731898491549828e+02 1.423987807591119426e-01 -1.219640475286534453e+01
2.348699545429223576e+02 7.986859005390773980e-01 -8.998179097405010651e+00
2.242738718665881379e+02 5.398084714507260795e-01 -4.834559580423935188e+00
2.379575778512148361e+02 7.653509364479859078e-01 -9.052634714730015020e+00
2.199696902495597044e+02 3.222745957400136585e-01 -2.929960946915534326e+00
3.058940872147882146e+02 2.707558957844870551e-01 -2.267977050748777756e+00
2.564794403047894775e+02 2.772390720393723140e-01 -1.638875003590567303e+01
2.889534663146484945e+02 3.141695005321940570e-01 -4.787830675769100708e+00
2.904216715212448889e+02 1.712035751970669151e-01 -1.113558324612016825e+01
2.715383234813079412e+02 4.929719918114080363e-02 -9.796222078274821055e-01
2.623706506519901041e+02 5.615081097282301203e-02 -3.724263243045250693e+00
2.366863935210803618e+02 1.257453596801316742e-01 -2.166679979256702637e+00
2.730823519940602182e+02 3.565548818042429402e-01 -2.273297415116574682e-01
2.449691886884221788e+02 1.071263008086959928e-01 -6.937467773426964079e-01
2.444515077502931319e+02 6.436521171329407931e-01 -1.994456974572747399e+00
3.036845023231593359e+02 3.356814145712874176e-01 -1.654893859413672619e+00
3.046076776654761034e+02 4.846124744141325213e-01 -8.556901656249024102e-01
2.703203581514647453e+02 1.122780789706487661e-02 -3.006676995670586883e-01
2.741890473579501872e+02 3.438102297702320675e-01 -6.642402226233065643e-02
3.134092066589608976e+02 5.108762467821378328e-01 -1.132164954032446316e-03
2.293863318984316209e+02 7.360772640877848438e-01 -4.020519713217466595e+00
2.190089870599041717e+02 1.763212237079167799e-01 -4.675261564692339555e-01
2.978171468810035094e+02 2.349361319411455706e-01 -4.695038158695214570e+00
2.525586703940470841e+02 9.892197010355477382e-02 -1.879289330330027319e-01
2.816775363905396716e+02 6.985478834324601038e-01 -2.827347543489205361e-01
2.274648784825269843e+02 6.356472039717857639e-03 -2.376501772131578427e+00
2.463999695783224695e+02 3.002089919733658685e-01 -4.887976857822202148e-01
3.122790919873485791e+02 4.113239323859629315e-01 -1.134378040744207609e-03
2.724961443607041929e+02 5.964421406978753781e-01 -2.348976223911645733e-01
3.112820384933426112e+02 2.947427429402444954e-01 -3.662510919208095128e-02
2.960197071741897616e+02 2.812643400904222407e-02 -2.264401458562249836e+00
2.135324264668769558e+02 4.713816002884839707e-01 -2.979938028354891522e+00
2.934687164354493802e+02 3.711122116403872129e-01 -3.901970444627925083e+00
2.279943410388345342e+02 3.813336275154196042e-01 -1.736528271956430336e+00
2.998874458768864315e+02 2.424761355961292386e-01 -1.854247120082918920e+00
2.694292520825533188e+02 7.836584425333589232e-01 -5.527729361182408541e-01
2.779174849009464765e+02 8.094074930414574265e-02 -1.502858162998959024e+00
2.233252624296631552e+02 7.750356402124336519e-01 -3.046659084448446020e+00
3.144851949289919162e+02 5.458005601616888747e-01 -1.307482472695565201e-03
2.660882353498951716e+02 6.397911301165519760e-01 -1.692522179689430473e-02
3.086927964960840427e+02 2.019781855927731962e-01 -1.078290206126942596e+00
3.021450448808371902e+02 3.630615879785186184e-01 -1.403784933944945745e+00
2.336003164652982775e+02 1.913570792577634974e-02 -1.676119970475549170e+00
3.094904483972308071e+02 6.884081556205802199e-01 -1.976900103450232316e-01
2.400197894751036358e+02 2.107688318581870390e-01 -4.077904256716219145e+00
2.471108373923059389e+02 1.430097635164754577e-01 -2.678366206569299246e-01
2.866886271331517833e+02 6.569168271205390042e-01 -7.843959349608732312e-01
2.209375947907136322e+02 5.564587171776687047e-01 -3.943351717736540696e+00
2.300931189043967606e+02 6.725929934356503215e-02 -3.711227932263164719e-01
2.389803204738148565e+02 6.296754000506440407e-01 -8.451076069347511321e+00
2.260899196325366631e+02 4.237374782217923630e-01 -4.600451704340886572e+00
2.170589785683841626e+02 2.519487720428554844e-01 -4.403695597472556122e-01
2.575771550932633431e+02 5.721008413529097281e-01 -1.991472094912685620e+01
3.032285181995421226e+02 2.614506074248593159e-01 -1.934160078851253184e+00
2.412111421595534750e+02 3.930399210751021055e-01 -5.861441718506603671e+00
2.839607646008325332e+02 4.477255645295090680e-01 -3.213642740134841969e+00
2.884407771889532341e+02 6.105708080698404316e-01 -6.828528892635080672e-01
2.922120980135795207e+02 7.236522791408527000e-02 -8.713882170288004048e+00
2.486531225782866841e+02 1.548030804940958571e-01 -2.059447396654913720e-01
3.159009480951013984e+02 6.723414221171377658e-01 -9.034308409187176772e-03
2.494661418595808300e+02 6.648467189537746735e-01 -1.126665008506218119e-01
2.632608979416588113e+02 3.877269678438101108e-01 -7.593263351558064755e+00
2.320503617500041003e+02 7.089704638119425084e-01 -7.588832369797644084e+00
2.248172108806050176e+02 5.248843469794958194e-01 -5.581746053377075079e+00
2.854042923198968538e+02 4.062226657185827872e-01 -4.038249517120900300e+00
2.432843061261746129e+02 7.351555254205267564e-01 -2.713958220704438151e+00
3.072556829258645053e+02 5.858167556714896085e-01 -4.625226691487274167e-01
2.750992639009810432e+02 6.482456948000712149e-01 -3.290487662129218949e-01
2.589058774377707550e+02 1.196639866570571170e-01 -2.368477905934335581e+01
2.648711305385238575e+02 7.228184149130202352e-01 -4.338607536411692722e-01
2.508790168632974371e+02 6.843094493967663006e-01 -2.346853544345109677e-01
2.969522054220631730e+02 3.050363138345854597e-01 -4.655690358828647568e+00
2.540434488734913430e+02 4.980630125012604492e-01 -1.748135741465838278e+00
2.533425239356863585e+02 1.287992181862118446e-01 -7.490858099679538196e-01
2.812342635154319623e+02 5.660196674513833237e-01 -5.137507899362140362e-01
2.983757004160434576e+02 6.197505333980672937e-01 -1.281364631264497289e+00
2.828989534091732025e+02 4.245070340088080707e-01 -2.770612864604378167e+00
2.416853461789659718e+02 3.454462746661209338e-01 -4.605621477723988555e+00
2.611902110421651173e+02 4.210629982931651111e-02 -3.509211842812601123e+00
2.114510677335917137e+02 5.808059686171288538e-01 -9.225752092835367568e-01
2.359385788789967080e+02 4.774984459722890762e-01 -1.057788887864086469e+01
2.860718412275757601e+02 2.273673904693484793e-01 -7.990944547309740464e+00
2.346925538381292426e+02 4.611426466686408543e-01 -9.458179120022863984e+00
2.593497493047006515e+02 5.158438442563781923e-01 -2.682801144328664478e+01
2.176584495209905015e+02 5.348158210503471954e-01 -2.890489129548030611e+00
3.009134631147481969e+02 6.072292045803096006e-01 -7.606820775482123764e-01
2.156799170325930390e+02 1.643847911279409379e-01 -1.994993541674973392e-01
2.792514548291283631e+02 7.508676763953135991e-01 -7.050708612249963203e-02
2.909310414032601670e+02 2.166586141390929865e-01 -1.032533169351065183e+01
2.554577534722529890e+02 1.927240264195583253e-01 -6.984267961456031237e+00
2.222742794027481636e+02 9.392195003138992249e-02 -3.106562087025496188e-01
2.762154740710231522e+02 1.440483756956391914e-01 -2.720694327551734237e-01
2.669276376686524941e+02 4.328501106890062511e-01 -8.378959139056016414e-02
3.107837479135362173e+02 2.868868920267517164e-01 -8.195787541007001908e-02
2.679600533800369817e+02 1.894363539525669160e-01 -5.751602967170482694e-01
2.125184373753307341e+02 4.517661885566613411e-01 -1.709827140827776759e+00
2.140547873550905820e+02 7.967132072656639696e-01 -5.500988364659775698e+00
2.642944099961740108e+02 7.865083335030420564e-01 -1.292648975910930753e+00
2.500010060292689786e+02 3.880430400141651054e-02 -9.153097727026961172e-02
2.943484625770112757e+02 7.129653133536411058e-01 -4.589665743646554330e-01
2.784531476036971753e+02 4.933921113530459479e-01 -5.521260698342935758e-01
2.309357020850582387e+02 7.591835302011414877e-01 -5.683658420539219769e+00
2.228254636248079805e+02 5.806155865912541181e-01 -2.095534596718725329e+00
2.145420791337620585e+02 2.761706972076757860e-01 -1.309321651311007084e+00
2.822234153045722564e+02 7.814321034052710280e-01 -2.473474285366964454e-01
2.714973645612830069e+02 3.687175922469470013e-01 -8.954821083827115835e-01
3.005632784103390804e+02 5.632809339322800701e-01 -8.414178821981249667e-01
2.167462696110524405e+02 7.998437945689661488e-01 -2.960479872318083849e+00
2.856467727148576614e+02 6.887732313464101086e-01 -9.526561513964547645e-01
2.728384839777542084e+02 5.739465534795905599e-01 -2.295928845280739705e-01
2.660103301557784903e+02 9.352139642244738926e-02 -1.518727141992333718e-01
2.956862032868328356e+02 1.297942235142270917e-01 -8.910479122270320573e+00
2.316866555179150566e+02 7.228329725721018006e-02 -1.951524277720370071e-01
2.888761703333503306e+02 6.575149870891537907e-01 -4.985900608553280877e-01
2.468065429697250295e+02 1.873476379893767307e-01 -3.281577551004306037e-01
2.921337765423878068e+02 3.864902664671928667e-01 -4.588083884950974856e+00
2.457113013235270387e+02 2.010486223346025503e-01 -8.551871678815599065e-01
2.430366693554942970e+02 6.035368751362709672e-01 -2.977855580226730581e+00
2.512026222046219459e+02 3.821661741480200103e-01 -3.207816116928698391e-01
2.212652019878066483e+02 3.174725706718356522e-01 -1.921159725109111260e+00
2.333706143623834066e+02 4.292635702703019307e-01 -8.133620817609525488e+00
2.880071665292674652e+02 3.044714177365939189e-01 -4.790200456339762880e+00
3.123632932240702758e+02 3.352532551052362919e-01 -4.375425084710760776e-02
2.983510913371574134e+02 1.954470314122283281e-01 -4.110024000420429147e+00
2.218846112053809350e+02 6.533487499929109266e-01 -2.295448375246560424e+00
3.034654830941362889e+02 1.590681258957612754e-01 -2.425393810945945194e+00
3.070845010363645997e+02 5.910606558114469555e-01 -4.781704069130743306e-01
2.450991604413237894e+02 3.221256416481814711e-01 -1.689307284164211831e+00
2.492906213480137865e+02 6.336394389744985922e-01 -8.645659636229707790e-02
2.800790749830673576e+02 7.875256082609615182e-01 -1.947337645293127986e-02
3.056715313812877639e+02 4.963425630242292996e-01 -7.486119282629861704e-01
2.608221404185545680e+02 3.000143253296760903e-01 -2.885311046720226003e+01
3.138326223603513654e+02 3.652857998394242744e-01 -1.769082410514807857e-01
2.264473703950824586e+02 2.296207746664974680e-01 -1.856650021892432001e+00
2.538471792564173484e+02 1.140744024212426572e-01 -1.227073744757502860e+00
2.788549552464304497e+02 2.677798580941040951e-01 -1.641624364253831958e+00
2.500767353666495580e+02 2.886651005117010227e-01 -2.495505477517088178e-01
2.897921623843350858e+02 3.785337024194116579e-02 -3.946596657815057085e+00
2.618425751940018813e+02 6.824010416448658134e-01 -1.268131528280684606e+01
2.151821446792954760e+02 4.186799462121646442e-01 -2.090142378580340132e+00
2.381907938689911930e+02 2.620457203285575520e-01 -5.325487137587301412e+00
2.406527765040551969e+02 4.805735350944159018e-02 -2.106299358297034630e-01
2.630476448651947976e+02 6.364847571263944348e-02 -2.905860791426580381e+00
2.435750818658012520e+02 1.801196703013207279e-01 -1.986034446547673582e+00
2.744923367976317650e+02 4.949075038214933997e-01 -1.378730025317064234e-01
2.673405237521552635e+02 7.648739706667239124e-01 -1.871545414841599766e-02
2.771486349007095669e+02 1.213303073550557470e-01 -8.600903071896202068e-01
2.274638104869096367e+02 4.680084247474760040e-01 -2.558064499224326216e+00
2.751230340824978384e+02 5.479613224850281572e-01 -2.651916250198459446e-01
2.133953343045549786e+02 6.107162552462438443e-01 -3.649770803591795065e+00
3.105275881526875992e+02 7.591324974666994185e-01 -1.460072504109030112e-01
3.035378663249262559e+02 7.391499950650246564e-01 -7.837439824093483942e-01
2.564653013241052690e+02 4.128701149182362196e-01 -1.350995421453672485e+01
2.518827622554258312e+02 7.465074802555724531e-01 -1.251749098435318286e-01
3.052201527330398676e+02 3.970779056372740201e-01 -1.229547228104528100e+00
2.477508829191203290e+02 5.911185227263136485e-03 -1.708002079082664507e-02
2.199648737060776966e+02 5.080622293416431345e-01 -4.970300216060088871e+00
2.764503463121421873e+02 8.449255752080321591e-02 -4.087859502911898035e-01
2.729475311555755752e+02 4.076907592243816242e-02 -5.459094415519980537e-01
2.598500059554291965e+02 4.494102795747432211e-01 -2.891044338499072097e+01
2.976230457040735473e+02 5.925018807639793605e-01 -1.487979234563632680e+00
2.913639742014582907e+02 2.504701759735860622e-01 -9.187732273135226890e+00
3.023031405733528345e+02 2.876285133479368206e-01 -1.591530941675861177e+00
3.157303013523963386e+02 2.471078497533006346e-01 -2.133496836994384083e+00
2.251354389747805556e+02 1.273689303950410225e-02 -4.163399200137832601e+00
2.173345716176804956e+02 4.574126146336334742e-01 -1.967750359650347169e+00
2.930827463794327059e+02 7.205179321405682513e-01 -5.587983763977234508e-01
3.097583441539585465e+02 4.334586140840419599e-01 -2.651779913962545310e-01
2.874881942405096424e+02 1.017495011848038450e-01 -7.975840202368162046e+00
2.837063631170790927e+02 7.194783966382463092e-01 -7.884242437198428766e-01
2.635428742562914977e+02 6.483597012147000738e-02 -1.443331283997018266e+00
2.689961385282814490e+02 1.620169204010361574e-01 -1.038834546475781329e+00
2.962031856353758599e+02 4.793184052301592835e-01 -2.477436024127657621e+00
2.368994888638652299e+02 5.367604298398110929e-01 -1.064039121719796910e+01
2.559816518833849273e+02 7.716327015996804484e-01 -5.726575224683344345e+00
2.544321737235886189e+02 6.181424124509505846e-01 -2.243653802944830744e+00
2.847213014307866956e+02 2.158074638205166595e-01 -8.795577568401574453e+00
2.833979314669304586e+02 4.068451265608268308e-01 -3.518137921120473521e+00
2.185082965546218361e+02 1.434546697344061816e-01 -9.737546446135975087e-02
2.375764826291970166e+02 2.070083530466600152e-02 -3.020222074193344319e+00
2.677951584095051203e+02 5.563281485850981589e-01 -1.425139037473795722e-01
3.001861006360725241e+02 2.373877754532300599e-01 -1.327291332564916271e+00
3.118274961977758721e+02 7.048066262961267814e-01 -1.222257895301646913e-01
2.358063708223944559e+02 6.246617141067535295e-01 -1.044929424357298409e+01
2.301961258551534968e+02 5.183746466526137908e-01 -4.166568993372882446e+00
3.078868533657309854e+02 4.470253563434218314e-01 -6.234000154908443392e-01
2.285311260059769722e+02 3.432377077059877712e-01 -1.806916376280317538e+00
2.584738018059784963e+02 5.353059529737167477e-01 -2.548746802679643864e+01
2.236901144877547551e+02 2.168264107297742660e-01 -1.587321895208915201e+00
3.145642658317868268e+02 4.814760090134702075e-01 -3.714276395347525933e-02
2.579757197871869607e+02 3.452692739426326818e-01 -2.950613561838445165e+01
2.654165824673415273e+02 5.234593749934822737e-01 -2.008182217539555836e-01
2.413837868033730274e+02 6.989209296451871500e-01 -5.660288382362108628e+00
2.393984551529335079e+02 1.696823027574529685e-01 -2.641668417152696513e+00
2.110040231950944190e+02 7.326643437832315309e-01 -8.312882829717916922e-01
2.290000982825425240e+02 2.944752958175888766e-02 -4.171938278711380121e-01
2.703721232721854904e+02 1.113991048372232062e-01 -1.858566932765538304e+00
2.348437934585055018e+02 6.782729030393213066e-01 -9.428408756469405461e+00
2.326340569938543865e+02 6.453882005904546526e-01 -8.277873793262793711e+00
2.811944792821545320e+02 3.541749511157137320e-01 -1.997147437938564751e+00
2.947442819310527398e+02 6.706606997437252193e-01 -6.694008787630811863e-01
2.120360971514765538e+02 1.458229800358349371e-01 -3.062010696406900628e-02
2.492790892164213403e+02 2.602411442616173742e-01 -1.575049134755548974e-01
3.131933329177875862e+02 5.942290260348956910e-01 -4.377907498361032629e-02
2.666747043647071678e+02 7.139591881298343878e-01 -2.564014935115291501e-03
2.844967480355045950e+02 6.154885189774345067e-01 -1.539066480025377714e+00
2.239567349437325277e+02 2.456364226550986352e-01 -2.228984921526464547e+00
2.545286468697220243e+02 3.880691858721149190e-01 -3.425755356092508475e+00
2.439852332287264574e+02 7.670357013380146860e-01 -2.129271081947583522e+00
2.394974200192799572e+02 5.676690334018966722e-01 -8.275853932126839396e+00
2.384704153154960125e+02 4.809637195611675686e-01 -8.017572914345551638e+00
2.165712204002660144e+02 2.914677551919798160e-01 -5.094579826176721671e-01
2.655133957070826796e+02 7.839509808446643024e-01 -5.844768807153991053e-02
2.181918148446270322e+02 8.646583618864152332e-02 -2.969729702285771045e-01
2.677650584984604620e+02 5.032022618822915710e-02 -2.952239744276041744e-01
2.109513550310614107e+02 4.914704293137177604e-01 -6.874957972227359049e-01
2.567980082967317230e+02 2.520017166597506297e-01 -1.835109271067188175e+01
2.533434132283610154e+02 5.865250867898194054e-01 -7.585184174120911393e-01
2.284568485759342025e+02 7.483650916315371937e-01 -2.308052743547027497e+00
2.889942552600288650e+02 3.571931921831369983e-01 -3.818398617430389663e+00
2.331380409325689698e+02 2.372274546586489452e-01 -4.840465548439790489e+00
2.247010760079696468e+02 1.251267479905747715e-01 -5.322146550138426857e-01
2.587970211704069357e+02 6.715135636852851420e-01 -2.154788131111344285e+01
3.112999934706129466e+02 1.980876356458630694e-01 -1.835281197318858748e-01
2.346729558244381337e+02 4.665416163878623457e-01 -9.477417976601634209e+00
2.460386945649362929e+02 3.802667737661309388e-01 -6.321246014305095251e-01
2.311092194564823785e+02 4.791698170943241575e-01 -4.975276310388888845e+00
2.634314127126991139e+02 3.893881399585751024e-02 -5.186264916712410855e-01
2.610630895113821452e+02 1.447300003894207154e-01 -2.144308043295868060e+01
2.909752674897428051e+02 2.068096294202576707e-02 -2.458887094319290423e+00
2.499983860070627770e+02 7.356797528597347480e-01 -1.879258067271706578e-01
2.991891341472359045e+02 2.313037874838705654e-01 -2.600555125183597216e+00
2.480219281251592065e+02 5.428663288987941593e-01 -1.735445018430005829e-02
2.619440315487340172e+02 7.212983990045062077e-01 -1.053230002108212737e+01
2.593537320618155491e+02 3.245311688395469130e-01 -3.285482016648447257e+01
2.815475296984334932e+02 1.735650048968389592e-01 -4.840113798935286482e+00
2.581222972175150971e+02 6.213086149364811517e-01 -2.179601005716161666e+01
2.192254364250736103e+02 5.581165910170008404e-01 -5.224073880234946010e+00
2.148093257247834913e+02 4.349380713647549301e-01 -2.670986569717642922e+00
2.626498742128349591e+02 7.723311553420778020e-02 -5.657235040705241857e+00
2.231196816069442264e+02 7.972375031701897097e-01 -2.435462840403748608e+00
2.665142216396928916e+02 3.688842188525528476e-01 -1.012811829549729314e-01
3.081193604488578899e+02 6.032200334081101734e-02 -1.297351738662438247e+00
2.272174577591555078e+02 6.775376301866544715e-01 -3.734893541742031253e+00
3.053265362173009976e+02 7.091131536472189412e-01 -3.280406291636684402e-01
2.777567154974027517e+02 4.042173594341522680e-01 -8.110720845257504141e-01
2.851834627672972147e+02 5.811556131271813364e-01 -1.790288770108786842e+00
2.699476197576498180e+02 2.063398031726985382e-01 -1.722728963942952607e+00
2.864821325559854586e+02 5.731564094204946169e-01 -1.425447058099315711e+00
2.512085353250820958e+02 1.862814911323638634e-01 -3.839049869111172963e-01
2.715091111312609655e+02 2.224473372650058178e-01 -1.434529843673816307e+00
2.752794209458020305e+02 6.889119350045845580e-02 -3.942251996896320443e-02
2.123917407455186606e+02 4.459638556401970266e-01 -1.578001296319541114e+00
2.447231250368581073e+02 7.396549322962979733e-01 -1.390781612259786693e+00
2.405745780046108280e+02 1.528056122184063281e-01 -2.716335292590506878e+00
3.002873584272660992e+02 6.308523167678616872e-01 -7.663500350064182953e-01
2.965203224525455425e+02 4.118422040190273387e-02 -2.799682237413737784e+00
2.906814450225963924e+02 2.099052010706068117e-01 -1.036330811761642856e+01
3.092009406997128735e+02 6.991679893627368303e-01 -2.141244164362838265e-01
2.807744363247839487e+02 3.416807926689457986e-01 -1.958707120525288170e+00
2.744014183107241251e+02 4.970512932385628968e-01 -1.396695268612607177e-01
2.425358811602158369e+02 4.518937276088690336e-01 -3.563028806069024501e+00
2.954379843379359158e+02 5.182383487178894299e-01 -1.983275577508890164e+00
2.219001192753732141e+02 3.047374982196871529e-01 -1.295396055473166941e+00
2.212391735362517409e+02 5.339917405468047606e-03 -4.554511352948172664e+00
2.833822901862943127e+02 3.195395788689640582e-01 -5.244307640490822209e+00
2.360124053775905679e+02 6.821508450298918724e-01 -1.056365399386691095e+01
2.519563804213457274e+02 1.678950880656495670e-01 -2.959873922522432421e-01
2.151384938627693089e+02 7.586984622039343318e-01 -4.435616357804257781e+00
3.007483068008948521e+02 3.459516342138593825e-01 -1.193357624999712874e+00
2.365604435306702555e+02 8.825787986677341435e-02 -6.610881379338563457e-01
2.799673539504724999e+02 1.121107640729561150e-01 -3.098581664290750659e+00
2.943782916585954581e+02 3.006148981204234683e-01 -5.638129576409462551e+00
3.061177679873932220e+02 6.467849231022624323e-01 -3.956199975812921266e-01
3.038113586375153545e+02 3.634011234988583361e-01 -1.515594326032892125e+00
2.420778260839889811e+02 1.095061080570846612e-01 -9.735786234015687546e-01
2.292408698938045575e+02 1.356541535551554489e-01 -9.059896954261903446e-01
2.979477142887515697e+02 6.006404073851941972e-01 -1.431313288476434797e+00
3.066933393260358116e+02 3.312816285819892292e-01 -1.488404454318619674e+00
2.375764807547395492e+02 9.179291407302440919e-03 -4.885855345051499654e+00
2.469861506061777732e+02 2.823996863021460343e-02 -1.659890550999519945e-02
2.927388906122638446e+02 7.864668852479225203e-01 -4.536746896180828270e-01
3.100888093423378109e+02 2.657495488281350626e-01 -2.223900984633006839e-01
2.879230240274127937e+02 5.267600527249737263e-01 -1.266663117049228404e+00
3.128047259346187730e+02 2.744860630396396273e-01 -2.815593294437550020e-01
2.734967530274258252e+02 1.801228010673058544e-01 -3.322993829503448904e-01
3.143659056184582141e+02 6.533429019785131908e-01 -3.126357048345418388e-02
2.263517460123937042e+02 4.588563053668286429e-01 -4.521095413019700082e+00
2.687437225185600482e+02 4.314201942885166341e-01 -6.874834988744166209e-01
2.136984557347818736e+02 5.309036640112430039e-01 -3.661225632864313795e+00
2.725904600275943039e+02 6.957447341053984990e-01 -2.151910632125459411e-01
3.017370940146199700e+02 4.186357361216289097e-01 -1.244095591934156753e+00
3.154993852548115001e+02 7.687953896324276615e-01 -5.728159111951068583e-02
2.301749414971912415e+02 4.153501631828592777e-01 -3.632262008213801074e+00
2.936084771827173654e+02 9.818258262581085194e-02 -9.400368126207268915e+00
2.322407324821672034e+02 6.363498740780141327e-01 -7.933989741758825431e+00
2.867315507111325132e+02 5.449816925262344069e-01 -1.556701539831676806e+00
2.767512333730476257e+02 1.415188189018703746e-01 -7.294962333521434195e-01
2.786352248795313926e+02 2.874981085797490010e-01 -1.428967159939303677e+00
3.028538358462429869e+02 3.980054013699538817e-01 -1.458469587583212546e+00
2.553242966457998762e+02 6.606274138412081554e-01 -4.004207050017339675e+00
2.173887394042315009e+02 5.052056209216340132e-01 -2.487083896816951967e+00
2.582758893317652564e+02 4.626440433798110208e-01 -2.726612558850401768e+01
2.669829430724003032e+02 6.370808231755484830e-01 -1.982221157113291457e-02
2.551810609927883036e+02 5.250152000556653764e-01 -4.758579319852073830e+00
2.589827954321764878e+02 3.260072310769527859e-01 -3.253572723390722388e+01
2.604365480175583230e+02 3.156313888472064288e-01 -3.097791670476390280e+01
2.553122530614534469e+02 3.256615936601959249e-01 -6.586742548317870316e+00
2.603956424047018459e+02 3.467258410812499303e-01 -3.031014142581922854e+01
2.645142381399271585e+02 3.745787059971257271e-01 -1.721224338462391090e+00
2.966457860568538081e+02 3.631387176594720601e-02 -2.094201010627625870e+00
2.532837341115957202e+02 4.932156910993952259e-01 -8.197082833594639961e-01
2.560619763906089474e+02 2.828414197851894518e-01 -1.229902390243069021e+01
2.623459277932390705e+02 6.269979101201264005e-01 -9.406428374504359979e+00
2.636016103892512774e+02 2.700263002991403205e-01 -6.012887721328012525e+00
2.575322023629362320e+02 2.860659611515955492e-01 -2.721254485397494705e+01
2.539130096838108557e+02 2.215345991415389459e-01 -1.843212105606854889e+00
2.620897850845432799e+02 3.103799642882370535e-01 -1.767680161746648437e+01
2.604026893996222043e+02 3.247562657700622801e-01 -3.079651946949952546e+01
2.594437777156742868e+02 2.686097748425384513e-01 -3.338406190411170371e+01
2.508195102520693922e+02 5.053530804110669683e-01 -2.797401305377836822e-01
2.579902295015384652e+02 1.688724675859158975e-01 -2.666354859779817588e+01
2.642304737814889677e+02 3.479374522145699533e-01 -2.471662356043049957e+00
2.618197131365338350e+02 2.817085697685607903e-01 -2.007881353330201080e+01
2.653284935310769015e+02 2.718522291233199661e-01 -6.056775672264188559e-01
2.636951059481979200e+02 4.030029651616935382e-01 -4.872665132105980845e+00
2.625819696447896376e+02 2.903052683938004974e-01 -1.409086469437222355e+01
2.657030406993859515e+02 4.449769139058473155e-01 -1.952149577284541526e-01
2.564981688510139293e+02 3.729949960512303764e-01 -1.384991332379460083e+01
2.595074614581062633e+02 2.931731651546566342e-01 -3.326599624914575770e+01
2.604783635974478671e+02 3.064805823777854710e-01 -3.113978334788695435e+01
2.634446467242920562e+02 5.186680492679079935e-01 -4.803156883028477431e+00
2.608284789012529359e+02 3.842248444709217559e-01 -2.695463672527342069e+01
2.617048387009434691e+02 3.951504660891427823e-01 -1.977012051622523003e+01
2.581036938852128060e+02 3.075919906760354872e-01 -2.999801793164592567e+01
2.559981549596982404e+02 3.085605369150299371e-01 -1.049367262952431368e+01
2.848690426161934965e+02 1.556589766550106335e-01 -9.797513674515142768e+00
2.555632417055409746e+02 4.522189264346195003e-02 -1.579139097152328919e+00
2.575026774280254926e+02 3.264973742460827166e-01 -2.499785874665784391e+01
2.349368379850733959e+02 2.263672597415782306e-01 -6.534488430268166503e+00
2.606228624234031486e+02 3.010279239173400678e-01 -3.013356820762610155e+01
2.576738153552279300e+02 5.692448871298042556e-01 -2.134670596802489584e+01
2.574046589487948609e+02 3.352532243201254425e-01 -2.497380442466328176e+01
2.627010457277507953e+02 5.750039512601333724e-01 -8.967535356529543478e+00
2.332769480638045252e+02 1.067198179085496329e-01 -8.445335902151819285e-01
2.522490250986513729e+02 1.585880109459542053e-01 -2.627115803315782649e-01
2.617063346555608518e+02 6.039621487839283986e-01 -1.430856652690382269e+01
2.598597895007392253e+02 2.825705419903313254e-01 -3.273609051754623067e+01
2.890682134422687568e+02 2.536437733389473870e-01 -6.371316887931326889e+00
2.984856409288591976e+02 3.166146172369695422e-01 -3.158022318426092045e+00
2.406546515749746504e+02 9.946310295395599521e-02 -9.988059457322542301e-01
2.672445925113435123e+02 4.298160039061386661e-01 -1.144011274577852177e-01
2.596491308011586625e+02 2.362965332321408374e-01 -3.285759277547996504e+01
2.596162260470773049e+02 1.960264325141906905e-01 -3.141548046361793212e+01
2.598842474050305782e+02 3.334336519241333230e-01 -3.200088038325476703e+01
2.587438955074849218e+02 9.214381575584412731e-02 -1.831600604411616828e+01
2.593738396450584105e+02 3.639383077621460294e-01 -3.190918410023467544e+01
2.598052742114190323e+02 3.437455971253192133e-01 -3.217124300186990382e+01
2.593669902471659725e+02 3.226611852645874245e-01 -3.289096448307667941e+01
2.590294972458734719e+02 2.922540903091430664e-01 -3.327009780929688532e+01
2.587940929380006878e+02 3.551760304975404292e-01 -3.151995979765299083e+01
2.587227238640203950e+02 2.398505925886525447e-01 -3.246904057632933416e+01
2.583580190361053042e+02 3.944097613414752623e-01 -2.925505295795685967e+01
2.600038512494042493e+02 2.617163198476583630e-01 -3.278623888346887583e+01
2.588725618238297557e+02 2.740694046020508146e-01 -3.314489101375203717e+01
2.580144257473423295e+02 3.154872273674468874e-01 -2.995521850379738282e+01
2.599234276783112705e+02 2.514641523361206277e-01 -3.270041069053939253e+01
2.619357904226285996e+02 1.496827117342220681e-01 -1.592894170831898570e+01
2.590902277174391202e+02 4.191972732543945424e-01 -3.015476425845098163e+01
2.573631032829210312e+02 1.118381904739764732e-01 -1.622272527820775423e+01
2.584613832833029505e+02 2.141411304473876953e-01 -3.117777335841658015e+01
2.600332954409568629e+02 2.527872097662278716e-01 -3.273306550239496460e+01
2.599837707351400127e+02 4.369889259338379239e-01 -2.896709857508668051e+01
2.602461397594096866e+02 2.101839780807495117e-01 -3.036420188512618168e+01
2.586825481718252036e+02 2.165183913598267562e-01 -3.188451335931733510e+01
2.589381167244623043e+02 1.241390585899353055e-01 -2.440187166828463461e+01
2.581078156671510442e+02 2.944737425281702126e-01 -3.010087706280854647e+01
2.594609746516617861e+02 2.508627990726445822e-01 -3.329144585055532701e+01
2.589461773370066453e+02 2.448916959321766340e-01 -3.295961702320330744e+01
2.590800577450955302e+02 2.623659500633550024e-01 -3.335873185580589961e+01
2.595366932076386206e+02 3.374026837618268049e-01 -3.251851487068447000e+01
2.588355037384914112e+02 2.923143788325708869e-01 -3.305207531314001557e+01
2.598170209124725716e+02 2.616081567071960601e-01 -3.316775854657539213e+01
2.593335170619635619e+02 3.841689348220825306e-01 -3.132073885516007650e+01
2.594304722632747371e+02 2.564212441733996206e-01 -3.333838853784555312e+01
2.589982529778238813e+02 3.392533486425764466e-01 -3.225642299246511868e+01
2.588877297883665278e+02 3.971890926361084095e-01 -3.069536593467674734e+01
2.597893567714586993e+02 2.951009273529052734e-01 -3.304370491780890262e+01
2.596023776808345929e+02 2.181895325211577197e-01 -3.237796502685890232e+01
2.592492868688237309e+02 3.130067163347001191e-01 -3.306529996040691799e+01
2.597581656805980401e+02 2.790250175426176038e-01 -3.315983278275334811e+01
2.596740035388218075e+02 4.341048341331303906e-01 -2.963515130069083270e+01
2.597499161148433586e+02 3.957663562369878041e-01 -3.069047899242881527e+01
2.596462294465204081e+02 4.488296985626221147e-01 -2.912334800674247504e+01
2.595470501701591388e+02 3.875318803368684173e-01 -3.115187131745231142e+01
2.592276179060172012e+02 2.969578052607476093e-01 -3.329068590750365075e+01
2.600007046297160400e+02 2.855173878664196141e-01 -3.274700529751204670e+01
2.587428372949883624e+02 2.730781614998268880e-01 -3.272500852975495889e+01
2.591853605381378429e+02 3.968504093754380846e-01 -3.087185141981117553e+01
2.595184364690296661e+02 1.981537379476463467e-01 -3.174437144311183800e+01
2.599795976590455666e+02 2.264281075854209790e-01 -3.226301300467636679e+01
2.594722313570195524e+02 3.369951963424682728e-01 -3.252316188918990747e+01
2.595290404283526868e+02 3.437145011367175318e-01 -3.236972181996456754e+01
2.596524675752679059e+02 2.348291631046691141e-01 -3.282839745425533806e+01
2.591852262298407936e+02 3.466022822308754137e-01 -3.229333302933520145e+01
2.586826984840315049e+02 3.541718386268078445e-01 -3.157010827290243071e+01
2.590942018049050262e+02 1.805477870462003365e-01 -3.066065225156738805e+01
2.595789169970900048e+02 2.407289036017815076e-01 -3.315751105175417734e+01
2.594774752278086680e+02 3.218019833776892824e-01 -3.284190030025053630e+01
2.591812054189683749e+02 2.906572962038087016e-01 -3.326834277614492663e+01
2.595469691190632489e+02 3.802224644659011332e-01 -3.137416347784167314e+01
2.590478144201887858e+02 2.776221840434256460e-01 -3.336390316393659816e+01
2.594100499953285066e+02 3.075311887501785413e-01 -3.314804345055996038e+01
2.593809569088407443e+02 2.137589824596856924e-01 -3.249937999898202889e+01
2.594898652105536030e+02 3.866424533282263321e-01 -3.117432767207873923e+01
2.597251542728655522e+02 2.572083164906244224e-01 -3.313400421866027301e+01
2.597111848510561458e+02 3.248146081772559368e-01 -3.257386112132487455e+01
2.593900319004249582e+02 3.524012975380823587e-01 -3.221726320998562443e+01
2.598576581848670344e+02 2.472755190514823453e-01 -3.264227847989095466e+01
2.599513140219760885e+02 2.222443765410954397e-01 -3.214017463757838300e+01
2.596442793420595763e+02 3.005843502099821429e-01 -3.296063944051293504e+01
2.597264534689120410e+02 2.831172203998868486e-01 -3.313524311762405006e+01
2.591674518733275363e+02 3.484556450508768388e-01 -3.224924286217578384e+01
2.589138683971968931e+02 3.192378946036020237e-01 -3.267249732472097179e+01
2.595868680290332691e+02 2.988737192851775859e-01 -3.320754866254532089e+01
2.590098031624257260e+02 2.397348097691192059e-01 -3.313630543878280577e+01
2.587118437845310837e+02 3.868294592465513770e-01 -3.068329493789947904e+01
2.594305975761545824e+02 2.779566623188050034e-01 -3.336817623685560363e+01
2.590999568718079900e+02 3.018056303008679331e-01 -3.315642957364645582e+01
2.595741792299271538e+02 2.693644268613661352e-01 -3.338897526087540513e+01
2.599637005856811811e+02 3.612376139303783984e-01 -3.133612771038398037e+01
2.590655478219686074e+02 3.237518452745346553e-01 -3.280468514104505573e+01
2.598050532925150264e+02 3.092833540285835348e-01 -3.286101138524552567e+01
2.596308581552338524e+02 3.472917111303401860e-01 -3.228949726373156182e+01
2.594837276520807450e+02 3.518856532654601743e-01 -3.216240442221119622e+01
2.593381247812016568e+02 3.150753888709652006e-01 -3.302910587678542953e+01
2.595292583116057017e+02 2.539130304017152562e-01 -3.332153857462107993e+01
2.596683825998987913e+02 3.225836007591607046e-01 -3.261105026850202648e+01
2.596582431925764922e+02 1.946536019411738427e-01 -3.134172499200625595e+01
2.594670102088831527e+02 2.754672880658796674e-01 -3.337774956731591658e+01
2.589790774938962272e+02 3.253561166422598294e-01 -3.254888750146434973e+01
2.593770625911028560e+02 2.811495869762634103e-01 -3.341724956778718081e+01
2.593847338816171373e+02 2.217966509028039546e-01 -3.277154950078845985e+01
2.590959213466499591e+02 2.358226290860976349e-01 -3.305136734988407454e+01
2.594370381916518227e+02 3.361357324946251390e-01 -3.260931443819691111e+01
2.589752991784837377e+02 2.693357666531859818e-01 -3.312632808362175751e+01
2.595225609610449737e+02 3.132567117916726929e-01 -3.299739205923548724e+01
2.591752978003493126e+02 3.141627547735775794e-01 -3.296692890739272741e+01
2.593391751674129182e+02 2.981367440473631780e-01 -3.327438122171765400e+01
2.589954719150779852e+02 3.002649886266690604e-01 -3.293926082595082505e+01
2.592471255335867681e+02 2.680462498207352717e-01 -3.345089052585699108e+01
2.592594074825842085e+02 2.924218356811968955e-01 -3.333753728946173567e+01
2.597693696590733339e+02 2.628815281947598503e-01 -3.316762554336585112e+01
2.591044070487874933e+02 3.266689521433986387e-01 -3.274400776326837104e+01
2.598473478629513806e+02 2.557157894283391131e-01 -3.272222678632578408e+01
2.593324370745361875e+02 2.519194282664058426e-01 -3.336402762877395389e+01
2.589489430338570628e+02 3.058260138081412283e-01 -3.287683528030209601e+01
2.588442806213719791e+02 2.397060397864408943e-01 -3.290121689836104935e+01
2.590654958993001173e+02 2.711434227596920543e-01 -3.337490607303264767e+01
2.594269417522812660e+02 2.677897455820582584e-01 -3.338279714111797603e+01
2.592267141241294439e+02 2.777660995168133029e-01 -3.343755692874498919e+01
2.596577636153786557e+02 2.049485819410602483e-01 -3.186172455730667963e+01
2.590786383620136917e+02 3.052527789459567042e-01 -3.311249061607125554e+01
2.589002757260748808e+02 2.828791794727704145e-01 -3.310849701070215900e+01
2.591683529012610734e+02 2.032104399533746220e-01 -3.207608584793784701e+01
2.595389061691495840e+02 2.124120453912713702e-01 -3.238956902313319119e+01
2.590245121469535547e+02 2.989179852571670071e-01 -3.319956009962241694e+01
2.590709183807428531e+02 2.812919889726481215e-01 -3.334558303390561917e+01
2.595835272730022893e+02 2.838343654933960791e-01 -3.334530535559080278e+01
2.591289200320767350e+02 2.211704874315583158e-01 -3.267625501731759385e+01
2.597382593803566806e+02 2.752230656637500439e-01 -3.317007214676220173e+01
2.593130242707268280e+02 2.704843868782503269e-01 -3.344879817468597594e+01
2.597665008815794749e+02 3.036194519339564524e-01 -3.293766827101318029e+01
2.587973007450738692e+02 2.543037831256448333e-01 -3.309689798557671736e+01
2.311969948466802691e+02 5.987967410944490254e-01 -5.968761312157587540e+00
2.592663298098197515e+02 2.178095018087656820e-01 -3.265347671004205665e+01
2.596651198420198625e+02 2.344002587539356086e-01 -3.282060755879545155e+01
2.595136075106207159e+02 2.951914736449281484e-01 -3.324549059714291133e+01
2.591484071148890962e+02 3.004512503287952718e-01 -3.316847768788053230e+01
2.598077798567564969e+02 2.250195823981060439e-01 -3.260278608141738488e+01
2.589863760558661170e+02 3.012806346243574462e-01 -3.292876101288500479e+01
2.589682326147804474e+02 3.451711382201863021e-01 -3.212512441379784889e+01
2.590585749181410620e+02 2.784320322553123783e-01 -3.335970703753540789e+01
2.594475104873722557e+02 3.246100195206404471e-01 -3.278532469709543307e+01
2.596117316452479145e+02 3.299836116196568359e-01 -3.268649137836654006e+01
2.594297134050970044e+02 2.650981319952574466e-01 -3.337845514746535969e+01
2.591873264256003608e+02 2.591395252476635380e-01 -3.332949225390431991e+01
2.592416472152343090e+02 2.719150870560160249e-01 -3.345082535823308945e+01
2.591290280897096636e+02 3.111253727117782031e-01 -3.302046827385350980e+01
2.595579299018489792e+02 3.410594340823870363e-01 -3.243518517187946770e+01
2.591447048707469207e+02 3.038483590932913869e-01 -3.312513906925354945e+01
2.592636695021646460e+02 2.903967000782863295e-01 -3.335619677664872285e+01
2.594347938671227780e+02 2.329069838267608938e-01 -3.300505835933866905e+01
2.588993542861835522e+02 2.038237800428826518e-01 -3.178605232902213018e+01
2.592978073411917421e+02 2.570046186670684185e-01 -3.340738026225752577e+01
2.589997970019093145e+02 3.324515907341278886e-01 -3.240329945028894798e+01
2.588284493770472068e+02 2.573155396491659253e-01 -3.311305034539009995e+01
2.593897010354524468e+02 2.455406741099876167e-01 -3.328668645765547751e+01
2.590504770551821707e+02 3.001375107598187597e-01 -3.318227325880508261e+01
2.592547622328110037e+02 2.250725268808426438e-01 -3.287778678534606769e+01
2.592208445193261355e+02 2.258320967185337147e-01 -3.290130307562726841e+01
2.588321836430342842e+02 3.098165748691529275e-01 -3.284022647563281083e+01
2.591749740411411267e+02 2.786917037811354469e-01 -3.334517123644712200e+01
2.595858022800998697e+02 3.041197982701728808e-01 -3.314002172706029370e+01
2.595668756480243360e+02 2.367267777161430053e-01 -3.308513888457455465e+01
2.591611989348663201e+02 2.749029238544038467e-01 -3.335831379854955259e+01
2.593096928552097324e+02 3.006630009710458684e-01 -3.324445731847350061e+01
2.592640901037632375e+02 2.771287234967326762e-01 -3.343847410835450518e+01
2.594086092853675609e+02 2.692321581560838117e-01 -3.344440577400251868e+01
2.592107196325189307e+02 2.766039279056363154e-01 -3.344211354818464343e+01
2.591476572357544228e+02 2.476272783828374902e-01 -3.323265990937773040e+01
2.593414015583060745e+02 2.630333235359686994e-01 -3.343573057861007669e+01
2.595230354787404394e+02 2.828133342316762611e-01 -3.334884358129720994e+01
2.593303174679107315e+02 2.834930048481911768e-01 -3.340588715240318152e+01
2.593148195652753998e+02 2.606219403493927333e-01 -3.342715754725095678e+01
2.593603934988257151e+02 2.715614295060727046e-01 -3.344618725433745965e+01
2.594869959311100729e+02 2.728426884990093337e-01 -3.338389360428466546e+01
2.593491501273500717e+02 3.011366426426906884e-01 -3.323751154016389364e+01
2.593082861271304296e+02 2.699586725985652080e-01 -3.344907982518701317e+01
2.596154879605691690e+02 2.783550910555830371e-01 -3.337421623882094224e+01
2.591594136484131354e+02 2.870601022370435906e-01 -3.329975227214059430e+01
2.592238920820126964e+02 2.513743123033165272e-01 -3.336477260081764484e+01
2.593249017274187622e+02 2.457657247267989176e-01 -3.329382922009174450e+01
2.592367987352010914e+02 2.903441301461079926e-01 -3.335740654124623461e+01
2.592818224020177240e+02 2.772771544649267339e-01 -3.343731295913816837e+01
2.593429519883976013e+02 2.755741254493113690e-01 -3.344010653145855372e+01
2.590184383644517538e+02 2.891779577152564507e-01 -3.329853645141102447e+01
2.669796183650549324e+02 7.195845270658743908e-01 -9.649539515965491199e-03
2.919280454287791713e+02 5.945409018824784897e-02 -7.569141543872012434e+00
3.006050745082410458e+02 5.308312968593548176e-01 -8.732313128695363691e-01
2.159357863746316184e+02 3.418386175151554296e-01 -8.351194073253849215e-01
2.859303937497283528e+02 6.087641592152942538e-01 -1.351780706515036234e+00
2.944810916648257830e+02 7.473812275913749303e-01 -3.571074763477951608e-01
2.385308779828935144e+02 1.082035360676511515e-01 -5.326200845112351034e-01
2.437281028870218336e+02 5.108601039753488671e-01 -2.693019614796589245e+00
3.061463608752320624e+02 7.962362586500933981e-01 -2.522933231953704003e-01
2.717426895238041311e+02 1.323475371570196069e-01 -1.571625915207556234e+00
2.517792210193716187e+02 1.221158105600007454e-01 -3.213706078079903716e-01
2.318491104408841181e+02 5.913994333638260548e-01 -7.043649214816692705e+00
3.150369630919846600e+02 2.832003985465059853e-02 -1.587758187259831200e+00
2.844379431001266312e+02 3.181225277925934236e-01 -6.053575030803526325e+00
2.970407360128078267e+02 7.887184238016893278e-01 -7.368872548118090560e-01
2.373050339541865981e+02 3.773743777584847026e-01 -8.616253974626646439e+00
2.399589917011877560e+02 7.465642294093823017e-02 -1.394150301552181948e-01
3.053872402744342480e+02 8.081916017298147736e-02 -3.498015923860428256e+00
2.120665978575139263e+02 3.754063620468265361e-01 -1.053692862443026179e+00
2.538655311665527563e+02 1.868889638148732713e-01 -1.724548157043151786e+00
2.612538212536685478e+02 5.247314052708186294e-01 -1.958900627085892765e+01
3.150919057637528908e+02 3.387239705619563002e-03 -3.627990420354637036e-01
2.560790582588747384e+02 3.340934312548081708e-01 -1.040313701997826357e+01
2.276219183205878380e+02 6.422055211464902102e-01 -2.916754764560408830e+00
2.723698636618609612e+02 6.077774539516007657e-01 -2.554585902374036932e-01
2.812719624558997111e+02 2.332096162674384687e-01 -3.840266671233615980e+00
2.596337824891459150e+02 6.938031429482746093e-01 -2.097960793493826870e+01
2.638847321200023543e+02 1.775367973903991814e-01 -4.826403389848787029e+00
2.783122023062435346e+02 1.448625315480886293e-02 -4.818245997055357610e-01
2.191936878041702812e+02 2.115846388357462970e-01 -9.941688290210589640e-01
2.226097423845755259e+02 1.660466870288760388e-01 -4.950639297187182652e-01
3.117225366849971238e+02 7.049583028432019338e-01 -1.220767369512964773e-01
3.098641641743075184e+02 7.581743807731990970e-01 -1.593640182518497594e-01
2.428095385231843295e+02 4.189961467739891088e-01 -3.181286580183503521e+00
2.632743021662138858e+02 4.843716062708779829e-02 -9.642707068272535764e-01
2.850929170187890804e+02 4.873789165224826636e-01 -2.807736298655047147e+00
2.892834081301332958e+02 3.118458455247045680e-01 -5.084228384555969704e+00
2.368985683083126617e+02 5.414515723030735028e-01 -1.065344666170795662e+01
2.347396876400694907e+02 4.727655475420162734e-01 -9.494532360406372717e+00
2.589531771100823789e+02 4.240665832470204011e-01 -2.982774947231108342e+01
2.650735600546233854e+02 3.561325753591276788e-01 -9.368470897735744485e-01
2.743021380553499853e+02 2.749203702863880494e-01 -3.260869777842328315e-02
2.182237966691299960e+02 5.694714172551756937e-01 -4.102099325097252169e+00
2.826024759528307868e+02 1.717528956036183108e-01 -6.795533799317597712e+00
2.177669825257620744e+02 2.602080866120257130e-01 -1.002906585488723357e+00
2.335326343751243883e+02 4.440877631048241736e-01 -8.245440661802058813e+00
2.457177231880954480e+02 2.459240593628139182e-01 -8.972900615367338517e-01
2.953279319763475428e+02 5.131094475215967066e-01 -2.037578844447422988e+00
2.574688756103044511e+02 3.942750648857879514e-01 -2.401067936542358794e+01
2.237140489971693853e+02 4.711329890313699642e-01 -3.148945694774098580e+00
2.658850802796046082e+02 5.828769186749988007e-01 -4.793332534754508184e-02
2.287356943616651677e+02 7.773161886594877057e-01 -2.762519538256145601e+00
2.160225259340832906e+02 5.559856114638044300e-01 -1.884746965089226345e+00
2.752239033016103349e+02 6.209993377002422932e-01 -3.122265699547545625e-01
2.898204769977789397e+02 6.635435493195255274e-01 -7.703095540610696013e-01
3.035647510735867627e+02 2.226396356538545840e-01 -2.204465261362325013e+00
3.028205448615739215e+02 4.121403332668670538e-01 -1.421417821655335256e+00
2.819529772086647768e+02 1.396177133531873726e-01 -5.785167911937705298e+00
2.134520680114117113e+02 6.841568732272863551e-01 -3.994543848090635674e+00
2.139387262463116315e+02 4.543753485508646439e-01 -3.345975474367807845e+00
2.686297100310773089e+02 7.000785177201174214e-01 -3.671764942503938922e-01
3.000253013902094494e+02 1.944420602897794503e-01 -1.500202486616427633e+00
3.088879735744274626e+02 6.278655461282918182e-01 -2.667751961985375675e-01
2.422835013260739174e+02 6.350115253374475355e-01 -3.748469190112337035e+00
2.408377229484996747e+02 7.605389355971154952e-01 -6.912521761068410875e+00
2.885777060966869954e+02 6.643665830001426187e-01 -4.443351129068690564e-01
2.990197026221379701e+02 1.142442281991556952e-01 -2.171393529285996937e+00
2.446191187352828820e+02 4.071848829200903075e-01 -2.029885886523349114e+00
2.548139659676228632e+02 2.242136057077107891e-01 -4.740891825878753352e+00
2.736236445537696227e+02 6.682049465611966665e-02 -4.242967087447334640e-01
2.275689174139138800e+02 3.267706041796293315e-01 -1.963435118282875091e+00
2.354024963416183880e+02 5.928613748697743047e-01 -1.006724053102921168e+01
2.874927914574626584e+02 2.905832291229368258e-01 -5.380562547766838399e+00
2.207368444302036607e+02 7.201821680237455725e-01 -5.232692256871881220e+00
2.703389412785581953e+02 7.397952545301724747e-01 -7.576170329090149425e-01
2.918439174903911066e+02 2.692440552294325662e-01 -8.261452085397193557e+00
3.085573247023480690e+02 6.776429963082133412e-01 -2.696302488527261842e-01
2.468881603627984589e+02 7.757745407652516523e-01 -6.107943298506757213e-02
3.069891914402825250e+02 3.490596416701702287e-01 -1.270520745586516842e+00
2.775080734883566720e+02 3.033541984864774887e-01 -9.854169735075213321e-01
3.015724365764692152e+02 6.522458562755026890e-01 -8.137577408175896698e-01
2.309630510902183289e+02 2.044527925705287574e-01 -1.875573437206670802e+00
2.976664730743323162e+02 3.485719179592328132e-02 -1.213440845213071828e+00
3.125568348424665146e+02 7.318240981268157030e-01 -1.397073264784224889e-01
2.252883948920103876e+02 2.284978147383079014e-02 -3.049698955657607513e+00
2.552439093718600418e+02 4.363564106456085945e-01 -5.208398883373243748e+00
2.264454627032774283e+02 5.474056194790601904e-01 -5.108367905493766514e+00
2.481661442669220037e+02 3.915353137842204068e-01 -6.561607812610441293e-02
2.113261146580500451e+02 5.621442576773182376e-01 -8.001988658684627831e-01
2.797831767705825996e+02 1.549022310995558094e-01 -2.990590982742193482e+00
2.521501717297712730e+02 4.600215900320117068e-01 -2.023469104343281477e-01
2.764086439633436498e+02 2.558688754317237080e-01 -5.685712273707460573e-01
2.688175061855882859e+02 3.664851759308325740e-01 -7.532452547308290391e-01
2.618778728674435001e+02 2.800282084702605534e-01 -2.014186197364495001e+01
2.486991127554148306e+02 4.717482314256940534e-02 -1.648729419646683125e-01
2.301804061800941383e+02 4.967519215677362876e-01 -4.071209503256167039e+00
3.139283971240699884e+02 1.506644693894391152e-01 -1.923503767643296669e+00
2.220414197336824600e+02 9.373390553985753992e-02 -2.620798103666888701e-01
2.937065795330902347e+02 4.937520109991652695e-01 -1.852301449857949756e+00
2.498954405023335426e+02 9.962589327866809563e-02 -2.285662002300568596e-01
2.593380287460163913e+02 2.648122441669986116e-01 -3.344126232735843018e+01
2.591788197577757273e+02 2.550850952255754867e-01 -3.330321743789215816e+01
2.593129188798691871e+02 2.516027139034831550e-01 -3.336206822206927569e+01
2.593088709942325636e+02 2.863230331390877459e-01 -3.338772821184875994e+01
2.593310937291307710e+02 2.661327764942509333e-01 -3.344452160130335727e+01
2.593645396763599251e+02 2.777633492843837315e-01 -3.343241780067059921e+01
2.592662181483118502e+02 2.781811684637021109e-01 -3.343459050561081369e+01
2.686559168777147306e+02 4.508393805730181447e-01 -5.419682208937134371e-01
2.592782056308932965e+02 2.536308789862182778e-01 -3.338265360346644428e+01
2.592327082763978296e+02 2.542389281005738577e-01 -3.339018326537694037e+01
2.593847838611216048e+02 2.507945860862322851e-01 -3.334971110367452951e+01
2.593901848907574959e+02 2.826304640747360764e-01 -3.340879620002532135e+01
2.594216897995341924e+02 2.695184685197939412e-01 -3.338354448156671594e+01
2.616234724367297417e+02 4.302262519830108989e-01 -1.876326218724076611e+01
2.594082166136383876e+02 2.546558645518330333e-01 -3.332456985943296246e+01
2.592206163402845505e+02 2.707532881092841182e-01 -3.345251049684545563e+01
2.594323936307960139e+02 2.548269454027971559e-01 -3.332659182391905262e+01
2.592918675783437266e+02 2.570170429498533915e-01 -3.340777368510506307e+01
2.594457403663158175e+02 2.533317759123533963e-01 -3.331450184391274405e+01
2.556844978759413607e+02 3.996375147540044970e-01 -7.320690563259965700e+00
2.592640540822859521e+02 2.686410537622356265e-01 -3.345060449184210682e+01
2.591891703221470493e+02 2.844395454605714857e-01 -3.331426348738654042e+01
2.591824049402407582e+02 2.720776900153112354e-01 -3.336006669432526905e+01
2.594498026149543080e+02 2.906825846262388602e-01 -3.328668933290428100e+01
2.594632041723733664e+02 2.756606716053044415e-01 -3.337707167881156778e+01
2.839655623813060856e+02 7.969778260117582613e-01 -5.886008168282030883e-01
2.823675209962997315e+02 5.011635912813934279e-01 -1.490320918513091897e+00
2.701925286836086002e+02 7.228507102378635141e-01 -7.803753300980764696e-01
3.044653521484640351e+02 5.287637880576939731e-01 -7.869738652245895638e-01
2.275948474103958006e+02 3.054485954280064530e-01 -1.647303642758472630e+00
2.915823254755039784e+02 5.590393034421042850e-01 -2.052188919392664790e+00
2.288718709042720718e+02 4.278010267383310361e-01 -2.627448842462480894e+00
2.683144927722727289e+02 5.676122463059345424e-01 -3.590016990254238372e-01
2.358248348503066438e+02 4.953847397908820449e-01 -1.046972206577018483e+01
2.662365661476724767e+02 7.608593882691493393e-01 -1.208822755545808578e-02
3.153188381947529706e+02 1.580942566230685020e-01 -3.323058846939296096e+00
2.753584255566806860e+02 6.232761959973370791e-01 -3.650558075758689736e-01
2.724491118207463387e+02 3.847581031775534899e-01 -3.744218690870154131e-01
2.765206923161738928e+02 2.313183306167239106e-01 -5.396416445521556859e-01
2.320585333973496063e+02 5.862470748429856604e-01 -7.598983250507320264e+00
2.496595926165337289e+02 7.516352285204754846e-01 -1.379317139053460595e-01
2.869256380513485283e+02 1.051207611015132770e-01 -8.362565083886822848e+00
2.978060840343221116e+02 5.372903158965905979e-01 -1.755336985757346868e+00
2.919847266493987377e+02 1.208817370494044835e-01 -1.158852278829721882e+01
2.374707956694186635e+02 3.203221363238252795e-01 -7.436119797579837432e+00
2.234015358566105647e+02 7.792278006845972937e-01 -3.037494054096490537e+00
2.710012397102162254e+02 2.547983448692620612e-01 -1.613512744555509970e+00
2.192542519474797871e+02 4.442151746256888245e-01 -4.152420095519604892e+00
2.589326469504370039e+02 2.012463726051462176e-01 -3.165600996233109399e+01
2.612794523087173957e+02 1.614249845597471797e-02 -1.934606266125690477e-01
2.257199837059220613e+02 9.884457669477431097e-02 -4.428011006124775439e-02
2.425623011916590315e+02 2.429291092813907690e-02 -4.385479477641494594e-01
2.162985524152435062e+02 3.382060707367718355e-01 -7.124491172983802301e-01
2.784982114083047691e+02 6.549050123379833444e-02 -1.691339705561144324e+00
2.880400786569027787e+02 8.041944012594980096e-02 -6.864712795610294016e+00
2.778152740504259555e+02 5.993102681380868546e-01 -4.413747747643082531e-01
3.122261117209721988e+02 6.662690592693377711e-01 -1.047391116211204704e-01
2.800578084014985052e+02 7.894185915989150593e-02 -2.655434491003413111e+00
2.516574187986468303e+02 3.518074962623476271e-02 -1.121209568223270475e-01
2.122694855977365762e+02 4.519184189420415443e-01 -1.492059692757688794e+00
2.538402684622350591e+02 2.694479085253297934e-01 -1.948708049848155710e+00
2.151494074067852580e+02 6.731758326075439891e-01 -3.701437938867861099e+00
2.447455597546616559e+02 6.541236918154318403e-01 -1.542144837243293098e+00
2.690653295082470322e+02 6.862161150551848721e-01 -5.574323403422446477e-01
2.314880988725385578e+02 2.858197895257116872e-01 -4.089976280461653069e+00
3.098378388602832842e+02 4.945450949735188256e-02 -3.626246240935025456e-01
3.074630594729489985e+02 5.119342173801753049e-01 -5.432181954372450328e-01
2.456627471825793236e+02 4.779177446987634692e-01 -8.046001613904868455e-01
2.136866689067146865e+02 4.608688610297084765e-01 -3.097757021671351918e+00
2.907037715909516464e+02 3.956032756480090673e-01 -4.514795055544781555e+00
3.015969282607267132e+02 1.889143161513256175e-01 -1.215412476023899346e+00
2.944328074720262975e+02 3.592488660596908079e-01 -4.146373708482755660e+00
2.982848721525841711e+02 4.059932625162890329e-01 -2.596077987405692511e+00
2.148307949305542195e+02 2.769309358446495062e-01 -1.144406715047877388e+00
3.026273017821568487e+02 5.464470845443628599e-01 -1.161777809204982859e+00
2.933199905982684754e+02 6.923523252883416745e-01 -5.808880534093687764e-01
2.208409051675600949e+02 4.869291574066948458e-01 -3.910681204118284793e+00
2.562521263118069328e+02 6.060631624802480522e-01 -9.623569894631014421e+00
2.406382925842522695e+02 7.856440891816993677e-01 -7.282563557516992248e+00
2.382571974093228846e+02 1.706494548966024094e-01 -2.609172962907848170e+00
2.109745227095072551e+02 6.398223993742477855e-01 -8.012185727648701850e-01
2.744704339993528492e+02 6.114750579920338325e-01 -2.220500326471621100e-01
3.077606767092640894e+02 4.217108422772016252e-01 -6.828642160324681631e-01
2.669898796425698606e+02 2.608407621006353372e-01 -2.176661736803314484e-01
2.863678606449360586e+02 3.464300945381513230e-01 -4.743643536514456471e+00
2.471222567113072728e+02 5.686927901468343816e-01 -9.311006407621441605e-02
2.438420007181333062e+02 4.372346277704984852e-01 -2.790033428682184180e+00
2.303510075874478957e+02 7.082754670218280868e-01 -4.883991262262271427e+00
2.363435252858728859e+02 1.319610356021213432e-02 -2.621635418678110785e+00
2.186271842794943154e+02 2.394024308677210611e-01 -1.272808476447627957e+00
2.250514232167247428e+02 6.448134263859408577e-01 -6.578732421905583827e+00
2.580871606250539116e+02 7.525325898581225470e-01 -1.845791229740348882e+01
2.845570373409287868e+02 7.346961088440111531e-01 -8.766623238807481622e-01
2.830240927108200140e+02 1.330463487332431971e-01 -7.780490913265495578e+00
2.805931999238806043e+02 3.155034018780885074e-01 -2.064238137116054972e+00
2.649266639477914964e+02 1.129695377327880890e-01 -8.457713607580100712e-01
2.330689723381182432e+02 7.746349837444959086e-01 -8.627170501717616347e+00
2.641978593677227991e+02 5.859294801698913813e-02 -3.659225707409909933e-01
2.500815748563911427e+02 5.190181979700746462e-01 -2.325995204323147714e-01
2.552737316865319031e+02 1.608749516174438621e-01 -5.456066488762006728e+00
2.969339398357884647e+02 6.621288729754070124e-01 -1.138190395206752248e+00
2.225263835897531237e+02 3.692508451156355509e-01 -1.480337512598771887e+00
2.521831137841777775e+02 5.775319504799543147e-01 -1.605935618429465139e-01
3.138708571400059100e+02 8.808272058633737078e-02 -2.052841725158643715e+00
2.957110574623994239e+02 7.434144134586414543e-01 -6.614290801184400381e-01
3.007291202559472367e+02 3.344906107499067693e-01 -1.205481968052551700e+00
3.056104184830024337e+02 9.825153835698369111e-04 -1.633825735508534382e+00
2.628155949168869938e+02 1.405207974245377134e-01 -9.242645557920816657e+00
2.175636583025156767e+02 7.122101343960713926e-01 -3.877444182409764739e+00
3.146022721759726437e+02 4.717125159329969009e-01 -4.808622168319800355e-02
2.281415034373848982e+02 1.828637401397840145e-01 -6.586217847695174932e-01
2.480342574853011968e+02 2.140524534434856962e-01 -1.814814343402181562e-01
2.341867671183968014e+02 2.967512717868515115e-01 -7.419439937330666091e+00
2.887547080441626122e+02 4.664963610479391787e-02 -4.108303002535187431e+00
2.539537675662735410e+02 3.663963217742258194e-01 -1.936821810408187128e+00
2.737474942911184712e+02 1.960649976368753766e-01 -2.169408285959779081e-01
2.996711242308121541e+02 5.222567782967780792e-01 -1.220727131942270560e+00
3.088565689343985241e+02 6.297840704379358279e-01 -2.654117126318976672e-01
3.048494050547172947e+02 6.999239054927204329e-01 -4.381650858212905453e-01
2.421866305412004294e+02 4.147549259604111360e-01 -3.788814094256617526e+00
3.110054506071384139e+02 3.799662240260519575e-01 -3.179608240851462819e-02
2.401070300964234150e+02 2.895891917291090745e-01 -5.730122052728657600e+00
2.594329676154344497e+02 2.232807760003912012e-01 -3.275864629482099133e+01
2.217019531107922035e+02 2.469538743237646994e-01 -9.660966577870834238e-01
2.615495535240044092e+02 1.512233442052395849e-01 -1.920712722201477263e+01
2.591816538751278358e+02 2.997041834055643728e-01 -3.317410489683418007e+01
3.111895090385166895e+02 4.457543611123365723e-01 -4.790270582805919442e-02
2.380710866309361506e+02 5.337603802309193179e-01 -8.565708972497040108e+00
2.598327766019268665e+02 3.663675755084789820e-01 -3.158396963892717935e+01
2.524886992061917965e+02 6.237257665185240718e-01 -1.598949609688375961e-01
2.593110311995025086e+02 2.341363441618496410e-01 -3.309505388387661640e+01
2.594776431135402959e+02 3.487620419574413710e-01 -3.224141039669322595e+01
2.600223573546003308e+02 3.190091817895167603e-01 -3.232098423505397022e+01
2.509870557284320967e+02 6.641351572437746986e-01 -2.319514103520705917e-01
2.588291459748259626e+02 3.633145476338811020e-01 -3.168724878197622630e+01
2.591154351534994476e+02 3.074748915250622994e-01 -3.307717684772462263e+01
2.598763954634686684e+02 2.880451992739971878e-01 -3.270195190734327184e+01
2.589649437693046252e+02 2.910038462960435335e-01 -3.303942839786675734e+01
2.592850910645207705e+02 3.734822246646946620e-01 -3.163792258691237080e+01
2.593532121701938422e+02 3.766534571626021233e-01 -3.154575479953795991e+01
2.867832500776506777e+02 4.121196748510191910e-01 -3.276212879725832750e+00
2.595491832784813369e+02 4.299563925791951569e-01 -2.976576101538669050e+01
2.718142219610488155e+02 4.937271789625141682e-01 -5.004208457605366922e-01
2.590186449012589947e+02 3.161006381830224754e-01 -3.294866444228136970e+01
2.677657359586361281e+02 5.107576094228781782e-01 -1.638432566180246797e-01
2.586577365791827106e+02 3.388857714107831320e-01 -3.192925897237987343e+01
2.595647782401582617e+02 2.236741674053901452e-01 -3.276970620352417995e+01
2.586837150416971554e+02 2.570776673930825762e-01 -3.269079490964009693e+01
2.603114975237532462e+02 2.540914500479167226e-01 -3.132502816854937322e+01
2.603453276551133513e+02 3.570674852776254404e-01 -3.002954058930368220e+01
2.628639371406326859e+02 2.007670522309104033e-01 -1.066696505131474915e+01
2.595237103266411509e+02 3.509804539283524760e-01 -3.218869302382861264e+01
2.592372570765747923e+02 2.548724954720406610e-01 -3.339503328123570469e+01
2.574531216797749380e+02 4.126578006885752714e-01 -2.365608434324990128e+01
2.624645778802948826e+02 4.078591175435597460e-01 -1.383189464649882972e+01
2.587447094157346328e+02 2.223679023992372328e-01 -3.205218377371296157e+01
2.595113442486405120e+02 1.967668133302981071e-01 -3.167108875081628483e+01
2.587209273575242037e+02 2.967535505099306303e-01 -3.260028103461212368e+01
2.600109673617631643e+02 2.842249285374093271e-01 -3.275769652926005904e+01
2.596346169692247372e+02 3.404842051737158037e-01 -3.245407926840841384e+01
2.587177675211459018e+02 3.001082699664876507e-01 -3.256554137853070330e+01
2.592812122095200493e+02 3.219733936326339974e-01 -3.290518937795075516e+01
2.588018573351479290e+02 2.882261420726167644e-01 -3.309244207780394476e+01
2.589450610560379573e+02 3.250440016283449030e-01 -3.256056339170940106e+01
2.589791324728162749e+02 3.631185388504452050e-01 -3.167080303255517748e+01
2.587526580788358501e+02 3.151842469080667342e-01 -3.235236732372069923e+01
2.593144011612803865e+02 3.461171385434964609e-01 -3.237538091931776307e+01
2.589133954225944763e+02 2.783611058887221490e-01 -3.312594899606803978e+01
2.596203429838095076e+02 3.646472507273529895e-01 -3.183087491162866201e+01
2.594869910520989720e+02 2.931456700941252325e-01 -3.326522301258982139e+01
2.601193560909641747e+02 2.890397398924353101e-01 -3.210749707637842931e+01
2.598767367438326801e+02 3.008726843706615028e-01 -3.256906985163154644e+01
2.463575261774645924e+02 3.331615955857934464e-01 -4.550392024387556744e-01
2.599562699543144504e+02 2.285170697118021899e-01 -3.231338844929882725e+01
2.589213197163043105e+02 2.693761906656378935e-01 -3.313738967753601372e+01
2.560309215288320956e+02 2.952407882002820450e-01 -1.047123578937509158e+01
2.596917325892829922e+02 3.329634008472062146e-01 -3.240156101574084602e+01
2.592917008852086269e+02 2.598690357387161143e-01 -3.342460560238295386e+01
2.590412083700060748e+02 2.920461883971616768e-01 -3.327082967818316206e+01
2.573841209682061617e+02 3.055030460811771764e-01 -2.523198998860869935e+01
2.596979014483629271e+02 2.924679970738713886e-01 -3.305837837892214282e+01
2.592334538479495336e+02 2.302537194895823980e-01 -3.301328238971331075e+01
2.594454662423915465e+02 2.768659746328065441e-01 -3.337268760039444260e+01
2.588811652583463569e+02 3.235499908565456217e-01 -3.259950432125378228e+01
2.596392276982965086e+02 3.018776729668668501e-01 -3.317277267313161815e+01
2.592112072904914157e+02 2.389388649479931015e-01 -3.319505245137701621e+01
2.596679792727270524e+02 3.121716852009647769e-01 -3.279613077503456964e+01
2.597451470748260363e+02 2.495328609224770899e-01 -3.306838534878402669e+01
2.596332877159857730e+02 2.616859244758233949e-01 -3.314785965356222164e+01
2.588954889998245221e+02 2.667865575268948963e-01 -3.313943387001433649e+01
2.597090001823534635e+02 2.987739930016497514e-01 -3.299168841914183758e+01
2.596808498178727405e+02 2.716323961561021294e-01 -3.316919626769478668e+01
2.913277647126400325e+02 2.228852392037622698e-01 -1.016525393528730703e+01
2.591663933435574450e+02 2.510848404525499178e-01 -3.326880623227096834e+01
2.595166559419836858e+02 2.483780912195469870e-01 -3.326529251895605199e+01
2.594358766013883724e+02 2.975157368239961242e-01 -3.321544802036902411e+01
2.591353538960926244e+02 2.842507013314224951e-01 -3.332157910831987380e+01
2.598362184015884395e+02 2.950025736078317751e-01 -3.305079391588979831e+01
2.597584302516453363e+02 2.206648502164962056e-01 -3.246951111905825371e+01
2.589415270523819004e+02 3.082840660772283581e-01 -3.284362013024871629e+01
2.605328365172051690e+02 2.999207130457760551e-01 -3.010538623637666333e+01
2.595347801190761174e+02 2.260903568897698335e-01 -3.283786453672598782e+01
2.590150569643544713e+02 2.841885507397267085e-01 -3.333532268608088600e+01
2.597916924054813990e+02 3.285044196571961783e-01 -3.251100587239628226e+01
2.594708929831505770e+02 2.807938816997297971e-01 -3.335747690430013535e+01
2.617305828852210539e+02 3.013016347629208780e-01 -2.190470985236910550e+01
2.652149464722540415e+02 3.091914064802144257e-01 -7.604772896695651818e-01
2.591004999342625297e+02 2.782620628139835239e-01 -3.335552285940018891e+01
2.595583687694831951e+02 2.673322814080447696e-01 -3.338683457130873933e+01
2.358067917220875529e+02 2.899479823284638047e-01 -8.587947408741408495e+00
2.374153484924773068e+02 1.898118659092142835e-01 -3.983219945799966855e+00
2.592024070938508089e+02 2.683944864004537134e-01 -3.345301118176801225e+01
2.593283679373740824e+02 2.238626747155264829e-01 -3.283762858467563461e+01
2.595972077970557734e+02 2.915632873014413207e-01 -3.328584461322461863e+01
2.592950147661733808e+02 2.534006239215763068e-01 -3.337973933792817860e+01
2.594748432988722016e+02 2.484385273469331412e-01 -3.326517960966072707e+01
2.590631828737163573e+02 2.931559344528730238e-01 -3.325791878361738441e+01
2.593934781858980614e+02 2.989015378413385493e-01 -3.326389378991640910e+01
2.590941387356182304e+02 2.481550800041952276e-01 -3.324647198049491692e+01
2.595014882834439049e+02 2.555486409606416154e-01 -3.333396704819721634e+01
2.593596242379452406e+02 2.792121061865366904e-01 -3.342693248966702413e+01
2.592249378034947540e+02 2.710819295337498769e-01 -3.345216135010250014e+01
2.590404904834357467e+02 2.858332018367468197e-01 -3.332165911527205537e+01
2.591897222880681397e+02 2.906317716503933890e-01 -3.326762366354717670e+01
2.589999037099884163e+02 2.819475386067584188e-01 -3.335007111041871042e+01
2.593497697545357141e+02 2.746503448286181648e-01 -3.344206023545115869e+01
2.591614581707855223e+02 2.866333172371686167e-01 -3.330262771233634567e+01
2.592196172816161379e+02 2.833217952733917411e-01 -3.341057179115595233e+01
2.592935102934364977e+02 2.625862530653052529e-01 -3.343646186092070849e+01
2.592064850253493660e+02 2.663346479705193670e-01 -3.345042067089764259e+01
2.590731926889847614e+02 2.578844961486149168e-01 -3.333700026440556741e+01
2.591394884507000711e+02 2.859167392842591471e-01 -3.331014843164266637e+01
2.590625642462447900e+02 2.633216782901258712e-01 -3.336438096386676477e+01
2.592027975357704008e+02 2.708048645298953283e-01 -3.345318361064911983e+01
2.590787731160725684e+02 2.689931532252692326e-01 -3.337329439874691417e+01
2.592157274983517823e+02 2.730556848323262287e-01 -3.345036382782809170e+01
2.593507095147461428e+02 2.540619440737444390e-01 -3.338230090879863354e+01
2.590962303366817423e+02 2.783810409004715547e-01 -3.335557010976054926e+01
2.592844615601434271e+02 2.839137527365411251e-01 -3.340483852369477802e+01
2.593554905399119548e+02 2.726695948179828632e-01 -3.344527261228563475e+01
2.593319656932511634e+02 2.506462600452666889e-01 -3.335131139769892883e+01
2.593014136571870836e+02 2.790472902929410082e-01 -3.342982206924249766e+01
2.592465488277070449e+02 2.827414796141146103e-01 -3.341317302441740367e+01
2.591095957967010008e+02 2.793053419308312302e-01 -3.335034332941535951e+01
2.593048526498386082e+02 2.768084934146690657e-01 -3.343800166647587702e+01
2.592227341268218197e+02 2.756715177836387975e-01 -3.344445508004677237e+01
2.591218548018828756e+02 2.630335525885141301e-01 -3.335589264481565408e+01
2.590905095905439453e+02 2.703872192880925618e-01 -3.337214038075026679e+01
2.590827169527158276e+02 2.730874356401825631e-01 -3.337097642131760011e+01
2.590622146294510912e+02 2.814859774922779945e-01 -3.334557390292068391e+01
2.322027120979931851e+02 6.632469985206931318e-01 -7.766756238844781279e+00
2.167223302414499244e+02 3.587524240947689846e-02 -3.061373829137445490e+00
2.817847212265862709e+02 1.302775584996431479e-01 -5.224848245659468482e+00
3.000043639413626124e+02 6.792796050242531081e-01 -7.461770785731522970e-01
2.152793352128059325e+02 6.847020658426856698e-01 -3.768370330534231094e+00
3.007305084744925807e+02 3.617127663600780418e-01 -1.172738089420348961e+00
2.359718897591632469e+02 1.939410249716708723e-01 -5.721203419860568573e+00
2.498592093898326709e+02 5.612790060132850645e-01 -1.739385216689735558e-01
3.021072267626661301e+02 7.685383801080750699e-01 -8.260116613598155189e-01
2.607212065539981722e+02 7.025282953345777237e-01 -1.839677224152580948e+01
2.295116907433045412e+02 4.908869876456573578e-01 -3.787007353407936705e+00
2.849397199967220331e+02 6.159421347317670659e-01 -1.546724580212664790e+00
2.299386487406750064e+02 5.848690331786835506e-01 -4.264597790923466469e+00
2.883921126258413210e+02 1.222219282949731228e-01 -8.334898933825323653e+00
2.429180139556715972e+02 7.152543665383052085e-01 -3.009088553704603264e+00
2.548869205165248104e+02 3.250886813641235551e-01 -4.874033808096179143e+00
2.806566589009817108e+02 5.248429713835426336e-01 -5.465835127341555078e-01
3.038440448407384906e+02 3.310186791885077473e-01 -1.681489884617347830e+00
2.407025445814057036e+02 7.888337352525327528e-01 -7.283501873232359536e+00
2.870031910688778112e+02 6.301813597656008570e-01 -8.403454319144572082e-01
2.514366625562912532e+02 6.943013530020828439e-01 -1.860676991576659389e-01
2.943357953775606575e+02 2.871551069694843195e-01 -6.026372918775229515e+00
2.727612400757738556e+02 7.064286868857403423e-01 -2.239114604765354011e-01
2.927787296476942629e+02 2.929316872302646368e-01 -6.610994503730990957e+00
2.201103897474113182e+02 9.182847294509564884e-02 -1.889276145143195251e-01
3.139717011125989075e+02 7.662107221844033367e-01 -1.471277017334045867e-01
2.828377588226809962e+02 1.501886895145544409e-01 -7.376968568704051599e+00
3.092798091095702944e+02 3.929966030668339827e-01 -3.574113889014796097e-01
2.221039669880403267e+02 6.449926400549002015e-01 -2.112763765118816028e+00
2.737851505758686130e+02 2.755093174131996725e-01 -1.200058895986655383e-01
2.989387804757467393e+02 2.422651844889563491e-02 -1.963805952163294455e-01
2.130447989146940984e+02 2.139737994039396796e-01 -3.718555103665619477e-01
2.744625654623372384e+02 7.535552223571329034e-01 -3.075183689811136212e-01
2.673247882423813166e+02 2.261254401646029533e-01 -3.341249837157133640e-01
2.904888611103746143e+02 1.659529702466392698e-01 -1.123973266323009490e+01
2.334285161202506629e+02 4.322397847511310065e-01 -8.155036316392957119e+00
2.535570578769638246e+02 6.294646067647621801e-02 -4.950147873210739013e-01
2.786367669686202362e+02 5.584374978155052238e-01 -3.715090680900135500e-01
2.242422370968291432e+02 5.941001785151972525e-01 -5.070613765210892687e+00
2.577421038686975407e+02 3.560297484964431991e-01 -2.640616021889893972e+01
2.402215700699727847e+02 2.021350644623134962e-01 -3.987280213748277902e+00
2.566153613779297871e+02 5.115831655811414747e-01 -1.421292099513541274e+01
2.415556097853434494e+02 6.212701857522161530e-01 -5.294834963721971377e+00
3.156121310570622427e+02 4.392664470915781660e-02 -2.853021245684864482e+00
2.226681516058986006e+02 1.408070407164964954e-01 -4.175446351895980013e-01
2.460111343685998406e+02 5.796432914147713333e-01 -3.954577599733350990e-01
2.173280942169294860e+02 6.051554127322096299e-01 -2.847198078015740652e+00
2.617068352217225424e+02 1.145263941306719907e-01 -1.427378370106871763e+01
2.551687377889779782e+02 6.349230083738293118e-01 -4.172495541373100636e+00
2.125203418578473133e+02 4.484878368376874480e-01 -1.693658317386149248e+00
2.794316945433107549e+02 5.169032454480937400e-01 -4.332381046695010229e-01
2.140261816447076910e+02 5.493471607809227164e-01 -4.160382156116503083e+00
2.260486047615990515e+02 7.783111319150620711e-01 -6.639797016564660481e+00
2.625129169251794679e+02 2.355653774104694564e-01 -1.446495515990928027e+01
2.343793081974864094e+02 4.951821176363482152e-02 -6.635296490545883330e-02
2.367549542247631109e+02 3.901857610027792411e-01 -9.661431108032330073e+00
2.718355218352955944e+02 4.425846437140678602e-01 -5.853359422789542466e-01
3.076696209453716619e+02 5.037686283665102627e-01 -5.633652866806135862e-01
2.485702026180037194e+02 1.898285336912004517e-01 -1.792389248172298888e-01
3.032967835389027869e+02 4.157211363012278671e-01 -1.389636511036941968e+00
2.981361496220442291e+02 1.585391675304307357e-01 -4.710661174443412591e+00
2.208358766799165664e+02 5.683777870230661833e-01 -4.339134850978643598e+00
2.950975330466075661e+02 2.228578780440314822e-01 -8.068926672530553290e+00
2.583007984449795345e+02 3.493790307242122806e-01 -3.037917958321768452e+01
3.105459655478788363e+02 5.381963506534339636e-01 -1.243389187574475557e-01
2.962997698865161738e+02 1.029145600800445148e-01 -7.350169663826013000e+00
2.751849659660271072e+02 4.626113408826647566e-01 -1.955314682336168342e-01
2.653875412020445879e+02 1.698909743661971561e-01 -6.858615461285160197e-01
3.118411658413977534e+02 1.762027888555661769e-03 -3.585138068615201234e-01
2.486992660978135632e+02 6.691771285478846920e-01 -2.525148243603353784e-02
2.677886720709170163e+02 7.346540396621660252e-01 -8.592823724919260164e-02
2.443783158027020477e+02 1.048919409119228041e-01 -8.018337617041885190e-01
2.250836720590314428e+02 7.496794463155236343e-01 -6.986734637312005169e+00
3.122503517638112953e+02 4.228347801459103050e-01 -2.509237934340652581e-04
2.642995885633681041e+02 2.441266913263049065e-01 -2.960733497892666488e+00
3.141421811550040957e+02 4.785455156766811879e-01 -2.019945578915479517e-02
2.778508868811364891e+02 8.711768217493473521e-02 -1.334040270122583305e+00
2.282116313843447983e+02 3.023486807310380442e-01 -1.398433336821560014e+00
2.521447103869663238e+02 3.135136645828278668e-01 -2.556338702720398759e-01
2.932215396594651224e+02 4.688568292086560674e-01 -2.297361880400893952e+00
2.467643437930820483e+02 7.370019928762778783e-01 -1.038323965263852899e-01
2.107501164895577119e+02 2.597913977838790522e-01 -3.333685246373609967e-01
3.077644740533029335e+02 7.250092547027346679e-02 -1.882874814125197860e+00
3.057100504769983900e+02 1.810769878234480545e-01 -3.241617004228922738e+00
2.838869922242846542e+02 3.724300552567331724e-01 -4.560954269262393446e+00
2.707595473539557815e+02 7.207361704537875724e-01 -7.030605912937659685e-01
2.592391332112861733e+02 6.559150518805108021e-01 -2.220205687569224651e+01
2.763554141027393598e+02 1.221077803982002254e-02 -7.707406289419261973e-03
2.266394299673785326e+02 3.781423329008352652e-01 -3.446046249491260927e+00
2.373952846340961855e+02 4.309247096205306993e-01 -9.179983721565241339e+00
2.908946113011203352e+02 5.313007050184225255e-01 -2.340183450841078816e+00
2.694326835076244038e+02 3.403249914570148915e-01 -1.230148346342563315e+00
2.310905142398041505e+02 6.812996119117006866e-02 -1.647866085963520799e-01
2.662788467845530249e+02 4.012779332548978006e-01 -8.911096700479187449e-02
2.893368095081441425e+02 4.812132244715983664e-01 -1.986602231201303415e+00
3.049330359469945506e+02 7.943974135215410293e-01 -3.047768551427401107e-01
2.385718365230126778e+02 2.716940974264481223e-01 -5.327993798070498777e+00
2.187717901063577983e+02 1.836901092596539969e-02 -4.622266253519934587e+00
2.860192171998817798e+02 2.540596629617876689e-01 -7.271538631006384534e+00
2.452037291264106500e+02 3.068732832069255290e-01 -1.467860321159689230e+00
