7.242312757112011923e+01 1.035668925789804962e-01 -1.838063959719189455e-01
6.745120831485063206e+01 3.798061338845840074e-01 -2.825685633342037928e+00
8.822504708228505876e+01 2.815504359592030936e-01 -1.569438142935187352e+00
6.375980041030435785e+01 4.924590956580392476e-01 -1.954252043379564263e+00
8.173338547806507393e+01 5.050040541558222795e-01 -1.237955959905488040e-01
7.746974663155233998e+01 7.978926612392501783e-01 -3.079822749252270508e+00
6.411222481358394987e+01 1.263143937546455653e-01 -5.669834808227300904e-01
7.463992949160490298e+01 1.877557239894271091e-01 -4.319494657272192062e-01
8.242860148949336008e+01 3.115333759241992739e-01 -3.378538771524584178e-03
8.613322040853185513e+01 5.495389482524036806e-01 -3.969418231809948572e-01
7.067663398968937827e+01 2.898181001829333581e-01 -2.878930052934436379e+00
8.751155402802996264e+01 5.375861316341720153e-01 -2.145841812101106083e-01
6.340516624026156478e+01 5.779223089203208152e-01 -2.875916144688641651e+00
6.449563066045557491e+01 4.800827206074840814e-01 -1.249903783331628659e+00
7.226711082520201046e+01 2.694434175100979267e-01 -2.859533674559425198e-01
8.102774951360939326e+01 7.021795608206852224e-01 -9.579293839806292399e-02
8.274441684105595129e+01 5.928311747511129104e-01 -1.165051050356456092e-02
7.161936154991545322e+01 2.027087963777107482e-01 -1.057737584740510606e+00
8.518418726809520081e+01 7.231420347589172515e-01 -2.669576333427903930e-02
7.588929206069364852e+01 3.700596236899437175e-01 -9.427726481429623551e-01
6.959359377733881047e+01 3.602990737413280797e-01 -3.825224704227642381e+00
6.587252435980403220e+01 6.610133685244001800e-01 -5.507306906707664096e-01
6.962836634917316303e+01 4.180297047944803168e-01 -3.532020098623787963e+00
8.471583910639623127e+01 7.088002945740647931e-01 -1.065955598722160592e-02
8.202678145571648827e+01 5.631351994672627592e-01 -4.855871067139823360e-02
7.774026298720636419e+01 7.858278070104156576e-01 -2.622031635411098183e+00
7.386438444786647040e+01 1.780936490339790901e-01 -2.339030014730583973e-01
8.857531917442560143e+01 5.879537770584003509e-01 -1.617417395764731702e-01
6.519493512876199759e+01 4.124098123674714289e-01 -1.870769535189979793e+00
8.027505020086651655e+01 4.071606523199738925e-01 -1.298902088405240185e-01
8.403974563200600301e+01 8.625057795558348228e-02 -7.685518748435972158e-01
7.821480620596075539e+01 1.469806198639145023e-01 -8.415550419614151068e+00
6.910092592312255988e+01 6.284256716583467295e-01 -3.249634748715655608e+00
6.634515060887886762e+01 5.176968688587043621e-01 -7.199994961637158630e-02
6.305261410549059065e+01 6.179770166962075262e-01 -2.652346661360290625e+00
7.533593244077341922e+01 7.561113318096617242e-01 -9.647953782140036849e-02
7.948243792380205264e+01 7.600282409947565210e-01 -1.726302908109218423e-02
7.311259425054676342e+01 6.422100590423118760e-01 -1.516729366154424136e-02
8.131687214275854103e+01 5.000474907530383373e-02 -6.634514196557492194e-02
8.698161228830791458e+01 6.888475222909697104e-02 -4.476806612072961045e+00
7.834853232485617980e+01 5.587127448749388270e-01 -1.535490000118252318e+00
8.925307303309789120e+01 6.898026570218571685e-01 -1.205820773850991012e-01
8.494135043223998593e+01 3.403022861924813736e-01 -4.212770576808694822e-01
8.337038609672239886e+01 2.366782185565652896e-01 -4.584343229724706370e-02
6.843663316258842144e+01 1.072174857246902396e-01 -3.882857844679123982e+00
8.770404930123001463e+01 4.729816766272423867e-02 -4.135546662963833775e+00
8.640194177476544724e+01 3.854227222936925656e-01 -1.049479529823752255e+00
8.882080947980607277e+01 3.125151868790870813e-01 -1.103975375776896861e+00
9.248249477047623657e+01 4.962642697905623179e-01 -1.502352856365216649e-01
7.020564370955531786e+01 1.817476116397537256e-02 -2.951097964278520669e-01
8.557910134561166160e+01 2.543195600779317167e-01 -1.677021139229959656e+00
6.747471368896457022e+01 1.563747474884752409e-01 -3.071385152666467278e+00
6.869316471232589549e+01 6.372770202936116624e-01 -3.525672640801985391e+00
8.969916383594548392e+01 3.943011667032061962e-01 -5.928576627989418091e-01
8.577983043385086148e+01 7.800633100919598384e-01 -1.070129438825721674e-01
7.645834260301234053e+01 4.681359734023533559e-01 -3.122294807762148849e+00
7.036119903277172227e+01 1.137259896711075857e-01 -3.429517560453509972e+00
9.060283397818473361e+01 7.401927926488527376e-01 -5.962285999054052488e-02
7.553761384773855525e+01 5.235062659208079561e-01 -2.325317569952979335e-01
8.315119630311536980e+01 1.406798365549814279e-02 -4.985814200487941328e-01
7.865200183469559647e+01 7.579394198741418176e-02 -4.754800332553601017e+00
9.008887014231656565e+01 1.438742290066479246e-01 -2.540010243856740235e+00
9.074100653451935727e+01 2.291841103625488485e-01 -1.020839954435360131e+00
7.686481059877495170e+01 6.879070863376878231e-01 -3.360453984316253973e+00
7.126559688970296236e+01 5.734091800461110777e-01 -1.020227480656152652e+00
8.426165050693289515e+01 3.893942657159393805e-02 -1.157417092845452578e+00
6.537896055176702248e+01 2.443219152576407149e-01 -1.695221637234974654e+00
8.788105160202957222e+01 3.470264713835730097e-01 -9.320391565326763272e-01
7.100590756647578417e+01 7.738494148893521052e-01 -9.807325457553933701e-01
7.709264199605954104e+01 3.557588164151360144e-01 -8.746271215377010577e+00
6.249525437622905599e+01 4.512418583159722996e-01 -1.747042903712211270e+00
9.136195723326919449e+01 9.016617687135373982e-02 -1.804209889543910483e+00
9.203542542147594929e+01 2.797209126149479141e-01 -6.789599031034742049e-01
6.802909625500448954e+01 4.343499976145215880e-01 -4.451300711274021715e+00
7.278949182152503283e+01 1.989528611357342935e-01 -6.192625570590485490e-02
6.261871132565828191e+01 7.473910690569344206e-01 -1.678988394362151304e+00
7.449337096672606151e+01 2.659920248401484097e-02 -2.315789272082434958e-01
7.620260782143527933e+01 1.750856908762671027e-01 -4.207189513537131553e+00
6.363860472892132236e+01 2.127579204093734411e-01 -1.827407374786670147e+00
8.168236111053560933e+01 4.435178643047287261e-01 -1.445965319739888899e-01
8.070658836165850403e+01 1.620734651392148340e-01 -1.318878083223179176e-01
7.424508338919829953e+01 2.997081314743392788e-01 -1.519078439890331478e-01
9.267505504476238798e+01 2.208385619024180180e-01 -3.662852555659431020e-01
8.011687958836989765e+01 6.052988105662875373e-01 -9.407487278422656252e-02
8.688247983206773029e+01 4.608731798147982506e-01 -4.600852897130156549e-01
7.978922492810622202e+01 6.024015258812118884e-02 -3.126005438891179544e-01
7.339410139534480493e+01 4.752358498455843128e-01 -5.250037451571214903e-02
9.162386820454022995e+01 1.917015893735700893e-03 -5.725374501968488045e-02
7.209072049943200966e+01 4.263841419926530651e-01 -4.929320099061986760e-01
6.197704542301696051e+01 3.309967669390501133e-01 -3.041222702952800283e+00
6.479730769742185714e+01 6.729783759533813914e-01 -1.225596346589761465e+00
7.497323832181655234e+01 6.087716792922270859e-01 -2.258554043830351687e-01
7.890663083356150764e+01 3.220040046837976400e-01 -8.757462205850662373e-01
8.382097363966147441e+01 6.695808401094981432e-01 -1.009089265076983793e-01
6.694329399833809191e+01 5.341340596229278148e-01 -2.020086552927238266e+00
9.107892541392642727e+01 6.518148970427734001e-01 -1.811821408880006090e-01
6.809051041255825965e+01 2.597265300970920676e-01 -5.026155052971427395e+00
6.658907746961355656e+01 1.354982048848698828e-01 -5.119873168784256912e-01
8.978363567908833431e+01 7.357093810307758774e-01 -8.032939125394987501e-02
6.606049040698879082e+01 7.132523354614229705e-01 -1.476667060246310559e-01
8.448028001445975121e+01 5.667665811227260431e-01 -1.058524202023332708e-02
7.597323195155425424e+01 2.691356163328003093e-01 -1.935723489800649455e+00
6.989016234295999652e+01 3.802046399940610666e-01 -3.372773522105734667e+00
8.912639536906125670e+01 6.086734878730495346e-01 -1.456177288337670572e-01
8.609737612039234023e+01 3.316001812712498498e-01 -1.469811871205111808e+00
8.250524269812778755e+01 4.589713669983404576e-01 -4.714303015985057445e-03
8.032255162623799549e+01 7.155958735446980024e-01 -8.035607260147811792e-02
8.166737275438548238e+01 2.292332724312080572e-01 -1.317465478822634484e-01
8.994096383592759025e+01 4.718741750632733378e-01 -3.268281718729910690e-01
7.032849310195469172e+01 6.215731864925042593e-01 -2.018800670223033222e+00
6.791630526160162162e+01 7.097807932203759052e-01 -3.361210922244846078e+00
7.000615583055436275e+01 6.472492913922917035e-01 -2.052779076827928151e+00
6.526258091935798689e+01 3.743121985084985615e-01 -1.916045394263103052e+00
7.177717901737393902e+01 2.219001854825508324e-01 -8.340069151641443801e-01
7.991930257733892518e+01 4.379528913873506624e-01 -8.127882839930009040e-02
6.247047575057632685e+01 1.200062821398251156e-01 -1.410355979650987912e+00
8.441542389791391088e+01 1.470937998769096811e-01 -8.987747200074347464e-01
8.540130468716327528e+01 5.439813354826393832e-01 -2.243034721055200131e-01
6.315649513891021627e+01 1.639467779663685842e-01 -2.163840367262205078e+00
6.541036372666090415e+01 5.482995896312383710e-01 -1.763011896342328466e+00
7.908919768740736345e+01 3.634035874009651224e-01 -3.739986515717503845e-01
6.945954411436582632e+01 4.497551280059670642e-01 -3.562160796283029729e+00
7.431883538975434078e+01 4.790640833275141564e-01 -1.496882023064666778e-01
8.481918532241931530e+01 2.584450803513432815e-01 -6.525011906165496534e-01
9.139954372325416898e+01 1.998874297668945255e-01 -1.405968422644719551e+00
6.825545990978082500e+01 2.818189320278676191e-01 -5.076880774472789071e+00
7.815582308225424413e+01 1.353306202303786454e-01 -8.392271295629209149e+00
8.294220828166685067e+01 7.432927147697736547e-01 -3.667229555847622419e-02
6.697623869286796605e+01 6.511067363992144308e-02 -7.823402055449283354e-01
7.482182866969586144e+01 6.016467610844982161e-01 -2.775752318333407076e-01
6.455203384751303020e+01 7.317534001092255158e-01 -1.148183726981805375e+00
9.170022779877248809e+01 7.842657684305298638e-01 -1.623417715850384857e-01
9.027177411616005998e+01 6.295905582748612117e-01 -7.698391903567908257e-02
7.093034608011349462e+01 4.447048460429582351e-01 -1.740204521635294821e+00
6.265772864307671597e+01 7.743557460894020528e-01 -1.653061785240225623e+00
7.635931452159024957e+01 1.009807074050960152e-01 -5.408799641409557601e+00
8.959030704890972174e+01 8.976508527772136814e-02 -3.944745170140449009e+00
6.490586449859037543e+01 3.093203931566845810e-01 -1.568158278041957843e+00
8.858078302041462848e+01 7.589505213877663081e-01 -1.120320150151302846e-01
9.063063246018799646e+01 1.568602761307365534e-01 -1.587191232267253227e+00
8.797673421048554587e+01 2.588400235139055178e-02 -3.112213327436192944e+00
8.897820775205147470e+01 6.349077197350007085e-01 -1.288703332231598830e-01
9.222391328073410932e+01 4.968973591671392853e-01 -2.037531973200159829e-01
7.925420918603828113e+01 7.796454137679006413e-01 -5.425280680905061881e-02
6.603792988586981494e+01 4.866810084591056129e-01 -2.106454448977186922e-01
7.666147617716795537e+01 2.038220472043020814e-01 -8.795826900638711976e+00
7.291006887869488651e+01 2.476426900965974509e-01 -3.731144002135027005e-02
9.196219764155246423e+01 2.510807317844700459e-01 -8.611212543914094075e-01
8.066165733897271650e+01 3.002119480189149314e-01 -1.412517729479970396e-01
7.205210462588593145e+01 2.398712699313861330e-01 -6.036574870738723453e-01
7.339148380973422547e+01 6.491105215014749685e-01 -5.440813461046390548e-02
8.655238518136684434e+01 4.222043635598121125e-01 -7.590989884381541541e-01
7.876675793103434842e+01 6.772919296468847827e-01 -3.265268566543917950e-01
6.373151502732271467e+01 1.082278569363452764e-01 -6.253648891406047294e-01
7.731941987734344934e+01 3.846134053117162416e-02 -6.129278592077884724e+00
7.219061765286924981e+01 5.437748237402555834e-02 -2.483301548686325244e-01
7.695433085871412970e+01 5.704921672022681411e-01 -4.513193280772347826e+00
8.201917611605782099e+01 2.888986618830382408e-03 -8.014254497023581836e-02
8.767283814955818855e+01 3.240460988397100839e-01 -1.087656161791419107e+00
7.551082125029780912e+01 2.953363133768597826e-01 -4.782254394880858794e-01
8.695447254762359535e+01 8.146549227161652140e-02 -4.780154974861623884e+00
8.264285474217831506e+01 7.499330390316562012e-01 -1.467637191451331979e-02
8.391556183263627133e+01 3.964226732313843593e-01 -2.946969963962673897e-02
8.665345610109298491e+01 5.780818762500427033e-01 -2.382733226400528259e-01
7.414233952601172462e+01 6.676045520396335364e-01 -4.115670555358690724e-02
6.382717259925207287e+01 7.659255965530764598e-01 -1.732831650015408398e+00
7.256823782164318004e+01 3.862557035226897306e-01 -8.482466911335001525e-02
6.411351685858275573e+01 4.695406985782239057e-02 -2.321723071649006015e-02
9.114662550358343651e+01 5.051390698967076487e-01 -3.159167157675567550e-01
6.915094330507595544e+01 4.072410336068932324e-01 -4.088265056663836994e+00
8.091841893479471537e+01 6.594918662581026325e-01 -8.970085170505459615e-02
6.198149120128213241e+01 3.121971754033309177e-01 -3.022471660378548197e+00
7.378845320226486137e+01 3.470116925798418239e-01 -1.199191147244568351e-01
6.667574026517465313e+01 4.136002020606919238e-01 -1.180734228056846247e+00
8.834282403470663780e+01 6.916222724885202622e-01 -1.324202496780985117e-01
6.564812651140668720e+01 3.588320876149775351e-01 -1.390696290482427155e+00
7.844576462628054969e+01 2.775188156510432491e-01 -3.933746496502512624e+00
6.737540167606898933e+01 4.297180832252541771e-01 -2.567152683325069074e+00
8.350904211113001452e+01 5.174633489801968578e-01 -4.580504421064295062e-02
7.752681363032417039e+01 5.938617711295643420e-02 -9.764031941058997077e+00
9.084443345113869839e+01 1.582204444594794215e-02 -2.486888039880562062e-01
8.360332019578740415e+01 5.956905898731744697e-01 -6.595011526484231834e-02
6.285980408980064738e+01 1.968042716327357208e-02 -2.364095782977614635e-01
7.494078669659887737e+01 5.310133940938648323e-01 -2.764627515760874621e-01
6.844291891401863381e+01 5.254558981159600517e-01 -4.145439885985257256e+00
6.894641947946750804e+01 7.416419989082689845e-02 -2.636620921495388625e+00
8.113272239744082981e+01 7.972324382781171836e-01 -1.075952169600655622e-01
8.181951876244355049e+01 7.217120543710017211e-01 -9.634883388034107266e-02
6.751924892445735793e+01 5.840317186574772723e-01 -2.552346602218681593e+00
7.794268347692757004e+01 1.144968767355300926e-01 -1.062937851810072587e+01
7.127579357939212912e+01 6.837879807341017413e-01 -8.609691796484784110e-01
9.261921155262629668e+01 1.415049015531667231e-01 -5.286207081158399435e-01
8.753625313473197878e+01 4.955565232848648805e-01 -2.874939823268201078e-01
7.544249057946791481e+01 1.807042403079905935e-01 -6.552510882544824167e-01
8.600138455317397757e+01 3.418365646462666607e-01 -1.336911743242284123e+00
7.956979129999994882e+01 2.115437901737742821e-01 -1.776580991578346758e-01
7.084020740152422491e+01 1.860996757170340909e-01 -2.987895216620720440e+00
7.313319372450121136e+01 6.963284578555751780e-01 -2.355624296745801455e-02
8.526612231396316588e+01 5.540795118671980601e-01 -1.651007240725652081e-01
6.625230410830056371e+01 1.734025643389959792e-01 -5.627484361571619131e-02
9.253773590582426323e+01 1.626204740067007659e-01 -5.744100859484340127e-01
9.011846041918531114e+01 2.246098546012137709e-01 -1.588849799597096712e+00
7.245629397877374345e+01 1.359619939250416853e-01 -1.559205332783141496e-01
7.907712498677737756e+01 7.652053263939471162e-01 -1.026702566901956382e-01
8.277623536741202770e+01 3.431616099779559170e-01 -1.567355642530743765e-03
9.093672013057793890e+01 5.439017066208474693e-01 -1.925860308869071225e-01
8.614772000469619684e+01 6.321990483773407554e-01 -2.378175748710322501e-01
8.939566476499764747e+01 2.603650531555326553e-01 -1.573798816319511129e+00
7.076344409491662191e+01 7.234385366355203795e-01 -1.318594787540168456e+00
7.593142901422078239e+01 1.865061431795852487e-01 -1.867737736876026178e+00
7.613162295763069665e+01 4.960569450419221038e-01 -1.372245768196885374e+00
6.265003207315514544e+01 6.811928765911563488e-01 -1.749528687274181538e+00
6.228800804899213972e+01 4.398254707102116079e-01 -1.870964066694462913e+00
7.396918094015808265e+01 1.706640987453079683e-01 -2.113222830246918593e-01
8.708428436526564553e+01 7.039994145118331215e-01 -5.680812402019352891e-02
7.700860583151705896e+01 4.456637696416737571e-01 -6.391137038192434616e+00
9.044036512169225261e+01 7.976808600318955333e-01 -3.812914208096648133e-02
7.826925992375824137e+01 1.122026660849849283e-01 -8.236426919447298545e+00
9.208065739965778107e+01 3.786711419920371635e-01 -4.211912058636249623e-01
8.976531257648483120e+01 6.254405296147582671e-01 -1.398502582184559806e-01
8.519207513331450343e+01 7.820771899815325279e-01 -3.258562424883263559e-02
6.814741470524887745e+01 8.653211681185447868e-02 -3.318458509044206473e+00
6.468424512972188722e+01 9.124008228077302995e-03 -3.528319916032941483e-01
7.953810889376578075e+01 4.300917889540673555e-01 -1.080707686857789590e-02
6.511316488660756363e+01 1.091726738720365381e-01 -6.728994564569594772e-01
6.889320311383249873e+01 5.680720313619009865e-01 -3.587931744679440538e+00
8.643256465242771469e+01 9.289379206462561323e-02 -4.840900889278802133e+00
8.411109349853860806e+01 3.874404871765655400e-01 -3.197941358063562806e-02
9.125788308628615653e+01 6.741732202511185879e-02 -1.545924299615928588e+00
6.326072500028373469e+01 1.922228955065694370e-02 -2.163911021680982039e-01
6.916498522317078823e+01 1.566712659933488516e-01 -4.494245526266482216e+00
8.693783062669835715e+01 7.283577246422100471e-01 -4.423837776205847422e-02
7.760547382018962992e+01 4.206547747007183258e-01 -7.049448471492855361e+00
7.137275579175083351e+01 6.612940893434229306e-01 -8.562657788189740327e-01
8.505182070193764332e+01 3.450252477050918531e-01 -4.908011068184782166e-01
9.244642493624630220e+01 5.606248700304123922e-01 -1.218860239280220165e-01
8.012218930485914825e+01 2.707068060630919426e-01 -1.521478486069820224e-01
6.606571873217102109e+01 3.086545151748658067e-01 -1.275881719875477938e-01
8.755212500426226541e+01 5.043645986980745954e-01 -2.701779408880377598e-01
7.768913726117835949e+01 5.171436199577796877e-01 -4.926284260487332034e+00
8.888161965471482517e+01 3.013353400395714643e-01 -1.181521967953258700e+00
7.516816705746771277e+01 5.782009932253884266e-02 -3.756634103709199923e-01
7.659560014073771583e+01 2.763197007916826098e-01 -6.164213727207935811e+00
8.172598898087076691e+01 6.055851609386653234e-01 -1.076537866582955860e-01
7.450062030177721795e+01 1.816156941704993866e-01 -3.338655919644125114e-01
9.181876904636243353e+01 5.499254338436992962e-01 -2.815750961314987255e-01
8.840404899580116194e+01 2.232450261233744626e-01 -2.447487019467549541e+00
7.885901645930255199e+01 4.016124959897086066e-01 -6.608517374415260326e-01
6.761361758157687518e+01 6.712639664270879658e-01 -2.671989753240032073e+00
6.429210774628515424e+01 1.406783120108751062e-01 -7.273032482251363673e-01
7.163307922048822718e+01 1.230518463128617707e-01 -8.048520404912667958e-01
8.375400592395340027e+01 7.557516769741765561e-01 -1.227716976889881018e-01
7.281878131709275692e+01 9.669169899931522039e-02 -1.936470440248190539e-01
7.012773440185929985e+01 5.327537959709239823e-01 -2.401757389091959460e+00
6.543607704260222135e+01 3.600798634020148103e-01 -1.810298775819473516e+00
7.717822482859772038e+01 5.262805921869802006e-01 -5.782876596324972418e+00
6.688916764886766941e+01 3.185480378554155223e-01 -2.163110083039887499e+00
7.834589915809763738e+01 3.938846696630807775e-01 -2.845984883366400098e+00
6.983268208571347202e+01 4.740136057988129092e-01 -2.889972324591388197e+00
6.838979614071885749e+01 6.117903578267949172e-01 -3.853318013603392433e+00
8.462458490684740298e+01 7.551235750516555045e-02 -1.500264277786174105e+00
7.203832452313659473e+01 5.880569453161061944e-01 -4.877431279950596998e-01
7.109654027251914954e+01 3.521457187299184000e-01 -1.681258125435555195e+00
6.795799608432550087e+01 6.423366474317955266e-01 -3.565554588547229731e+00
6.444559992449082131e+01 7.116342917716524941e-01 -1.172539101749650703e+00
7.478709597454312075e+01 4.496908315574291715e-01 -3.490864467213410371e-01
6.288814882289576502e+01 2.551366744289281230e-01 -2.357985242865995090e+00
8.242487037483374479e+01 7.408914698518449526e-01 -1.612224132396371246e-02
8.568223274312491355e+01 1.510360821258956154e-01 -3.190519671434961957e+00
6.641206390823128913e+01 7.897413258195941088e-01 -2.003000393543901136e-01
8.766587415141059125e+01 3.349086415741923256e-02 -3.208764043989539072e+00
7.394390085032918591e+01 6.214764902195619722e-01 -5.104411701897345471e-02
6.559738303541135451e+01 4.866331484787497219e-01 -1.449573744332548264e+00
6.377173559175920303e+01 7.125499791415368378e-01 -1.866368586784966199e+00
7.943874451758014743e+01 5.088909794163595790e-02 -8.478714923695458427e-01
6.199402168602874497e+01 1.959244844424956888e-01 -2.864499764804616877e+00
7.565213094103791036e+01 2.121429179614564564e-01 -8.910843111559831886e-01
8.142596831008422953e+01 4.627567418488461037e-02 -7.528742409775854294e-02
6.361647172185042365e+01 6.678264993786545839e-03 -1.401291888559252019e+00
7.525915598656295913e+01 2.433260899657886667e-01 -4.522431830505059813e-01
8.076372411567116671e+01 2.845403076013776622e-01 -1.576865530801367654e-01
7.345765460624008369e+01 4.595581712011299058e-01 -8.302786566265597801e-02
8.970937863897754028e+01 7.454405093942421123e-01 -8.842325637095460600e-02
8.024810723959126335e+01 6.532051143642165769e-01 -9.135286757263720581e-02
6.937967342930306813e+01 4.927602211181575931e-01 -3.466249452859869518e+00
7.313527172376336694e+01 3.331566787032407828e-01 -1.327467037410029818e-02
8.300217416818043148e+01 2.046126841957816023e-01 -6.215138118623187921e-03
7.050611298586852627e+01 6.760783830490991742e-01 -1.754113380836173075e+00
8.061168330554542649e+01 3.040760931200999287e-02 -1.027163054295833766e-01
8.878529737925174459e+01 4.094024518993878425e-01 -5.060449561357892589e-01
8.419316415263634212e+01 7.721406506870260866e-01 -1.242596950745487455e-01
6.720423536670054432e+01 5.816859771389866207e-01 -2.135037966827852074e+00
8.350505254246954223e+01 3.236891414911423626e-01 -3.550952723919188758e-02
8.201454335144146057e+01 5.991277358387826490e-01 -5.201485704195499271e-02
9.158285353932166117e+01 2.321433776729447396e-01 -1.192033795298951038e+00
8.121456927679354010e+01 4.668072627156862331e-01 -1.847347710977499391e-01
7.229381971215656222e+01 5.588492127264987896e-01 -1.787343971060695313e-01
6.663895259734319154e+01 3.700720495056817327e-01 -9.736900392091377698e-01
8.798051452180348520e+01 6.944167521784132546e-01 -1.435039826713551125e-01
8.598892061406971266e+01 2.930588543518555800e-01 -1.736018880263690445e+00
6.968822474370404052e+01 4.504698868826239044e-01 -3.282396127593238955e+00
7.446241595123014179e+01 3.971037790500396292e-01 -3.036209368748123416e-01
6.782541428246827309e+01 5.098685068085750255e-02 -1.688638441830135006e+00
7.675849966342299524e+01 7.950188131397441238e-02 -7.832142208837386654e+00
7.538318863959095495e+01 6.742227288578153122e-01 -1.163415984575044554e-01
7.904068809382864913e+01 9.629548013392136285e-02 -2.359931553730623133e+00
7.834537736246741702e+01 1.348890131462403275e-01 -6.814693934609702630e+00
8.457835843776544493e+01 2.634062994176785133e-01 -3.615711761550054471e-01
7.646482290037607754e+01 2.040095399670886420e-02 -1.246180147749047062e+00
9.226336941047932783e+01 4.461307863242394700e-01 -2.388193903888960745e-01
8.638306309555861162e+01 2.710496527640743336e-01 -2.200773309237846309e+00
8.539443022889989265e+01 1.516600513891877000e-01 -2.502173775069038264e+00
7.634337013993595633e+01 6.359319203649056451e-01 -1.540473936926678888e+00
8.419192830756476553e+01 1.275292469756970359e-01 -7.019120233716390489e-01
6.411779540315937709e+01 1.963914350758860228e-01 -1.033795951557317405e+00
8.578841777284685577e+01 7.742869425753673429e-01 -1.098744192820724497e-01
8.111639611967734709e+01 8.098113272057577694e-02 -7.540457811282674783e-02
6.629802833418894181e+01 2.026276589826114527e-01 -9.352697937117075699e-02
6.230624148896259840e+01 1.659300733538788541e-01 -1.802884184242077970e+00
6.375323007476839621e+01 1.070585460200594412e-02 -1.078889871529761901e+00
8.481882717949679318e+01 5.029768070676691183e-01 -3.522873308671364140e-02
7.067328619926080080e+01 2.225119001733134871e-01 -3.268372827011226445e+00
6.529576067184690658e+01 4.053985624268244270e-01 -1.914925431407816125e+00
6.940516666707357274e+01 5.625185506755315812e-01 -3.123391892118861257e+00
7.740537329058761884e+01 6.627984419911983061e-01 -4.157867978292300926e+00
6.883029116939863457e+01 6.988050706658509581e-01 -3.167055291794886429e+00
6.201894626757685813e+01 6.708814261312336935e-01 -2.387192570268646286e+00
9.061399169753083527e+01 5.239696929914761103e-01 -1.433801977514214954e-01
8.012801443079665376e+01 1.702312849374118253e-01 -1.576151270530705140e-01
6.362532210511902520e+01 4.578489312680760204e-01 -2.441371704003364229e+00
7.733758389802579813e+01 7.866147915974667226e-01 -3.273234902406858993e+00
7.376867438957300749e+01 2.987195668110142685e-02 -6.528397974067878806e-01
6.273191280865740538e+01 7.995821957236237676e-01 -1.829723777082396641e+00
8.872736457013448330e+01 2.871726415675230903e-01 -1.390449245594161054e+00
8.980651386132112179e+01 6.876646582247161188e-01 -9.609321113214880361e-02
8.788738184590432923e+01 1.883203317666488630e-01 -3.152128921101667203e+00
8.322719486373161146e+01 3.317968405100790719e-01 -2.015137952434188987e-02
7.463566191350902557e+01 5.461268632066687001e-01 -2.940290352860725487e-01
7.031865298209265802e+01 5.992312862793384154e-01 -2.082970478421657834e+00
8.068770793752720749e+01 3.683445860592249321e-01 -1.230654840982083748e-01
7.287171731549979370e+01 3.476372110479606925e-01 -3.877232755056391617e-02
7.489968877469553377e+01 7.064532510345433725e-01 -2.306839641625641757e-01
8.336065119809509838e+01 3.240934527593484354e-02 -4.227893306009533059e-01
9.254737902765356239e+01 5.559028408334384386e-01 -1.150801881151721079e-01
7.318036811409143638e+01 4.177329614117794576e-01 -4.237393674806523049e-03
8.235707323787875112e+01 6.174763887359371317e-01 -1.688760536429765105e-02
7.809493403809058520e+01 9.007137334963155606e-02 -9.090210822854389860e+00
6.322499578123530029e+01 3.837215973547704051e-01 -2.985498714499984274e+00
8.820619784036726685e+01 2.375336507211066595e-01 -2.224610653324262888e+00
6.857265475997552073e+01 7.421625944079970338e-01 -3.295718118889309434e+00
7.787879478012582979e+01 4.685330146776550686e-01 -4.625123342059983322e+00
7.169069966772887881e+01 3.031420234603693920e-01 -9.969082168904633834e-01
8.549723699017221179e+01 5.396371340214821677e-01 -2.770931300521584650e-01
7.091684684712694775e+01 6.151844496722372879e-01 -1.273980776965300432e+00
8.880202081661728641e+01 7.171224634632462624e-01 -1.100871695156817598e-01
6.748395801616756273e+01 5.160888857054061196e-01 -2.576764625346317228e+00
6.595442320265216551e+01 4.645988204910139752e-02 -4.122973709354040284e-01
8.781389531682839333e+01 6.021146371778208772e-01 -1.786072614215340471e-01
6.655567113947442692e+01 2.401703988090239106e-01 -6.588992854463484594e-01
7.947041151960789307e+01 1.397044524668874244e-01 -4.704361317947175491e-01
9.207585838392563460e+01 3.246553712387454382e-01 -4.988430049128442234e-01
7.264394006183265162e+01 7.530403192359915732e-01 -1.106038544359298909e-01
6.465928452414028982e+01 1.819410305875347467e-01 -1.074534091163645400e+00
8.286976058518702359e+01 2.533311641462369646e-01 -1.210606188923041412e-03
9.184401151438200372e+01 4.952868319759665683e-01 -3.339604984131802623e-01
8.021292549244756742e+01 4.344280085450688000e-01 -1.242098632568715000e-01
8.147542032196392370e+01 3.903895492264342071e-01 -1.874592073140543824e-01
8.960691637827032707e+01 3.091434779929398413e-01 -1.095689993019073993e+00
9.096405375571258389e+01 5.864978382642394017e-01 -1.582844800780603134e-01
8.405258986508218300e+01 3.638141771009081871e-01 -4.126760600683343494e-02
8.621278573377173871e+01 2.117286107211305279e-01 -3.081168004844231589e+00
6.518087019631516910e+01 2.527479458440361204e-03 -3.619501204296671770e-01
7.593376923564365200e+01 2.897037815994709109e-01 -1.401351149780313277e+00
7.336424722982130220e+01 4.095121747123657285e-01 -4.320258470140442980e-02
6.833358048047062994e+01 6.327742518450565901e-02 -2.303356934796696009e+00
7.880061470800170298e+01 1.197948371537656681e-01 -3.404515911325114885e+00
8.225769402869639180e+01 5.725574117436648125e-01 -2.289388168434134535e-02
6.727110563340339411e+01 3.376141213997245760e-01 -2.657699313571877386e+00
6.491029334370963966e+01 7.788141143931193167e-01 -1.313252935282838818e+00
9.116325364728369607e+01 6.488501487858933103e-01 -1.824711341599895564e-01
7.413139878792472359e+01 4.284233464229459942e-01 -6.659838337550859355e-02
8.718398412638174477e+01 7.484859455452738120e-01 -5.339502295418387112e-02
6.299822410315975674e+01 6.257416851111313738e-01 -2.524711484962760544e+00
7.223967949449432524e+01 5.353981733891576278e-01 -2.375276626853908557e-01
8.689705422287019587e+01 7.164098934918043671e-02 -4.564876961506739939e+00
9.131529286766584619e+01 2.312031373333189865e-01 -1.214147387057484373e+00
6.907289083805918040e+01 4.840651211499342743e-01 -3.757776744172340422e+00
6.994093958229126429e+01 2.764442599369709153e-01 -3.984946257329450070e+00
8.360133928136205839e+01 1.538192426330507734e-01 -1.564065467191212422e-01
7.955127009156213092e+01 3.536022849172538174e-01 -3.726421821833059839e-02
6.697308872253027801e+01 5.811520016738230821e-01 -2.023707011281372647e+00
7.574791437233113811e+01 6.923962050049173866e-01 -2.412992460037548248e-01
8.931270937796864473e+01 7.675742153665140455e-01 -1.093498661300927738e-01
8.087287684014920330e+01 4.799133165958132108e-01 -1.227625346684482199e-01
7.118634306945153867e+01 7.290119891581108291e-01 -8.518145750771729530e-01
7.190702225615746102e+01 1.060830437690188782e-01 -3.712265550901631128e-01
8.195980050211744583e+01 7.203647863164970300e-01 -7.943948959523161601e-02
9.009135601314275732e+01 6.452561068901672137e-01 -9.097816889023996323e-02
6.580862884833368298e+01 3.181668123073481125e-01 -7.367305470265143041e-01
8.739112881394736121e+01 5.050428723244121398e-01 -2.606946031442602951e-01
7.716238559826773269e+01 9.505693669463066708e-02 -1.218538059354449921e+01
7.874065553882178392e+01 7.057076811117043991e-02 -4.075302898918355510e+00
7.832876658744410747e+01 1.064258543428421161e-01 -7.381727099512858992e+00
7.907114541431107568e+01 1.432548923947275232e-01 -1.779821788992538512e+00
7.705450071245502386e+01 1.504228972937043385e-01 -1.318773905380173339e+01
7.757962611623528915e+01 1.933834602531508962e-01 -1.312748048645764420e+01
7.683000440919447271e+01 1.436047359501004539e-01 -1.081651698325936017e+01
7.735010453137509501e+01 1.733875164269037539e-01 -1.403527467187740640e+01
7.855538801898207169e+01 2.035009614369025499e-01 -4.065535680259520390e+00
7.785981489748586171e+01 1.199682655462459419e-01 -1.152430779687308515e+01
7.918616919194252546e+01 5.435312348834933638e-02 -1.645731911351022481e+00
7.796638376701245932e+01 1.230193647053327288e-01 -1.078967109489564713e+01
7.702150542146468126e+01 1.241500100393933964e-01 -1.245627090532203241e+01
7.664209774028795152e+01 2.888746405728849775e-01 -6.679427540419482945e+00
7.631949014909810103e+01 3.205069245296391367e-01 -3.320070192452159841e+00
7.752348920407665389e+01 3.412030488786725879e-01 -9.015163867763314798e+00
7.952404776550201859e+01 1.261861497793124176e-01 -5.006586102038365071e-01
7.772485083443550025e+01 1.591914275557889669e-01 -1.243917874287908099e+01
7.648343691404986089e+01 1.115885531584634993e-01 -6.268893491322091727e+00
7.803391722778880535e+01 1.333274915243314318e-01 -1.006145855143600265e+01
7.999027046039175559e+01 8.947973413920273789e-02 -1.588637587301620357e-01
7.600378158118155625e+01 3.807179134456138425e-01 -1.429705582599233971e+00
8.731649317195034143e+01 1.743311641331165562e-01 -3.449632166054276805e+00
7.635705507295429584e+01 9.841284147582647635e-02 -4.621926855071231799e+00
8.061744575978332250e+01 4.711886707986234768e-02 -7.300578647279903910e-02
7.732909627547564924e+01 1.617370995955385304e-01 -1.420804529291565821e+01
7.741912937363585456e+01 1.879260826497154979e-01 -1.376397026183907180e+01
7.744793954661739122e+01 1.759228467941284235e-01 -1.380189963260509423e+01
7.700459898609079801e+01 2.003744246677802154e-01 -1.223671532767261461e+01
7.761658284893533732e+01 1.544898363829292076e-01 -1.368248677577389039e+01
7.715228381777741617e+01 2.082979440689086970e-01 -1.301696457524362316e+01
7.720794060056617525e+01 1.223725318908691490e-01 -1.362334918494830660e+01
7.607196796352488377e+01 1.420122065954513013e-01 -3.255589313805821394e+00
7.785598090014030959e+01 1.666509151458740456e-01 -1.164127044253202214e+01
7.768260124320291027e+01 1.509186001604771732e-01 -1.315632451641775802e+01
6.951561498192818078e+01 9.610647102148694174e-04 -1.534609384069952176e+00
7.696969951089020867e+01 1.269591308741173652e-01 -1.168455044528609221e+01
7.717566918916838858e+01 2.561018791089584301e-01 -1.159689837223360698e+01
7.704571086542988212e+01 1.478626638828735296e-01 -1.320869506889781597e+01
7.750477468008597270e+01 2.930252075195312611e-01 -1.055465619344403549e+01
7.687292355877760031e+01 1.866424798965454213e-01 -1.102099634221925584e+01
7.746753961826546231e+01 2.698321493995797446e-02 -4.123494486661387626e+00
7.760357485396620802e+01 5.489458078622231479e-02 -9.038237545012240304e+00
7.718428101729810464e+01 4.812378143729434399e-02 -7.458742918997394611e+00
7.696590982820939075e+01 2.944186687469482755e-01 -9.475788183158877942e+00
7.756132724766774800e+01 2.701238449504940187e-01 -1.077052490128167683e+01
7.736366152574601074e+01 2.812996397709715546e-01 -1.109564153563079358e+01
7.769766531464786397e+01 7.582753300666809915e-02 -1.114632771982008919e+01
7.956283395884224774e+01 6.286748969251831909e-01 -3.188463792466735350e-03
8.855644344513953570e+01 1.062345689553119837e-01 -5.082793668134642395e+00
7.720935887145819265e+01 1.464973590113992918e-01 -1.375632404151158283e+01
7.782608959997210718e+01 1.757634178493464316e-01 -1.153050747489257155e+01
7.704453878518890519e+01 1.609190106391906738e-01 -1.307219839981937071e+01
7.765263431579175801e+01 2.089790582656860518e-01 -1.230015550512967692e+01
7.748904948424696215e+01 1.745946963827510745e-01 -1.382936078304533645e+01
7.779393475119289292e+01 1.507013745364816637e-01 -1.250158575264774363e+01
7.730539122748410819e+01 2.765897989273071178e-01 -1.131575128288019627e+01
7.782875036062894480e+01 1.519630908966064509e-01 -1.172585957234564980e+01
7.740188340893782026e+01 3.691329350818197685e-01 -8.650481678911964067e+00
7.762052733035109497e+01 2.447916030883789118e-01 -1.143191928492435849e+01
7.778701699460675911e+01 1.285621762275695745e-01 -1.240283286746912061e+01
7.757402417822071072e+01 1.192354679107666127e-01 -1.382369376551814000e+01
7.696841376580306360e+01 1.867572188377380482e-01 -1.184588308750332608e+01
7.695209131092461519e+01 2.326941728591919167e-01 -1.059541025557203753e+01
7.763023386025000150e+01 2.742100062101133773e-01 -1.015255482854206193e+01
7.722200496984120832e+01 9.072733521461487372e-02 -1.240405273589336765e+01
7.731454491080036462e+01 3.125038623809814897e-01 -1.028642244574984232e+01
7.728372231232721390e+01 2.779560473144266353e-01 -1.127422459209643613e+01
6.894396064645232514e+01 2.302098307480970885e-01 -4.941437212411262436e+00
7.788150912567445516e+01 2.505357027053833341e-01 -8.614252970827157796e+00
7.800003021078097731e+01 1.454504827412639589e-01 -1.007943034880085875e+01
7.341378793914793732e+01 1.005315451823609457e-02 -7.806426868133750085e-01
7.722290188140998168e+01 9.898710704316669717e-02 -1.286796875952180130e+01
7.682695307267654528e+01 1.099579219251199114e-01 -9.726581116791534143e+00
7.084720432853028171e+01 2.491012057870722607e-01 -2.670910324539944369e+00
7.726093468616655002e+01 1.104966013161133853e-01 -1.367631356735188319e+01
7.764093918218912904e+01 1.522034483270538197e-01 -1.314129172656059730e+01
7.708883310150973500e+01 2.000696815281745033e-01 -1.282569904210861722e+01
7.743936893889159023e+01 1.729333188746128014e-01 -1.384797368316828603e+01
7.734221233043405164e+01 1.329430335467237656e-01 -1.428571158021546417e+01
7.734312154923452454e+01 1.922286510467529352e-01 -1.366353255753913487e+01
7.747876869991493720e+01 2.003744935349695278e-01 -1.331371106284846384e+01
7.708243525237951133e+01 1.192706719187306974e-01 -1.305598394957906727e+01
7.707729704021627981e+01 1.964768477109546108e-01 -1.292102321876098614e+01
7.720319366754310408e+01 1.033609874114345406e-01 -1.307248011321477854e+01
7.687166092277352902e+01 2.218494266619463751e-01 -1.009833052275773468e+01
7.757241166460025283e+01 1.525021936501682329e-01 -1.368386009292962058e+01
7.754708452715945555e+01 1.316820025444030706e-01 -1.403005889990863686e+01
7.754332615991305033e+01 1.153742890922839354e-01 -1.372325367065681334e+01
7.742988399888949402e+01 1.063495090563069678e-01 -1.363583563996719938e+01
7.715147637522069601e+01 2.508462787045727116e-01 -1.175946898271372376e+01
7.762167192146726791e+01 2.121497433986301029e-01 -1.222058737625394009e+01
7.694963786377562087e+01 1.900431687860695551e-01 -1.177170333941652380e+01
7.725652623006313036e+01 2.317487878703783089e-01 -1.257810488164119356e+01
7.736098296055763512e+01 2.644729979357675620e-01 -1.157167859027113721e+01
7.703673205185570794e+01 1.408862656919911416e-01 -1.251891964925971834e+01
7.719284033194452377e+01 2.603073846556780424e-01 -1.172103937946604191e+01
7.753434161286698156e+01 2.503709439331442965e-01 -1.171104504540208957e+01
7.701100287044107517e+01 1.831889390945434792e-01 -1.266187504831603761e+01
7.691527554322668436e+01 1.572551029780529797e-01 -1.157008015991535466e+01
7.723948649526198551e+01 1.887606609538860503e-01 -1.351080542395545336e+01
7.744077563223305560e+01 1.388551795504597286e-01 -1.429641366087300547e+01
7.708500099410514395e+01 1.249035671353340184e-02 -1.071712869688100422e+00
7.751771968637656585e+01 1.087614914529706073e-01 -1.351118790627798560e+01
7.756702103201601517e+01 1.344236763906125898e-01 -1.365593190685119929e+01
7.715858439650011746e+01 2.157378869192237425e-01 -1.280820043099371830e+01
7.747329150427901823e+01 1.506605680293599536e-01 -1.407659250799300743e+01
7.733012572566546794e+01 1.790258549168492197e-01 -1.393232179778182456e+01
7.731234928849077903e+01 2.026921384757331135e-01 -1.338928586188616698e+01
7.717317095633981694e+01 1.113088769161311165e-01 -1.336830662882890408e+01
7.724750721291091793e+01 1.140120034040988939e-01 -1.342995882140062491e+01
7.730757209331078172e+01 8.768905997276306430e-02 -1.250359578090716894e+01
7.737592678084183717e+01 1.715988233344274416e-01 -1.406586652203479382e+01
7.763713779795671144e+01 9.079200625419617254e-02 -1.227216665741479140e+01
7.755015088788356081e+01 2.239372779900736798e-01 -1.240984673389824167e+01
7.754621658076598578e+01 8.321313209410835521e-02 -1.208738852674372488e+01
7.759553202009308848e+01 1.058511671908101831e-01 -1.340249299460506194e+01
7.746889102133873450e+01 1.982891240400454502e-01 -1.336021692090131907e+01
7.738817170192227479e+01 2.134977188658153391e-01 -1.314016709543292194e+01
7.770052674079201438e+01 1.602786613230315627e-01 -1.310883541564260746e+01
7.747410227714826192e+01 1.684720396995544600e-01 -1.391694862910225616e+01
7.716299620365472833e+01 1.734461030751144606e-01 -1.343009133222152762e+01
7.736375146089584121e+01 2.391326177353790272e-01 -1.242026243130250762e+01
7.717924785172473889e+01 2.415228255718951944e-01 -1.204243381483444608e+01
7.754005031633487022e+01 2.025078835360964724e-01 -1.292282214925416284e+01
7.742552402644136578e+01 1.812874735350017974e-01 -1.389946523183114913e+01
7.718595714574689737e+01 2.063671101078309589e-01 -1.306752551323199896e+01
7.758786876889419659e+01 2.385920179236405425e-01 -1.157850062635321819e+01
7.721406121153911783e+01 1.442297683542308195e-01 -1.415127321996415510e+01
7.743856498541717315e+01 9.355738157120406517e-02 -1.302204524192821822e+01
7.748071041032434891e+01 1.558002200282912197e-01 -1.404906650718712768e+01
7.730199807463391437e+01 2.186448272694317962e-01 -1.295677597387126667e+01
7.723562134220934183e+01 1.604396119273421295e-01 -1.403060606522724463e+01
7.753251955647962745e+01 1.496428687570275085e-01 -1.408755902292661233e+01
7.727010889397492122e+01 1.319784493552312032e-01 -1.410687689779308940e+01
7.748862854140168110e+01 2.168804534987424371e-01 -1.257257025958693042e+01
7.757684968235021472e+01 1.645260930061340499e-01 -1.359192158909724668e+01
7.733924566520627764e+01 1.887481147556732963e-01 -1.374000818351165698e+01
7.756932147306287106e+01 1.320649036825796430e-01 -1.363467147696575310e+01
7.772024574999548463e+01 1.416578568740774757e-01 -1.316732789818027349e+01
7.739762062773493767e+01 1.174914936349958777e-01 -1.402857841549258566e+01
7.766869021288053432e+01 2.419524409881252114e-01 -1.093337903658558652e+01
7.741826557836517964e+01 1.288825959350373418e-01 -1.421281369975069886e+01
7.726353157213570455e+01 1.122811310750005398e-01 -1.373306010917015030e+01
7.728701735966485842e+01 1.538258900980947474e-01 -1.428623516096301671e+01
7.762031695688040145e+01 2.221905264410093117e-01 -1.198762919965171569e+01
7.760461234241712702e+01 1.770362974670317002e-01 -1.288960871665429764e+01
7.705085338714175691e+01 1.712096823228559384e-01 -1.290179547616843792e+01
7.765625547130566986e+01 1.208622021175127792e-01 -1.347429495945281275e+01
7.761364413585090460e+01 9.616851007546706187e-02 -1.257952923694225866e+01
7.747247872329614893e+01 1.586430951116531984e-01 -1.402568265370969236e+01
7.737599596128565338e+01 1.632736015625601000e-01 -1.418107342960177775e+01
7.739888516688759523e+01 1.781700456669318144e-01 -1.395594489480583711e+01
7.761279989430670412e+01 1.657007671814638705e-01 -1.303542258824116296e+01
7.729853129368839859e+01 1.549533168073823908e-01 -1.427716964460667448e+01
7.731150442992955618e+01 1.668276400480487309e-01 -1.414083252472687668e+01
7.759131003134005766e+01 5.123843132200642247e-02 -8.596208106423663509e+00
7.725230246118917421e+01 8.879069609069928370e-02 -1.226936707746260780e+01
7.725860034774294149e+01 1.895647844068112375e-01 -1.370888726439297400e+01
7.750340545699448569e+01 1.444504931416744631e-01 -1.409209386446316437e+01
7.730325012495868009e+01 1.990394967880854682e-01 -1.348212497757998030e+01
7.731394618503256311e+01 2.594183891098802985e-01 -1.182180305690816446e+01
7.716903265846598003e+01 1.607810416265416098e-01 -1.363400019393507279e+01
7.731957154857336434e+01 1.093025748830110527e-01 -1.362590505379401762e+01
7.738615340487707783e+01 1.715706794378765998e-01 -1.406703370702478040e+01
7.745596709588762963e+01 1.470378019126717117e-01 -1.430393738319275165e+01
7.717973662087683806e+01 1.349059270499163576e-01 -1.376269869765207865e+01
7.721707758408493305e+01 2.011713158739109331e-01 -1.320413336819259342e+01
7.736062006476319652e+01 1.333794438806798488e-01 -1.428842654260074418e+01
7.733218826381002486e+01 9.352852172002935893e-02 -1.288061256233631191e+01
7.740637991231380965e+01 1.055002852564985577e-01 -1.363261714817010883e+01
7.752531301637716865e+01 1.480157567450390843e-01 -1.409113153591112955e+01
7.740577077687268570e+01 2.276059147541134586e-01 -1.261025200031757798e+01
7.754539349564282702e+01 1.087799524186152111e-01 -1.351292171693193289e+01
7.742734481871353580e+01 1.511445832987546867e-01 -1.428791293271228824e+01
7.735838195783186677e+01 1.498966253656020542e-01 -1.430911127078900513e+01
7.718367458693639094e+01 1.553655454757995047e-01 -1.369499571997776499e+01
7.731836686934796887e+01 2.005886790834445488e-01 -1.344314845172770490e+01
7.746087085845238107e+01 1.661401923631931066e-01 -1.394509082269328637e+01
7.738278044770022746e+01 1.697154494730573893e-01 -1.409512706378778724e+01
7.747822014899924170e+01 1.436525611934225122e-01 -1.408878484604749382e+01
7.744282021348107037e+01 1.443521558361775814e-01 -1.430661801501121388e+01
7.737569557852555135e+01 1.186634343944638764e-01 -1.405885438258415654e+01
7.724297480024104345e+01 1.972712407831157810e-01 -1.330300509682508903e+01
7.752091060945697620e+01 1.410965870571295189e-01 -1.408913404665052838e+01
7.729928452364904956e+01 1.798578555049619720e-01 -1.391604726737829800e+01
7.751854502143991965e+01 1.517837406166306635e-01 -1.407740467382290284e+01
7.725881459032908083e+01 1.798322711646501149e-01 -1.370557203261475543e+01
7.730554014382153127e+01 1.534531873384521738e-01 -1.428862208605097273e+01
7.739296928858404101e+01 1.606538205944181008e-01 -1.421152539728771025e+01
7.747056112758045288e+01 1.630018052249507243e-01 -1.398288438415813140e+01
7.747102949669331906e+01 1.559370665392878497e-01 -1.404682895325940706e+01
7.745160426206554405e+01 1.731076980789231223e-01 -1.384709759328622347e+01
7.728652954537840003e+01 1.740112616508806553e-01 -1.402544096768273540e+01
7.732763563045456578e+01 1.902934241004531901e-01 -1.369251108923439197e+01
7.736887150564781734e+01 1.813718290879199335e-01 -1.389355183128179938e+01
7.740833807481038775e+01 1.543567509104097069e-01 -1.426773379379654827e+01
7.724699655771549089e+01 1.376377672480917913e-01 -1.414305720878309813e+01
7.729677060550872625e+01 1.481307048925669390e-01 -1.431842200469556836e+01
7.744230051820112237e+01 1.470802583977253719e-01 -1.430323086547074141e+01
7.721125677708272406e+01 1.422210183514993898e-01 -1.376849672296744487e+01
7.719857387146805650e+01 1.700850070025037852e-01 -1.389317874140688680e+01
7.734904364958813971e+01 1.124571961999720343e-01 -1.389065773868603237e+01
7.729284242796570936e+01 1.582406227094216300e-01 -1.424717883814837371e+01
7.741604131616202267e+01 1.551143883729313444e-01 -1.426271518257349769e+01
7.727024221175290108e+01 1.824929423900965852e-01 -1.386274211398296963e+01
7.735244799444237174e+01 1.926064985973939270e-01 -1.365576742802351262e+01
7.733991684848724901e+01 1.793159521438184856e-01 -1.392664100353236378e+01
7.747382583541049428e+01 1.589055055837570174e-01 -1.402358158829495061e+01
7.734242964696734646e+01 1.780350644138519456e-01 -1.395138366019966369e+01
7.749374413878783230e+01 1.222923011578686270e-01 -1.388396120418773627e+01
7.744572548135008105e+01 1.863515099214521076e-01 -1.361199628053859279e+01
7.729673601835312979e+01 1.195376220130394129e-01 -1.391812283666356720e+01
7.737310262639032032e+01 1.267616825482073828e-01 -1.421306156860005565e+01
7.724090882238273537e+01 1.434320177572646071e-01 -1.414967403291296932e+01
7.735162762041204587e+01 1.956540100748056510e-01 -1.358564627584788909e+01
7.724744971517351644e+01 1.943167817599007752e-01 -1.359762508883208376e+01
7.736064235004681677e+01 1.763913398309995828e-01 -1.398494536179973480e+01
7.746643769296539972e+01 1.608952606415906261e-01 -1.400409846189066876e+01
7.734077575176506514e+01 1.755558470668530935e-01 -1.399760741489678040e+01
7.746302535598067607e+01 1.417814739156784132e-01 -1.430554293620695638e+01
7.728023476644317213e+01 1.527882005097240814e-01 -1.410279175677203156e+01
7.737447223757449422e+01 1.398156881332397461e-01 -1.432174176062641280e+01
7.720684943498928021e+01 1.614203145150703012e-01 -1.402097744843346838e+01
7.729006319988502582e+01 1.717344239453627575e-01 -1.406445280264112796e+01
7.718591835068946239e+01 1.486771216948697127e-01 -1.374903282345993283e+01
7.752518564941291856e+01 1.822513518628283424e-01 -1.332729168236867068e+01
7.729729491063019964e+01 1.665979295089717038e-01 -1.414427257049795728e+01
7.741344190699527417e+01 1.413140424323598432e-01 -1.430279747342927088e+01
7.727890658766563092e+01 1.715387146511755945e-01 -1.406775600516706604e+01
7.737561047038553852e+01 1.522765620994307734e-01 -1.427914681951802400e+01
7.731392638170461851e+01 1.626957733210778467e-01 -1.419653803930054536e+01
7.737140986840252310e+01 1.599484184198208259e-01 -1.421748425499778712e+01
7.731860385199800589e+01 1.511585029092735177e-01 -1.430334570323012677e+01
7.723648272596241782e+01 1.717221978210312638e-01 -1.386199997568620468e+01
7.719023365795425207e+01 1.602292856268189014e-01 -1.363772076583156867e+01
7.739724149963744537e+01 1.643954855256205549e-01 -1.416882733043422604e+01
7.737024432790177286e+01 1.287579774326304827e-01 -1.424032809814906742e+01
7.719530111688493434e+01 1.363622686468540790e-01 -1.376562596232338720e+01
7.723737261141087629e+01 1.569158763281646163e-01 -1.406990985642133651e+01
7.733053520384993362e+01 1.340155652510767459e-01 -1.429482480825734392e+01
7.737969677663970458e+01 1.348470003259585048e-01 -1.429843736862432912e+01
7.730590075580201415e+01 1.765683336391136449e-01 -1.397911308533151598e+01
7.728177374175008651e+01 1.613721907861199456e-01 -1.421299459409934585e+01
7.738907205687911528e+01 1.378448762538107553e-01 -1.429022227810869161e+01
7.734071725090591087e+01 1.401167187799909064e-01 -1.432379267204555617e+01
7.735103214032677954e+01 1.338200383763400170e-01 -1.429237108865921435e+01
7.728662152250856821e+01 1.503054463534092555e-01 -1.411927203773970874e+01
7.736026378137900394e+01 1.657877026055124270e-01 -1.414859703121270229e+01
7.736944439708888410e+01 1.765016531857957482e-01 -1.398366133282295110e+01
7.723525719834611891e+01 1.556201686929088446e-01 -1.408284779257440356e+01
7.734279075396165126e+01 1.526674573339548979e-01 -1.429332304101986040e+01
7.740985236393170510e+01 1.618723477778338804e-01 -1.419937029981783994e+01
7.732943669217354454e+01 1.344851643457932455e-01 -1.429828623147905020e+01
7.732300983405684747e+01 1.475611187750673903e-01 -1.431975579982416846e+01
7.738361775622337291e+01 1.526216447433546564e-01 -1.427757282338283851e+01
7.738974601678788190e+01 1.406289196766190297e-01 -1.430033689611147452e+01
7.734852013468977816e+01 1.286008093278183939e-01 -1.423958198619247817e+01
7.747983736950618550e+01 1.547135460103167548e-01 -1.405628163259622987e+01
7.738699781127311894e+01 1.418194986064671148e-01 -1.430265553717572935e+01
7.725335285202461932e+01 1.451533136207716346e-01 -1.414507141813456670e+01
7.732102208360930717e+01 1.492377364383629945e-01 -1.431319816469978790e+01
7.735162060382050697e+01 1.364379277406932711e-01 -1.430938992746050076e+01
7.730148600939354253e+01 1.488553376376933468e-01 -1.431537815914427014e+01
7.728786805644277536e+01 1.458149655306798798e-01 -1.413957605292442921e+01
7.728428999361184992e+01 1.265017046286252833e-01 -1.404376645067503659e+01
7.734211254591214413e+01 1.413313592912196215e-01 -1.432589354870608922e+01
7.732592620444803799e+01 1.468113049000637771e-01 -1.432199913758031862e+01
7.738898427753895248e+01 1.381846762855970245e-01 -1.429178810640697428e+01
7.731414101636725889e+01 1.419484531373990666e-01 -1.432752892933171296e+01
7.730194092387682758e+01 1.439204703172147493e-01 -1.432793961245525516e+01
7.729360084816093490e+01 1.327384691113834836e-01 -1.411016354819410168e+01
7.734447053462328370e+01 1.459143896019735875e-01 -1.432369193474089641e+01
7.748155159109023771e+01 1.431903251029647273e-01 -1.408873078217521346e+01
7.731059701994158218e+01 1.429798832509444617e-01 -1.432803097010339677e+01
7.007110551083906103e+01 6.223947665613867031e-01 -2.090855778427724854e+00
8.017660329706906452e+01 3.688573970996849027e-01 -1.389313382007710262e-01
7.175968371504529841e+01 2.217008138735888645e-01 -9.174849574166351607e-01
7.239810113484587362e+01 5.991237303776195677e-01 -1.385739193374805334e-01
8.148971742088606618e+01 6.552432459067624171e-01 -1.462309692463870103e-01
7.825704100916878758e+01 7.415307693079271623e-01 -1.249047266853523963e+00
7.509210678153829122e+01 1.367979799872911795e-01 -5.502939087768887738e-01
9.269109577345375328e+01 6.824002769784659472e-01 -7.846555038063826593e-02
7.202397492488532293e+01 2.124750818617627268e-01 -5.576779022941162900e-01
7.568659406447426363e+01 3.925681033365996386e-01 -5.249874220265693392e-01
8.740829986818623354e+01 3.590762890568941490e-01 -8.240616589605648246e-01
8.609995628561554781e+01 1.185144639517850956e-01 -4.452219199909729141e+00
7.675733412314941972e+01 6.785022383585259664e-01 -2.839920868824313605e+00
8.673084445961538336e+01 4.566858631754261433e-01 -5.160537554030073526e-01
7.115095158391207519e+01 3.447538435580890237e-01 -1.562233307026583029e+00
7.309513988342330038e+01 4.335354098922892252e-01 -6.797038930853480055e-04
6.718355587571019782e+01 7.602703171559297424e-01 -1.842177582349421749e+00
8.301706024734933465e+01 2.553468665550154282e-02 -4.008397617553503545e-01
8.286674722095519030e+01 5.099286541516881988e-01 -1.424106846257494619e-02
8.575155853148248752e+01 2.303951274380992287e-01 -2.294698841722633720e+00
9.159445211426179867e+01 6.982297052296185802e-01 -2.098290651856800082e-01
6.460911095915895430e+01 2.438780828382229038e-01 -1.253826786523513315e+00
6.675527404001708476e+01 5.743472495843134906e-01 -1.422850481732561567e+00
8.943091191752644420e+01 3.384779597150307517e-01 -8.835695888213531690e-01
6.628319418689088138e+01 1.617563186961787913e-01 -7.669362844741571539e-02
7.343676467505503069e+01 7.935153786538517995e-01 -6.760964057366083968e-02
8.545648777875115343e+01 1.704593677468914104e-01 -2.441364863518133088e+00
6.338528366678339410e+01 6.364493951802832061e-01 -2.855803941024877890e+00
8.467133353828219811e+01 6.637743408469538586e-01 -1.072320935013976358e-02
6.355534186782239203e+01 5.660570679025461044e-02 -1.023667163688296161e-01
7.746031262348542157e+01 6.262821704549619284e-01 -4.344765139279154198e+00
6.745953316216090911e+01 4.817896265269595024e-01 -2.674494122646712935e+00
6.836973486538806810e+01 4.919039133425164301e-01 -4.303925602833801101e+00
7.032057615184997701e+01 4.068904272632034580e-01 -2.864587421470822903e+00
7.775741985618849128e+01 7.802639517172779149e-01 -2.650472107743889083e+00
7.071079225353216202e+01 1.903333063498745537e-01 -3.323281047886476713e+00
8.378773862112333859e+01 1.551029490537454425e-01 -2.590072772125884271e-01
6.403745928177238511e+01 8.601051285959047943e-02 -1.727426449773877271e-01
6.900460086378882352e+01 7.333243756242825429e-01 -2.995346976859099453e+00
6.210121189650340057e+01 4.434940807949258046e-01 -2.342663564579541724e+00
7.979715943026999980e+01 4.991465204264362576e-01 -4.337460629492198572e-02
8.930129855314827125e+01 2.748832566851884263e-01 -1.417589715227919323e+00
8.978805891540709183e+01 1.837132347369336560e-01 -2.417502209096835664e+00
8.335561113397736221e+01 6.881345463573794452e-02 -1.905147994361305885e-01
8.400569878600536811e+01 6.683308490270097879e-01 -1.008997078728836316e-01
8.870872543799663390e+01 5.880907885390061068e-03 -1.075204769123843773e+00
6.539164342663313789e+01 2.583083574724012732e-01 -1.746759384069525467e+00
8.242923487446995523e+01 1.293699924531160617e-01 -7.261599689834070948e-02
6.688877193594652226e+01 5.155441603558894720e-02 -3.949818327921472139e-01
9.106176283786155068e+01 4.727417066422285874e-01 -3.216131132964346606e-01
7.610904548899752342e+01 5.401188082477088592e-01 -1.165631226626986150e+00
8.000240315216451847e+01 6.450753980628222140e-01 -7.752796525651946269e-02
8.432000038364795103e+01 3.265849328659314876e-02 -1.237788584066772168e+00
9.190993046825326473e+01 2.839739742081390239e-01 -7.703038531938296574e-01
6.424518771802108574e+01 1.931077739843688745e-01 -1.026456314911609935e+00
9.060325459999151576e+01 7.186033478468072389e-01 -6.297679749696678819e-02
8.635236245679588762e+01 3.296756915708298763e-01 -1.517863247755590228e+00
7.131119508023070352e+01 7.562129369147930769e-01 -7.775018931218227181e-01
8.512616087713743696e+01 3.796178981628282600e-01 -4.393210940740374659e-01
7.418706104321991290e+01 3.670656535300101941e-01 -1.143683078055179464e-01
8.808346942309712801e+01 5.336599737011903377e-01 -2.537494358292562424e-01
8.222306988548969287e+01 4.546809990962679682e-01 -2.403862587099181089e-02
7.274255957215508772e+01 6.046852193044821577e-01 -8.781398941289397797e-02
7.860174783505706841e+01 4.139402657086210802e-01 -1.462780061607396487e+00
8.185917483412441698e+01 1.954358648238952931e-02 -1.967930876502438087e-01
8.772608052304312309e+01 5.821131714689232739e-01 -1.860078893571292247e-01
6.979360350458317441e+01 2.486984513398360352e-01 -4.279899040405832800e+00
7.895957803781793416e+01 3.010878419299730657e-01 -9.552618061541211514e-01
7.840895531561776011e+01 5.653453573799368526e-01 -1.521606536717665437e+00
7.480709973381790689e+01 4.159610390436343369e-02 -2.583783800073505832e-01
9.240830583714091517e+01 3.190062795341685464e-01 -3.021446233451956509e-01
6.494430063894853333e+01 6.139132293057827372e-01 -1.464261664980126332e+00
7.440360160606344664e+01 7.911569054291563985e-01 -1.358885515510306896e-01
8.712034851621504572e+01 4.702232131992727382e-01 -3.670567126790895141e-01
9.152393946637734246e+01 5.540676551542532691e-01 -3.251445408002192616e-01
8.047643410716511880e+01 4.205923359440357778e-01 -1.157454855437453217e-01
6.508580114081171075e+01 5.453655791597085134e-01 -1.684718175635222970e+00
8.490731031890317126e+01 1.002510299695437840e-01 -2.038009304634339269e+00
7.535620875069510305e+01 3.094343969570561015e-01 -3.596836304097832948e-01
7.937506017970237338e+01 2.336490824395667798e-01 -2.486838369872098331e-01
7.249380769938335334e+01 2.691689957017339707e-01 -1.269497009274774824e-01
6.574139828709098765e+01 7.713629139925896050e-01 -8.848231742958342361e-01
9.024260189401177001e+01 1.499138397016016588e-01 -2.282950126836386318e+00
8.820330812454220393e+01 3.245189686115602656e-01 -1.118445398488615350e+00
8.115693990723406159e+01 2.039267221453165968e-01 -2.157001439323172620e-01
6.893947063251954432e+01 1.258334726170274309e-01 -4.213047644238927525e+00
7.671804596095384454e+01 1.071998839488950694e-01 -8.810555568012881977e+00
6.241536508748540513e+01 5.143105187859838834e-01 -1.655186994493277330e+00
7.704985821839932214e+01 9.358222211654035338e-02 -1.152030933650792832e+01
8.077677214117609594e+01 5.876202059393703658e-01 -8.213349422145949097e-02
6.776361551816560791e+01 7.499479258976907703e-01 -2.815848201772562120e+00
8.903156761629705329e+01 5.205105339429433320e-01 -2.226567556751816168e-01
7.615151128787329071e+01 3.851125120299405680e-01 -2.131158446902886361e+00
7.369564206079108715e+01 7.255480873925078400e-02 -4.989042897570739044e-01
9.079364296257897138e+01 7.222071767074801363e-01 -7.879011533000473966e-02
6.283781000053015475e+01 6.900868006391749354e-01 -2.067505048515022370e+00
6.868229696848814569e+01 4.247699064262110413e-01 -4.391690905859253036e+00
6.266899873804588594e+01 2.956121610592281623e-01 -2.091227357634787509e+00
6.957461585986230546e+01 8.401888493946482392e-03 -2.687447573575803550e-01
6.593223808645710449e+01 7.098294490636563037e-01 -3.982645782723822636e-01
7.735670725570363970e+01 1.491610115886807808e-01 -1.431259214383397804e+01
7.720874012098283856e+01 1.610197049078185561e-01 -1.402585604040371159e+01
7.728473569879594152e+01 1.479526694172836887e-01 -1.413191306930909796e+01
7.731362495298512272e+01 1.311714212982374450e-01 -1.427069352172757810e+01
7.719280254364940674e+01 1.618699407955044023e-01 -1.361548975831627750e+01
7.728269085748279110e+01 1.582206785017581940e-01 -1.424753228312307485e+01
7.727237919412407052e+01 1.670289684760021542e-01 -1.393627385746407477e+01
7.812016159761598999e+01 8.421623923102607157e-02 -8.814115737220726388e+00
7.742898241471242216e+01 1.437500105366820713e-01 -1.430606334635943178e+01
7.742772456254867564e+01 1.496902889791372204e-01 -1.429443085383435097e+01
7.732838044449400172e+01 1.316449432167520472e-01 -1.427462789082474792e+01
7.727117848083213403e+01 1.463164062374674446e-01 -1.413976035392536268e+01
7.729853535440670953e+01 1.425892562578648382e-01 -1.414413283168410729e+01
7.739382104299255616e+01 1.296017178076221132e-01 -1.424924011636303156e+01
7.740969029521475875e+01 1.407694827424906536e-01 -1.430144734500754033e+01
7.723502978421447551e+01 1.432866195254605401e-01 -1.415048252240900872e+01
7.735968610531286060e+01 1.526748076344070781e-01 -1.429288153587067889e+01
7.741773669426268611e+01 1.352968531308665345e-01 -1.427621063955523262e+01
7.738173165807350529e+01 1.430109104992476621e-01 -1.432556505403948144e+01
7.742577187047498910e+01 1.600133591054505866e-01 -1.422015495676240882e+01
7.722803821786035883e+01 1.589325893196863182e-01 -1.404901645320486736e+01
7.730172038702431792e+01 1.612887957279162121e-01 -1.421372633917562034e+01
7.717673047323637547e+01 1.285885324601036828e-01 -1.371555300473602301e+01
7.721438395896458928e+01 1.716242507025381170e-01 -1.386550533076351854e+01
7.735740108718486852e+01 1.698597055004874568e-01 -1.409118999084647328e+01
7.735437772360276654e+01 1.334746506415072920e-01 -1.428949909506088645e+01
7.733958318314367375e+01 1.473902450991508295e-01 -1.431985208181205849e+01
7.732448730943558246e+01 1.306550847758811418e-01 -1.426478960976645816e+01
7.726544756998355012e+01 1.444479226178159159e-01 -1.414537775779773376e+01
7.733829175731355576e+01 1.454045286379024027e-01 -1.432489755925003472e+01
7.729160136690323668e+01 1.549537127670600201e-01 -1.427729513614313994e+01
7.734571363263520993e+01 1.525256023760113711e-01 -1.429420561186288019e+01
7.736790818370141665e+01 1.513414300349288366e-01 -1.430107490798223857e+01
7.732571577321718337e+01 1.554368418717053668e-01 -1.427263128549778237e+01
7.729235548715543302e+01 1.485428989430645219e-01 -1.412835357335091047e+01
7.731869078619419611e+01 1.399279431299163545e-01 -1.432418959247405610e+01
7.726442868677922604e+01 1.483813505608416183e-01 -1.413202473196114362e+01
7.729139992832918438e+01 1.375452265673297036e-01 -1.413757303341062510e+01
7.734721508466633111e+01 1.335760371890676035e-01 -1.429065290768633290e+01
7.735622356362935648e+01 1.391287242123967205e-01 -1.432053940701161565e+01
7.733481086976753716e+01 1.518976788856493121e-01 -1.429851103092996745e+01
7.733249301844774948e+01 1.563718735745106558e-01 -1.426435061856860642e+01
7.733860194473075467e+01 1.351362052734227381e-01 -1.430227065564480249e+01
7.736637657085833553e+01 1.472888748420311533e-01 -1.431938761909690250e+01
7.727955853200667491e+01 1.313888157094698084e-01 -1.410051896735095411e+01
7.737111983956411621e+01 1.552748711752735544e-01 -1.425895935575789153e+01
7.729923320595527514e+01 1.411386569292292781e-01 -1.414402305056107423e+01
7.725188624523735825e+01 1.573400107520979141e-01 -1.406417519451419018e+01
7.737059639413287471e+01 1.480063470909934453e-01 -1.431684289935801502e+01
7.735373685840727376e+01 1.460911851469340883e-01 -1.432301204081055523e+01
9.012515531822550940e+01 7.411121464000535175e-01 -4.914965073386384775e-02
6.641081701023009032e+01 3.101846811746862276e-01 -1.871486859026736116e-01
7.593808350447783084e+01 2.609656080435669018e-02 -5.028614327540877893e-01
8.735665932956383983e+01 4.823665415811650287e-02 -3.732214620028970309e+00
7.812157425512531006e+01 3.775546718555873316e-01 -4.624451701255484437e+00
8.805418643066255413e+01 4.007874793344543551e-01 -6.251013953175287297e-01
8.633720897207426503e+01 8.403524019825114877e-02 -4.584287846496300389e+00
6.795842349151281780e+01 6.513700076106678782e-01 -3.536631620212407956e+00
9.256554361081747118e+01 5.649505312317734118e-01 -1.118734843027011233e-01
8.331915509623100036e+01 3.590839002612716130e-02 -3.537725177226500595e-01
9.124164166439129531e+01 4.301404042324213362e-01 -4.470983551786728571e-01
8.072022290444365922e+01 4.881940492384858610e-01 -9.746698747969781418e-02
6.758835864401306992e+01 2.282822239731019109e-01 -3.498928989607406059e+00
8.374853011922616020e+01 7.990842282458658907e-01 -1.345749681991103563e-01
7.661698555808818867e+01 6.978478507879103399e-01 -2.406808144366550994e+00
6.898004432769211292e+01 3.435409564296791896e-01 -4.539014830748397067e+00
7.716889113791472710e+01 5.138717635852602106e-01 -5.969867942333004329e+00
7.527153010725831450e+01 1.515660000567941035e-01 -6.133586702185666040e-01
8.258617611712271867e+01 7.465677979464395708e-01 -1.172882823337549618e-02
6.469624589840603335e+01 2.601826760092538771e-01 -1.330219439468160791e+00
7.254723667880821836e+01 2.947692839661542052e-01 -9.937737253493493517e-02
6.428228513446239845e+01 7.458091919636210265e-02 -1.110628417093021542e-01
7.906181450068280014e+01 6.331964057879601038e-01 -1.354533350427434280e-01
8.518915444247124924e+01 5.923634323933877344e-01 -8.582705439247559354e-02
7.428141958103677212e+01 6.937648203568328453e-01 -8.065755838353362572e-02
6.618426104773902807e+01 5.469440713734106119e-01 -4.709271239685071386e-03
8.908232419685808168e+01 6.726663099812126359e-03 -9.059833631460046943e-01
6.946839645465567514e+01 3.209313383437753520e-01 -4.233382600520513073e+00
8.021213360603411502e+01 5.874553035823711911e-01 -1.006142948947608140e-01
7.926124511850916576e+01 1.111019589748658554e-01 -1.181098382680613179e+00
6.844502406598013522e+01 1.898860630127247040e-02 -4.875835546739806237e-01
6.253816474826908944e+01 7.089365573814117027e-01 -1.558467225532924827e+00
9.133129100797785327e+01 7.527084166724400394e-01 -1.737216370549354294e-01
6.733323777519096609e+01 2.683741778309892134e-01 -2.883485901831806419e+00
8.940975913957058197e+01 3.198236885920713868e-01 -1.013030471758129325e+00
7.107844527235272380e+01 6.720422218591369790e-01 -1.020785451144266442e+00
6.441641379015226221e+01 1.808312435089710624e-01 -1.015139136967124767e+00
8.598914647154705904e+01 3.680527403244535645e-01 -1.136113593676851163e+00
8.786543563254002720e+01 2.814478791181995732e-01 -1.546138131215294864e+00
8.423554707318004375e+01 4.662894321219944738e-01 -1.996862272065420135e-02
7.965232083716260547e+01 7.122811521293289649e-01 -1.015263589607653429e-02
6.825391029530479159e+01 7.605684476635790059e-01 -3.504634304941006029e+00
7.081109641195459403e+01 3.565216291021100492e-01 -2.309276015699926798e+00
6.556581982798681452e+01 1.565943689406011641e-02 -2.647631447343813949e-01
8.213130275646085465e+01 7.254023712578954175e-01 -4.735866153639968490e-02
8.831202124926703334e+01 4.840174472595746846e-01 -3.361607297071758649e-01
7.871674670100728122e+01 9.671571339391651922e-02 -4.566309726856246698e+00
7.849571453820965417e+01 7.321677369845119854e-01 -6.501833488887530654e-01
6.290925552838174895e+01 2.216115429910982815e-01 -2.288976604972781548e+00
6.700876863594245947e+01 3.516861508711430773e-01 -2.410658265460906335e+00
7.563089034289652091e+01 4.791599055887605374e-01 -3.488620499336999026e-01
7.488498328373148638e+01 6.110886101238414136e-01 -2.526915495760274077e-01
7.636424703589318597e+01 7.706152982502656457e-01 -1.261057776305506195e+00
8.705027963301031946e+01 6.415981649316113700e-01 -9.034435506288936157e-02
6.579601777365623150e+01 7.760966005714451388e-01 -7.173298020026600552e-01
8.621259842582551869e+01 6.305462213077266398e-01 -2.404756930818229277e-01
7.481846831556653399e+01 3.021595459843272047e-01 -4.260805760976030809e-01
8.862052769947629827e+01 2.052451317707348621e-01 -2.763457948027238764e+00
7.196444604873120454e+01 4.320212978263132664e-01 -5.893129826124380299e-01
7.775898540048365248e+01 6.993521864997472026e-02 -1.018248012415760506e+01
8.455376535454375642e+01 6.037121227117006050e-01 -7.923389042995330686e-03
7.396379512589633975e+01 9.331373721394971288e-02 -3.107096586400163174e-01
6.194322861752947773e+01 5.564258752601932700e-01 -2.725332201792070475e+00
9.052766763157232788e+01 4.590664735148561881e-01 -2.240393624213688484e-01
7.271336518090008383e+01 5.821072052105278338e-01 -9.069501283882018539e-02
7.146643185917972119e+01 1.359170300478113047e-01 -1.181058969620225829e+00
7.995382703549485370e+01 3.678175816745223869e-01 -1.043352433956814956e-01
7.007656354318197600e+01 5.686003417718862307e-01 -2.267994148418932987e+00
8.491941520766449969e+01 4.465610156561129473e-01 -1.328908281188684315e-01
6.242085812887249574e+01 5.298388666513140777e-01 -1.638402292442073138e+00
9.236851924308773221e+01 1.189989432097383060e-01 -8.615102427876449864e-01
7.360325202089904906e+01 4.492996558146153951e-01 -1.184893222864323720e-01
9.198565242958191845e+01 6.039446294977925123e-02 -1.100014416382188998e+00
8.966967377472813894e+01 4.103521319854421257e-01 -5.376233189841145288e-01
7.762988465880972910e+01 3.972509608133554804e-01 -7.041064711278037791e+00
6.680094383470336084e+01 5.217325596888507944e-01 -1.733685569635232016e+00
7.373684283187907340e+01 5.374495952450111247e-01 -1.019356509413592016e-01
8.141952529092689872e+01 4.174717130738150317e-01 -1.843545137828232205e-01
8.992589445123905989e+01 1.273047338860490429e-01 -3.112578236029308609e+00
8.114445384314808507e+01 1.894542253291913447e-01 -2.095036686058517617e-01
6.526661558970430121e+01 6.642417989872136941e-01 -1.691112921795460133e+00
8.273691480591544689e+01 3.875205707781044229e-01 -2.905464646474573056e-03
6.322993098940235512e+01 2.126121638443797535e-01 -2.571248967219475379e+00
7.213367605292533824e+01 6.808746255961207750e-01 -3.139087316409156503e-01
7.689256260253777953e+01 2.754257351899342399e-01 -9.356696921308159887e+00
8.546703924992144152e+01 2.425236925851931569e-01 -1.654409752057247385e+00
8.192635529271457528e+01 3.295802361651831713e-01 -7.791300310446956645e-02
7.172932374431465519e+01 5.029514329176122400e-01 -8.145274613356945359e-01
6.926239280407850174e+01 6.610883956572579656e-01 -2.979480601355946501e+00
8.105252947547285203e+01 5.094706028709059531e-01 -1.478079617207301022e-01
7.039989639387522402e+01 2.342016763795768675e-01 -3.698474071175920752e+00
9.170675212853839753e+01 1.727672481022609619e-01 -1.487857150389031657e+00
8.408657791101714452e+01 6.227986738813040546e-01 -7.721738287001807255e-02
8.681956275713341142e+01 4.585607269880021680e-02 -3.300753954256541611e+00
6.963034506353116626e+01 1.584401232060901610e-01 -4.412956075245811682e+00
6.403649789711806761e+01 1.669292621116873487e-01 -8.954987470508193326e-01
9.088305816823256578e+01 7.909607081456937472e-01 -8.785138198299204115e-02
8.294900246018923440e+01 2.527943266670533706e-01 -3.926702428379969315e-03
6.347924723197711927e+01 1.990230356974428683e-01 -2.160761598721372856e+00
7.303317141661077017e+01 1.411990440649754652e-01 -1.383878345996872317e-01
7.963079386230575096e+01 2.885986471546201915e-01 -7.876283932257820142e-02
7.740556127432118672e+01 1.717103004455566573e-01 -1.406620960096816653e+01
7.735991554586912855e+01 2.618911743164062389e-01 -1.164483901756457662e+01
7.691952648829183659e+01 1.673895597457885909e-01 -1.140866451513899449e+01
7.743373285370415715e+01 1.183686375617981068e-01 -1.401905611385222095e+01
7.723484637849232115e+01 2.606460571289062611e-01 -1.171106558168808576e+01
7.713780867862085699e+01 9.172949790954590399e-02 -1.200632677283712191e+01
7.909039781353330056e+01 6.261296508697095087e-02 -2.105391116353676928e+00
7.677085927982136582e+01 6.321437914387174895e-02 -6.732172054727747934e+00
7.978358350556989365e+01 4.428337825457203530e-02 -3.281434688697331681e-01
7.741541971396316058e+01 6.655744168413056661e-02 -1.066591971168143438e+01
7.782649620432016491e+01 1.153979301452636719e-01 -1.217184020788222654e+01
7.705555826191732649e+01 4.705895546300104676e-02 -6.509448235636926761e+00
7.772289763366458715e+01 3.274489402770996427e-01 -8.400550824742193612e+00
7.678625344547263865e+01 2.472813606262207198e-01 -8.539474438266626777e+00
7.785050384612728180e+01 2.521005392074585072e-01 -9.352482273932816170e+00
7.709312378565618928e+01 9.782581329345703403e-02 -1.171240152351334096e+01
7.781175751500876459e+01 2.601455933543691049e-02 -3.964704804273753602e+00
7.811088735005647266e+01 2.647536974006660659e-01 -6.884629732028581195e+00
6.715336860393136931e+01 7.440581680231188322e-02 -1.372828389583013786e+00
7.666042295405095786e+01 1.801952123641967773e-01 -8.361370772359915549e+00
7.691584847238262057e+01 2.415771699684464979e-01 -1.034281681002173059e+01
7.477440022999932978e+01 2.531975086889994841e-01 -4.635608918721673688e-01
7.701005990834129022e+01 9.060950090014958935e-02 -1.066127400584009699e+01
7.769886900729360946e+01 1.144069447655576277e-01 -1.278140736708825287e+01
7.742197185332784670e+01 2.254835605621338113e-01 -1.266997036697837231e+01
7.745112829310292568e+01 1.129343748092651450e-01 -1.386874252532342489e+01
7.621407115281260758e+01 7.904192924499512385e-01 -8.061893825364832011e-01
7.794547972266380498e+01 1.191410660743713462e-01 -1.072093425183811988e+01
7.718131453812596021e+01 2.461999654769897461e-01 -1.189972026246141112e+01
7.778854130844968040e+01 2.538071393966674916e-01 -9.292930129051516275e+00
7.713295369040589833e+01 7.366457581520080566e-02 -1.008386295433673396e+01
7.726813102263179189e+01 2.684611082077026367e-01 -1.147496359659635168e+01
7.719384956261791331e+01 2.424825742188111422e-01 -1.201230564134941403e+01
7.692365009826315259e+01 1.030777692794799805e-01 -1.040546558819254308e+01
8.404350170070918580e+01 1.744341853192050706e-01 -3.690663619742007850e-01
7.726207097625302822e+01 6.244747721910576255e-02 -9.779383311914306987e+00
7.714663996638734034e+01 7.515724098165445233e-02 -1.076400731885438589e+01
7.784678195537566125e+01 1.053868676214854416e-01 -1.187374457528096983e+01
7.693087303382908715e+01 1.025287508964538574e-01 -1.038560666450265835e+01
7.699444308443904106e+01 3.052326917648315874e-01 -9.163472662737344621e+00
7.736703790194714259e+01 3.158762764067826745e-01 -1.014323727665774832e+01
7.752931224194105653e+01 5.465948581695556641e-02 -9.113376042140631128e+00
7.804712033623334833e+01 1.743196052859979917e-01 -9.038529176513737440e+00
7.760979473662651174e+01 2.240413627476537384e-01 -1.194060207137740903e+01
7.723225254826229502e+01 3.379363775253296232e-01 -9.592859385133461814e+00
7.677283799263089747e+01 3.681278104710951626e-01 -6.353376721481651224e+00
7.812594226896983685e+01 1.370080590248108077e-01 -9.244260720308448143e+00
7.768413629554135014e+01 3.170302152633667214e-01 -8.606409455519978380e+00
7.762405072804540396e+01 3.337471485137939453e-01 -8.774132884442821023e+00
7.737934592213707674e+01 1.438907221801905834e-01 -1.432539019352327259e+01
7.726369724546361795e+01 1.646063568785547104e-01 -1.397299145282894450e+01
7.741680754274226217e+01 1.377149000300146586e-01 -1.429053042956424768e+01
7.714657101708732512e+01 1.803636908531189020e-01 -1.329304033083830738e+01
7.729936293102136347e+01 1.167190357176249860e-01 -1.385163525422775876e+01
7.752106243701778965e+01 1.907864480795412321e-01 -1.316685261948919283e+01
7.711283967783327853e+01 2.055332683331481114e-01 -1.267526201973914546e+01
7.768223410168555176e+01 1.745620131492614802e-01 -1.294640478850041809e+01
7.773572270334550183e+01 1.123997232263867496e-01 -1.273103795040937669e+01
7.721156951936731616e+01 2.406210156831639080e-01 -1.231443659994618578e+01
7.750033888642141733e+01 2.494846329938169294e-01 -1.172770278958815560e+01
7.755845933924288715e+01 9.026138239796603624e-02 -1.258901246281967090e+01
7.709414345770500177e+01 1.266110777854919378e-01 -1.316203741458907750e+01
7.764199068292204231e+01 2.261490648878258514e-01 -1.128877660252296700e+01
7.774393683550405854e+01 1.215881705284118652e-01 -1.295704721170586815e+01
7.705940754162796225e+01 2.627539628024272989e-01 -1.097544975172230330e+01
7.690861706352524152e+01 2.128968808669566559e-01 -1.117659320574342807e+01
7.727294599775882489e+01 2.419337987899780329e-01 -1.227571353271754084e+01
7.698073342395781538e+01 1.245985737284485140e-01 -1.166162048381727878e+01
7.726219474071216098e+01 1.177974371168742790e-01 -1.388358564383020521e+01
7.799034963792146868e+01 1.526361979670930458e-01 -1.006020145839717372e+01
7.784229909054815266e+01 2.011941090054149839e-01 -1.032671059199753927e+01
7.752258511935868057e+01 1.575066087911839718e-01 -1.404172206594738093e+01
7.759246751970174216e+01 1.046083331108093317e-01 -1.335115489723949267e+01
7.728621428816940409e+01 8.610335588455200750e-02 -1.207259110192003426e+01
