7.972496878213175364e+01 2.924891120295521896e-01 -1.933272978983389123e+00
6.500557274314451206e+01 7.986408609084194588e-01 -2.493531173960291003e+00
8.074085356549289827e+01 3.857076375425684822e-01 -2.310845925624220032e-01
7.311925705918662288e+01 3.687289156125482248e-01 -2.674065841272140087e+00
8.409097317338517996e+01 5.791277411968493993e-01 -4.952339557690205174e-02
6.921208183692266402e+01 5.379553236529136528e-01 -3.251819878918525752e+00
6.819871062194764022e+01 7.132381337902901075e-01 -4.715418234888699711e-01
6.873273043541412619e+01 7.851324341878742619e-01 -1.271506558073334459e+00
8.381783919359182278e+01 3.998136445281648688e-01 -1.998328123380546939e-01
8.292067302755042135e+01 4.149051615429472095e-01 -1.386056871524493361e-01
6.685376757943126336e+01 7.685305588122696152e-01 -1.797655424398473478e+00
6.357030670026532704e+01 1.411424170674274448e-01 -6.743066360301085416e-01
8.160343348043400624e+01 5.487689764648854274e-01 -3.651779152491525099e-02
6.062333699770510975e+01 5.244746019693736772e-01 -6.713336256795698898e-02
8.013515434492897782e+01 4.816394178246075075e-02 -2.916093524793477609e+00
6.262472309214507504e+01 4.533553339833788498e-01 -4.709162844628274947e+00
6.430859906404974424e+01 7.258706154832365032e-01 -1.041534208983359577e-01
8.833180438764802034e+01 9.219459803980296908e-02 -2.409757826141340764e-01
6.656288914684924407e+01 6.593602936405281723e-01 -2.336796327866327960e+00
6.559844242926000391e+01 6.352191579380055408e-01 -4.654798303283079086e+00
7.536432594910037608e+01 6.641980140829992774e-01 -1.003990252377108483e+00
7.283445352714619503e+01 1.942241294200492407e-01 -2.113627464412977108e+00
7.618021479972452425e+01 4.639225391945466237e-01 -3.531226865834321549e-01
8.321425278031833273e+01 3.777740671785311255e-01 -3.007509932605401670e-01
8.631616674315861815e+01 5.142842113446544072e-01 -2.495753551113570334e-01
6.850793873454064453e+01 4.423986390920620626e-01 -1.174972410680782620e+00
6.781284668487421641e+01 1.774961330604596377e-01 -2.845412848510437964e-01
7.745206002606286688e+01 1.610337883857935470e-01 -7.731739639651296070e-01
7.182095175548232646e+01 3.074685944038085816e-01 -1.969188355577958238e-01
6.714469090341478363e+01 6.897607612855876091e-01 -1.116325115185161199e+00
6.947504260391025355e+01 6.847491518218824513e-01 -3.420887884708420756e+00
7.405773748087645458e+01 3.259076819240986755e-03 -2.297871287256436634e-01
6.390662807314662075e+01 4.338396010822302973e-01 -1.212119756184313890e-01
7.812101798579604406e+01 4.914580965027192661e-01 -3.548190414577317986e-01
6.966084127956331429e+01 2.348247974638225932e-01 -5.418786212099759858e+00
6.628444848982434223e+01 5.981352382289573111e-01 -2.896768985186071177e+00
7.777344386098981488e+01 2.434206623163691630e-01 -8.007816427553504646e-01
8.572014709123642717e+01 4.698010686897564070e-01 -3.262053973453640787e-01
8.675835037469082067e+01 4.378316804013061836e-02 -1.710642511476555550e+00
6.029673944576452271e+01 2.166523372940889203e-01 -4.531898084015160699e-01
7.098216631613897221e+01 6.422898493146704801e-01 -9.903997976518980062e-01
7.683976613394406741e+01 3.387501339013931911e-01 -1.619673197944795570e-02
8.640210877695675151e+01 7.003475160798843246e-01 -2.027031125128085087e-01
7.070384467255797745e+01 4.971991824052042763e-01 -1.869019544106752084e+00
7.367971105574198987e+01 2.048007222957180518e-01 -5.501858781819333188e+00
5.932695901251495485e+01 4.851102308410535358e-01 -3.271668513383179544e+00
8.055122918334970450e+01 4.233006117139161417e-01 -2.426670577776089410e-01
7.213497026925531941e+01 6.256009883800263127e-01 -2.022349437064405175e-02
6.738437928133186006e+01 1.146067620698478645e-01 -4.004660457132985241e-01
8.161072471201605083e+01 4.758369210616267830e-01 -4.600607610722149549e-02
8.728591487680729699e+01 2.734232856726831473e-01 -4.148601680074195941e-01
8.213317377104294792e+01 1.339447223971161616e-02 -1.064290490637306297e-01
7.225745120512260655e+01 5.843235492628618966e-01 -8.320889783850649035e-02
6.106082156847248399e+01 1.342545486376792441e-01 -3.235192688632901326e-01
7.922908164314506507e+01 3.125866574166725198e-01 -1.906545100696996675e+00
8.807225139596894792e+01 8.510839723574444016e-02 -2.397796825411722677e-01
8.516241560042048775e+01 2.575946168078513954e-01 -5.619376229347925467e-01
7.349592369303826445e+01 2.797671852520830504e-02 -2.391400530334262253e+00
7.583644876462697937e+01 5.067869049544889704e-01 -8.616378861386568833e-01
6.182150583442775371e+01 2.126964570463930893e-01 -1.320498896591552285e+00
5.907603435986875695e+01 7.751995436831410347e-02 -8.115531701952772847e-01
7.864583101972021950e+01 2.490423793693920251e-01 -2.239651601557654637e+00
7.925948710289534915e+01 6.491103743996632369e-01 -5.530437460279152839e-01
6.455248701860722349e+01 1.565890777077694196e-01 -6.515976436280852546e-01
7.510076367531550545e+01 6.081382871189613404e-01 -1.143110334178513599e+00
8.033352124596780186e+01 3.546307311289784714e-01 -5.736849641884638196e-01
7.712649449975890548e+01 1.082958122064434092e-01 -4.588178213143978001e-01
7.658999269659568654e+01 6.632949639227740668e-02 -8.304214758582206812e-02
7.465640322269369733e+01 1.731265969278843186e-01 -3.046730141398814595e+00
7.158129175621191109e+01 2.319310715101911002e-01 -5.844526934682499064e-01
8.255582155029968305e+01 1.240449466851857863e-01 -3.190577450562961381e-01
6.775562686655986511e+01 3.031266237046885692e-01 -3.124734894781304173e-01
8.514334592047102035e+01 1.492022431297129470e-01 -1.508737334151990073e+00
7.890339463074499804e+01 7.534196704253951493e-01 -5.000262992715367449e-01
6.075464229063101129e+01 1.894123205153906975e-01 -4.336607315981534649e-02
7.255698069739364087e+01 9.682575749821924205e-02 -1.237707342434987812e+00
6.137661386411978981e+01 7.111105407393130129e-01 -1.164659957073113317e+00
6.211574472980456108e+01 5.611659524325757209e-01 -2.717228752054620777e+00
7.019283228662200713e+01 3.678728251233677193e-01 -4.275156254576700121e+00
6.995080095983325918e+01 7.288845148748489544e-01 -3.206803233595463265e+00
8.757168501216364120e+01 7.637366891956658410e-01 -8.575420137597258852e-02
8.434607385758715736e+01 5.300118971650185085e-01 -5.799197316752744552e-02
7.791584932844625655e+01 5.965254834741689355e-02 -2.263866421211080393e+00
7.556751955621562900e+01 6.215086352324756813e-01 -9.793090275296499891e-01
6.571154730710134118e+01 4.253018986781138544e-01 -4.719037247949649405e+00
6.332630297941373243e+01 2.808436150608108473e-01 -1.647884095309324559e+00
8.350718149429820869e+01 6.075411730056203830e-01 -1.003612666572588630e-01
8.237128593502534102e+01 7.494331374764036102e-01 -1.270041411262168018e-01
7.446791078197416880e+01 2.718433290224984700e-01 -2.285989387138820383e+00
8.109697446641382612e+01 3.348803374181612558e-01 -2.144897358769762563e-01
6.285153012190416888e+01 4.006586210150076544e-01 -3.943071775825711889e+00
6.224405429310463234e+01 3.442257769811440937e-01 -3.175302639946510741e+00
6.407138064417718226e+01 3.876381036722972850e-02 -2.864601948197156508e-02
8.472487662080365567e+01 5.545962005513281889e-01 -1.965959058519370362e-01
8.717625702994028813e+01 7.773139217996032357e-01 -1.171851651053994331e-01
8.589739441451084190e+01 3.208047742456249796e-01 -5.607231898998851216e-01
5.978464768578082555e+01 6.783112219357388950e-01 -2.307554853990049892e+00
5.995197890807277474e+01 5.713751816893591906e-01 -1.791023496433940876e+00
6.518042217719674625e+01 7.399843687711391560e-01 -3.218341116005712710e+00
7.128321387794130715e+01 1.813284394180977865e-02 -3.873520705226276561e-01
6.536206576457000494e+01 3.747661690002115908e-01 -4.084248603091481300e+00
7.877486697165181795e+01 3.655449184243612648e-01 -1.428226658591378317e+00
6.188892861829699399e+01 4.704311830307051356e-01 -1.694191406304920822e+00
7.452251611533736764e+01 7.149577550006028237e-02 -3.373173548490149720e+00
5.913767454027625092e+01 4.010506109572195554e-01 -3.573627103314259479e+00
6.646127160876085327e+01 1.647847291927591051e-01 -2.597468833275674349e+00
8.283927720155369911e+01 5.791595112615555152e-02 -4.337646864176903927e-01
5.940257271115429916e+01 4.089872139880286195e-01 -2.911962283375304050e+00
7.180448458900518460e+01 4.392075343326679593e-01 -1.832725767301632835e-01
8.557893883399424340e+01 7.539830278440415867e-01 -3.369166262039987036e-01
8.325485730487064018e+01 5.738736458286031183e-01 -1.057903035421397381e-01
6.406223344499396433e+01 2.325386217231441011e-01 -3.182646197323196063e-02
6.586217381660506476e+01 3.425252359880168740e-01 -4.407271854843123116e+00
6.937458214281068081e+01 2.976834353771652952e-01 -4.605176677791098072e+00
7.397028226277051033e+01 2.720745618762366869e-01 -3.552443823487294594e+00
7.698899756007149620e+01 6.899896190243898220e-01 -1.805062236891932445e-02
6.956741247197884093e+01 7.816530475137778433e-01 -3.219457513015188788e+00
7.477281835620715356e+01 7.618829506829036258e-02 -3.076093367949396029e+00
8.586014139502172782e+01 2.268325402698304905e-01 -1.066402126894422375e+00
6.829349585376201048e+01 5.507737106823097362e-01 -6.750010154238507143e-01
8.201596626719511107e+01 6.757490147938856051e-01 -5.781000492813576086e-02
6.110466662723513309e+01 7.065494750593090956e-01 -1.084008237083432524e+00
7.584626726839051969e+01 4.457560215271769155e-02 -1.254336560304361470e+00
8.048126706737434688e+01 6.978905241995680964e-01 -5.748980712890626454e-02
8.838515899997126724e+01 6.272776449452170944e-01 -1.334894546814426389e-02
7.112039645694528645e+01 4.771000508940034246e-01 -9.122318317356931106e-01
6.730610653979391600e+01 2.601086965434958320e-01 -8.838755694824589337e-01
8.767616575234879406e+01 2.963694979257780124e-03 -1.963591378227227957e-01
7.492630282408231324e+01 3.266144193479073032e-01 -2.068625618482396789e+00
6.151111103670783109e+01 6.050887544802870943e-01 -1.178051177902364577e+00
6.363711263460702128e+01 5.599267985214159138e-01 -4.280823101677527220e-01
7.018161240526060851e+01 3.332813850851413795e-01 -4.469274546161024375e+00
6.681063965513715175e+01 3.180729504703476151e-01 -2.321599573856263365e+00
5.970942449118197715e+01 7.241814090389409042e-01 -2.485683412949496685e+00
8.532010855271619221e+01 5.131308646907046800e-01 -3.798791727757606651e-01
8.497039268807479573e+01 1.372295009658076603e-01 -1.692636155443285606e+00
6.626323237642819208e+01 6.706587590972521440e-01 -2.841225519649337006e+00
6.474901623283525964e+01 5.352794916773571110e-01 -1.555939783768732321e+00
6.171396546518010240e+01 7.925470993381149576e-01 -1.410687116196862378e+00
8.639698449525957358e+01 5.224490233377178106e-01 -2.334339443081361598e-01
7.849845905126392154e+01 4.831538053822402867e-01 -6.777069950625631556e-01
8.010316429027346885e+01 7.519109969451229780e-01 -1.387871175986074290e-01
7.279905001588372215e+01 9.891804931246572785e-02 -2.133216678715860848e+00
6.547591192356068746e+01 2.101859479603668257e-01 -3.871516838244303926e+00
7.933135730685364706e+01 6.639864819265692830e-01 -5.045785072454814779e-01
6.030515864479414034e+01 2.670816875456580308e-01 -5.009902087475228694e-01
7.135923887230039497e+01 2.492463752704557889e-01 -9.306317052893130493e-01
8.800243819563885950e+01 3.561085870258672292e-01 -4.729035733326236030e-02
7.719922252878319568e+01 3.146294991542532976e-02 -3.363585819424317891e-01
8.182869123029863090e+01 1.987540780877562474e-01 -1.041116093288142891e-01
7.520419077449473377e+01 5.912698864516520159e-01 -1.203391952061841019e+00
8.706100804860994913e+01 1.598193334539672605e-01 -1.096056909466766038e+00
8.463032402892721962e+01 1.307371099015239568e-01 -1.937004330109646677e+00
6.325793620340747481e+01 2.417433262241963643e-01 -1.840005988579143548e+00
6.752120392903003676e+01 3.919264208524798621e-01 -3.645125740872051101e-01
6.248688161669433327e+01 5.606071229250532140e-01 -4.926916211105271337e+00
6.489450925675907911e+01 7.126629441369281004e-01 -2.155900879120042912e+00
8.041477240901920709e+01 1.755430887955649055e-01 -1.835918216961628380e+00
8.394396385217567058e+01 9.222864577011752329e-02 -2.815912386395273082e+00
7.355523318901640550e+01 4.418080420323513557e-01 -3.015665891124060582e+00
6.908497507089570888e+01 7.689230616173396982e-01 -2.160091668406129539e+00
6.843369712649325720e+01 3.798136515190001505e-01 -1.151512340344960750e+00
6.872658781540660300e+01 1.129871666369777761e-01 -2.407849101172724549e+00
7.542549825504710270e+01 5.394360203566147538e-01 -1.298696091665260788e+00
7.202998001120170102e+01 5.095727215554806122e-01 -1.967513831517333708e-02
7.055363841507747225e+01 4.292987709325666312e-01 -2.462047962286999958e+00
6.075780055889130438e+01 7.672229077504266748e-01 -6.706250402736599336e-02
7.816298360151910174e+01 4.965431526166810133e-02 -2.873351511999743479e+00
8.684780034670311011e+01 5.794446144195067872e-01 -1.432243157684378321e-01
7.667538777799813943e+01 1.644944253685501345e-02 -5.415467551952892616e-02
8.622349063329505725e+01 4.609884240823146628e-01 -2.929057554733909829e-01
8.406307033518677940e+01 1.907936129130564373e-01 -1.212344800296023095e+00
7.392073062825878083e+01 2.923090079535079489e-01 -3.542771466450988616e+00
7.097006161425406390e+01 4.205606406918492302e-01 -1.289072264600965356e+00
8.158439434618915698e+01 1.244435851172385477e-01 -2.067516190151192090e-01
7.329882015486029445e+01 4.524088329599703084e-01 -2.730064631121163377e+00
6.219735546046380392e+01 6.818277749741952221e-01 -3.368231581966568022e+00
6.448856573097280886e+01 7.322503856237722042e-01 -4.538966116249034677e-01
7.645845607772554331e+01 2.823400816345768005e-01 -1.575917858898646107e-01
6.688407529068018675e+01 3.933663247030533272e-01 -2.177983821371172191e+00
8.448097063008516727e+01 4.981085402485001534e-01 -7.143053971165617966e-02
6.373646665437659919e+01 6.177559808820682896e-01 -2.236769037867051280e-01
6.991604260768640700e+01 2.035279867567887924e-01 -5.660867496638180896e+00
8.722117055623503745e+01 1.063047463024557743e-01 -1.342344907056633563e+00
7.790230222241360991e+01 2.235236431018244874e-01 -1.089629665262604741e+00
7.900269109650383825e+01 6.083788919593909883e-01 -6.822537901970721075e-01
8.113166296175590730e+01 3.044485140471981932e-01 -2.634807764956493270e-01
6.292137710070703349e+01 7.415182735508887291e-01 -3.660155828107165554e+00
5.997368279254622081e+01 8.087271910929269558e-02 -5.958171986532749820e-01
8.270126422842150760e+01 6.463069045916463029e-01 -9.908229074890832766e-02
8.090344861114856201e+01 1.499531032591990831e-01 -1.177000692405633764e+00
7.755603016696139207e+01 6.496680260587888167e-01 -6.992850117698301560e-02
6.062347003213654517e+01 6.390752783001953929e-01 -7.943921402879321192e-02
7.277143878897517482e+01 3.456420284941028598e-01 -1.398049975792699406e+00
6.779979876415377760e+01 1.794247670497411962e-01 -2.865256723193294053e-01
7.968945222122735572e+01 4.901722640802533282e-01 -7.044820114925519627e-01
7.623267232095938084e+01 7.857416848948804988e-01 -1.218230606435609792e-01
8.246172397387815067e+01 3.309493448559409218e-02 -7.808301539352778542e-02
8.363175177013260964e+01 5.990388730788667182e-01 -8.985172618621788121e-02
7.219137499130980018e+01 1.430594341025383069e-02 -3.182984905528438158e-01
7.426196367597749770e+01 5.789389880158233304e-01 -1.011348063142158082e+00
7.912425280248655213e+01 4.009481239176322376e-01 -1.292383043048292990e+00
7.223728950305194019e+01 4.464058823441398594e-01 -5.248804314615589800e-02
6.349420707101391770e+01 5.309724795193239144e-01 -7.783030013627171284e-01
8.138871858004361570e+01 6.529637610754555066e-01 -4.445296166308176922e-02
7.598269283600781421e+01 1.144547703025783347e-01 -1.614894749547243658e+00
6.020155422213039031e+01 2.701832634967853419e-01 -7.132224389664507669e-01
6.666386995880624511e+01 2.541875892786997770e-01 -2.514595251157700773e+00
6.063334343360298817e+01 1.637171479921241124e-01 -2.362055768773135139e-02
6.293053117465671420e+01 5.965710242273410957e-01 -3.676302079583479543e+00
6.401482526403681561e+01 1.768191304181612467e-01 -3.937255175306988292e-02
8.532279520820574703e+01 3.605760398892088325e-01 -4.044904859342112746e-01
5.897687025931448090e+01 3.988955147902348841e-01 -3.411550146996799704e+00
7.400757569570062344e+01 1.549710731171750622e-01 -4.906524235352331509e+00
8.593836126520331220e+01 4.901618678665158879e-01 -2.930148506966371302e-01
7.746275020449805027e+01 6.452790478986512035e-01 -3.556887114909863118e-02
7.186377576502664510e+01 7.470755732361981094e-01 -1.389234561085994912e-01
5.996408617949116859e+01 2.610802822782756771e-01 -1.329487503930993464e+00
7.119568477076947488e+01 2.473064236887250189e-01 -1.212715653731094578e+00
7.693987214180846479e+01 4.656100242159916802e-01 -7.457664048409684381e-03
7.878033073322833957e+01 7.367202868219547840e-01 -4.641489248010235991e-01
7.815094751267994866e+01 1.762259228613422685e-02 -1.531747345290309203e+00
8.109642811414376240e+01 2.875022219736596552e-01 -2.960942113473333803e-01
8.672882244041856836e+01 5.047900857902326566e-01 -1.788127511578999629e-01
6.475971431049985938e+01 3.870464287248320256e-01 -1.533097053478261085e+00
6.655516073804224675e+01 3.782085770186418561e-01 -2.655093139596989005e+00
6.720308873694315821e+01 1.250146556258273922e-01 -9.079174105500017466e-01
8.202530237264821267e+01 6.276695843994460899e-01 -6.506294493691301695e-02
8.713224179744634057e+01 4.596555325095423306e-01 -1.744338650626219567e-01
8.727583026629206131e+01 9.309629967603083589e-02 -1.272790835173974511e+00
6.787114378763311606e+01 6.122659382531549233e-02 -1.556968154049206965e-01
6.196577810009011245e+01 5.202367294699133948e-01 -2.023862166702700360e+00
7.322434940610165199e+01 2.078259949076843582e-01 -4.515617891612770940e+00
7.679759698097896603e+01 1.004345599061014921e-01 -6.863938590800304496e-02
8.756937407972831977e+01 5.461978806036053014e-01 -9.825646690579234455e-02
7.859869785050358360e+01 3.191258491018782451e-01 -1.504685185122154323e+00
7.370281398043005083e+01 5.413936597460882183e-01 -2.224443273976631108e+00
8.630046172967973916e+01 2.139471723509568657e-01 -1.059587866854518001e+00
8.004939047308670297e+01 5.143371538384414743e-01 -4.083080264555052907e-01
8.559087278231662310e+01 5.563737952276523457e-02 -3.162503415304787069e+00
6.271953620654154093e+01 3.329592798652342700e-01 -4.154034907026396439e+00
8.648636003224447677e+01 1.052502634186435887e-01 -2.031898882656587801e+00
7.199865677718163681e+01 4.350011381724980253e-01 -3.877963584123637897e-02
7.528314499940086080e+01 7.897926844721935291e-01 -8.137418499760873392e-01
6.959776558285940951e+01 3.503344200007056739e-03 -9.289702392323498925e-01
8.442366073127153925e+01 5.628090656314543860e-01 -7.405665053604933157e-02
7.749726221901747181e+01 1.481352166929149616e-01 -9.613875930649323776e-01
7.492799240346558065e+01 4.537763573098962944e-01 -1.499276175917558795e+00
8.471882015092052143e+01 3.049538837655424994e-01 -3.124195914295481158e-01
6.369843532008050602e+01 4.166723435991205315e-01 -3.159541423237753888e-01
6.515426825954615708e+01 5.029951031792884164e-01 -3.165387396099080597e+00
6.898655663469122601e+01 6.049293583669675956e-01 -2.135769286725892613e+00
6.330756059171352490e+01 1.900304224356663130e-01 -1.591310964157917285e+00
8.392603803546953145e+01 2.930865736351201400e-01 -4.726680201722872621e-01
6.153646560424959944e+01 3.595189893238325829e-01 -1.153382403511858278e+00
6.544173760978037535e+01 4.851875660427936165e-01 -4.278120220562055209e+00
6.502710084680889224e+01 3.015165355124812541e-01 -2.696145681788794768e+00
6.225661677938462191e+01 7.989369970554132117e-01 -4.026540880972077296e+00
7.950005123707869359e+01 1.314612105768881156e-01 -4.876763587386112597e+00
8.808504998006534947e+01 5.581551691883814836e-01 -1.760793663491582242e-02
7.965202955849167665e+01 3.465688947077231186e-01 -1.481093347402276050e+00
6.928713379947328121e+01 2.789199122830764987e-01 -4.308231707430263846e+00
6.182504996307976342e+01 1.705482913277291679e-01 -1.216890687933681825e+00
8.276407053663039903e+01 6.219074498453845967e-01 -8.141640649702695798e-02
7.607847190406377536e+01 6.980135340373083697e-01 -2.500417819524351493e-01
8.304496456378265634e+01 4.787407931907398662e-01 -1.184644942262532141e-01
6.586156549308064712e+01 3.723918230121411321e-01 -4.427442911750863352e+00
6.114347929711963303e+01 7.082666907467346507e-01 -1.083918042262077774e+00
8.062322034422328443e+01 4.266097417367566980e-01 -2.107195699721799431e-01
7.254588649074578655e+01 7.682212586981489177e-02 -1.204086813299205527e+00
7.340340938536927240e+01 6.346198487452165971e-01 -1.912251239514957568e+00
7.792060999414805167e+01 6.776404191319502779e-01 -1.781113807461941201e-01
6.093082559070193582e+01 1.933156470155940054e-01 -2.407199463699038477e-01
8.425213506873481606e+01 5.848361624331651631e-01 -5.489927770089078618e-02
7.064793005985200125e+01 3.151751680094812269e-02 -1.062400208771990817e+00
7.550612536366583072e+01 7.319777266474144506e-01 -8.184703728238302833e-01
6.428094149975514426e+01 3.420476928828260488e-01 -7.068889804340471039e-02
6.708975990922274946e+01 6.815728789016869404e-01 -1.417043211301138861e+00
8.486498981774303729e+01 7.759102097157830613e-01 -3.127378734773245683e-01
8.018627083276565770e+01 6.664458257686391995e-01 -1.554276988576840379e-01
7.077410283481465569e+01 2.254128033483674687e-01 -2.419877361816611394e+00
7.632196462860680697e+01 4.115853306139342221e-02 -2.705381981091333210e-01
7.032931089724272056e+01 6.580123379985227672e-01 -2.554008264501229863e+00
5.952967095439544210e+01 8.914715388720219347e-03 -2.367443498684991710e+00
6.751013512966994767e+01 7.204953783959460178e-01 -3.017420386851945024e-01
7.280394360312531887e+01 6.933984308313938527e-01 -7.554600417957627601e-01
6.816423934775407645e+01 3.248180965209583881e-01 -6.863994146189381640e-01
8.162445179209635171e+01 2.224395127912083270e-01 -1.382777129462930410e-01
6.619486236625024844e+01 5.757719720420529930e-01 -3.181972479839487722e+00
8.331921041571087017e+01 7.789227798350828458e-01 -4.541458449828598976e-02
6.884366408118421532e+01 3.586205163050078942e-02 -1.530825063830551613e+00
7.001737340338812032e+01 8.053903540117510196e-02 -3.877751782200694830e+00
5.939828712448147030e+01 1.408512538807317749e-01 -1.408385732959134495e+00
8.821408845614226379e+01 7.664313504577475733e-01 -1.713892622941000018e-02
7.477239100883890899e+01 2.360612467499403067e-01 -2.544293278349886833e+00
8.074127570735657855e+01 6.715130537937467892e-02 -1.723006068373067023e+00
7.139591052194079168e+01 7.539117545130378240e-01 -4.899816429872405066e-01
6.854327395997242434e+01 7.178095247883682362e-01 -9.465406930771858018e-01
8.231970472949637951e+01 6.113573149336057888e-01 -1.554519404279156580e-01
8.356571422671653693e+01 4.122306543500177667e-01 -2.709561601171389111e-01
6.355025202610097068e+01 5.236811142193200652e-01 -6.468377036590721163e-01
6.736870194895861630e+01 6.660784807201376445e-01 -5.511259928761221838e-01
6.200686274215152594e+01 1.543535105653959794e-01 -1.385785739250551263e+00
8.809526082683846937e+01 2.879712361152198530e-01 -7.369177129218103250e-02
7.100120635067693797e+01 3.131655493068998264e-01 -1.402562284673892323e+00
6.503909358094014692e+01 4.274182655132716113e-01 -2.792078346363313646e+00
7.197431122187829544e+01 7.673094465615840250e-03 -2.154946711216871869e-01
6.455758055884881230e+01 3.832109661127398592e-01 -5.886604945748796780e-01
6.776313375863175281e+01 3.856771103385314703e-01 -3.136138661738741562e-01
6.958884407091377966e+01 6.309920072440124983e-01 -3.699443556775538156e+00
7.724862321486888561e+01 3.447948515372187273e-01 -8.615024368702030311e-02
7.039115093554181612e+01 2.380512403408512057e-01 -4.099895912949618193e+00
8.214196778329932158e+01 4.490547336223890129e-01 -1.640939866273703474e-01
6.550134433391717437e+01 1.222476933277186033e-02 -1.510301248580161460e+00
8.562341439025978218e+01 1.064384687232911297e-01 -2.598644158463359499e+00
7.996920132465453435e+01 1.285420814291710900e-01 -3.939468372601483193e+00
8.350039978314831046e+01 7.909183921277987972e-01 -5.427127911372741503e-02
8.636792417880396044e+01 5.554162773310957757e-01 -2.239445688092961684e-01
6.297561037525139227e+01 5.254969103587728285e-02 -5.631656135911160543e-01
7.627204713432149674e+01 7.988139916834275933e-01 -8.851406799109159951e-02
7.163520190686425337e+01 2.537606829380660844e-01 -4.724820325085229422e-01
7.748884414760044592e+01 1.781648885650475855e-01 -7.945505528925618233e-01
8.126612439458666870e+01 6.476326485344343631e-01 -4.733190784875674489e-02
6.320916487830601938e+01 6.163886593704445693e-02 -7.950046526124741053e-01
6.108219812387702063e+01 5.163006659916784535e-01 -8.909372751597693929e-01
8.536509987659459853e+01 5.838057433341761193e-01 -3.781219336332655168e-01
7.516364289738152138e+01 2.635268247249488160e-01 -2.724808385093320240e+00
7.431856873645571682e+01 3.348267069579127786e-01 -1.959787901951982381e+00
7.660529515646099696e+01 6.564741867745365056e-01 -3.239028325711521689e-02
6.570394284394016893e+01 3.375157303911414663e-01 -4.639501528799791608e+00
7.337225516761814958e+01 7.798693477313793920e-01 -1.463592077520143864e+00
7.002900006109874198e+01 1.163825528965464484e-01 -4.932087030329922683e+00
6.540245226353407304e+01 5.282183549379977361e-01 -4.263223587043372120e+00
7.943077012357311162e+01 6.930102629875074527e-01 -4.423103400995527790e-01
8.627164232490002860e+01 5.883238911451018627e-01 -2.272049011089302961e-01
6.948370275233719440e+01 2.940754546278308568e-01 -4.910432974358395875e+00
6.835894157677925875e+01 6.722152429948407004e-01 -6.642968492755825238e-01
6.896405547379123391e+01 5.961206181764692191e-01 -2.155624467731343863e+00
6.387265835734825714e+01 2.141521608437717550e-01 -1.333242793095467393e-01
6.132993273390992783e+01 3.113752392517653012e-01 -9.324350868033407513e-01
7.157537589967293457e+01 3.634027884330028324e-01 -4.828895826156029969e-01
6.774149738956380418e+01 4.784533779409423371e-01 -2.919642985009902603e-01
6.877584341112772393e+01 4.953634571238146878e-01 -1.718942528685706739e+00
7.818739492453968865e+01 5.486463866775473930e-01 -3.168219696114272232e-01
7.387982987963610526e+01 4.595342436815792464e-01 -2.269593902167863941e+00
7.976796481402806194e+01 4.971838320177419113e-01 -6.456309643633060258e-01
8.463933893410791143e+01 1.375976579040136261e-01 -1.801733299461865334e+00
7.423595950052221326e+01 1.990665605139421979e-01 -3.576706395214744205e+00
8.264646400489355926e+01 3.739789641912727447e-01 -1.905746572513049852e-01
8.096555634165326865e+01 4.224532616020845177e-01 -1.397422069063031513e-01
8.407270720676595488e+01 2.445026204219750421e-01 -6.802463085193035663e-01
8.511032159456104296e+01 5.735970836807748885e-01 -3.589063875523752500e-01
7.274751677996439980e+01 7.816224167356607133e-02 -1.777015592468972782e+00
6.411214655446835309e+01 2.994810217202953928e-01 -2.753858628305124248e-02
6.427640570249346297e+01 2.786500897573958579e-01 -7.189504631146521885e-02
5.958029239387064280e+01 5.059312442768540974e-01 -2.563494944154168120e+00
6.085223486945075422e+01 3.966385328662143106e-01 -1.820180423513509949e-01
7.706546441282443993e+01 7.570004369225733498e-01 -2.421863643340355088e-02
7.229635686911569792e+01 4.679376055946440349e-01 -1.014837088641959706e-01
8.597620936817378379e+01 6.618228513992445439e-02 -2.977327368343872127e+00
6.696977593787875094e+01 6.370402322812909190e-01 -1.708971370065607509e+00
7.290019994591773411e+01 6.511497577582205931e-01 -9.906952088359972652e-01
5.992522523397185097e+01 7.671470878724409026e-01 -2.082109690118628897e+00
8.300511944452743762e+01 2.647816845773338645e-01 -3.765272923809613315e-01
8.164274077780054029e+01 8.274881584899862474e-02 -1.418598197808283445e-01
7.100443624748042737e+01 2.061076223332949375e-01 -1.698877204874128966e+00
8.242671836201415658e+01 1.505865959783168062e-01 -3.019788577264479468e-01
8.065196934180555388e+01 7.714234310954128926e-01 -2.285876702256114251e-02
6.263165553253607953e+01 6.065585061703697711e-01 -4.932126139295875511e+00
8.793062494821634800e+01 7.009356301216199681e-01 -3.508668829351134499e-02
6.025518773480060020e+01 7.314940653395854975e-01 -9.013914408391110467e-01
6.638182562879711668e+01 1.748601036349900217e-01 -2.808440686360396565e+00
5.906952202664201934e+01 7.221805118390436373e-01 -3.889999063600899643e+00
7.592846758045047295e+01 2.042820816836401002e-02 -3.709795045434645111e-01
7.045532306372476228e+01 3.228827291743520123e-01 -3.394153675153807281e+00
8.773359437421342477e+01 6.115117115346484500e-01 -6.756171273230261731e-02
7.558462200350490434e+01 7.051082313896923637e-01 -8.192107693802596069e-01
6.242615913170867259e+01 1.259605185211251366e-01 -1.875271685576712644e+00
8.140884185989219191e+01 2.233269337765554641e-01 -2.589170303673488105e-01
6.618919459890076951e+01 3.547776883096667166e-01 -3.369206939017202806e+00
8.320498992153454765e+01 2.279447279441006724e-01 -7.641729233039070701e-01
6.812075337449770984e+01 4.392913693780037265e-01 -5.450918143716856346e-01
7.457156575771452367e+01 4.244047180355064314e-02 -2.359096503981171100e+00
6.062225808593824894e+01 7.498106861771699494e-01 -9.241007201348169775e-02
6.158855830266704601e+01 7.179044210838464446e-01 -1.246125345305732157e+00
8.455571760399146797e+01 1.652034687050307205e-01 -1.358085765014050983e+00
5.938514458823632225e+01 2.875972256995255188e-02 -6.023144169041672047e-01
8.368359513374443281e+01 4.474903803721635431e-01 -1.931476061226160834e-01
7.872197478741095722e+01 5.628830709355256978e-01 -6.668988362210706011e-01
8.705968361626932506e+01 6.187155016170349242e-01 -1.275750277773069763e-01
7.854255681743833861e+01 5.379584437143932751e-01 -5.516365620686149995e-01
7.318705031847429154e+01 9.780861943155626237e-02 -4.162469769468514436e+00
8.015328815293557341e+01 3.301048355842022691e-02 -2.036441190654553868e+00
8.683181639379935746e+01 1.869344039018893955e-01 -9.852223298888979075e-01
7.659903086156779750e+01 4.120653318686779976e-01 -5.071674634613306670e-02
8.721561493945365839e+01 9.353468834129220755e-02 -1.421747254902611335e+00
7.494575199335207571e+01 7.400183928604741057e-01 -8.792938814383642887e-01
6.678871551690919262e+01 4.855315822678690774e-01 -2.236912393052841619e+00
7.909293442317712675e+01 4.021566850865003762e-01 -1.298386504726783297e+00
7.793280616815647477e+01 6.805669161686043189e-01 -1.775556017287525934e-01
6.462627027844131078e+01 5.210388600183734065e-01 -9.383270512827958099e-01
7.657957021270101450e+01 1.264090217371225400e-01 -1.432752426690155068e-01
6.927441893640582293e+01 2.651968279284741548e-01 -4.344385525335715315e+00
7.661233497151506810e+01 4.372337868294622343e-01 -4.773013167217297209e-02
6.957622710755804007e+01 3.209014857041748991e-02 -1.410782304820775490e+00
6.229963974951292016e+01 2.143471980736969332e-02 -1.221723061383690467e+00
7.915442721435442763e+01 1.322431824329768635e-01 -4.715304886605665047e+00
6.448450219398552008e+01 6.201750378908350569e-01 -4.577021327676982776e-01
6.630468817096098633e+01 4.427501338900015071e-01 -3.038102366856773262e+00
6.826740819361930335e+01 2.685833079821857150e-01 -9.355509001401735025e-01
6.613887986893624316e+01 7.650163311892232976e-01 -3.216572816134159130e+00
6.885195916825294660e+01 5.055483132685217873e-01 -2.011485108975564096e+00
7.434840465579573277e+01 4.045800842517051632e-01 -1.567483369338768195e+00
7.674968091592930364e+01 1.103982885518381973e-01 -5.693989752458726572e-02
5.912240120497367002e+01 2.170420841171990800e-01 -2.759709193888224998e+00
6.921147026365260047e+01 2.110127592433025667e-01 -4.236848933672768602e+00
7.416310082595417441e+01 1.156137047727602563e-01 -4.556428237872092168e+00
6.677194974501745151e+01 2.561141910017344370e-01 -2.394758361283106929e+00
6.133615569956631930e+01 5.595322272454651413e-01 -1.112844571120311876e+00
6.614485739959492605e+01 9.399054293550274108e-02 -2.272601272800373717e+00
6.096490828438368936e+01 6.035326121198153482e-01 -6.000625361180609296e-01
8.090839334084512302e+01 1.812287686925610208e-01 -9.331674708605137702e-01
6.494618931021879860e+01 1.383382435675554190e-01 -1.805435607604937376e+00
8.044476080344966817e+01 1.141954267020696412e-01 -2.415933045305709737e+00
7.348751903687330866e+01 2.385767757704901071e-01 -5.102534870626525887e+00
7.354830579752382391e+01 1.604443624934836221e-01 -6.027657782479694859e+00
7.385528796936920060e+01 1.825008796935582711e-01 -5.293005072499117780e+00
6.965748275877771789e+01 1.840864664992541144e-01 -5.421074829749798596e+00
7.044028110743849425e+01 1.075619925935940996e-01 -3.833635875283462724e+00
6.518435872415479082e+01 7.040611669931675642e-01 -3.243765612192268666e+00
5.897444305343665860e+01 6.234537215731743576e-01 -3.728086319931415371e+00
7.425036827943958428e+01 2.111188709661809826e-01 -3.227219967939268130e+00
7.001955765735115733e+01 1.801713141635446491e-01 -5.541601457039454282e+00
7.283799912391661735e+01 1.661513349922841554e-01 -2.177778951483793080e+00
6.987654863452920040e+01 9.943004930486173953e-02 -4.621165862756971165e+00
7.212991482550030753e+01 1.668708783846712396e-01 -6.030612832035808085e-02
6.882075154716257259e+01 1.360205930381061523e-01 -2.850381376662981747e+00
7.830570699067955331e+01 2.392148342978932529e-01 -1.659409111391028979e+00
7.866794539197577762e+01 3.836066807780600385e-01 -1.200053096006811870e+00
6.446727779066654307e+01 7.902434727365282852e-01 -4.520527563705948881e-01
5.899125183055217292e+01 7.770854298344788136e-01 -3.867040634191653226e+00
6.904020098737714761e+01 3.364390612858715601e-02 -1.678717350060430435e+00
7.369591169997693214e+01 1.507889130631822651e-02 -1.177103834762103896e+00
7.024895815122542331e+01 3.079709448176035647e-01 -4.411536439379069030e+00
7.383082413692252999e+01 2.129910152602876305e-01 -4.848446423823776108e+00
6.891920256895275543e+01 2.873104295740240288e-01 -2.823676933258061794e+00
6.559719259338862685e+01 9.686213469779252766e-03 -1.811032898237052935e+00
6.950902342973651571e+01 1.558348244317103171e-01 -5.055351288004018784e+00
5.906235725907924916e+01 4.239006910936480854e-01 -3.607090395426742369e+00
6.801672297881361828e+01 8.064489946939734644e-02 -4.202573313415375877e-01
7.622247565365597666e+01 2.060616179920817526e-01 -6.984382953056738064e-01
6.974965035345495323e+01 1.533606516437962808e-01 -5.442678675952385525e+00
6.025033074551462420e+01 4.941352803151555229e-01 -8.425053211361495098e-01
7.110373628725545814e+01 5.283716829667906012e-01 -9.351992684634199415e-01
6.927929542070047830e+01 2.539945393772543580e-01 -4.369179994486107610e+00
6.501444018826312288e+01 3.833480581556628075e-02 -8.341979570189855808e-01
7.456558972182702405e+01 1.750456604795892490e-01 -3.067596391146238055e+00
6.361587425126667483e+01 6.904884976320098122e-01 -4.023617152498257243e-01
7.304399455488638182e+01 2.565313783491043331e-01 -2.782016189023780672e+00
7.336343925700776936e+01 1.085517034137606016e-02 -7.900751121780846820e-01
7.225566311247496287e+01 2.231474244928021988e-01 -1.856087590194706316e-01
7.548381195948827838e+01 2.309194412670395880e-01 -2.934321499248147891e+00
7.257130338814978643e+01 5.341059332402933180e-01 -5.306931835655157581e-01
7.512728777611519604e+01 1.736085428054873758e-01 -3.362189117932053772e+00
6.959197834623674339e+01 3.196977181847228677e-01 -5.035762056431511091e+00
6.249825825898275866e+01 5.842052127749171320e-02 -5.152930123431879172e-01
6.216227466085896225e+01 5.761705308791675861e-01 -3.304615499797157074e+00
6.790145702419481211e+01 5.403519751390705173e-01 -3.456929739247921463e-01
7.036327900244734224e+01 2.957763237975950532e-01 -4.028771611006762399e+00
7.051676413020376799e+01 5.718393945847837639e-02 -2.239853884284630059e+00
6.946326349672418132e+01 3.556624658719356735e-01 -4.542704043225074706e+00
7.102351227712354387e+01 8.116042269029502543e-02 -1.384404904843598239e+00
6.175194012719520487e+01 5.761668722429463645e-03 -1.460882337672554598e+00
6.870907285025148781e+01 2.333072972927852651e-01 -2.209752159391622506e+00
7.563319712618826429e+01 3.093451765407684295e-01 -2.099198006193804922e+00
7.554611195723985873e+01 1.802853737080134522e-01 -3.177575781405503008e+00
7.306704342693382159e+01 3.082127195580265933e-01 -2.785131586844502571e+00
7.048588874714637598e+01 9.263447844082579874e-02 -3.402805133251407099e+00
6.995086352814641373e+01 1.923150081452117410e-01 -5.622191942037592760e+00
7.391106178458090881e+01 1.178022947451597552e-01 -5.708381007471707846e+00
7.171053620374736681e+01 3.496903831045337641e-01 -3.380615357515389663e-01
6.988851689380302901e+01 3.052345617285790458e-01 -5.303430346258507733e+00
7.471436079283679987e+01 1.089136804569234701e-01 -3.379627497270147884e+00
7.371873314603527660e+01 1.375241008034869539e-01 -6.118846029808875819e+00
7.383238153966308914e+01 1.818779136282985542e-01 -5.298929840087435394e+00
7.346763402953483535e+01 3.239771453894395581e-01 -4.037823506760465087e+00
7.207142311331003270e+01 3.364733225752898349e-01 -6.637813614995334392e-03
7.361457513903513927e+01 2.919710832619356045e-01 -4.433095596574181840e+00
7.336142175375499619e+01 1.249764105428893546e-01 -5.490813244893339551e+00
6.635118875020805262e+01 8.599040012735590863e-03 -1.425922956686162646e+00
7.418902335114795221e+01 2.040653470231582611e-01 -3.505791933679318184e+00
7.073699185106224263e+01 1.209779630275054363e-01 -2.837926959249629899e+00
7.527523368991133168e+01 1.142232181858916507e-01 -3.554464250663433855e+00
7.407154589521562116e+01 1.115679264050006697e-01 -5.039228470132592896e+00
7.352794321769943053e+01 1.745232256662953008e-01 -5.906820728679382349e+00
7.339510863988422784e+01 2.272473177238050202e-01 -4.915894391376774308e+00
7.387628015381500290e+01 1.041119095799946659e-01 -5.688024775747911654e+00
7.593238188739682926e+01 2.361408160748333374e-01 -1.447258971228548852e+00
7.019171466718945851e+01 2.779667489632376975e-01 -4.784014518288627116e+00
7.395311152630061713e+01 2.697610796773312059e-01 -3.578801340423676702e+00
7.353092875646342463e+01 9.720301090044379533e-02 -5.886541644429615694e+00
6.133239846610774038e+01 6.447139668657022593e-01 -1.147088171140333790e+00
7.547798537391832951e+01 3.736946287929918675e-01 -2.015879178310047593e+00
7.379806426872704606e+01 1.482759101474854513e-01 -5.905570411517008012e+00
6.219185430403354786e+01 6.126570388773528997e-01 -3.328869885584849087e+00
7.354171110006957690e+01 1.594201509890404989e-01 -6.035057927067154715e+00
7.347592373831778900e+01 2.067593535126405202e-01 -5.479411523432341724e+00
6.023816901776027066e+01 6.733411864342655484e-01 -9.768661874613093765e-01
6.078753813406201800e+01 6.668222734294888543e-01 -1.250890241182586460e-01
7.486879392775728093e+01 3.662601311599889553e-01 -1.863492635987636703e+00
6.234629779608609823e+01 6.411327819311150034e-01 -4.516846349516950632e+00
7.430995371403498950e+01 8.054727938464766035e-02 -4.109128165178765890e+00
6.032111116250997895e+01 6.657273428818289984e-01 -7.611603786525499293e-01
7.179697082536982577e+01 1.480592160110618116e-01 -1.955543822970554901e-01
7.369565415290870192e+01 1.354149201427583549e-01 -6.128278776041407028e+00
7.421767432606772275e+01 1.415012032433460021e-01 -4.325461508777828534e+00
7.419781918901824724e+01 3.783348928192405980e-01 -1.872856129694753013e+00
7.395421390621704916e+01 1.406577306018458873e-01 -5.329681977585742025e+00
7.384535075184308539e+01 6.471353374705766937e-02 -4.863324315206776660e+00
7.158391095278335570e+01 1.537781497953754628e-01 -6.147005091359035722e-01
7.160112357820534612e+01 1.623732357095271361e-01 -5.058439874185415297e-01
7.345903331451080476e+01 1.429919910918848458e-01 -5.994697299853982031e+00
7.438995836732786415e+01 3.508505758808131425e-01 -1.797576123745728838e+00
7.479595874401350386e+01 3.875316974535274461e-01 -1.667284122862190632e+00
7.374401900350656547e+01 1.555787330312792260e-01 -5.982997975538121516e+00
7.597012623761894190e+01 1.420108530782751288e-01 -1.585166256843354660e+00
6.318308793028566583e+01 5.874921558120079768e-01 -2.244070281559604307e+00
6.309991395928201996e+01 6.133255087879003753e-01 -2.741605440592435716e+00
7.339104418859035661e+01 1.675677819995481099e-01 -5.682574396399281191e+00
7.497300495035693757e+01 8.673130792780675558e-02 -3.163648671278782132e+00
7.358456359595956542e+01 1.038251507941659740e-01 -6.079561915984140086e+00
7.378721776417567924e+01 7.605918296836632064e-02 -5.378423933482753050e+00
7.366350054248596280e+01 1.428865576192671349e-01 -6.166686380071746854e+00
7.347811880745945246e+01 1.505131852329461006e-01 -5.967919150423345087e+00
7.360528000827001449e+01 1.340063698878620202e-01 -6.210780601093641273e+00
7.359153607317414014e+01 1.084554963613253431e-01 -6.128498862978399409e+00
7.361618840239121653e+01 1.521789035596557982e-01 -6.129099760425351207e+00
7.320734840767568130e+01 1.472246845739341448e-01 -4.421618916580140279e+00
7.343519421782777101e+01 1.747092905944074570e-01 -5.630444228765264292e+00
6.281493258380805145e+01 6.333814970994247062e-01 -4.105230833183663108e+00
7.386180122976456630e+01 1.080709498630555432e-01 -5.702393819216053927e+00
7.400060210329920096e+01 1.173867539887539779e-01 -5.255261217795597517e+00
7.356201074617314362e+01 1.409637253199367002e-01 -6.131579464624890008e+00
7.364478889233484438e+01 1.581800456666842269e-01 -6.051270275154963407e+00
7.397947208189944490e+01 1.470530943470847729e-01 -5.264618531876096519e+00
7.474801967518791912e+01 8.017847117735550644e-02 -3.203323662600881860e+00
7.364163209007185174e+01 1.271423841579951419e-01 -6.218116217826912262e+00
7.348641842405289992e+01 1.858081892356979736e-01 -5.703092564251643459e+00
7.450114650230250390e+01 8.078616129547358526e-02 -3.635075855192389849e+00
7.374456396657423340e+01 1.646352093358933733e-01 -5.889529152759080510e+00
7.372666031890048544e+01 1.158942114138534346e-01 -6.151845848622757629e+00
7.020088699289647138e+01 2.180422315850529535e-01 -5.072872172231972066e+00
7.383354963423168726e+01 1.730784242332040757e-01 -5.419676796914052019e+00
6.973692906018719384e+01 2.675414216665212286e-01 -5.457183931388373210e+00
7.350569332392043975e+01 1.766934271619945429e-01 -5.788577891160542777e+00
6.930454003471656677e+01 1.818019312581972136e-01 -4.571712233140917903e+00
7.352624916677605427e+01 1.651015015734002556e-01 -5.990896203656616237e+00
7.366069566960887016e+01 1.080020461469516913e-01 -6.148834334940511681e+00
7.358151963826921360e+01 1.534208342773020761e-01 -6.119444858418048305e+00
7.362562747593878498e+01 1.230992157874209875e-01 -6.217272723556577674e+00
7.785776290562822055e+01 1.625931844719738983e-03 -4.293864563546163637e-01
7.348023848442457506e+01 1.157248382490465854e-01 -5.942811722664923302e+00
7.378190510223559784e+01 1.275396071738814641e-01 -6.038143786075775843e+00
7.023655470079145857e+01 2.523407778380654665e-01 -4.719043663902393604e+00
7.364356609069129433e+01 1.474795271250218254e-01 -6.137032524571304215e+00
7.328551905454001769e+01 1.528612909453306579e-01 -5.176742555108345023e+00
6.962669137229931948e+01 2.805272696412659528e-01 -5.282684962812974838e+00
7.174269341281939205e+01 4.124445524166340388e-02 -1.050146147297485733e-01
6.955138210713795388e+01 1.337697868508165300e-01 -4.960616587528922317e+00
7.376478229821684351e+01 1.426068402816549063e-01 -5.951002632518407331e+00
7.504793511340400869e+01 3.234043868343902672e-01 -2.207988373580469510e+00
7.817876246723241707e+01 1.221643289063195498e-01 -2.579190795203406772e+00
7.352649475183751804e+01 1.077419465487313988e-01 -6.030642009185593011e+00
7.354846769877663348e+01 9.911653945161323642e-02 -5.916626936096302636e+00
7.029399353092857439e+01 1.459529822052295367e-01 -4.736575639947337102e+00
7.353953349724326927e+01 1.157229738178154471e-01 -6.097475277533450644e+00
7.357980382772124983e+01 1.240043247789991976e-01 -6.212014639024876494e+00
7.349342081697079720e+01 1.659494671397564736e-01 -5.875881355349433122e+00
7.356276052251921271e+01 1.503975223601418387e-01 -6.092237423621729597e+00
7.353031933844631851e+01 1.312380807966493923e-01 -6.146142463156460067e+00
7.382942464873106303e+01 1.493377830976068132e-01 -5.704658473729339541e+00
7.384653506534235134e+01 1.286876772597022878e-01 -5.867674499805084487e+00
7.356462234381558574e+01 1.360584705247782356e-01 -6.205859033485459086e+00
7.363599860777242156e+01 1.550072113877955238e-01 -6.078671773102802156e+00
7.341014122537833941e+01 1.424840020372039329e-01 -5.790894906719822544e+00
7.364284640653370673e+01 1.141266896711384676e-01 -6.190444616839658742e+00
7.343805068478070552e+01 1.238662142926825055e-01 -5.988843528898716961e+00
7.366415981471675423e+01 1.479023945910504512e-01 -6.135047102156881316e+00
7.332234752392022870e+01 1.352670857764589063e-01 -5.184607191001748383e+00
7.348556464736660132e+01 1.515186061290245967e-01 -5.963257097431058362e+00
7.362455896832038604e+01 1.442346288894536810e-01 -6.157205943953478311e+00
7.369851704696222328e+01 1.426478823042097166e-01 -6.086666325585464499e+00
7.349756978222626458e+01 1.736675900418615248e-01 -5.814731310118717467e+00
7.379275636217269607e+01 1.328368797300323589e-01 -6.016617643027618811e+00
7.383854815030662166e+01 1.426651364821892309e-01 -5.769335987101805507e+00
7.359671402839093446e+01 8.674539862474713037e-02 -5.773611433840133422e+00
7.366194693544125016e+01 1.375140756403182285e-01 -6.193036559086555926e+00
7.360793232448945389e+01 1.082465781391384052e-01 -6.125996010331777875e+00
7.377061780133914226e+01 1.091424057049666385e-01 -6.026075775174709825e+00
7.347036590191589767e+01 1.589949831796519664e-01 -5.923023242891709117e+00
7.375037838497068776e+01 1.248922109684991455e-01 -6.043800911407887888e+00
7.368747956918764430e+01 1.411449874644846447e-01 -6.095892497419640677e+00
7.352828846047539457e+01 1.409504995135504590e-01 -6.131851589885198628e+00
7.350966522506101342e+01 1.133687033379232184e-01 -6.082229312110813524e+00
7.377399018750305970e+01 1.104845651064507717e-01 -6.032516793993731419e+00
7.360699725688064632e+01 1.402647920472715470e-01 -6.192901515019753944e+00
7.355756428650150269e+01 1.655847067671972761e-01 -5.987511763934176834e+00
7.371580823595466825e+01 1.557900094323821927e-01 -5.978896049731618589e+00
7.340206911158995240e+01 1.204417760812321464e-01 -5.752440129328086016e+00
7.356518572851580018e+01 1.313740587339453925e-01 -6.214452500404997970e+00
7.361839767419405689e+01 1.213531989122714760e-01 -6.214870094669947775e+00
7.358012981971552335e+01 1.429641748548492186e-01 -6.181146884935399655e+00
7.353846573069681369e+01 1.220397193278202064e-01 -6.129314701440242708e+00
7.366749444083855280e+01 1.528540482254263366e-01 -6.098108708499956343e+00
7.385794833552857597e+01 1.336319846833560754e-01 -5.840493279761284739e+00
7.372602804666088616e+01 9.492242077099265207e-02 -5.963463984826737452e+00
7.356830587221945450e+01 1.453892380931982031e-01 -6.168972974680288601e+00
7.347492083516338823e+01 1.460340135637425707e-01 -5.985335890826422478e+00
7.371807789957365742e+01 1.417538864675660926e-01 -6.093739891076521253e+00
7.359524938783997072e+01 1.014539219535585124e-01 -6.048835367796697504e+00
7.374649984639646050e+01 1.175618626454962012e-01 -6.049485437654698039e+00
7.373507439920942375e+01 1.357779878420468100e-01 -6.128534494813551170e+00
7.366971561036493199e+01 1.301754768161474118e-01 -6.215090304906630614e+00
7.362790331977349467e+01 1.437715605030856769e-01 -6.160125254516627180e+00
7.359946085463451482e+01 1.513226448765715437e-01 -6.134382872713874946e+00
7.371652370424602907e+01 1.396829651240003300e-01 -6.106542926448318198e+00
7.373701233032107893e+01 1.281773015080186762e-01 -6.155615521402502566e+00
7.370084598731658332e+01 1.439072762609128475e-01 -6.078086597375197186e+00
7.359185224481436194e+01 1.189955513724729186e-01 -6.197536106396894340e+00
7.361456635550231908e+01 1.311610282223898138e-01 -6.214810776212560839e+00
7.369778454850620619e+01 1.089430844680666505e-01 -6.118357150325912208e+00
7.378474509020851713e+01 1.147465784018193713e-01 -6.046762570179814666e+00
7.367621387468069827e+01 1.415629498118407270e-01 -6.174416210805504512e+00
7.369473283726411239e+01 1.208932129176747278e-01 -6.160186842737647162e+00
7.360853806803953603e+01 1.187264258889508262e-01 -6.196173359094978572e+00
7.373393378372186646e+01 1.314503035869255820e-01 -6.146275926934937850e+00
7.364901489747370533e+01 1.335962382906835111e-01 -6.206547979192128750e+00
7.375478232982392512e+01 1.205424894925701679e-01 -6.050255358970363595e+00
7.357560986144338244e+01 1.354404009678329135e-01 -6.207492339549562033e+00
7.363002988689422068e+01 1.285172370251592144e-01 -6.216645859889934123e+00
7.371994150227621390e+01 1.369110371001902859e-01 -6.122122096182287976e+00
7.360297242690782582e+01 1.259252977674636675e-01 -6.214565866986153431e+00
7.366617983824988869e+01 1.192494532907141941e-01 -6.210559145026282479e+00
7.375788132619862836e+01 1.169295163796936904e-01 -6.049345498517238795e+00
7.350252837149604090e+01 1.308355835715011850e-01 -6.146611750101984128e+00
7.367332269815467782e+01 1.323717574615204118e-01 -6.210525809516999729e+00
7.355579228838503525e+01 1.175287799972912772e-01 -6.191846796872136238e+00
7.357970031385886500e+01 1.037786015943612528e-01 -6.079203589634193605e+00
7.366015922939929794e+01 1.289246097925966505e-01 -6.216765227239846148e+00
7.367721442172089041e+01 1.149482942592449375e-01 -6.147868597190862872e+00
7.361933896159597168e+01 1.266003228259997559e-01 -6.218016186880550578e+00
7.363299095689468743e+01 1.330626760628936811e-01 -6.207632673441878524e+00
7.360524145179201128e+01 1.334140839332572659e-01 -6.211835508891203617e+00
7.354738315295197992e+01 1.245334069980169461e-01 -6.136848422373255119e+00
7.360562707326525356e+01 1.128585231943177170e-01 -6.163787032644829189e+00
7.358128618396287379e+01 1.203092590076556834e-01 -6.202519186739526624e+00
7.364685266994851531e+01 1.312333337323328131e-01 -6.212508827360053054e+00
7.358410014289202650e+01 1.325735854475307007e-01 -6.213032305806787114e+00
7.369206668433704976e+01 1.187631004980223698e-01 -6.157707193986080796e+00
7.358776602479086648e+01 1.168541569853072809e-01 -6.188024621356342792e+00
7.368280820279109378e+01 1.199995677284099033e-01 -6.159101383502532556e+00
7.366937133429800610e+01 1.242209180631847210e-01 -6.218683267050198360e+00
7.355987537385142616e+01 1.205068720010579464e-01 -6.203459269165425560e+00
7.369657124798931136e+01 1.327534129694325216e-01 -6.139813163374893357e+00
7.358880847235150213e+01 1.294368776461725656e-01 -6.215838990944578590e+00
7.368762690975425755e+01 1.319203039721234538e-01 -6.142535027549302029e+00
7.358224686072493625e+01 1.259633229180336100e-01 -6.214706982605421537e+00
7.365008210223344065e+01 1.217478089131171642e-01 -6.215818056210698828e+00
7.362126796548992047e+01 1.296659925041688532e-01 -6.214857959402421805e+00
7.364047608669993394e+01 1.252304842611585978e-01 -6.218612418345931481e+00
7.363421095180761711e+01 1.157710029228734006e-01 -6.198251397602874135e+00
7.361533662280756118e+01 1.218774421594022439e-01 -6.206878539392799432e+00
7.364973472762859785e+01 1.243580242021735671e-01 -6.218490503586195928e+00
7.357503464142682503e+01 1.290925532296013090e-01 -6.215928619788535059e+00
7.364074074168104289e+01 1.208669132001397029e-01 -6.214174136251832792e+00
6.663920122118507550e+01 2.037924277618592128e-01 -2.509680572280640565e+00
7.333431831637622622e+01 6.720881629547120761e-01 -1.708040959514937729e+00
6.187313992158916420e+01 5.291987620176406004e-01 -1.728686192592973958e+00
6.791157807009086866e+01 1.344794926271734303e-01 -3.123510017313935183e-01
7.280107975706860657e+01 4.954840619376542077e-01 -1.043988613441854119e+00
6.833422334385994645e+01 3.587327519798382269e-01 -9.487970639328190403e-01
7.350959616504022165e+01 6.410517664940497407e-02 -4.882565487537961602e+00
7.568307393906053449e+01 1.862710682077431679e-01 -2.760854599375064389e+00
5.927597839139498603e+01 2.767646693093494831e-03 -2.840668790411356781e+00
8.076565268393312635e+01 4.132783237783531627e-01 -1.892338480354751606e-01
6.292137702131260824e+01 2.907664099246886069e-01 -3.377901099078955305e+00
8.315113862820717827e+01 1.134109020337702306e-01 -1.319516660284383747e+00
6.702717638410591405e+01 1.790400494274170529e-01 -1.770328572722095872e+00
7.131571837189054008e+01 5.163010267635578243e-01 -6.859728643749759547e-01
7.201655646163587221e+01 3.674447032143071667e-01 -1.087441340658365681e-02
8.117888923321238792e+01 3.403485520094556849e-01 -1.894456430922850376e-01
6.632525541407065361e+01 3.296784550586957518e-01 -3.030792663493747430e+00
6.112472103594203077e+01 4.992960369388879105e-01 -9.478038167723951135e-01
7.888379101723462838e+01 4.412043448512150134e-01 -1.095458442192956960e+00
7.823866338276567944e+01 7.394665063990284448e-01 -2.182481219803010242e-01
7.946816128879089547e+01 7.164042411463849014e-01 -3.896763202198314513e-01
8.301358110690425463e+01 3.935613621962044117e-01 -1.730284185152825838e-01
8.150318657048829607e+01 1.964625867258113778e-01 -2.482935004290544312e-01
6.144738227988859336e+01 4.651524746993610515e-01 -1.125112903043184120e+00
7.989621595940550947e+01 6.033047020643926839e-01 -3.528435176871185242e-01
6.995139527875130625e+01 3.903931698096079206e-01 -4.787540262052916162e+00
6.328324339670298571e+01 2.809690909437191908e-01 -1.857580511582729743e+00
8.340601752564688809e+01 6.124170008187165282e-01 -9.875002353692546864e-02
6.498664182863115002e+01 3.797929789832865666e-01 -2.579214179980197752e+00
6.578341549032660396e+01 3.064072235596465021e-01 -4.457545734940782545e+00
8.558683951240273302e+01 4.000181423412021431e-01 -3.866085888447978736e-01
7.629220455357287278e+01 1.106714181780837497e-01 -5.377025702022978360e-01
8.672333075875434361e+01 7.511345870302954530e-01 -1.723157576864109142e-01
6.165433461211523536e+01 5.717378716909378156e-01 -1.324243613858330226e+00
6.952334975481109325e+01 7.685584569175876180e-01 -3.227316712355896122e+00
8.791420830469890291e+01 1.440279915387329968e-01 -2.454684937843561177e-01
8.467162424283628752e+01 5.441757866454811632e-01 -1.547318530043652607e-01
6.395411822320005513e+01 3.047056324493537319e-02 -1.159008924900685467e-02
7.732329832165549988e+01 5.458023271356268746e-02 -8.354291889275597960e-01
8.741085060754780045e+01 4.483310017234302669e-01 -1.383909065537619332e-01
8.585490051757008700e+01 6.178735502424586024e-01 -2.496360419927130814e-01
6.849033972673987591e+01 3.710762735670252166e-01 -1.289716543831451734e+00
8.764985762088100785e+01 7.972130815768257994e-01 -7.740325841024875420e-02
5.904598417632701057e+01 4.247254777999088238e-01 -3.608920378172996379e+00
8.837714723569115449e+01 4.844813673224133144e-01 -2.381454551954616944e-02
6.568010528407333481e+01 2.410028567356857221e-01 -4.325823772923507171e+00
6.029151940284891964e+01 6.525262609517241685e-01 -7.532340075273215030e-01
8.391541570920914239e+01 3.490955417198378097e-01 -2.708054610578979893e-01
7.055366965895102283e+01 7.906632190247555592e-01 -1.650301213858889726e+00
8.259332502671472298e+01 1.742004345766512141e-01 -3.263352320982711996e-01
7.866169398002911350e+01 1.492753984253023664e-02 -1.849901445647086584e+00
6.913655858645677199e+01 2.294168023977356530e-01 -3.817352660577653101e+00
8.487217211917513282e+01 5.883238199067764018e-01 -2.901920260084994707e-01
7.243686343746398393e+01 2.585724153156486738e-01 -5.342466718717346907e-01
5.960741953774557089e+01 5.566399298874724622e-01 -2.609733453417599325e+00
6.457285196441641517e+01 8.666709496992131001e-02 -6.341061085369068540e-01
6.228676987642820961e+01 7.222803465629600295e-01 -4.297533700943819035e+00
8.194349407934227258e+01 7.550629964622882495e-01 -3.306085389196613405e-02
7.783545756761743917e+01 2.223235494244006627e-01 -1.006186627888908447e+00
7.641662694727398275e+01 5.638012189672295671e-01 -8.513967109999345806e-02
8.703506323082554275e+01 6.406939791365576786e-01 -1.259120539022822449e-01
7.486456066030288525e+01 1.367892547391999780e-01 -3.317559433997709473e+00
6.511965061019556344e+01 6.330180248820679312e-01 -3.113349669576762402e+00
6.969351784136053141e+01 2.732471561286615724e-01 -5.382304299938216019e+00
7.384532786282670713e+01 6.890128714655086029e-01 -1.304868823985977366e+00
7.969739997873612936e+01 4.790553725584866251e-01 -7.405093304879524219e-01
7.274505772216841137e+01 5.770759926645442350e-01 -8.015145214871954860e-01
6.764738720547869377e+01 7.345970789562197290e-01 -2.590295606018572783e-01
6.340458013547615934e+01 1.006767554477188686e-01 -8.766539434392649488e-01
6.267069666885569035e+01 5.949661623649180608e-01 -4.807226766724352451e+00
7.691955014810358193e+01 3.015492310144524124e-01 -2.492803050514403110e-02
8.638415251697895769e+01 5.373893899322761403e-01 -2.286860374128305007e-01
6.893556730816951017e+01 3.818978589285362130e-02 -1.744091018382120772e+00
7.686683467494428612e+01 5.106870314389972965e-01 -1.142568516242489611e-02
7.181150122186770091e+01 2.344323007444922835e-01 -2.063344064669231648e-01
6.726312514685294275e+01 1.776802971803923339e-02 -1.885891760939670536e-01
7.089007352422370900e+01 6.276809854432292557e-01 -1.097325091114041973e+00
8.515180762064773035e+01 6.630744580095919716e-01 -3.980783821534641387e-01
7.403088348757363235e+01 4.617427795708812788e-01 -1.782013109682444529e+00
6.042228753163714572e+01 1.522104885424615528e-01 -2.124715673117828496e-01
8.163148143517614130e+01 6.840348028914262635e-01 -2.654024770990939461e-02
8.626426526551549046e+01 7.048606958056372607e-01 -2.144702143424321861e-01
8.446166633188762773e+01 7.465686684766729975e-02 -3.211127736056988091e+00
8.420210066751940303e+01 7.000147065967107229e-01 -7.097628519696312643e-02
7.016636178346544739e+01 4.183829077031764321e-01 -4.180326046823435782e+00
6.006656117429947273e+01 4.322755337555251320e-01 -1.233167750835477028e+00
7.433136162347196318e+01 7.677026901967494155e-01 -6.675104610178831388e-01
8.235633510464276696e+01 3.167725408993484204e-01 -2.739197388043542736e-01
8.021288120276183520e+01 2.675032243050940450e-01 -1.311558701702803198e+00
7.476609776082221970e+01 5.676137328890069889e-02 -2.593561455496393719e+00
8.051886191014881433e+01 6.667743191016406445e-01 -5.444980262004266158e-02
7.121882030119834894e+01 4.772528739649209428e-02 -6.872311092693800250e-01
7.753367773630003512e+01 9.233284768186704461e-02 -1.386604351097757482e+00
7.598396531584015179e+01 7.795558121939714091e-01 -2.675292423567355860e-01
6.431619543591010313e+01 5.220520420809421358e-01 -1.078706376099325681e-01
6.370686800379623094e+01 3.201776173388721780e-01 -3.472749958834327466e-01
7.531663778677221899e+01 1.626561243660450129e-01 -3.539816267937027305e+00
6.627916480900962881e+01 2.131292825054474926e-01 -3.109899850432702895e+00
6.070341437481096847e+01 2.494215040266485328e-01 -2.347037051095549401e-02
7.907842759150027234e+01 1.206474979794899816e-01 -4.852966397656934383e+00
7.434524439999090362e+01 5.136528706434954072e-01 -1.153406096929383118e+00
7.881867140912618197e+01 1.561287127131364416e-01 -3.886084592162556195e+00
6.638434539943733625e+01 5.402001644869496300e-01 -2.739892020403119854e+00
7.197029012654924429e+01 1.537005759320958509e-01 -2.085720160647840798e-02
6.784733449368383162e+01 4.578999329079130876e-01 -3.309614737347029156e-01
6.423927635035218486e+01 4.168672585820946686e-01 -6.951108370378387968e-02
6.017092570583807998e+01 3.491148869577824221e-01 -8.997165254060064399e-01
7.354915542391916006e+01 1.259699328319801304e-01 -6.140160646309313464e+00
6.945613218239719799e+01 2.624761674992081573e-01 -4.861112992639750274e+00
7.399950435664081283e+01 1.666657760050070380e-01 -4.750207876202733104e+00
7.232539569557886239e+01 1.154531475016693370e-01 -5.418114344652423808e-01
7.733079257737432499e+01 4.303652792995906751e-01 -4.678232971645317900e-02
6.221260172831957647e+01 3.355831526391785946e-01 -3.148163116274428575e+00
7.369588961305484531e+01 1.225413511837746133e-01 -6.160715072540205561e+00
6.657158609353778900e+01 5.859170732875123022e-01 -2.399169243315712574e+00
7.373261202347360665e+01 1.373342540868175143e-01 -6.120581504544001739e+00
7.348231346977561884e+01 1.146899415775129855e-01 -5.935012233703265139e+00
6.886479752943469634e+01 3.121840341000842178e-01 -2.547742343768204965e+00
6.809350648012247120e+01 4.980325806539857014e-01 -4.697099642415568099e-01
7.163537271127921713e+01 4.208318476670933617e-01 -3.827807210447061181e-01
6.447162529201760606e+01 6.397021953024589758e-01 -4.577495869046770971e-01
6.787407414411190132e+01 3.010593703561404433e-01 -3.609538087684998620e-01
7.355136565530725079e+01 1.052110645863313654e-01 -6.096894155547539107e+00
7.367305782948869819e+01 1.672475099191953751e-01 -5.964047912571721177e+00
7.281141705828974864e+01 1.571590774555269021e-02 -7.403672212187834001e-01
6.533444882075995963e+01 3.223051074843300556e-01 -3.843503426912178167e+00
7.056222143717907613e+01 3.301613099778697435e-01 -2.873433703894868962e+00
6.668620516237257334e+01 4.353578266574176792e-01 -2.417197423570525139e+00
7.385550427285278374e+01 9.387261391912032904e-02 -5.602275905362129826e+00
6.987179385699737111e+01 3.229467549894047274e-01 -5.208456876869634655e+00
7.381598180286104594e+01 1.104247786775899298e-01 -5.888832463877210266e+00
7.364317273826982557e+01 1.560570653332106483e-01 -6.070028205077708350e+00
7.384415239190151681e+01 1.660020666586660698e-01 -5.513199383293491351e+00
7.372232209817728688e+01 1.272478109205690822e-01 -6.156963419152819306e+00
6.997964984373254538e+01 3.540341685913708791e-01 -4.922873515023674429e+00
7.006796625528987477e+01 2.401741386825353985e-01 -5.306696055820806279e+00
7.366091742014337740e+01 1.015283573664565175e-01 -6.081339449971134847e+00
7.356310377560176050e+01 1.054205878214650449e-01 -6.098759539618181513e+00
7.375706185284845162e+01 1.266517690763067916e-01 -6.039507416039099574e+00
7.369821359695376373e+01 1.089226149536178245e-01 -6.118225264442613387e+00
7.372833422518679924e+01 1.349382291455973049e-01 -6.132117445104057651e+00
7.367924905689049808e+01 1.167457894278272623e-01 -6.153241372746120597e+00
7.357151720306946174e+01 1.362913579313322632e-01 -6.205315322914656484e+00
7.045218552070747364e+01 2.940249394965938068e-01 -3.547341759103290304e+00
6.599372565284312486e+01 3.792132417953958945e-01 -3.975406746340871766e+00
7.114464834031610962e+01 3.501187486728631337e-01 -1.100171720683735810e+00
7.024291492575800078e+01 4.844300586747039006e-01 -3.506754860364942328e+00
7.340911817762105329e+01 1.398765878591932688e-01 -5.794116123962874454e+00
6.679175288651407527e+01 2.570625322268135782e-01 -2.394979074092447480e+00
7.354367916680013195e+01 1.313432312615987474e-01 -6.145899668399953164e+00
7.343886937339789256e+01 1.335283733446560317e-01 -5.792052445428254259e+00
7.396167968615218058e+01 3.462928440698455623e-01 -2.758425653827242474e+00
7.351961747125444901e+01 1.198724493039298178e-01 -6.121079508039534822e+00
7.358765879237382990e+01 1.309812574198266355e-01 -6.214902756709856924e+00
7.360694297558499954e+01 1.252814679750219040e-01 -6.213791651956707796e+00
6.991850663100680663e+01 1.656373709657999183e-01 -5.603376959248793199e+00
7.360879468414645999e+01 1.421232939360282110e-01 -6.185391930547098127e+00
7.370965968876521401e+01 1.290539106374741785e-01 -6.152404935050908463e+00
7.284325206447174139e+01 1.911407355337195191e-01 -2.121193169733974759e+00
7.361544091248195798e+01 1.111658512085211686e-01 -6.173170590331048757e+00
7.369668610372299611e+01 1.200428621059975304e-01 -6.159521253107810068e+00
7.362333036864554003e+01 1.490272604853331850e-01 -6.149604209358799700e+00
7.373140292272933038e+01 1.454756679933343066e-01 -6.068578808179560191e+00
7.441309094830637605e+01 2.755582518243802070e-01 -2.322676645260719930e+00
7.434413837930753743e+01 3.347364754568626366e-01 -1.961730638355069445e+00
7.357780569100336265e+01 1.181901966904553292e-01 -6.194419205554551056e+00
7.457733776333235198e+01 2.997788376781170827e-01 -2.037209581358444765e+00
7.029171573993858146e+01 6.298299231147106055e-03 -5.336402666174416831e-01
7.353673093445445375e+01 1.327030136282700001e-01 -6.145801852339389804e+00
7.366829130825342986e+01 1.161733019632032876e-01 -6.199955748763022356e+00
7.364667035768391656e+01 1.398949998221029056e-01 -6.181787893385532584e+00
7.451088060151273851e+01 2.571304592239631037e-01 -2.358806831115114022e+00
7.518354446509533773e+01 3.015131240130488818e-02 -1.120460759517623917e+00
7.372394027995613897e+01 1.269562217963759176e-01 -6.157562868238699139e+00
7.382859054251119346e+01 2.480879193725274434e-01 -4.343855915043533855e+00
7.364179478171328697e+01 1.316828343232996079e-01 -6.211383396083510533e+00
7.365064022558227919e+01 1.258552294946293781e-01 -6.218767365699357619e+00
7.350968398230565981e+01 1.343138792783887259e-01 -6.145128929678518759e+00
7.358971140084365459e+01 1.467687135271328047e-01 -6.161975927886190085e+00
7.352819711315331119e+01 1.183439964457803639e-01 -6.113281447284050429e+00
7.363686835970636935e+01 1.392631475659895923e-01 -6.184453225665289544e+00
7.372504557083057364e+01 1.120679268136251239e-01 -6.136631443880512293e+00
7.359131791048483251e+01 1.285037397638167933e-01 -6.215972413040824485e+00
7.368994677444906927e+01 1.092682866737813008e-01 -6.120407031421760458e+00
7.362870990830516860e+01 1.414614353037032535e-01 -6.173169393465903987e+00
7.374441561399453349e+01 1.206431882921332605e-01 -6.049717114098925208e+00
7.373560941242800482e+01 1.333136902342542118e-01 -6.139429593452208067e+00
7.367593870793265864e+01 1.151422153241713486e-01 -6.148494244335491743e+00
7.358323566441491437e+01 1.412105402053396852e-01 -6.188816649867566078e+00
7.360935418091935389e+01 1.216621484682425536e-01 -6.206350332116637780e+00
7.358563820309436210e+01 1.193177642616821132e-01 -6.198890101736473035e+00
7.354947392873631884e+01 1.157800790281517944e-01 -6.097429384465710811e+00
7.354553271062877684e+01 1.221752296728481624e-01 -6.129578583931947655e+00
7.379287533776641794e+01 1.427868539382127488e-01 -5.951758971357424599e+00
7.371108258543668512e+01 1.482323033412075997e-01 -6.045830075633824130e+00
7.365480351768339062e+01 1.415626793566657216e-01 -6.173615683991491743e+00
7.353167561446795730e+01 1.114844036144075068e-01 -6.065998146908706090e+00
7.356843708761211076e+01 1.327118349978126388e-01 -6.212754647592352519e+00
7.368745935949955594e+01 1.431578303217986570e-01 -6.082521177541416968e+00
7.353026370144939960e+01 1.376393846203187166e-01 -6.139969578093994684e+00
7.365832596831387491e+01 1.282614056439217165e-01 -6.217495560762419160e+00
7.372971495449287715e+01 1.353464842100980392e-01 -6.130306846420626066e+00
7.365252603892304251e+01 1.233414918472703348e-01 -6.217824095633424974e+00
7.355502076706632408e+01 1.754258393634684499e-01 -5.898876176246975689e+00
7.372790083660193261e+01 1.177516776920368158e-01 -6.156665496269808635e+00
7.363673761428898956e+01 1.268244438665637464e-01 -6.218214513621134643e+00
7.368420163906486664e+01 1.256531982142543302e-01 -6.158125651847267790e+00
7.364430961226061356e+01 1.307213563379694687e-01 -6.213498545544660523e+00
7.363984250175654722e+01 1.234624704410037382e-01 -6.217773273181566474e+00
7.369761636543178440e+01 1.274506816193405612e-01 -6.155608705809658687e+00
7.360917295342385103e+01 1.201050971428333364e-01 -6.201427786967104616e+00
7.360666717135545412e+01 1.229837621446023821e-01 -6.209725098941145660e+00
7.363194492293246185e+01 1.282990752619461716e-01 -6.216931241403139019e+00
7.362271061542342920e+01 1.289734209856522040e-01 -6.215917365689613838e+00
7.369968848255429350e+01 1.171675171797177256e-01 -6.154719006835827066e+00
7.372535620328648065e+01 1.148501592325791160e-01 -6.148401328075040695e+00
7.368089053346727724e+01 1.363091703029406243e-01 -6.123158582080806767e+00
7.362642778013453437e+01 1.333083251456158302e-01 -6.206763170430451559e+00
7.365204963191150966e+01 1.325624496124988005e-01 -6.209487378185638562e+00
7.367899789695927382e+01 1.232150059228437344e-01 -6.160035281123966477e+00
7.366586042463103468e+01 1.305933138291512086e-01 -6.214247959626957751e+00
7.359066070192632480e+01 1.250759611590618048e-01 -6.213619397568343139e+00
7.369578769018544051e+01 1.228686769255211142e-01 -6.160671575980970260e+00
7.366878311265597290e+01 1.195309605031862621e-01 -6.211324618680838405e+00
7.366691262534452278e+01 1.335578184626530773e-01 -6.207147841761408991e+00
8.277822102912554669e+01 2.991327397009692635e-01 -2.344781327901780676e-01
7.238077305264053507e+01 3.086538061278928380e-01 -3.541769051012224612e-01
6.213262511671075572e+01 5.510730768929706924e-01 -2.987048910291341119e+00
8.042738025445932237e+01 2.528572601604602288e-01 -1.050504472678625234e+00
8.765172341404671386e+01 5.569442237361055259e-01 -8.287975479066808648e-02
6.031297191783181688e+01 1.003787423805573009e-02 -1.257901392626003645e+00
7.418856444610190692e+01 1.852849608284874716e-01 -3.754386545745907355e+00
7.559751557992552762e+01 3.874195254824828322e-03 -5.446128483578738244e-02
5.923265774328097422e+01 8.185787393652926847e-02 -7.352200738845030559e-01
7.387445311819986671e+01 1.992228500562623350e-01 -5.055677354174997085e+00
7.118778676082726520e+01 5.057564335017527418e-02 -7.780510086962522109e-01
7.992360395518946348e+01 5.336575613155626341e-01 -4.702195683971925333e-01
6.566445713741516954e+01 2.279719073588461903e-02 -9.670246455488856752e-01
8.094226218260193662e+01 6.661102050069946101e-02 -1.403630410357890490e+00
7.841982842757265360e+01 2.795117869953159806e-01 -1.453465358573835298e+00
7.894220752235798955e+01 6.160720383590163607e-01 -6.629382528093695770e-01
6.875135999219750715e+01 4.335086232752219937e-01 -1.858099295144399532e+00
8.705586836695233899e+01 1.740107375800541423e-01 -9.844921366654895145e-01
7.623155417004628021e+01 4.403579857203503423e-01 -2.908342725028707498e-01
6.993748987055556654e+01 2.747699456901081180e-02 -9.351418416662098387e-01
6.609285963223940996e+01 6.413390145780780704e-01 -3.463156387781955114e+00
6.520459734529516993e+01 2.576591500956674774e-01 -3.159845120978200583e+00
6.579589057368458782e+01 3.476931118737143778e-01 -4.520515273601329653e+00
6.126872255313356419e+01 7.318910040521333649e-01 -1.182329501386133686e+00
5.966963310315875901e+01 5.361351430678052976e-01 -2.440661266093797632e+00
6.677891375930956031e+01 3.941237122075256227e-01 -2.331946598602030907e+00
7.486382354196932454e+01 5.796610534407976578e-01 -1.144857998253764109e+00
8.727178209350982740e+01 1.286165709398703338e-01 -1.178318716804751976e+00
7.644739484766886051e+01 7.127969434593932618e-01 -4.607060614153209860e-02
6.258503525674045420e+01 7.583925634003518823e-01 -5.028240732940365554e+00
8.244393182423496569e+01 6.300738850628370136e-01 -1.548764692310398705e-01
7.186796795341021493e+01 4.053137203438547664e-01 -1.263859942268541758e-01
6.938591433801408925e+01 6.561277674817103112e-01 -3.330618398721291840e+00
8.160535603436306928e+01 6.354714826965577323e-01 -2.931120496788754831e-02
8.608475942898715516e+01 7.851317534304369516e-01 -2.096228586959894835e-01
7.809073398537914557e+01 6.966445517252708441e-01 -2.125499813562589102e-01
8.652571489157708129e+01 6.554122548176817276e-01 -1.903444130843172100e-01
7.718364597955020656e+01 1.416642024588812832e-01 -3.888396578691712957e-01
8.166500053668174530e+01 5.045509901546233467e-01 -4.167731034102274690e-02
6.368010686048986457e+01 3.397758908094507257e-02 -2.364238071306537237e-01
6.858585142299598658e+01 5.132919624008513981e-01 -1.295274189387850328e+00
6.496938219274994708e+01 4.265525592996733950e-01 -2.397061167367661838e+00
8.536431834484062620e+01 7.377680359212848149e-01 -3.945890813424852706e-01
6.656892337373821533e+01 5.752128307628988635e-01 -2.408807957161644087e+00
7.722597676917763465e+01 4.148431032074769154e-01 -2.638432233563949361e-02
7.791262942251431411e+01 3.327845356731053417e-01 -5.626331461717655191e-01
8.324950611197274952e+01 3.274582017233960141e-01 -4.599161567713743182e-01
7.327108527201949073e+01 2.111317606676550995e-01 -4.487248189581293012e+00
6.004836241815419129e+01 5.609942159471067447e-01 -1.515979097766816608e+00
8.198505808974519482e+01 2.701663055081944265e-01 -1.378673327749466437e-01
8.065236453270918560e+01 4.608912902424797675e-01 -1.663028240561008619e-01
6.070175360431910150e+01 4.926813275587763608e-01 -3.030925178227054234e-02
6.729548137654919060e+01 1.648048036791761595e-01 -8.036437263797168162e-01
6.342562711374199580e+01 1.013368301705081659e-01 -8.805280211859745076e-01
6.695867167370084871e+01 4.974026061075978444e-01 -1.851835446128011542e+00
8.434004684473421776e+01 5.207511138091195368e-01 -5.779900661997010997e-02
7.024654036155170900e+01 6.853584301531817635e-01 -2.801955624484764318e+00
8.691311810444780406e+01 4.841441959513657078e-01 -1.655327461307230241e-01
8.391179763144560866e+01 2.264856106900241528e-01 -9.166317579879541544e-01
7.929436642297081050e+01 3.854580524059812441e-01 -1.342308280954386035e+00
7.297678292498126496e+01 7.110214013315898640e-01 -9.878227373738398542e-01
8.825368081127730591e+01 5.878711363571187398e-01 -1.421042112676843688e-02
7.529569971783969606e+01 4.544763264307007944e-01 -1.670851935198307103e+00
6.436639987838859156e+01 6.651972268595491844e-01 -1.627771514993085755e-01
7.154546915712140276e+01 5.945175034096050748e-01 -4.413061759673701512e-01
7.059730012313748659e+01 2.008317000540403852e-01 -3.258410865544807411e+00
8.344664090734600848e+01 4.231030327351283926e-01 -2.767996721970620855e-01
8.556696939039950678e+01 3.415315360386889099e-01 -4.608390190151303578e-01
6.149692314518370040e+01 1.065386222930580634e-01 -6.523896847849274261e-01
6.395515410154475688e+01 1.203313064578728081e-01 -3.931287510847240874e-02
6.324482299527876705e+01 6.380950646733553333e-02 -8.140518961619628291e-01
6.453399996242947623e+01 3.120413702725532423e-01 -5.792289223215869587e-01
8.281542546459043308e+01 6.002009881938266123e-01 -6.730671273068404570e-02
8.794880322532026184e+01 7.279821134901997004e-01 -3.698097199376988720e-02
6.774084430724037986e+01 6.143073529396367860e-01 -2.811073477943700771e-01
8.589377243089208491e+01 9.571840712600175605e-02 -2.843389077773605500e+00
6.912944386759964743e+01 1.774272037254162604e-01 -3.842763805062164639e+00
7.476242150461182234e+01 6.752195101944682420e-01 -9.121481696438205056e-01
6.180024710448010694e+01 7.939455413125186267e-02 -6.694402885555371663e-01
7.766053848731306175e+01 4.663933515598378543e-01 -1.539280278995948381e-01
7.208632180772183062e+01 1.536014032561400511e-01 -2.327857327237352683e-02
7.358790240566843011e+01 3.706881603638567668e-01 -3.627589905109894541e+00
6.961991611070423858e+01 2.369873756843709767e-01 -5.312201564905771001e+00
8.457877864518087563e+01 2.931061492986487549e-01 -3.189408476011332261e-01
6.819954507218194806e+01 3.807464303779615200e-01 -6.467507289634425449e-01
6.803889130051747713e+01 1.129982304226520018e-01 -5.011920909382520106e-01
7.976420954328619928e+01 2.466789719923490609e-01 -2.419518921115625165e+00
6.046877581768227827e+01 7.725507473385371249e-01 -4.240147564962161719e-01
7.672331351688274026e+01 7.510393328260202006e-01 -2.365327278049742313e-02
6.278702664704319858e+01 7.670168550254850004e-01 -4.340953779969877857e+00
7.592558820323749558e+01 4.741747709769629227e-01 -8.060399276570222593e-01
7.434118448258848844e+01 1.461174007980874101e-01 -3.859887064752133945e+00
7.090586124161279713e+01 2.235671148430653510e-01 -2.003775272109911132e+00
6.220998467097628293e+01 7.921331464355808594e-01 -3.719288359764692853e+00
8.423206979169232511e+01 6.959814439572507005e-01 -7.000929560230786941e-02
7.260822049049473037e+01 4.116803427601786747e-02 -1.074982666132674236e+00
8.500999598006148972e+01 3.590716180130300583e-01 -3.195223075604105567e-01
5.898996214401027771e+01 3.662072177326047839e-01 -3.322458398663116874e+00
8.112894499694918693e+01 2.801006440751392934e-01 -3.122529655242844981e-01
7.910095440611402751e+01 7.796962433633644052e-01 -4.774221053362189826e-01
