8.189958233815320909e+01 2.392213675999121103e-01 -2.037020183538269968e+00
8.251270801362419149e+01 2.853930555920184964e-01 -2.094985585286342822e+00
8.701217394036233088e+01 1.325480603999156237e-01 -1.994064878790054252e+01
8.994188344687719905e+01 5.166541575630235750e-01 -6.854307232810732842e+00
7.688260662572690762e+01 6.687993367771519759e-01 -1.856918328054170675e-01
8.063731152630445820e+01 5.396098351106969337e-01 -1.197092265596326532e+00
7.629027088641410614e+01 3.345702139906929773e-01 -9.617977504654794119e-02
7.937264098858052819e+01 4.057847082432168850e-01 -9.014456390611751413e-01
8.570476037433127203e+01 4.938231422654933422e-01 -5.157322370043499582e+00
1.012536181325433517e+02 5.858756853299694756e-01 -1.739837704012809683e+00
8.106671067586424329e+01 9.506513672186657493e-02 -8.468355343877463914e-01
9.195098196001255531e+01 1.109765451389720936e-01 -1.496863284880721601e+01
9.224086605614630230e+01 3.977333718940562202e-01 -5.035959077644221793e+00
9.327625023394067227e+01 5.273447382263661831e-01 -1.949483477689931021e+00
9.401953067349980131e+01 3.718101850188195723e-01 -2.675106044395947791e+00
1.061595345493313687e+02 7.325265224713810308e-02 -4.813697792373073381e-01
9.516694369295429112e+01 7.018209856317412232e-01 -1.172668671365750814e+00
8.957783423642496246e+01 6.477449095343332242e-02 -2.138841849991777266e+01
9.093026427371509612e+01 2.518979858370326563e-02 -1.012267312267882247e+01
9.989966263724727469e+01 6.814049945911228034e-01 -1.865827701251796089e+00
1.010854069815890171e+02 7.734442768845452010e-01 -2.213015555619075592e+00
9.697964450631801014e+01 2.531429707827121955e-01 -8.339626618246099854e-01
9.290999162021471136e+01 5.040594716420447874e-01 -2.610227868225080350e+00
1.029046772146137698e+02 9.689848890353701394e-02 -7.818428008511157934e-01
7.843479749824906833e+01 4.987964730463786411e-01 -3.204355842801767107e-01
1.044744609846354138e+02 6.934356388512600278e-01 -1.614847464148957856e+00
8.280208825052444865e+01 3.779292879313267406e-01 -2.079518230867505313e+00
7.384866172278331931e+01 4.298546348661462790e-01 -6.089853994036996676e-01
1.066707639575805331e+02 8.689769160272177440e-02 -4.961918403054887960e-01
8.119395689325152432e+01 3.581273995481616679e-03 -7.044423750958666020e-01
9.865548271997072050e+01 2.411299767212257139e-01 -3.159521200476342329e-01
9.931899525382704041e+01 3.411738686568496770e-01 -6.630375731297750708e-01
8.897042030495302356e+01 2.202327164991641217e-01 -2.270060142731946229e+01
7.899444841943726203e+01 4.599713319108271192e-01 -6.663578642744102387e-01
9.037406216313831919e+01 2.583241151748813524e-01 -1.809805372723060657e+01
8.522397983848281910e+01 5.814636778464222777e-01 -3.775138021624960150e+00
7.147712173849940598e+01 7.340601026920210437e-01 -3.165223830141797201e+00
9.748498326552677895e+01 6.492035829496511923e-01 -1.303729610442773357e+00
1.053685221318448839e+02 6.727455644284232594e-01 -1.268658933161571856e+00
7.766920419226808292e+01 1.666041203012595950e-01 -4.794641636231697923e-01
8.340088473893359833e+01 6.016180752888941052e-01 -1.992517867238713603e+00
8.727478638713191117e+01 3.366517077211571285e-02 -7.353621365134900500e+00
1.049234873300285358e+02 3.665715648733455789e-01 -1.084195875475472581e+00
8.926569423824793148e+01 7.442213352823721095e-01 -3.283909670962551708e+00
9.561540884348859493e+01 1.946342948301509404e-02 -1.806849287889228606e+00
8.011271745044547288e+01 1.974581647811547158e-01 -1.477206676634403637e+00
9.388679820726807179e+01 6.582421009496990383e-01 -1.316033255570796312e+00
7.577446474889701733e+01 6.339094534178055795e-01 -2.442714819589513198e-01
8.301976945768461746e+01 4.585942652380833873e-02 -4.755718573276478400e-01
8.468661370570985980e+01 1.877765956759430421e-01 -5.835836942347726541e+00
1.006644873762428034e+02 8.647667431393986012e-03 -1.505916258217153025e+00
7.433567027869513311e+01 2.055621668685232439e-01 -9.211302672390134783e-01
9.783690056455368733e+01 5.627788194271844402e-01 -1.151823930755819125e+00
8.583616860103745694e+01 4.501309680632716859e-01 -6.678288394386933113e+00
8.182766514122351964e+01 4.808901555472177569e-01 -1.453931068617754008e+00
9.851708897315123181e+01 1.774075253720591716e-01 -1.800421377981820392e-01
1.026865982923243337e+02 4.417520498035421572e-01 -1.347770230056864804e+00
9.056538181250469677e+01 7.951158166671522531e-01 -2.254498763335167855e+00
1.038199562770936382e+02 5.985519180554169649e-01 -1.586738963870746311e+00
7.809562804516609447e+01 2.757678462246861972e-01 -5.634065315378968819e-01
7.304576121375632169e+01 1.226455094818456326e-01 -2.694276487009849674e+00
9.134620271495674615e+01 1.520150880892547629e-01 -1.699641450924115560e+01
9.343694162813520165e+01 7.556905059771051869e-01 -1.308311737376944173e+00
1.060805683219457194e+02 4.158618776430452191e-01 -8.679854069337562539e-01
7.993887602754141142e+01 7.097755492889864515e-01 -9.170300273573604999e-01
9.476630089211207064e+01 4.681877192074009320e-01 -1.305818923206921056e+00
9.670252223062864516e+01 6.135056566802954414e-01 -1.134438220872620695e+00
1.016544134861031239e+02 7.889180017873776984e-01 -2.232670316585257719e+00
1.024366668953905872e+02 1.386634923453148871e-01 -7.244799601765299357e-01
1.033087351412273733e+02 3.910559865998257112e-01 -1.229777332095207898e+00
7.207987573216503563e+01 3.270245255366046599e-01 -4.450255720246327762e+00
9.459506447872900026e+01 2.274755229454719641e-01 -2.685663030904537951e+00
8.825695131363674761e+01 4.332310410960980018e-01 -1.056343248274985314e+01
9.803281646967954543e+01 1.731924706253321344e-01 -3.766308910745864713e-01
8.632612817651899206e+01 5.502274224579217776e-01 -5.858071092432836302e+00
7.287069662020833505e+01 6.193304529559533478e-01 -1.475745942381783138e+00
7.737586743676338585e+01 5.939782357530335594e-02 -2.716480130315672148e-01
8.503046175037314924e+01 3.079859341213115886e-01 -6.391281051762835119e+00
7.158722198438182716e+01 3.502916764453032350e-01 -5.095342530592646746e+00
8.830098308284112818e+01 6.424399679523717932e-01 -5.158084882066141574e+00
7.356176158131339093e+01 2.984811236933583301e-01 -1.307099730176184638e+00
8.683402194367670290e+01 4.191639029494734214e-01 -9.321973371198780001e+00
8.434027266392453726e+01 3.195776212607920885e-01 -3.942988686810457999e+00
7.245404427759025623e+01 2.954923193948799098e-01 -3.050295601205909701e+00
9.152302134588998683e+01 3.546718235828507648e-01 -7.544854228853617784e+00
7.490082717834957293e+01 5.114446390707943352e-02 -5.888257563075404155e-01
1.056478826702690270e+02 2.102599247773741242e-01 -1.187850552164341211e+00
8.772277794626128866e+01 5.747297501321794178e-01 -6.437186715846129559e+00
8.374471003202212671e+01 5.314091374904077458e-01 -2.435672759232557993e+00
7.943387824808900177e+01 2.661746103220050674e-01 -1.140718734093047804e+00
7.713649323248368717e+01 1.477373781712404410e-01 -2.311667950438665298e-01
7.466174679257852631e+01 7.156519309872878543e-01 -2.517842796335576505e-01
9.961258208965762151e+01 5.574293041494972067e-01 -1.412232637731097862e+00
7.515335096750578714e+01 7.247637427761732809e-01 -2.589044955031035711e-01
1.042755627764676660e+02 4.768653825830532766e-01 -1.272024236083444171e+00
9.646838324770885720e+01 7.396917113379870568e-01 -1.259093943104201863e+00
9.592802125113851730e+01 6.246613390735362703e-01 -1.127531178547743096e+00
1.001581569922726942e+02 1.127942726815480273e-01 -6.336427174488730441e-02
7.611233247737466456e+01 7.766305879482424679e-01 -2.829025687701416936e-01
1.018335761156314447e+02 7.654993359583531776e-01 -2.185200706435053153e+00
7.814113828562973652e+01 7.075581971453501762e-01 -3.465837363329639653e-01
1.002842725800109349e+02 2.902505928825637183e-01 -5.942999264176599405e-01
1.054194356378086752e+02 4.125446966618570577e-01 -9.853846023349670524e-01
7.650794444176436571e+01 6.573139857784546791e-01 -2.077653759234498188e-01
8.373567508464722664e+01 1.846858484193118211e-01 -3.633753430598610112e+00
1.060246193697901731e+02 3.501839405048388087e-01 -8.608433670339454835e-01
7.601336927126205012e+01 7.420005070344015685e-01 -2.710817681613455488e-01
8.363361060685127768e+01 7.941969996654760222e-02 -1.774304620806850696e+00
9.563573355472715321e+01 2.542563131117095421e-01 -1.381476381987666091e+00
8.987591306046824968e+01 2.976467103728616670e-01 -1.670121112795961693e+01
9.507944085512164634e+01 4.451293052346561030e-02 -3.053880784816456195e+00
7.752004869259809539e+01 8.390638749364000282e-02 -2.284493435274709272e-01
1.015250935527516845e+02 6.472131667817533351e-01 -1.909042581135754979e+00
1.065143773691656008e+02 3.528166929718845601e-01 -7.379965144114365438e-01
7.921693941139669448e+01 4.395458456536648351e-01 -8.662351220052406653e-01
8.707711446533124899e+01 4.009404048791140318e-01 -9.833117919924356798e+00
9.680623838011415216e+01 6.008054698383440417e-01 -1.122015212146303176e+00
9.993746026743932021e+01 4.467498269720924231e-01 -1.143585396203049775e+00
1.019624428232555289e+02 5.762320313522372173e-01 -1.727205389162741023e+00
8.803937345260652592e+01 6.186667145822432462e-02 -1.762434892347906867e+01
1.006007570119404306e+02 6.091224628006672859e-01 -1.756395275747818063e+00
7.129802508473513001e+01 4.944924692107596775e-02 -5.644958969277588778e+00
1.042835175886781940e+02 3.692189741178603102e-01 -1.164733092983416318e+00
9.045528364931365672e+01 4.759196449147581887e-01 -7.294165071545484658e+00
1.051731103483816696e+02 6.498188700198141987e-01 -1.397075745010491366e+00
8.301582452439167525e+01 1.614250828769074608e-01 -2.436274640635946120e+00
9.314194536335391206e+01 2.025770426159511917e-01 -7.279595701828252885e+00
7.500697214258623546e+01 6.217538692294574121e-01 -2.524970803200567437e-01
1.046169874496548005e+02 3.191277243790466289e-01 -1.089670192773477320e+00
8.264154973508331636e+01 2.402166048699742040e-01 -2.206711936754763403e+00
9.139317451887340837e+01 7.185840848963497285e-01 -2.177099091151104560e+00
9.850800208371595090e+01 3.674594336309275899e-01 -7.378627215856471411e-01
7.528528989402337857e+01 1.597892891203396837e-01 -2.925730710837009529e-01
7.242807690682887767e+01 2.812087650948695283e-01 -4.023447885076487651e+00
7.353916576236446190e+01 2.743297856157067005e-01 -1.416068591968381085e+00
9.936720417700833252e+01 1.442813632430437198e-01 -4.310191688337680627e-02
8.069175998247251869e+01 7.614120525821960195e-01 -1.142695188080575797e+00
8.139743083731012518e+01 7.473166600995142517e-01 -1.289971338367465359e+00
1.008826148879591358e+02 5.455674038583707697e-01 -1.562318518789081567e+00
8.670282715914082416e+01 7.564445120376778187e-01 -3.725312756269949954e+00
1.032766306157748204e+02 2.328905910512967525e-01 -1.185672600569528168e+00
8.045050757314112388e+01 5.689308450608940859e-01 -1.186157459368208933e+00
9.094070787265469846e+01 5.630817160459815618e-01 -4.441208457481304883e+00
9.474077614580117768e+01 2.214929130839848048e-01 -2.783263513351390550e+00
9.626414619526372007e+01 2.158704544646395385e-01 -1.178102285233310065e+00
7.301562949671156844e+01 1.341516697294080906e-01 -2.656867484475788466e+00
9.600092932295576986e+01 5.586736133339923471e-01 -1.089848094822192692e+00
8.611158464667008161e+01 7.815064623147296441e-01 -3.413892239057817246e+00
1.061196792141070091e+02 3.769461787630228322e-01 -8.592136031388039052e-01
8.570375622488438694e+01 1.386837092277264649e-01 -1.165761708675892727e+01
9.877300741601708012e+01 6.979380674403106166e-01 -1.642189929465165621e+00
7.953100397060518389e+01 3.349128216072689845e-01 -1.186418670631750771e+00
1.047667332443595001e+02 6.940657892366403070e-01 -1.450457200474255082e+00
8.007335225292422365e+01 3.877650718409905162e-01 -1.239207819112518649e+00
9.376955359922060040e+01 4.921544220970131001e-01 -1.761456413492089146e+00
8.924996092179885920e+01 3.991390046501404609e-01 -1.169157430566963818e+01
8.942285287233657698e+01 1.134590190888580541e-01 -2.625831186808639828e+01
7.472568656893621153e+01 2.223259716889626481e-02 -1.143001226056594932e+00
1.023329954944450435e+02 4.165487067436333679e-01 -1.294536354667936262e+00
1.014619077288103739e+02 1.921874655901056328e-01 -6.052097370840233692e-01
7.557998114847850957e+01 3.364253323665617468e-01 -1.721478820300727242e-01
9.021793076521696264e+01 4.309836427992585484e-01 -8.765864407245485879e+00
9.354283231421776179e+01 1.048498549897895898e-01 -7.397227405891565688e+00
7.295482416573682372e+01 7.306972378748619601e-01 -8.673293254492840942e-01
7.662652615571289516e+01 7.727126657104771423e-01 -2.586683559914022545e-01
8.082640035288636682e+01 3.056869217226394486e-01 -1.592649929118538310e+00
9.914861402886883468e+01 1.238656130892356322e-01 -5.133012286491835802e-02
8.241964418717840601e+01 6.614309824635454527e-02 -6.261095283784565702e-01
9.213938223459591370e+01 3.275388446139233523e-01 -6.898922910273543430e+00
9.427491645392098008e+01 7.250921609113043509e-01 -1.200822476290991592e+00
8.527653669422397797e+01 5.111751961352205553e-01 -4.229827488470363051e+00
8.471047099901961985e+01 5.849215419321364129e-01 -3.224717156890311021e+00
9.178692516971273108e+01 7.970955518611287927e-01 -1.579415031349206355e+00
7.400649890486630511e+01 1.055102882273713542e-03 -1.760186715123269963e+00
1.030303944504820350e+02 6.825762880465585658e-01 -1.858836553250742707e+00
9.455673647085512812e+01 2.629714771370599835e-01 -2.309870511839442031e+00
9.789753846264312642e+01 6.323612429552276648e-01 -1.269761195775264140e+00
8.752669951468132581e+01 6.293116198271382356e-01 -5.364817132010160527e+00
8.407333157505073018e+01 1.353219849450225214e-02 -3.043452132034448199e-01
7.725027866944373045e+01 6.747346720202762604e-01 -1.744865372865425091e-01
7.841660364353873547e+01 2.295497017885495539e-01 -8.217007012149689649e-01
9.248909446548950086e+01 1.838850059217937427e-01 -1.009237879712486041e+01
8.171332372904628016e+01 6.660803345833494760e-01 -1.365094696433343691e+00
8.501310212003646427e+01 5.195933337076351632e-01 -4.187502335493077155e+00
9.725513198001326032e+01 5.367847814760636771e-01 -1.072112261348951767e+00
7.206455638396094798e+01 4.679957199478487206e-01 -3.301879791321472357e+00
1.026058545884367561e+02 2.549924624134921117e-02 -9.745701839186059479e-01
8.205019035992106069e+01 5.996673248748108920e-01 -1.463649965617404458e+00
9.685780146769391763e+01 4.534203929373417097e-01 -9.625754722335628788e-01
7.796549395926084003e+01 3.299884104248989453e-02 -5.348008973822904188e-01
8.834987288521806192e+01 1.706577594420156385e-01 -2.410146585996411872e+01
1.036642075551111191e+02 5.334057916285063206e-01 -1.463715602686528783e+00
8.873530366801955438e+01 5.279374163843705281e-01 -7.410263584822426530e+00
9.267247963524380339e+01 7.911438002879501719e-01 -1.349402070229303252e+00
9.792055535654999687e+01 4.605439397971227145e-01 -9.885578145667893724e-01
7.422574090481579390e+01 4.802339161469927342e-01 -3.896593463633374332e-01
8.777423694270879651e+01 5.007168657481518848e-01 -8.182599052192626843e+00
7.160595589160679708e+01 9.282884438942308469e-02 -7.027603508642455310e+00
8.620874627262435297e+01 2.655157805122911330e-01 -1.269472276197961058e+01
7.903844130475044949e+01 1.032214529980177709e-01 -5.657270553651190248e-01
9.177914964677385967e+01 5.265740622114885028e-01 -3.610727247798783068e+00
1.004449940013599445e+02 4.575115007702479919e-01 -1.267358819104439593e+00
1.003452684314402887e+02 1.014925177888377772e-01 -6.903310467200808598e-02
7.534128104862969622e+01 3.829592898046825789e-01 -2.240879519025457400e-01
8.208048485442084541e+01 2.260518937459655986e-01 -2.048200299993407025e+00
1.022413066508942165e+02 7.354929258812044068e-01 -2.059069594481447218e+00
8.967465438677544398e+01 4.859827560988471129e-01 -7.713442015739478741e+00
1.017563758057012535e+02 4.685182563632245278e-01 -1.416861348651300867e+00
1.030115173026980102e+02 5.111403849299324120e-01 -1.498012515840860592e+00
9.494721670488411291e+01 3.433895883700215368e-01 -1.764360798268856279e+00
9.320485400008473675e+01 1.470808794426840295e-02 -4.011951594908259366e+00
7.745024116524767521e+01 7.029245540496957823e-01 -2.019935632066226783e-01
9.964846836374215400e+01 7.256727918274004097e-01 -1.841487343194472492e+00
7.269471800544863527e+01 2.538499495157773289e-01 -3.430211223008198029e+00
7.634869558821503688e+01 1.433810274539362994e-01 -1.336716963153714577e-01
7.885413265899975954e+01 2.412561958388785913e-02 -6.058750142211133394e-01
9.632471231842997383e+01 4.774121008480293193e-01 -1.015165255620041007e+00
8.893549392639997109e+01 2.643059475891791910e-01 -1.959302818495256560e+01
8.997782030373353734e+01 4.498060444340137853e-01 -8.987952437133369443e+00
9.285910209348588751e+01 5.650561943791462260e-01 -2.122792712335971999e+00
9.790154931608145716e+01 7.401480467288164000e-01 -1.436580271139589637e+00
7.812544137022698010e+01 3.302453106143601325e-01 -4.700715690555340442e-01
9.875140914520326874e+01 1.574604999830232499e-01 -1.776760890725449793e-01
7.609480233316270414e+01 1.808147890435817529e-01 -1.608876299505489216e-01
7.492237716786861768e+01 6.561602646831141694e-01 -2.558012321151727497e-01
8.517034704156679936e+01 2.888085609954720301e-01 -6.614049712486454347e+00
8.569040046700406776e+01 6.179957014263744997e-01 -4.071155213493134362e+00
7.787596307606037271e+01 6.884756261594603133e-02 -2.218841690605793948e-01
9.979773695533981481e+01 6.006075473240942708e-01 -1.649403498581099248e+00
8.239396478439314819e+01 7.615526674209526226e-01 -1.434418005654846340e+00
9.734800750041588913e+01 3.710102210067389161e-01 -7.940965699250325249e-01
9.364628502010049260e+01 1.644368788655108937e-01 -6.385859166080575910e+00
1.011636114193878058e+02 1.287061852742951151e-01 -2.175105827597339503e-01
9.198267708754667638e+01 4.049192134535789522e-01 -4.819846865424244342e+00
9.352108114889863089e+01 3.076990702050880766e-01 -3.400690529198528544e+00
9.119894600904108017e+01 1.994933025837047347e-01 -1.761366714909926046e+01
8.332173082155814825e+01 4.443977630488108455e-01 -2.233189431017125859e+00
9.011885270165225847e+01 6.281487026694120290e-01 -3.937538212808891824e+00
7.225974102721374948e+01 4.272218550556819427e-01 -2.838238943008356330e+00
7.331174987089156048e+01 5.567254260659411091e-01 -8.562226421522912689e-01
8.097524250500148923e+01 1.257358857352236792e-01 -1.216331055401046912e+00
8.718687869752814379e+01 1.102352131281534170e-01 -1.882597001867250341e+01
1.047369768241417773e+02 1.472506646051329471e-01 -1.287474265597726930e+00
8.849089316186049814e+01 2.365696847627119515e-01 -2.154378101832137204e+01
7.417466254854558372e+01 7.938467609157063842e-01 -2.881534744476864085e-01
8.646513282352665897e+01 3.626472078603305005e-01 -9.740619835830825579e+00
7.394784711705706570e+01 2.578916530139839791e-01 -1.100347236200088341e+00
7.466513326788729898e+01 6.671253389614486551e-01 -2.555640915603723529e-01
8.391590830978945803e+01 5.875102057706786951e-01 -2.327780784600262720e+00
1.046099614405427474e+02 5.677380673907983510e-02 -5.373854281939206556e-01
8.818289293715513111e+01 6.943984578119966056e-01 -4.383882542748279931e+00
1.039331230950484866e+02 2.968137129592036683e-01 -1.160598085678649305e+00
8.925261249818356646e+01 7.747021823821305109e-01 -2.983984344207248007e+00
8.442085963835771167e+01 2.418661093618502955e-01 -5.698226749639799138e+00
1.065505089801277023e+02 6.377387902648368190e-01 -1.100158006513952902e+00
1.021806352542947565e+02 1.695485615112183597e-01 -8.032716527823017261e-01
9.421262878805653429e+01 3.723781942801664135e-02 -4.617315936763410456e+00
7.169338790403605799e+01 7.065130908409866795e-01 -2.706898564350234793e+00
9.590266924396168235e+01 8.523405275284097471e-02 -2.490403209080977120e+00
7.580905355890092778e+01 4.971789958768551010e-01 -1.945323347897102428e-01
1.057670910481153896e+02 3.902004759666021227e-01 -9.858564258004628433e-01
9.554677443346542987e+01 5.158105611679061342e-01 -1.134251978947214967e+00
1.010737272718014026e+02 1.188822263255037703e-01 -2.063071048673027763e-01
9.653867012029924410e+01 7.966866982763740057e-02 -1.350523918864712014e+00
8.416838570469123226e+01 3.989554137745520146e-01 -3.469872991038169818e+00
9.857905218338871123e+01 7.160842156346172716e-03 -1.010800459535984297e+00
9.711415416983334126e+01 6.412859597691970004e-01 -1.210914878273771089e+00
9.925646861820604272e+01 4.380367183799788733e-01 -1.032202378907075557e+00
7.360696739791640653e+01 1.884861382345660030e-01 -1.813059704999287147e+00
8.683584216350102736e+01 5.728477639582930658e-01 -5.982745521055702120e+00
7.971335324719467508e+01 2.838647720364486093e-01 -1.279494105580557095e+00
8.149792067532524698e+01 7.552873375893072172e-01 -1.287724172186044402e+00
8.162313752874281647e+01 4.130755482589389960e-01 -1.542538787773352293e+00
9.090050416655599008e+01 4.220469431345801742e-02 -1.434592714632689514e+01
8.492451041787253985e+01 3.142081904865856590e-01 -6.328256655161590416e+00
1.042316024289167444e+02 7.511746645832881875e-01 -1.700139884419593628e+00
9.078391353111888407e+01 3.512047182991893113e-01 -1.093055249032333442e+01
9.238003926459310833e+01 9.008715744520526258e-02 -1.200964906015994238e+01
7.726063141812406343e+01 2.130391940315313759e-01 -3.460197951366881797e-01
7.992469265891949703e+01 5.965686707933520738e-01 -9.301583321569222296e-01
8.080969359338286040e+01 5.297348133334630615e-01 -1.289246274612002807e+00
9.797092597437398354e+01 6.829330120505691104e-01 -1.349459053382989993e+00
8.310824711355246563e+01 2.747015999309143641e-01 -2.385359736865712676e+00
8.018822365875709579e+01 6.778642655888438284e-01 -1.049990632117994593e+00
8.768599632410989386e+01 4.168054658100688314e-01 -1.086961913369567334e+01
8.734519331983466373e+01 2.224476683641719021e-01 -1.839605363650323255e+01
9.527124775968437120e+01 1.671356409273119445e-02 -2.025360242391091692e+00
8.591186218725201229e+01 5.554384075331116055e-02 -5.475119055773863153e+00
7.258309294718347360e+01 4.944531860026100123e-01 -1.877728804675975915e+00
8.272976032955473613e+01 7.858215705909067372e-01 -1.549850171753165196e+00
7.937315013844010991e+01 6.149277465090580153e-01 -7.761943559259132375e-01
1.056156792255094672e+02 5.409683825841461458e-01 -1.105150310392683632e+00
7.151856317728839940e+01 7.174627114079661361e-01 -3.246384082551796446e+00
1.028047575947099119e+02 6.499058919287441505e-01 -1.787819109757336156e+00
1.062681985837010927e+02 5.790272564008883682e-01 -1.021631545773381999e+00
1.051490988183504385e+02 3.233023326122086427e-01 -9.866788488691476955e-01
7.863242009560350709e+01 5.516170017430920280e-01 -4.573340738131803640e-01
7.689548283309812859e+01 2.039687988588913259e-01 -2.454682574937038786e-01
1.032738405564037976e+02 7.762923112572269746e-01 -2.046222316796655338e+00
9.467735133659977009e+01 3.523415415200069067e-01 -1.688482937178062304e+00
1.027518635940747345e+02 6.895577981702434300e-01 -1.969225718091783817e+00
9.197481510070186062e+01 6.113720099816020159e-01 -2.642612912588089724e+00
7.544647950444287687e+01 3.253972249532889882e-01 -2.430697592604038060e-01
7.682556880477203265e+01 2.751064611973734197e-01 -1.273183167307838926e-01
9.395148158846069464e+01 4.540006157186889379e-01 -1.985616595988026756e+00
9.404113684599775524e+01 3.904653794435219982e-01 -1.885934965048240208e+00
1.052071268122608529e+02 3.434494902772300962e-01 -9.762594016618545423e-01
8.507094411029271441e+01 6.467802109633083996e-01 -3.450438468674218662e+00
9.722223688423747490e+01 4.935425169782841071e-01 -1.015546164535362283e+00
8.766249594823892721e+01 2.390664703035502991e-01 -1.943809143223969826e+01
8.882244564411627152e+01 2.293344100138230979e-01 -2.204141354382509022e+01
8.825425216874269552e+01 1.483602393741477732e-01 -2.456190270241065932e+01
8.567437389171628581e+01 4.088444638909086160e-02 -3.821071850278242366e+00
9.789584316786920226e+01 1.116435514382545097e-01 -4.906246680894897905e-01
9.870109442769964403e+01 4.085266830939401905e-01 -8.734827614691922371e-01
9.544559365005412133e+01 5.713154692963334780e-01 -1.123927000949929811e+00
1.058816510866412557e+02 1.825153483141472291e-03 -1.946292704356247905e+00
9.646210398095963967e+01 7.910544910651012840e-01 -1.307715707375207481e+00
1.025372361060218509e+02 7.617721322432060571e-01 -2.118757793772489073e+00
1.034714069416505851e+02 1.814117875013660230e-01 -1.212722391233696406e+00
7.124483257674513936e+01 2.836145414038657164e-01 -6.832920075476859978e+00
9.329193282333083914e+01 6.308349652003129027e-01 -1.527348827257790420e+00
7.565562409631849050e+01 2.473539069342012009e-01 -2.021104752897258661e-01
7.347189892852473747e+01 6.720694529892230484e-01 -6.762876059119079519e-01
8.530181731132864797e+01 6.535850513419970698e-01 -3.410924053020011559e+00
7.631226425275364988e+01 4.383844276995616518e-01 -1.083527215757811163e-01
7.993895051403966079e+01 3.002671486726432026e-01 -1.395543944057103580e+00
7.290066695799286833e+01 3.984524532545860032e-01 -1.764314716121529125e+00
8.398149003922206646e+01 6.810441291699254052e-02 -1.872232367739637082e+00
8.093552416573795938e+01 2.010901479917192314e-01 -1.700784760355467107e+00
7.854827133679188478e+01 4.663192122734523548e-01 -4.896161257458702121e-01
8.274610062911065711e+01 5.109769946444114863e-01 -1.631670896847777552e+00
9.653536096408411993e+01 6.648859765668913013e-01 -1.185430886674293305e+00
8.597229951419110705e+01 5.331071819818483659e-01 -5.462765114581495496e+00
7.720195256405114037e+01 7.598914289965780222e-01 -2.150197552149087366e-01
1.004120275344861710e+02 7.147276635956688606e-01 -2.036419561063954831e+00
7.505051588900919057e+01 2.674610211230615819e-01 -3.959290588056472160e-01
1.020501494027243012e+02 7.266033817571395659e-01 -2.101722384304450131e+00
7.890762413197759884e+01 6.603928623815197296e-01 -6.158726878824538620e-01
8.624215681148845647e+01 5.459893093613450432e-01 -5.290068907254500630e+00
7.966706508247484919e+01 3.309457442108903469e-01 -1.191394613112465972e+00
7.794515433202491295e+01 3.811304185011961110e-01 -2.616567400462711523e-01
9.447908749153333474e+01 1.283170649720682954e-01 -3.943899377265602357e+00
7.194981992388871106e+01 3.527934714871991950e-01 -4.188665647935811087e+00
9.163288079644051720e+01 4.986661166867988881e-01 -4.023150831188342380e+00
7.811084194349534471e+01 6.057002573476369944e-01 -3.220043014988063779e-01
8.744171226002804076e+01 3.666324927284014268e-01 -1.204934105065000338e+01
9.476728244556313996e+01 1.010322847160547433e-01 -4.285994795884250586e+00
8.198302912559272215e+01 9.460827027028763381e-02 -1.098578744287959763e+00
1.047241426730092826e+02 1.428266542630656777e-01 -1.276437272953395929e+00
9.587975799618645567e+01 2.927778172690005953e-01 -1.268971509658622709e+00
8.931037652866911003e+01 1.263854857322936898e-01 -2.662012587130857000e+01
8.994200460890006354e+01 3.505615396353538027e-01 -1.350921866572731034e+01
1.011735745400737017e+02 7.408011069280234784e-01 -2.139723286368210520e+00
8.717689527240548841e+01 7.091212230385073312e-01 -4.255591846905114828e+00
9.248397023186889498e+01 6.163366844780981263e-02 -1.097319920135866234e+01
9.085141710411686233e+01 6.812109755153348267e-01 -2.839637558054167510e+00
9.939192873730247868e+01 5.568138688748225373e-01 -1.413994625657225557e+00
9.033603747624201219e+01 3.116765949059244756e-01 -1.458563956433717657e+01
7.177885904019943553e+01 1.692026835096851339e-02 -2.898235911019590105e+00
9.506948985596649493e+01 4.219845985597732718e-01 -1.438320453559765566e+00
9.150011821209420759e+01 8.620715722162806960e-02 -1.746000285049791501e+01
1.003646426643308303e+02 1.738582414529050713e-01 -1.504758793256082416e-01
8.452844316782066869e+01 7.291475097520608850e-01 -2.471452226359038828e+00
9.309463019559780150e+01 7.318481808734227101e-02 -9.306336166747193772e+00
1.040197703635876110e+02 4.798566808593104915e-01 -1.270497796352458630e+00
8.662814633384046203e+01 1.632657984580706545e-01 -1.748839433831443202e+01
7.382147495420940686e+01 5.940993441556740029e-01 -5.525606280776025336e-01
8.850076602247240487e+01 6.173360274038039996e-01 -5.599877820569131082e+00
8.066295889599450675e+01 4.834117954439566822e-01 -1.236045110286005277e+00
8.011713273670000035e+01 4.422444862896771633e-01 -1.167995077847253427e+00
7.458070036527865909e+01 5.241274459065868863e-01 -2.877297475833768270e-01
8.254634433288855178e+01 4.590438173615264406e-01 -1.696522551706648896e+00
9.277948526096119508e+01 7.005292096851900574e-01 -1.527008503444285070e+00
7.915043860215635618e+01 7.787804507110868135e-01 -6.299048216749347784e-01
8.126674846551048859e+01 5.849436851419415051e-01 -1.324784815756187450e+00
7.733140139176916250e+01 3.035310383351395164e-02 -6.531490488047849707e-01
1.055764246712102619e+02 4.040640937413136347e-01 -9.855262068641211792e-01
7.416807177173417642e+01 1.561333656054676722e-01 -9.701605851269854419e-01
8.330242649967932778e+01 7.697526140897477109e-01 -1.702218079069482082e+00
9.908655820665859437e+01 4.296281155832408216e-01 -1.004474727380656685e+00
1.031909256715418621e+02 3.166778164385877226e-01 -1.130806366507150384e+00
9.975547579544961252e+01 1.979957103804614038e-01 -1.298787299432919429e-01
8.957069923762568919e+01 2.177270018268453178e-01 -2.224290868663393894e+01
8.358331619780588539e+01 2.636762047666849074e-01 -3.488145278134685778e+00
8.172371381645525901e+01 1.505726833766835894e-02 -3.154890861251981038e-01
9.713165417331713059e+01 5.790962908351552363e-01 -1.128919241408184115e+00
1.036366393325227335e+02 1.853442428389965313e-01 -1.210082169289435239e+00
1.044828427638734354e+02 5.600506476726300198e-01 -1.399809050982144365e+00
1.016207798827796012e+02 2.494058537522733099e-01 -7.435275327615045171e-01
9.804186186758843746e+01 1.183913908759549188e-01 -4.759859480765213369e-01
1.010640841898983098e+02 7.954718662350264147e-01 -2.260710159982788348e+00
7.303442126831323833e+01 5.158163816450835881e-01 -1.323942530621432967e+00
1.063690798342520765e+02 7.451528934305692298e-01 -1.232525975865771839e+00
7.251138141358431710e+01 3.285347519370553776e-02 -3.775392253088574179e+00
7.597923071955447938e+01 5.304141346472000113e-02 -3.009459309655535542e-01
9.044103564763898362e+01 5.374647002229138160e-01 -5.658093109561461276e+00
1.065363634537764881e+02 2.139698406214135540e-01 -8.988841296418814686e-01
9.839770609765862730e+01 3.704964897407831970e-01 -7.534446761979083362e-01
8.402843538417475600e+01 6.338216782847103659e-01 -2.261773609921384764e+00
8.969662894941996001e+01 3.492912054061889787e-02 -1.404191330371078728e+01
8.909141226071264441e+01 2.236607968807220737e-02 -9.538026805315544365e+00
8.851308709936699870e+01 1.463729280349295725e-01 -2.598929722376795581e+01
8.888329613385973005e+01 7.516824603080750344e-02 -2.286416920247391005e+01
8.922718776486372860e+01 1.311197161674499678e-01 -2.666999606862148653e+01
8.841893405313929577e+01 1.196139454841613770e-01 -2.578589296693435173e+01
8.987405979071857587e+01 6.260481476783752441e-02 -2.068070178722181751e+01
8.866194192643391148e+01 1.602126002311706765e-01 -2.567338066877300307e+01
9.008867146973237539e+01 5.450644384009752097e-02 -1.906079560549622798e+01
8.995998875252502103e+01 1.345293841384868905e-01 -2.526138930736032506e+01
8.970538970562832048e+01 1.327351332397470607e-01 -2.647022055162897658e+01
8.921919950547334111e+01 1.822729985791626262e-01 -2.513217373093893059e+01
8.807671991042772675e+01 5.676732659339905201e-02 -1.653901898997661490e+01
9.020860032902345438e+01 1.320751190185547042e-01 -2.535258825362636870e+01
8.971497727497036578e+01 2.015126796876830773e-01 -2.340432326160885523e+01
8.805968487756128127e+01 1.932443906267590217e-01 -2.324580818234642265e+01
8.979462055308032120e+01 3.185550156099633407e-02 -1.333540557070254806e+01
9.056847498608411229e+01 8.417935156882810910e-02 -2.210413922576777424e+01
9.031850277620307565e+01 1.125835947236238921e-01 -2.335066856808843028e+01
8.860624328235967084e+01 1.239653089462359886e-01 -2.586166393965342181e+01
8.886728652392572769e+01 1.555785059928894154e-01 -2.630003489993502441e+01
8.941397060269193275e+01 4.540602553290562504e-02 -1.715984503654854620e+01
8.807803389732745813e+01 1.501545667648315485e-01 -2.459251326248107006e+01
8.864830528364842621e+01 2.437239598300191545e-01 -2.107898465010922706e+01
8.922949326612774712e+01 2.150911196616168974e-01 -2.309300948162388778e+01
8.916581218934619812e+01 1.385834610366557251e-01 -2.665689297790528656e+01
8.889360801132824008e+01 1.346243083395102791e-01 -2.669645579212710729e+01
8.961541319412698670e+01 1.067447643566075688e-01 -2.599321279132373519e+01
8.932041990069251369e+01 1.553658451174658450e-01 -2.631474754346962897e+01
8.980652711660476939e+01 1.394547165194299498e-01 -2.639969128519071973e+01
8.974995020640717769e+01 1.164950827248462384e-01 -2.633436777194160072e+01
8.909898047134115018e+01 1.199851255646417897e-01 -2.652474708516814061e+01
8.948263233796912175e+01 1.205009190059925378e-01 -2.641418876788297609e+01
8.922449143804587379e+01 1.368793082587591303e-01 -2.666562657669318881e+01
8.857436314104066355e+01 1.114199666187404569e-01 -2.539207645570814620e+01
8.901010118832576268e+01 1.712494668593636526e-01 -2.567648699376327670e+01
8.835366919912218009e+01 1.471048736538131674e-01 -2.454249030619175898e+01
9.017342351001975942e+01 1.660343027752122502e-01 -2.418727289811239345e+01
8.968624547710084016e+01 1.531485247276699602e-01 -2.602600680527610066e+01
8.821913187350760666e+01 1.562245004438358453e-01 -2.447702223790585663e+01
8.840488170791473976e+01 1.648007608709639582e-01 -2.554908365651363056e+01
8.891162904325580030e+01 1.911277470705057824e-01 -2.459126888328232852e+01
9.001360550112524095e+01 1.354754079427703262e-01 -2.525681679642024235e+01
8.843642286281787790e+01 1.748971588079465400e-01 -2.514996727594121495e+01
8.979339231022019874e+01 1.857867286016711417e-01 -2.443300699236110418e+01
8.892216838360926090e+01 1.917685459364945888e-01 -2.455400303241411208e+01
8.950177868696275141e+01 9.823083563964722653e-02 -2.551360374337208015e+01
8.815832528129365642e+01 1.473808080236638784e-01 -2.459366646051586613e+01
8.869128909642341796e+01 1.191097209471666113e-01 -2.569200347364047232e+01
9.023753626095313507e+01 1.254970541854333876e-01 -2.540494235069949625e+01
8.906076247920555033e+01 1.456959524356111757e-01 -2.655988852490052565e+01
8.892341922455996439e+01 1.384866148867604785e-01 -2.666966437681433888e+01
8.966099451508435436e+01 1.483759173111122986e-01 -2.617606144991363948e+01
8.912962365911702989e+01 1.143921856718207036e-01 -2.634438283286131721e+01
8.947817798807746215e+01 1.614732500530176584e-01 -2.566129708063687076e+01
8.917380937717906875e+01 1.282978972977686094e-01 -2.665649469427659568e+01
8.881072517096652064e+01 1.251715660373133587e-01 -2.583813106530007531e+01
8.932009749920698027e+01 1.609557640073014939e-01 -2.612599506898753177e+01
8.896813601587535913e+01 8.917812004848305052e-02 -2.462658477326045059e+01
8.988442741947270065e+01 1.342777193939742875e-01 -2.524839489781918900e+01
8.970400433587694522e+01 1.444605461894662990e-01 -2.628636554810476866e+01
8.959692276353541729e+01 1.084186163804584102e-01 -2.606929996782218950e+01
8.964435755483704327e+01 1.249030428100058876e-01 -2.646616228317408925e+01
8.985415847783291099e+01 1.201416819475517733e-01 -2.532538317802093530e+01
8.834626230669027791e+01 1.691930915885034303e-01 -2.414642760681321931e+01
8.874273794420776085e+01 1.877195567508716523e-01 -2.452902370501917773e+01
8.965098722459612191e+01 1.557533505434268717e-01 -2.592570551175763782e+01
8.887799948818656048e+01 1.753682182540832746e-01 -2.546468912530884765e+01
8.991566258054868399e+01 1.549109086488753562e-01 -2.462717409436353222e+01
8.955960481741286117e+01 1.911726137455435903e-01 -2.404274189821310515e+01
8.829342662532320674e+01 1.177382263524747175e-01 -2.401956559950198411e+01
8.885005714478984373e+01 1.723228699148520171e-01 -2.523433206221378811e+01
9.033308739751754501e+01 1.236912012207383171e-01 -2.337993175097516030e+01
8.975559474714647479e+01 1.854210517744917519e-01 -2.444650541184277159e+01
8.794112359830207026e+01 1.558037799783768274e-01 -2.454828685341881922e+01
8.938152105532809344e+01 1.531918823893073656e-01 -2.597749597318047776e+01
8.907844005700115986e+01 1.405116509276158332e-01 -2.664117993542624063e+01
8.900627946145547753e+01 1.344823779477224146e-01 -2.668965783385984025e+01
8.908943320770333685e+01 1.481361964647401608e-01 -2.650803282962874974e+01
8.934147779038968906e+01 1.614501441281346594e-01 -2.563719971311246937e+01
8.903610395203131134e+01 1.473797478464068944e-01 -2.652543339943196798e+01
8.896374847518730178e+01 1.711376132516538306e-01 -2.567845732297561057e+01
8.936702921798620025e+01 1.143431245406955066e-01 -2.628463656364902334e+01
8.951406530892795388e+01 1.478036959513390758e-01 -2.617303233930509876e+01
8.926070864894576573e+01 1.318530360219497266e-01 -2.666967395408188679e+01
8.957496222501178806e+01 1.307444542292184597e-01 -2.647204448141312483e+01
8.980579520735189192e+01 1.507722594862362375e-01 -2.612239074846230480e+01
8.904759746412491950e+01 1.312034241520258215e-01 -2.668588021955699574e+01
8.954977184660174316e+01 1.488956077496947916e-01 -2.614539715975027434e+01
8.866098973419322249e+01 1.241961605338845614e-01 -2.585324128575054559e+01
8.937570642821937383e+01 1.545690148891522842e-01 -2.592594365811201840e+01
8.881883215103250961e+01 1.442949188974370911e-01 -2.596312825722377582e+01
8.889839910399075507e+01 1.264720860841818395e-01 -2.666625697645044113e+01
8.878430305566894276e+01 1.408159709114920888e-01 -2.599101230870955348e+01
8.898037142894872886e+01 1.444538806565564548e-01 -2.658485478281671988e+01
8.959805429356362083e+01 1.266825428455374269e-01 -2.647392642376576433e+01
8.870525900629212401e+01 1.645261118185793181e-01 -2.553361489103884452e+01
8.870299161431259449e+01 1.151682066191524606e-01 -2.553167955407105083e+01
8.820018944331417288e+01 1.440355101510608360e-01 -2.459413363358118332e+01
8.916514017091273558e+01 1.087405834738490590e-01 -2.608602913614145535e+01
8.893214612675397746e+01 1.274571167599154731e-01 -2.667296728476145162e+01
8.887996133584729819e+01 1.450582242199496275e-01 -2.657539210535797736e+01
8.915202294547276551e+01 1.343753196893821833e-01 -2.667982842063887006e+01
8.928205045180895638e+01 1.273472560729846936e-01 -2.663525713725471533e+01
8.897900431224509532e+01 1.346020201430142282e-01 -2.669110795673586978e+01
8.913085212583554551e+01 1.213281143413910690e-01 -2.655232873220503009e+01
8.951334080658861581e+01 1.201451294736925191e-01 -2.640911101252143922e+01
8.941160807242928854e+01 1.469009937238123509e-01 -2.618511183426020139e+01
8.917770120345460327e+01 1.332754931523349173e-01 -2.667881678477750995e+01
8.938505739441620790e+01 1.115982782765657239e-01 -2.620036194847596533e+01
8.945349007431319421e+01 1.238677678826748674e-01 -2.645214822098648000e+01
8.911308171449198312e+01 1.158999864435514837e-01 -2.640142421901025571e+01
8.946171042685647024e+01 1.352210266085032975e-01 -2.642869609422941224e+01
8.910741494041093347e+01 1.412365954010353364e-01 -2.663099841256996925e+01
8.892603090336797322e+01 1.329564541095788754e-01 -2.669759509474132386e+01
8.923264771639017567e+01 1.296341792515043057e-01 -2.666126945617741839e+01
8.856401659438525087e+01 1.356726328672053783e-01 -2.603405363795404170e+01
8.917152636258069265e+01 1.363922569889552128e-01 -2.667155261932942878e+01
8.920616262765911131e+01 1.505827550739447518e-01 -2.644849709103779034e+01
8.941612840941550644e+01 1.322512238062398537e-01 -2.645291309392867873e+01
8.952725512867876034e+01 1.470065175001985247e-01 -2.619765862508599241e+01
8.906662057319226733e+01 1.566372354999870375e-01 -2.627009904809610674e+01
8.933472157566144745e+01 1.530131405687865931e-01 -2.597646131639674394e+01
8.956118118481262513e+01 1.398652873208482694e-01 -2.636834534216107784e+01
8.937342485728802899e+01 1.585602177844581684e-01 -2.576748705834703657e+01
8.848163416220074851e+01 1.568642996029014081e-01 -2.578530649734731028e+01
8.951600752253591509e+01 1.250721942430483291e-01 -2.646290214947490327e+01
8.939099229661280788e+01 1.444656115270746000e-01 -2.624794832860016669e+01
8.919959684566396163e+01 1.313970099931855151e-01 -2.667351990242127968e+01
8.888626666772552198e+01 1.447657035610122600e-01 -2.658088832056035500e+01
8.925727541964670309e+01 1.404757288325810816e-01 -2.663364862603666694e+01
8.902296004233883764e+01 1.356855633467123068e-01 -2.668420684173974422e+01
8.913417197065781750e+01 1.341136405780258833e-01 -2.668154540397545915e+01
8.909728883705331270e+01 1.469212491260526998e-01 -2.653445676612538762e+01
8.916931305207596381e+01 1.464427850783488749e-01 -2.654304540656542599e+01
8.911490900569501150e+01 1.429529860754451820e-01 -2.660641698973675418e+01
8.902711026839357089e+01 1.437765998752574825e-01 -2.659562638614521646e+01
8.903245948125372422e+01 1.252110221431968207e-01 -2.663586322897252501e+01
8.926713920491897625e+01 1.276885744639766063e-01 -2.664065658127179503e+01
8.913159181031824119e+01 1.214853514883721952e-01 -2.655574828881456639e+01
8.900597981048160534e+01 1.315866564460945742e-01 -2.669032988930887740e+01
8.936955206531673923e+01 1.403356588733713495e-01 -2.633876095008520579e+01
8.904333657390296253e+01 1.274562864855796895e-01 -2.666181831585139506e+01
8.919918146224821953e+01 1.253181993453956478e-01 -2.661811071071841539e+01
8.896450213886079439e+01 1.386707693535302044e-01 -2.666602849489287408e+01
8.925239989415183572e+01 1.300454233875996957e-01 -2.666205619600063059e+01
8.931676846722655227e+01 1.453676774070944422e-01 -2.655997654028515242e+01
8.929166317584770241e+01 1.351602932240018595e-01 -2.666805160400993913e+01
8.941367088755957582e+01 1.186111124375913289e-01 -2.638198583758263993e+01
8.932295998602390341e+01 1.228126165657345559e-01 -2.643864112739535699e+01
8.925916834106902797e+01 1.313198741207770304e-01 -2.666793601414757120e+01
8.899598863506662383e+01 1.398227097714528078e-01 -2.665260727877341296e+01
8.880564144115382419e+01 1.244635886532911573e-01 -2.582221568051225802e+01
8.918021871232465969e+01 1.626925225542873166e-01 -2.605538459048652911e+01
8.901826571169485192e+01 1.318392127863642627e-01 -2.668987592278078580e+01
8.891339525504172059e+01 1.476457333263379301e-01 -2.652057794622044185e+01
8.902172227741242239e+01 1.422085071775064380e-01 -2.662062689280744721e+01
8.916213305928499722e+01 1.297339767499673668e-01 -2.666870288346652984e+01
8.906072704088950331e+01 1.223254929799065804e-01 -2.658295895942891107e+01
8.925410487592866104e+01 1.366175049391768759e-01 -2.666513861233185168e+01
8.911272504733804567e+01 1.529929322060914476e-01 -2.638323781618752761e+01
8.925497291846873793e+01 1.244458170429160737e-01 -2.659747240048974959e+01
8.954521092668809956e+01 1.148714802094042142e-01 -2.629590040473087598e+01
8.923790058358585497e+01 1.351765439122854517e-01 -2.667186891796499282e+01
8.955384503910073590e+01 1.367269398434796668e-01 -2.641780625940931770e+01
8.928125070903168137e+01 1.451105683809856828e-01 -2.656558284625010913e+01
8.932114992675636245e+01 1.327375755203664409e-01 -2.644177510747149995e+01
8.905441078576421887e+01 1.228468653963616514e-01 -2.659397072141124951e+01
8.950633545972263505e+01 1.247458149346079709e-01 -2.646045700883700036e+01
8.903644686488280513e+01 1.306277357412850004e-01 -2.668472818069740882e+01
8.863235781649274259e+01 1.427591367199609051e-01 -2.600701019269458669e+01
8.922575083181970967e+01 1.453970907397595380e-01 -2.656189590823233360e+01
8.926627275653365245e+01 1.336817856566430984e-01 -2.667189074491556511e+01
8.916922623827856853e+01 1.271716710556795027e-01 -2.664560266030168023e+01
8.910352642495485043e+01 1.234735107139783017e-01 -2.659940614373478240e+01
8.890540391056116221e+01 1.396106324229993423e-01 -2.665869279367261768e+01
8.918707340667610595e+01 1.406091958678308829e-01 -2.663536042737494469e+01
8.914438028301569261e+01 1.388048727782655034e-01 -2.665605510103977238e+01
8.911802764978270375e+01 1.307383492388726476e-01 -2.667809314864912196e+01
8.907579998066452731e+01 1.426646551340382263e-01 -2.661207638004587395e+01
8.915176797055431734e+01 1.352774141703355082e-01 -2.667752262616980374e+01
8.910421815260077949e+01 1.377802635944448961e-01 -2.666670423258699429e+01
8.884394934558845591e+01 1.369865211876003241e-01 -2.668622408481097352e+01
8.906958722820982643e+01 1.346782295607318047e-01 -2.668488580077212191e+01
8.912390382032535285e+01 1.409545144100381175e-01 -2.663391024480154101e+01
8.917768192071827116e+01 1.335199490111375897e-01 -2.667880942491661855e+01
8.913673684665437236e+01 1.337805226243324042e-01 -2.668174893958224914e+01
8.900008048230930058e+01 1.379497240048290496e-01 -2.667080294490317272e+01
8.904792220416635473e+01 1.321143745841679151e-01 -2.668799976497713899e+01
8.906305389652962390e+01 1.303427585396988164e-01 -2.668114495431007427e+01
8.925478899782233100e+01 1.289571136914151317e-01 -2.665394357771947398e+01
8.909667075199783426e+01 1.425051976846597457e-01 -2.661378461016314745e+01
8.935698001975293892e+01 1.612866752420250294e-01 -2.564733045294788738e+01
8.925067282828729276e+01 1.449966320451591406e-01 -2.656846660829760864e+01
8.904240435427873024e+01 1.316576341893475055e-01 -2.668755424187901681e+01
8.911151232707635472e+01 1.339756583384305033e-01 -2.668337851720278664e+01
8.911524384046670377e+01 1.317887482014974965e-01 -2.668189252169185011e+01
8.910674574427827110e+01 1.333652320468669550e-01 -2.668423562724973763e+01
8.903016462893263849e+01 1.352913433620267780e-01 -2.668543510919713313e+01
8.876353759717505909e+01 1.437883021509709924e-01 -2.597677225377241328e+01
8.312877962174310653e+01 1.500260111191450418e-01 -2.815904881197230036e+00
7.968600765560515242e+01 4.785367188388299775e-01 -9.942649490659828393e-01
1.045648978828620272e+02 5.676605720148765188e-01 -1.413830570341214177e+00
7.704230175471975883e+01 7.178624055782267810e-01 -1.963418925844891971e-01
9.966448249611906363e+01 4.454833175988960337e-01 -1.142836058360411799e+00
8.121387980226546688e+01 6.687895738382416688e-01 -1.230114944725515302e+00
7.745129566459905845e+01 4.159774697956486467e-02 -4.554328340112973605e-01
9.238069737076111210e+01 3.638002773970964165e-01 -5.907645007194523679e+00
8.777311551492661579e+01 4.540235268113362865e-01 -9.572171532387224957e+00
9.728095095868772546e+01 6.296055708578135457e-01 -1.193963186073763394e+00
1.063169176606292012e+02 5.203487448222291478e-01 -9.565285026174548122e-01
1.039156142160058636e+02 6.221338652172734296e-01 -1.632546195003917733e+00
1.058379588427195301e+02 2.173942815898078362e-01 -1.038075565416993529e+00
1.052201294578156592e+02 2.843607056645469089e-01 -1.031979905280705268e+00
7.165678359255213081e+01 1.375863448035814784e-01 -7.313495233377645732e+00
7.678614151432338986e+01 7.914576354233633371e-01 -2.438998849167515193e-01
9.293486909668965268e+01 6.889756657762688974e-01 -1.564897564449800216e+00
8.020462681201965438e+01 7.629094954861908029e-01 -1.044660469902186639e+00
8.942972938358512636e+01 4.132161968796079776e-01 -1.108353337171013031e+01
1.048860370886132500e+02 6.618922130128229719e-01 -1.406857550720118866e+00
9.775253578881662975e+01 7.405710519471084829e-01 -1.440097383157434630e+00
7.479981898050235145e+01 4.842349232044642626e-01 -3.050193549057561015e-01
9.504463858055402170e+01 3.728363876351414169e-02 -2.892221083717400276e+00
8.163227439198279001e+01 5.340470345394173757e-01 -1.415172390346746134e+00
8.452596170300547840e+01 4.197832946480899996e-01 -4.138542937236987740e+00
9.515378751948981062e+01 7.975560288046481539e-01 -1.203592175054002400e+00
8.207799879677817501e+01 3.944960334336908847e-01 -1.665893515509912159e+00
1.000430903241333169e+02 1.122538923896262697e-01 -6.563558883102894870e-02
1.055717548002075574e+02 5.138546063926957563e-01 -1.073137316172803502e+00
7.442958110554685902e+01 4.383555512674376375e-01 -4.374754252969974555e-01
8.090293717613334934e+01 2.014668003959555753e-01 -1.702180046703980709e+00
7.572400317908713419e+01 1.075570281005218398e-01 -1.061979170293815139e-01
9.854148551957337077e+01 1.547313009750802271e-01 -1.707433295358146419e-01
8.485187698774414855e+01 5.499241048203818982e-01 -3.360974338048122956e+00
9.622774619999758272e+01 7.447342816310076330e-01 -1.212075854932175956e+00
8.008897013650610575e+01 7.398252659513292195e-02 -2.455641923796109682e-01
7.236741374847278507e+01 2.973260045157267717e-01 -3.861312743354520016e+00
1.068086556101559523e+02 6.048290888468472737e-01 -9.350332453304098790e-01
8.586177629631670527e+01 3.199661730945195792e-01 -9.334415330574115544e+00
8.897451583755632498e+01 7.027604301522842878e-01 -4.069292681569537606e+00
7.320383351463034671e+01 5.597606913864747735e-01 -8.471921373175475001e-01
7.270175055668138953e+01 1.872886961765752867e-01 -4.038730600372044677e+00
7.383331221346153939e+01 3.903050452514861823e-01 -6.930040437243196738e-01
9.882445757212906301e+01 5.383922277681185697e-01 -1.258714781592836118e+00
8.272098612324552391e+01 7.596184880287752961e-01 -1.549669631261339386e+00
8.240872461089858803e+01 6.453041224275146703e-01 -1.444074545029894852e+00
1.029986349777412897e+02 2.207921741831819426e-02 -1.039793681521824054e+00
9.160246082507248389e+01 6.132551084378690121e-01 -2.594155817983176959e+00
8.416054791894806897e+01 7.768768024700758446e-01 -2.424226057787222555e+00
7.922377004629630903e+01 4.858712291453420873e-02 -1.250035435007580409e-01
1.014121464725331663e+02 2.832849437523150826e-02 -8.667443502078934214e-01
9.450310958735789768e+01 4.576656113398114845e-01 -1.596290335783445258e+00
7.539301112223009227e+01 5.831715869060603019e-01 -2.404355605189961997e-01
9.079755259294769587e+01 3.752124516964789880e-01 -9.841352297044936748e+00
9.589360279127444642e+01 1.018361606239386874e-01 -2.400503166845674663e+00
9.429520186012874206e+01 7.023006022142681826e-02 -5.657404725400883905e+00
8.977355430973793204e+01 5.614695543674013550e-02 -1.949225430249966706e+01
7.440331367052844769e+01 1.435710619576263669e-02 -1.495637369411859652e+00
7.193178774398799646e+01 3.485730669298020001e-01 -4.225873235225339641e+00
9.658460853924219691e+01 3.090196689642896732e-01 -1.010225266192843252e+00
8.697654354457350223e+01 4.680915175717983434e-01 -8.043607470204911181e+00
9.020796166173906272e+01 3.265248049607392677e-01 -1.366813736380092159e+01
9.569944627405769211e+01 2.794444895753119273e-01 -1.295662239767565005e+00
9.714752575411895918e+01 7.326125914826219221e-01 -1.324650230426389630e+00
1.021520791988518511e+02 2.344334109099965591e-01 -9.006757842902823885e-01
7.840782774133859334e+01 4.951777917913997573e-01 -3.218717379309160020e-01
1.005003699360174210e+02 7.095140381018136821e-01 -2.023264007923340380e+00
1.001865615416555499e+02 5.051331383183231827e-01 -1.346696988424033625e+00
9.905185478399684484e+01 1.240402339075800386e-01 -4.908405548704976307e-02
8.564089437517750980e+01 2.593248348162453532e-01 -8.734231150734137472e+00
1.016942942164295829e+02 1.953259584488264700e-01 -6.038923089321260873e-01
9.117185290070197823e+01 6.756980797081979517e-01 -2.480105052284376832e+00
7.782861986858344494e+01 7.260628479071695729e-01 -2.618367731455988334e-01
8.069542542434041366e+01 2.146566501721081655e-01 -1.717955670614595309e+00
9.375498718867923742e+01 7.705704142803336820e-01 -1.234314516733052036e+00
9.212531624416578779e+01 3.297709732666119220e-01 -6.823931221534655478e+00
8.925548185738027485e+01 5.736460112708252623e-01 -5.945172866663492428e+00
8.676024276106302580e+01 3.815089986444783476e-01 -1.046004976779675388e+01
8.724017740270336674e+01 1.680159447308679221e-01 -2.003627342360282171e+01
8.847480315831117537e+01 2.667123816819084725e-01 -1.952788887497436576e+01
7.887107691497448059e+01 6.345919472117018678e-01 -6.154548824166706789e-01
1.035112387352472609e+02 2.430478265580230390e-01 -1.177931670325966129e+00
1.007770618598047179e+02 5.022542457973120378e-01 -1.420973150904407678e+00
9.277855418659453335e+01 5.892959313483185912e-01 -1.970160395323157232e+00
9.347026208025923211e+01 2.498871300549326269e-01 -4.397701491070225011e+00
8.354298178023022103e+01 6.500132307550424704e-01 -1.953464300673235288e+00
7.638985913777774783e+01 2.926474066514774264e-01 -1.076195391692125330e-01
1.022086526611830521e+02 6.829137303120060842e-01 -1.945705229146824644e+00
1.026338937881993587e+02 1.639278935711453444e-01 -1.034028246690964492e+00
7.598702312293492867e+01 2.290531815738113819e-01 -1.555721615884838038e-01
8.524008639636899431e+01 1.311983888663492692e-01 -8.987351372051904264e+00
8.383511029321235242e+01 3.371201733617374408e-01 -3.095343989963823095e+00
1.040473284721755363e+02 3.581671091412675367e-01 -1.155896653513761141e+00
9.060897914677617848e+01 9.586011651415549117e-02 -2.289254525724815181e+01
8.794659490791570988e+01 7.096067537523487699e-03 -3.739733409202521397e+00
7.823665938000682729e+01 5.923890508893224771e-01 -3.181504262259487459e-01
7.154393729116044653e+01 1.830411348237830360e-01 -7.021424546194621641e+00
9.816735843477667345e+01 4.241146269904562671e-01 -8.938827564914497703e-01
8.641965681116738551e+01 4.028094935156691925e-01 -8.699835563694419349e+00
7.340111134032973439e+01 8.157815503695954595e-02 -2.065871352323826127e+00
8.924888830475434531e+01 1.245578528429829301e-01 -2.660010727268307917e+01
8.885655994556229587e+01 1.357668792052119933e-01 -2.669351284438351257e+01
8.902290632618192490e+01 1.337673841114346285e-01 -2.668998471604669120e+01
8.887789306716490501e+01 1.340077096089016540e-01 -2.669928354760400069e+01
8.902583798630421086e+01 1.422724512179210365e-01 -2.661955093277252971e+01
8.904618372541730764e+01 1.382140298493091113e-01 -2.666624651666778689e+01
8.901930514123557714e+01 1.361992121941131562e-01 -2.668184470913969619e+01
8.934162581391757385e+01 1.328726213231722908e-01 -2.644229321385110509e+01
8.907423500558913076e+01 1.333354650551212550e-01 -2.668667169239164139e+01
8.897329287324033942e+01 1.343730780262370195e-01 -2.669213140631628178e+01
8.878785007134683838e+01 1.343221125763612023e-01 -2.598100495787919328e+01
8.904712463731786443e+01 1.310932886543571818e-01 -2.668556134256315104e+01
8.880497446725377131e+01 1.288607569612857107e-01 -2.591368434320560610e+01
8.884177600523146623e+01 1.350725496231520995e-01 -2.597429837174597722e+01
8.890105810396006802e+01 1.352194392464766970e-01 -2.669366674589920763e+01
8.895514953596048713e+01 1.383363445771213784e-01 -2.666960441005281268e+01
8.901221469006132736e+01 1.376344756206351605e-01 -2.667272570565355139e+01
8.882177223859646631e+01 1.329652979988274197e-01 -2.596276633079515150e+01
8.920593237685409349e+01 1.409749249859492404e-01 -2.663019288827623399e+01
8.900600351941578481e+01 1.316081038643317491e-01 -2.669037646613381298e+01
8.923142487453375793e+01 1.575372462403291929e-01 -2.624377179756211831e+01
8.906705367213962177e+01 1.267817314922404237e-01 -2.665215014131262450e+01
8.893352423369192650e+01 1.330162885355267444e-01 -2.669703246522540852e+01
8.905781706003604370e+01 1.386585942325951892e-01 -2.666172169496629607e+01
8.913002107201418767e+01 1.367702710845358494e-01 -2.667203584886232903e+01
7.967644956994656980e+01 4.949935600055901386e-01 -9.821467350758567028e-01
7.140892706526062739e+01 2.524667390206694617e-01 -7.254224136143891499e+00
8.046808273461834915e+01 5.518148346222883083e-01 -1.193913320057379490e+00
9.737514570923764268e+01 5.896667079079093154e-01 -1.141077489358006902e+00
9.441174824641261409e+01 2.973220955339453964e-01 -2.737275447595183930e+00
1.065928524785108777e+02 1.596084175528996729e-01 -9.370265283445116111e-01
1.028786535467540517e+02 2.182434116930457579e-01 -1.061655578347351581e+00
1.007925814906728732e+02 3.276096842216290606e-01 -8.654243273406809767e-01
8.727919951055156389e+01 7.103192275819374402e-01 -4.324268887887537716e+00
8.270209777084536995e+01 1.073215441197764436e-01 -1.788174121202495304e+00
7.638927539817815671e+01 4.864993306631399950e-01 -1.264261872096617834e-01
7.846541297202432474e+01 3.490652326703549413e-01 -6.163798736673432588e-01
8.794876395556106274e+01 1.944178621925923833e-01 -2.320207019946648686e+01
9.585409330137699158e+01 4.307565160701434248e-01 -1.070552637505850946e+00
9.474000180857225928e+01 3.047312597343962981e-01 -1.989354444798348887e+00
9.652085114955235667e+01 7.660204734040527985e-02 -1.908124157619128125e+00
1.015313749053928518e+02 2.356147343396150506e-02 -1.004633023020241378e+00
9.366724668224389916e+01 5.221673689208994329e-01 -1.627040396935657052e+00
7.725883870010844134e+01 2.674468170604419881e-01 -2.817045917464375271e-01
8.902417493908906465e+01 7.688772635970598790e-01 -3.318815297508298734e+00
8.833902306872244026e+01 2.345264972328340025e-01 -2.096682519500949482e+01
7.734541999181358563e+01 6.483724577566785108e-01 -1.616129496066793791e-01
7.210226647226598118e+01 6.187842944002459600e-01 -2.508759841221257503e+00
9.089262786307108399e+01 5.963995701792969006e-01 -3.888037670290215964e+00
1.064224927942091199e+02 4.669592345946714795e-01 -9.085424591406018324e-01
7.998954904149607614e+01 2.634871136788295987e-01 -1.459362723269812312e+00
1.007618166897954524e+02 3.947889931138831576e-01 -1.023817267700553701e+00
1.057833149945094817e+02 6.767042858489311641e-01 -1.284809841066109515e+00
8.557014147068190368e+01 3.138346079795889532e-02 -2.759699217058014575e+00
8.473229169803565242e+01 6.985637296077117364e-01 -2.871183840566972290e+00
7.352008534457728217e+01 2.842168975861922853e-01 -1.369779739175790212e+00
1.046618896271537835e+02 3.867737772745322156e-01 -1.083275876545203964e+00
9.956071500016949472e+01 7.903648096640192300e-01 -1.979541527172414161e+00
1.013370132867864015e+02 3.394790288307716342e-01 -9.010197348240024384e-01
9.019768453284061138e+01 1.121663893933775996e-01 -2.525116146908881021e+01
8.881019124696754830e+01 3.693260634508784696e-02 -1.432360897838311509e+01
7.482786117517466096e+01 4.538743674543885831e-01 -3.234414783984171371e-01
8.353363499745672982e+01 5.066506087108096912e-01 -2.101245478297392832e+00
7.609513036770464112e+01 6.063865404238766299e-02 -2.331750421383356475e-01
9.334603576738882680e+01 9.899347279626255491e-02 -7.367500922905088068e+00
8.029010977269653893e+01 8.677901756123641841e-02 -5.081146509942511269e-01
7.388515179707522407e+01 3.704938967753931278e-01 -7.424003053033961796e-01
7.334625074198467587e+01 1.395993780077180169e-01 -2.657595618634902568e+00
7.432701519318597150e+01 6.270424381558642457e-01 -2.927030367740832140e-01
8.953676353476853933e+01 2.012418022784122074e-01 -2.337681142678392021e+01
8.696447897423580287e+01 3.587228070506263689e-01 -1.119049346578757920e+01
8.373070248193340603e+01 7.964294701363937579e-01 -1.898789504995663791e+00
9.222168505362631663e+01 7.654407920091188533e-01 -1.515564953454493491e+00
8.315757415056869206e+01 5.773413797618792698e-01 -1.760531174983131608e+00
9.913039724518944240e+01 3.792632098080463976e-01 -8.155805709981270857e-01
9.431081041534638132e+01 4.581334978691333770e-01 -1.580542419223865958e+00
8.247943511460519517e+01 6.444470978885046275e-01 -1.566448195327479143e+00
7.893252379873057123e+01 1.845283343695677813e-01 -9.984449986146020084e-01
7.803300400667478698e+01 4.074701489259325848e-01 -2.403871317342360647e-01
9.545813630757264434e+01 7.138545572071027800e-01 -1.171421889580114284e+00
9.153713086059401860e+01 6.669691283314042041e-01 -2.578221622935058299e+00
1.053976812146383111e+02 2.122043288678233663e-01 -1.177843549122350897e+00
1.036264299685508092e+02 2.742175671441294260e-01 -1.164500185124909715e+00
1.042930123242599194e+02 3.137660750867594661e-01 -1.157796472246056307e+00
9.115558224917133145e+01 6.081855811320866501e-01 -3.144406930916663345e+00
1.025229128291778409e+02 4.784920735093754485e-01 -1.455838089578596506e+00
9.826831685274898120e+01 7.448629738812312384e-01 -1.583517733931423699e+00
9.288093456353449540e+01 1.641639792478628290e-01 -8.324017339292247186e+00
8.185943033220461018e+01 1.542598824216445154e-02 -3.150011706791407962e-01
7.789952112366351855e+01 6.908394281670582338e-01 -2.470647988162898157e-01
8.643955676635687269e+01 3.280174223432219538e-01 -1.073640813934866856e+01
8.140101464732057934e+01 7.251104538514461240e-01 -1.291668681021944876e+00
7.266431534440671669e+01 6.388840890049897192e-01 -1.414739495164152538e+00
8.974507684501492122e+01 5.626149859518522200e-01 -5.698148076403350082e+00
1.029435798188386002e+02 4.223143763817891472e-01 -1.310892762943735912e+00
1.001023173936033004e+02 1.314291305402161547e-01 -7.255659602268255126e-02
7.936499150593988361e+01 3.643532903106939114e-01 -9.616398831480112985e-01
7.545093881327862562e+01 5.196320511883365523e-01 -2.270542057003866743e-01
8.216675361870733241e+01 4.349491288176374759e-01 -1.596799357692644916e+00
9.785388096208872355e+01 6.859183335041407759e-01 -1.356114663699840461e+00
8.505472730655502289e+01 4.038792773555963805e-02 -1.616592649639372103e+00
9.644511089928317915e+01 2.440397342308960327e-01 -1.111275352629984337e+00
8.600126415712630035e+01 4.459633595108430382e-01 -6.732695830543648619e+00
9.880009983683888208e+01 5.392203574385493470e-01 -1.261333633709319502e+00
7.188996571774507061e+01 1.762217483254041595e-01 -6.082499240918136429e+00
9.835209631481188808e+01 6.576934970680051729e-01 -1.422400507372870715e+00
1.018425517985970288e+02 2.247082407022572559e-01 -6.712932347785288689e-01
1.033159265525889623e+02 6.110013865112708109e-04 -3.099942980411571458e+00
9.716765182592509120e+01 7.535250439636216324e-01 -1.349123010662063304e+00
7.447197327805517375e+01 1.731066709953957838e-01 -6.664763870884197194e-01
7.237770577015454876e+01 6.695808263194018284e-02 -4.438937045921105273e+00
7.690298778664835311e+01 5.295484077268514111e-01 -1.198813503335922070e-01
8.521289727510145440e+01 8.915787357550325476e-02 -6.884978414804895586e+00
9.509591505871216555e+01 4.083470888168516111e-01 -1.484975224572775865e+00
8.407294881134336606e+01 1.493609179717589053e-01 -4.329313006024547050e+00
7.553779221971979041e+01 1.204706108753619831e-01 -1.522187368309524669e-01
8.665955639149879630e+01 5.755939387114042960e-01 -5.489022830620020166e+00
1.052158817149493046e+02 7.425866839631636296e-01 -1.533996669487490472e+00
9.989442813935659160e+01 7.297941771666970334e-01 -1.983288088985340147e+00
1.047213650721815839e+02 7.810894583772649558e-01 -1.761798002754436876e+00
8.101347591296421058e+01 4.987589983035490282e-01 -1.307514405943483782e+00
9.315208530709156776e+01 5.524250603129629011e-01 -1.809670521154713940e+00
9.061325965758678080e+01 4.995085264432963523e-02 -1.722762769159087526e+01
8.785463675810017037e+01 6.036665727314204366e-01 -5.884131637615421795e+00
9.215295104616450317e+01 2.886871500254734602e-01 -8.252347436434622097e+00
8.924929697057150690e+01 1.443888949374609598e-01 -2.657903021735659976e+01
8.922729490733912883e+01 1.367979488027110946e-01 -2.666590135158250874e+01
8.909467466799448232e+01 1.304618055298798207e-01 -2.667890983105755609e+01
8.921186207614391606e+01 1.349209139856533402e-01 -2.667438361830197380e+01
8.932857291993667559e+01 1.468963495362357596e-01 -2.653061239908167224e+01
8.941229994326980091e+01 1.237232228254323135e-01 -2.644960295699867459e+01
8.875929955296734875e+01 1.391494541731301549e-01 -2.599983547730783329e+01
8.899655285414516470e+01 1.529492259612523775e-01 -2.638336644328110125e+01
8.911525559664215734e+01 1.270183775369591317e-01 -2.664968134825404533e+01
8.881815252221795731e+01 1.480840587254624863e-01 -2.591992032374528065e+01
8.913876456383016489e+01 1.461321543707630455e-01 -2.654982669020580133e+01
8.888393588128681699e+01 1.317838352645595845e-01 -2.670017239738998782e+01
8.926956367725560426e+01 1.205114035960684893e-01 -2.651322619459279650e+01
8.919874537097265943e+01 1.469711776743625742e-01 -2.653173356615377898e+01
8.876655850462303476e+01 1.448250417326460426e-01 -2.596693286659401068e+01
8.936034483769932990e+01 1.402842439804982966e-01 -2.633874651370324926e+01
8.866290938748437611e+01 1.290743678194048172e-01 -2.595078737614747055e+01
8.895401661175165486e+01 1.358349185429375550e-01 -2.668760507613799504e+01
8.929168235154465094e+01 1.323356729982779478e-01 -2.666828644159323858e+01
8.928590422926282599e+01 1.373693094430990247e-01 -2.665891862523911371e+01
8.890732735849334745e+01 1.564406614611827395e-01 -2.627267453318355095e+01
8.902481716267143952e+01 1.313381024246827455e-01 -2.668816848967949440e+01
8.906472657212449917e+01 1.485842266672685597e-01 -2.649794742212512233e+01
8.922018379291097290e+01 1.337083887618824019e-01 -2.667548128766845750e+01
8.900336098536998009e+01 1.493987741870471120e-01 -2.647871211891684240e+01
8.894473220069566821e+01 1.276436944935406825e-01 -2.667346074850730986e+01
8.909292040964847104e+01 1.380502328277856683e-01 -2.666519254138897921e+01
8.906672873981842997e+01 1.292904211378653190e-01 -2.667478929998967985e+01
8.896239260442393970e+01 1.423589882313180677e-01 -2.662021012972685341e+01
8.915489683269062482e+01 1.317802915509058426e-01 -2.667855514794897687e+01
8.933568059716314735e+01 1.230808040073354120e-01 -2.644153307666652353e+01
8.912366828014265252e+01 1.255508433470424734e-01 -2.663027005010625103e+01
8.890184697565558736e+01 1.386020422217226211e-01 -2.666951152749622267e+01
8.908280131821254599e+01 1.455438599886196283e-01 -2.656239943318013275e+01
8.893033891345160669e+01 1.335416405741408075e-01 -2.669672615768836010e+01
8.905835093106425404e+01 1.259665696679319602e-01 -2.664320720132835874e+01
8.903443645929226591e+01 1.384749672419705036e-01 -2.666453908631454084e+01
8.915569129379876756e+01 1.444764701986443745e-01 -2.658021312158589211e+01
8.936255874494219142e+01 1.469363314171660828e-01 -2.617739002809544857e+01
8.895176448891541554e+01 1.381480643495930916e-01 -2.667146194171555607e+01
8.916335722605381875e+01 1.283036582069397302e-01 -2.665761305026386196e+01
8.912032629260758654e+01 1.323481660779893543e-01 -2.668258261189068037e+01
8.867603789881437137e+01 1.347885241694441183e-01 -2.600732872211171909e+01
8.872848744812510802e+01 1.441712127366456542e-01 -2.597935149880113315e+01
8.913931080997718936e+01 1.303306981668317099e-01 -2.667425427366950430e+01
8.913600448880282556e+01 1.389899881513133872e-01 -2.665477564936217192e+01
8.886269174689239492e+01 1.319186969834942047e-01 -2.670191327352916844e+01
8.952708030209102219e+01 1.436810077234138283e-01 -2.628407941898307243e+01
8.902952603646835428e+01 1.452291514037054310e-01 -2.656946961816186814e+01
8.904439053818121863e+01 1.341144811105758616e-01 -2.668791171374950011e+01
8.886844199216578488e+01 1.433814772003782767e-01 -2.660615041039538298e+01
8.895627524917155426e+01 1.381158938311657092e-01 -2.667153029243226214e+01
8.895496199181494035e+01 1.325005439744288138e-01 -2.669550683184609241e+01
8.890613990900195063e+01 1.291675328588732796e-01 -2.668864993233405869e+01
8.887899805018608390e+01 1.271552847429722188e-01 -2.667530227167280898e+01
8.892855976516572980e+01 1.299775949382472318e-01 -2.669109506033232293e+01
8.889888935213687660e+01 1.328660421795400670e-01 -2.669955738855225746e+01
8.891006477691155396e+01 1.336259110712416376e-01 -2.669796730947107477e+01
8.883284242911167894e+01 1.283559333191874596e-01 -2.589831288607925330e+01
8.893587811305769719e+01 1.260384123836401915e-01 -2.665732887443035537e+01
8.902401994279476583e+01 1.333754917255999817e-01 -2.669032353989493345e+01
8.877089435055849265e+01 1.286096829313132239e-01 -2.591765595728303850e+01
8.901352450673070393e+01 1.345967428847180125e-01 -2.668886117001194336e+01
8.892102435562037499e+01 1.361418585149578309e-01 -2.668780445830534021e+01
8.893174134533744279e+01 1.366380228960809295e-01 -2.668414383167236537e+01
8.896440280840396042e+01 1.346846566829219827e-01 -2.669179193734072442e+01
8.889299243127541672e+01 1.250298241147278222e-01 -2.664885493361591884e+01
8.878577432460754437e+01 1.332295424940183604e-01 -2.597301943280406888e+01
8.880290411996786304e+01 1.325601279660962029e-01 -2.596304570918529819e+01
8.924296923902986123e+01 1.483676508138596084e-01 -2.650099330102788642e+01
8.900032865253263026e+01 1.372668064675992283e-01 -2.667611861824994435e+01
8.899464657355601105e+01 1.353365299823935664e-01 -2.668748098407480995e+01
8.879757098508417812e+01 1.295172314827816584e-01 -2.592592480234664620e+01
8.914874807785301414e+01 1.164832626338510591e-01 -2.641513438514144241e+01
8.892725609157173494e+01 1.246526179765678616e-01 -2.663965573909448636e+01
1.010669326054448902e+02 2.017865808249581089e-02 -1.050871866570308510e+00
9.690577849502845709e+01 1.252805454596809254e-01 -1.162335499661517835e+00
9.602519936224877029e+01 5.472432136015173976e-01 -1.084904301785154734e+00
8.521852767437478349e+01 2.663323337138072677e-01 -6.884458553031926442e+00
1.036879384921564053e+02 7.779881570528159873e-01 -1.905040226487435762e+00
1.062632039501144732e+02 7.050673018828832461e-01 -1.178921283700793410e+00
9.137516236339608611e+01 2.182106668280170136e-01 -1.368587178467929633e+01
9.203825736363191368e+01 2.809104603190226701e-01 -8.505449037851626315e+00
7.510029720488060434e+01 6.790819572313356867e-01 -2.554723281904368037e-01
1.052783774287586738e+02 7.495231743532984048e-01 -1.545911675019289611e+00
9.222282912732475779e+01 6.805273978783019651e-01 -1.810681105987715256e+00
7.743978982398375877e+01 4.466319508402267768e-01 -1.396166723422178346e-01
1.007071767926826311e+02 4.220169799295599850e-02 -5.261544194865600543e-01
8.479469219605626051e+01 5.588493304084302116e-01 -3.325710894227500436e+00
9.017624707016007335e+01 1.432293104372213133e-01 -2.511410956029045494e+01
7.652241870355615561e+01 2.295675672545151869e-01 -1.620142168473834299e-01
1.028426337050336485e+02 2.077077037857142927e-01 -1.059018076779909778e+00
8.826448353595239382e+01 3.774811828057778040e-01 -1.292526920102069177e+01
7.166930332794828473e+01 5.139674001109538759e-01 -3.721604369544683877e+00
9.434896189981441239e+01 7.701508694786975973e-01 -1.202711186831345591e+00
8.113159286354394339e+01 5.418884195785568236e-01 -1.276093565705239907e+00
8.369766816135026488e+01 7.648486240778095135e-01 -1.905635877605944994e+00
1.046075641241989445e+02 9.386904122165166953e-02 -9.450924751328694251e-01
1.033148517684035994e+02 3.596746845004551996e-01 -1.195842747867450262e+00
8.315730529601468390e+01 5.259714238332926506e-01 -1.803337078440153007e+00
8.468697445054291961e+01 5.685795912642810368e-01 -3.291059423675119167e+00
1.012457239658834851e+02 6.205437612983842888e-01 -1.837160350792331087e+00
8.720536038570126891e+01 2.796935460682287711e-01 -1.584533876389194695e+01
9.650081731220460313e+01 2.372641909239486258e-01 -1.133551852394141468e+00
8.991477862267244348e+01 5.037717794043545805e-01 -7.213043084625267554e+00
7.206975998207735756e+01 3.345500642229209953e-01 -4.375008019867230757e+00
8.292365712121525689e+01 5.656348458809198343e-01 -1.775682050066953011e+00
9.897461666227479782e+01 9.811788087703328387e-02 -1.119779998904110313e-01
1.056611075581251669e+02 4.756538188214663732e-03 -1.643765930451391410e+00
1.060306182534475568e+02 6.509866397366219637e-01 -1.104882387126310705e+00
7.586801056349074202e+01 8.176471089134393355e-02 -1.268169211958608822e-01
8.866895660577930016e+01 5.845939146064597081e-01 -6.042199920949679282e+00
8.067603007094481882e+01 6.152288158410171293e-02 -1.535713062635687132e-01
1.067039282940402529e+02 7.902284196973257124e-01 -1.298032113126809994e+00
7.926230745222072471e+01 1.857411375376104568e-01 -1.168181556647579278e+00
9.381297472537139015e+01 7.262740192510883652e-01 -1.253312987744184870e+00
9.279800422067728505e+01 6.603762204806626901e-01 -1.651827421828475639e+00
9.459581394637913832e+01 3.190604780537310003e-01 -1.872767686689496891e+00
1.029528644527549943e+02 1.156275663241279061e-01 -8.813977349776753734e-01
8.258009292158804726e+01 7.993361307478412670e-01 -1.553070403941017030e+00
7.998892633783218287e+01 3.271320043565548730e-01 -1.343975738756420402e+00
7.724286474602553199e+01 7.289225597566700854e-01 -2.000846471873506394e-01
7.818060376748989881e+01 5.772194849727838584e-01 -3.178213811399788202e-01
8.726395318667738366e+01 4.122294338992584795e-01 -1.039962527642606638e+01
7.882833622245644278e+01 1.314373861131789556e-01 -7.514999499767396340e-01
8.118954666781800711e+01 6.375288377831495046e-01 -1.237316101296035420e+00
9.074312804544818789e+01 3.047706020162219698e-01 -1.335796041416461044e+01
7.407189169993326061e+01 6.125499082835446085e-01 -3.808732080984318924e-01
1.018443657256658668e+02 2.476940766698003393e-01 -7.325701642725426233e-01
7.857351618749414968e+01 3.664569699619294463e-01 -5.886180359535843065e-01
8.920182051734064999e+01 1.534685436927203661e-01 -2.637022461855669064e+01
7.452716510075988765e+01 5.350346630353047805e-01 -2.840322139954080116e-01
8.630099760897975614e+01 6.045759240865473672e-01 -4.663975647924530676e+00
1.003783409127682802e+02 4.703423743978962235e-01 -1.314261277759760649e+00
9.539444049953593208e+01 1.935034981414491539e-01 -2.336902733954066669e+00
9.090066081547647059e+01 4.858535203137747671e-01 -6.106759000445888041e+00
8.682811629570875311e+01 6.999442856347934949e-01 -4.348547792916913401e+00
7.777844670489945145e+01 4.605003315820910270e-01 -2.182341358242960716e-01
9.298747213156099178e+01 1.651864351885217186e-01 -8.339414902345819058e+00
8.830542487098864513e+01 2.530683254389319847e-01 -1.984805704647421720e+01
7.383534920218347963e+01 1.825037589364906232e-01 -1.336954411029174894e+00
1.040071822078716650e+02 4.321469515008331541e-01 -1.211575926160129102e+00
9.950512486725483541e+01 3.018889517851253146e-01 -5.023048860601715404e-01
8.029948934600604105e+01 4.228026236567510310e-01 -1.187012578869177437e+00
8.367173934274410385e+01 3.687226217147685503e-01 -2.961937605319840294e+00
1.016010986803655527e+02 4.253887672548464227e-01 -1.284586718384629789e+00
9.157862744511632513e+01 4.024574485926536993e-01 -6.090238148466123214e+00
8.171541871764978282e+01 4.901141373695497849e-01 -1.447453727310149763e+00
8.771765147151764097e+01 1.729142436331053689e-01 -2.224938167104868114e+01
7.658169326228949103e+01 5.103340018566926428e-01 -1.360180900914176871e-01
8.591138153385777798e+01 6.714778381170805055e-01 -4.107994724137540743e+00
9.749681832642860968e+01 2.943249660037567939e-01 -6.686690690882628463e-01
1.022286533789808800e+02 6.609184631004473565e-02 -5.111616767923771176e-01
7.286130582423906787e+01 1.199227086161770706e-02 -2.363133471168308741e+00
9.620192341143165038e+01 6.315261095433661875e-01 -1.131810890461492081e+00
9.832933667119095844e+01 3.968741584567972991e-01 -8.225691510837216391e-01
7.256393554363749843e+01 5.480902154858938169e-02 -4.315948005349450334e+00
7.305073209358282327e+01 1.464887401670907641e-01 -2.614251702139696931e+00
9.756503354031423214e+01 3.918144027043619637e-01 -8.350670653654297393e-01
8.416265978800112180e+01 7.707981491110869887e-02 -2.235947156027809246e+00
8.214786753201508418e+01 1.119850533549530680e-01 -1.406196198127770414e+00
8.953491927503955594e+01 3.859268240453248011e-02 -1.521760307058843331e+01
7.581696592981597860e+01 3.406997268921971855e-01 -1.710305875845378187e-01
9.983428907565856036e+01 2.638893198280267346e-02 -7.866037760862730766e-01
9.347516135597003029e+01 7.583585240521163451e-01 -1.306271743755830439e+00
7.948512176684972985e+01 6.906901873850187501e-01 -7.710853238634290951e-01
7.342434621041333287e+01 7.130247273107812589e-01 -6.265125577820833680e-01
9.931243095687108280e+01 2.147441611171124753e-01 -1.742213689117439179e-01
7.143339033078166267e+01 2.611293070112540304e-01 -7.148238528436964501e+00
9.547285186252591416e+01 4.743025356011026372e-01 -1.156466301142908160e+00
7.514694633941255120e+01 6.424921359400793675e-01 -2.521378610705941603e-01
9.794720216701352911e+01 3.496116280018447542e-01 -6.960448660443646629e-01
1.049603395455230554e+02 4.503087514976024663e-01 -1.132888333051063290e+00
8.580591018879985654e+01 5.968029386818606286e-01 -4.218075068817107365e+00
9.483650176269387089e+01 7.379199075534113028e-01 -1.181279473517414802e+00
