7.873090137687037782e+01 1.163545562996010641e-01 -3.106812412879410568e-01
8.007253397647401982e+01 1.588736917888696476e-01 -3.334862014758839810e-01
7.995645639751394640e+01 7.520370817475576786e-01 -1.999042442205812009e-01
6.368982737821265516e+01 5.587124070727703673e-01 -3.388327342425735966e-01
7.345824465984239282e+01 3.445620622301447944e-01 -1.505907408771029465e-01
6.620734001311369354e+01 6.535629158576942155e-01 -8.529835780146035606e-01
7.727609020379108529e+01 1.918945432399806472e-01 -4.686959854840734296e-01
6.455411018684959856e+01 3.937567789811474706e-01 -1.132021648749379716e+00
6.522283361888533193e+01 6.108546005218131736e-01 -1.258785883193089150e+00
7.555394772389539071e+01 1.490037244103216696e-01 -9.683025654025694706e+00
9.023979631679740976e+01 4.660383441455147047e-01 -4.629484255598502185e-01
7.908495277488574970e+01 2.190191589069544753e-01 -1.518932560539339727e-01
6.956637301282746932e+01 2.581718920913759763e-01 -2.077948499674991290e+00
7.533752685852111597e+01 7.879562702414664166e-01 -1.674714438686207618e+00
7.622751580746259492e+01 1.637592960214614146e-01 -6.627398979823640346e+00
7.186192551881964619e+01 2.704567544497867293e-01 -4.625182940617155181e-01
6.708728058793747095e+01 1.406886714290402074e-01 -1.612270947437379531e+00
7.938184794733768967e+01 1.966346710216799742e-01 -6.685030186271394281e-02
8.923925902456390702e+01 1.251307479590539617e-01 -1.122212111277379520e+00
6.295074605883516483e+01 3.355428718762799578e-01 -1.425971538225363933e+00
6.848861313311732602e+01 7.722020905786016742e-01 -2.401291892885519363e+00
7.745011985791900599e+01 2.465547634698907198e-01 -1.820815096563840885e-01
8.106761630736512814e+01 5.266251263912393732e-01 -3.836680847172360687e-02
7.157545001777793914e+01 6.626028650770057205e-01 -3.269478192379194348e-01
7.591677711139411144e+01 6.398219706549301833e-01 -2.263067088130384263e+00
6.248689770321536230e+01 5.119565924542930357e-01 -3.105883586292617959e+00
8.584253027199409303e+01 5.444040290482420330e-01 -8.506169678914225762e-02
7.090455943103587799e+01 3.833379360655791435e-01 -8.580263800590225420e-01
6.133862294365884793e+01 2.777791136031853569e-01 -4.057346295075162090e-01
9.049280329513123888e+01 2.143651885690490144e-01 -1.863532826939309772e-01
7.393864897946559722e+01 5.034683364382878112e-01 -6.739782458269942544e-02
6.675153738024276606e+01 3.583535186862934346e-02 -1.857135036101296294e-02
8.160650825049155799e+01 7.601018713576287444e-01 -9.701490053321876195e-02
6.504790534812966030e+01 5.709952419792635459e-01 -1.124351287092908880e+00
8.753590446622669674e+01 6.974094953230145499e-01 -5.937323634220211671e-02
8.719690376894111239e+01 4.030200774469168690e-01 -8.535774350977066993e-02
7.450236317372187500e+01 1.809956381075503162e-01 -1.927063098033032107e+00
8.183962396636884762e+01 7.446484971210679538e-01 -8.420595726331177311e-02
8.655670786141679685e+01 7.981465159925527075e-01 -5.721117400102431610e-03
8.399167332590778301e+01 4.880567270061488827e-01 -1.405084813516202513e-01
8.033397479761174509e+01 2.986563616766261808e-01 -4.299141353643786134e-01
8.505212507260544896e+01 3.225366198721825173e-01 -5.692384211498755509e-01
6.416472515886339067e+01 4.104147842360454934e-01 -7.311813708821435220e-01
8.220952071871428757e+01 2.354561238645397347e-01 -8.525309227209566521e-01
8.149780558282793663e+01 6.465201855265382269e-01 -7.764028599797709318e-02
8.682447600015242983e+01 4.624075988540358312e-02 -1.154020239996063957e+00
7.101473963218076335e+01 6.287616023195017334e-01 -7.005193496575282674e-01
8.808498123064066476e+01 5.419098593612629022e-01 -1.033918811083810729e-01
8.620093575185991597e+01 2.795244750938460920e-02 -1.083515940728718041e+00
7.685268628829176407e+01 5.900061758631391061e-03 -2.512004887171840894e-01
6.906479811933519386e+01 7.079942507638176119e-01 -2.195429341942876533e+00
7.131219837884499668e+01 4.574814072746452576e-01 -6.175602138650649886e-01
6.561250963001955938e+01 4.787360137752001421e-01 -1.956171313318416871e+00
7.005545186322825657e+01 7.837298160648961121e-01 -3.674822974163481915e-01
8.972418802412552452e+01 6.218850418541672642e-01 -4.360483914967110963e-01
6.593218076472689404e+01 4.462269502987427083e-01 -1.682747270533118344e+00
6.801906954308739728e+01 7.250840889101519693e-01 -2.262117871451376772e+00
7.801425029361473662e+01 7.420437965313195772e-01 -4.831688131309780365e-02
7.056989214535313693e+01 1.607546731792229219e-02 -1.225316604793795228e-01
8.895220137622024481e+01 7.359345782902492195e-01 -1.773122783284223347e-01
7.309776951356735708e+01 5.891743165174373464e-01 -2.420120202977980167e-02
8.833039985551425843e+01 6.934047110788218449e-01 -5.633158413400252140e-02
7.467036612135430573e+01 7.179547764438336532e-01 -5.728201751423863675e-01
6.777596071640931541e+01 2.851501934206245870e-01 -2.760913072225901654e+00
8.067129279472879944e+01 4.840132051029361060e-01 -1.995177747502953625e-01
6.740567398792856579e+01 3.911782767393414684e-01 -1.879478018371040005e+00
6.641831447763296126e+01 2.528344647548549928e-01 -2.946463798807595347e-01
8.428298804396244748e+01 9.313894682713280693e-02 -3.836586998202189402e+00
7.512306395242703161e+01 6.687637501907803816e-01 -1.898614580242064420e+00
6.314834475081427456e+01 2.269462328036374044e-01 -7.743713383904599068e-01
6.208492064728584126e+01 3.723781742590309141e-01 -2.397464834559539515e+00
7.828061675463389690e+01 1.718141551705307246e-01 -1.107172655127659361e-01
8.330983228392133810e+01 5.839934482775233082e-01 -9.761487596554292712e-02
6.872883878426566184e+01 1.073642549673183288e-01 -3.143025044856154970e+00
8.355588927727464466e+01 7.860609021615440339e-02 -3.145476446071968191e+00
8.940880573908029305e+01 6.857108488079458608e-01 -3.361699302651334764e-01
9.076420987291808729e+01 2.893982143624798664e-01 -1.934264709155371631e-01
7.951681034854878760e+01 3.054410644571146638e-01 -7.073742444852756939e-02
8.463227455151267975e+01 3.408689572861218209e-01 -5.926692522984946532e-01
8.785730794700759816e+01 5.549649268393006679e-02 -4.070853592808428845e-01
6.356529198807245251e+01 6.761927480586491512e-01 -4.094682433574560743e-01
8.544651377024366923e+01 5.144588570920237691e-01 -8.598907969717152489e-02
7.422580038963047855e+01 4.391417463705569735e-01 -2.658478946965289746e-01
7.274006159455001352e+01 4.197109588083345888e-01 -2.887461426303704337e-02
8.365208153631000698e+01 5.929716660505564008e-01 -8.022632396223890183e-02
7.223590865394213267e+01 5.678639607762155928e-01 -3.109371980078360909e-01
6.923672194023221493e+01 5.299449678723037183e-01 -2.392063835513383196e+00
6.155391365764879907e+01 2.058556562214634011e-01 -4.830127941852441209e-01
6.104577561730648938e+01 7.064362373894945979e-02 -4.687347151333787210e-02
7.787848938904784291e+01 8.791194135116148223e-02 -2.136250734690339770e-02
8.271569753288930826e+01 3.538941264780146589e-01 -4.803326194769959034e-01
6.430127894775280595e+01 4.254381209691607824e-01 -1.007521298786304031e+00
7.251416607385742452e+01 3.133841469097521371e-01 -1.670280083614116562e-01
6.230413389473789465e+01 1.324184792137402256e-01 -1.945928960734879976e+00
8.301148969331910621e+01 6.223792777244611246e-02 -2.144946741664433887e+00
6.077940761848396534e+01 4.503989206043888527e-01 -2.046605694622476435e+00
8.570523731395135769e+01 6.065270579412080920e-01 -3.689404423044741199e-02
8.865821426057202359e+01 3.679256522166085563e-01 -2.618058406804156801e-01
6.985708753552339090e+01 1.086027831631414947e-02 -2.302382808899811062e-02
7.660708534108269419e+01 1.030258791700487814e-01 -3.275678430682287701e+00
8.970989715853801272e+01 1.555120902386062098e-01 -6.153207828659152945e-01
6.931932034171424561e+01 6.368937258292005632e-01 -2.097803448418874783e+00
6.900859032583200303e+01 1.053707239049436889e-01 -2.546668700979560551e+00
7.739489747275895581e+01 3.494292210892786521e-01 -1.929739464342350441e-01
8.420743984305333640e+01 1.807213634515726364e-01 -2.594524666688083236e+00
7.775756229452990453e+01 6.557357404399718342e-03 -1.263526368402204669e-01
8.656379173303594143e+01 5.332025075554914784e-01 -7.408839330108570043e-02
6.342403499324635163e+01 5.238813586746280393e-01 -4.887775988861194354e-01
7.295184904845929452e+01 5.303903550513127535e-02 -7.692027580221545875e-03
7.485938308027239430e+01 2.232009257622595833e-01 -3.719836969531980841e+00
8.945763845178471740e+01 6.713924070266247268e-01 -3.371954334146729515e-01
7.412159257768021803e+01 7.292996305221899345e-01 -4.467762383731728459e-02
7.340232622705943299e+01 7.720399607600930691e-01 -4.043112670752860988e-02
8.833475438333215379e+01 2.448481575563035695e-01 -5.387419497542602631e-01
7.461336431808646807e+01 1.248745746800664636e-01 -2.610615226058374372e+00
7.975876801330504406e+01 1.470698989895229403e-01 -1.096051693743456679e-01
7.928895466774704914e+01 2.295533599843633810e-01 -8.337311164924145201e-02
6.144427360671799221e+01 3.662814694070654631e-01 -3.908968623802873132e-01
8.097111366413751909e+01 6.227525597303283922e-01 -8.094977176667712826e-02
6.729045170997260072e+01 6.601140312291631229e-01 -1.290139105738871583e+00
7.661508755143762528e+01 7.928898014409951900e-01 -5.100226734675873397e-01
9.025118750999722295e+01 1.321670474163024189e-01 -3.118369181821386560e-01
7.265994355579573494e+01 2.019882841537000151e-01 -4.423180905083719944e-02
8.937360691155986103e+01 4.521846539998812253e-01 -3.409032125633942867e-01
8.004488943373081611e+01 4.689545465137658908e-01 -3.176588318984194248e-01
8.613085946591110087e+01 2.846201172973896187e-01 -8.223700408332980105e-01
6.847665111480296218e+01 3.533305116144765112e-02 -4.334535968748067236e-01
6.174597235596539235e+01 1.618561245715073871e-01 -8.404952785388771774e-01
8.507409101274888030e+01 4.119387902010075708e-02 -1.981144821458304284e+00
8.080431491148550549e+01 1.565343159605301834e-02 -7.253735032113922676e-01
7.816430124554558745e+01 2.508569265751574018e-01 -6.362481399565193818e-02
8.213576088581314139e+01 4.876621094149977687e-01 -1.720909665214613582e-01
7.843162015471168047e+01 7.501872641312875567e-01 -1.703074454306535424e-01
6.863792701826196208e+01 7.360593091545022393e-01 -2.349372595474171543e+00
9.072517440484411111e+01 5.681160252824438706e-01 -3.973503012444135618e-01
8.248319114032477728e+01 7.108751341423564796e-01 -3.796715075264755351e-02
6.632601645425991421e+01 2.183304885856374167e-02 -1.228007552367059996e-01
6.557787894626190450e+01 4.579595516052294979e-01 -1.969348879988046974e+00
6.974745461552163306e+01 5.976932750496511959e-01 -1.165489616710864595e+00
6.400121058153106901e+01 3.598751158471699685e-01 -4.458042452332393601e-01
6.243869138156323118e+01 7.551261778222415622e-01 -2.927224948934408211e+00
8.448807731301310753e+01 6.885214784836702906e-01 -3.053056720671824473e-03
8.698252181695580987e+01 3.700320349267201547e-01 -1.762380355077238225e-01
8.585915370958399251e+01 4.274280808588825642e-01 -2.595847680393949530e-01
8.859832114204887432e+01 5.597211249024245383e-01 -9.496779783153132259e-02
6.576577583605325117e+01 9.285027007572423108e-02 -5.422197331441543922e-01
8.880727406529327084e+01 4.024693114428363749e-01 -2.263440525331905095e-01
8.352891852327604738e+01 3.993626703561928282e-01 -3.246265017807951625e-01
6.651576059938400931e+01 6.789429320583775240e-01 -3.172698439720057495e-01
6.289174969758438749e+01 3.393092904942397459e-01 -1.654882836228226406e+00
7.869367432309518051e+01 2.883661962073875151e-01 -2.239895772664297346e-01
7.525380999218609190e+01 1.923927462815198941e-01 -7.411932202465569830e+00
7.177024830920424847e+01 4.974120378138787157e-01 -3.800662663349879122e-01
7.621014781210325850e+01 1.899075084397052471e-01 -6.274374478630726948e+00
7.385013106292849727e+01 3.225565990886883894e-01 -1.531699599751299989e-01
6.073918419591844753e+01 2.567543766882484646e-01 -1.614280112451955240e+00
8.544132230209180534e+01 6.813180803504202965e-01 -5.015627845772674918e-03
7.069902122248572596e+01 6.451040025282187562e-01 -6.031865096017410277e-01
6.195922553461663540e+01 2.798881976078663736e-01 -1.651167918943711177e+00
6.483508973131587538e+01 5.485578285841126167e-01 -1.119720898221671090e+00
9.039927561771069975e+01 3.908095870625369894e-01 -4.102311424751932112e-01
6.721472178722777358e+01 6.557859436444283263e-01 -1.304779187509980121e+00
6.222347657679150501e+01 7.907075402179425394e-02 -5.958273482451958980e-01
6.496572206198828781e+01 7.634223992395293701e-01 -1.044798041155714730e+00
6.323521711558223757e+01 1.132622878051236931e-01 -3.142687235696480785e-01
7.902063914248169851e+01 6.976008331950139807e-01 -8.069021670120826717e-02
7.323216095653663160e+01 5.624393534682842200e-01 -5.332150019046995315e-02
8.747965145109526475e+01 4.477711633603004282e-01 -7.673449811045049418e-02
8.368318339728402577e+01 4.085172490097633835e-01 -3.070556752507853648e-01
7.111156591013539696e+01 3.821645147630752803e-01 -8.407902604803798585e-01
8.481189815664306764e+01 4.797811265052217000e-01 -1.274020814304287486e-01
8.559910534250658998e+01 5.832616702594972669e-02 -1.865847236026396017e+00
8.275784796782208730e+01 2.669354733235625443e-01 -9.240773832521180786e-01
7.449423488461744114e+01 8.562685844106365796e-02 -1.916330764532797160e+00
8.791679141707456324e+01 1.008825192833903844e-01 -6.958941537152903978e-01
8.047464853302285803e+01 7.907948907045541098e-01 -2.926751611088793670e-01
8.332155485784372217e+01 2.934741134864377737e-02 -1.260348046440431080e+00
6.786479279769005757e+01 7.838633037514167734e-01 -1.831389626581920504e+00
7.560840998392390588e+01 5.910658812674000062e-01 -2.993784240812454200e+00
7.577493872903096417e+01 3.166178757457456250e-01 -6.350214874267236631e+00
8.140972751361216808e+01 2.321146040656479892e-01 -6.999232635186704299e-02
6.520450942139599704e+01 6.259931560587586041e-01 -1.249533834237122942e+00
7.020530937596666377e+01 7.241352091585873119e-01 -3.053452725429833814e-01
6.685426300555239720e+01 6.094236284967502471e-01 -9.847094323084040202e-01
7.221144897917410788e+01 2.118799517971594604e-01 -3.493383525072373819e-01
7.144510701952359000e+01 6.007285596629642344e-01 -4.223411013460246499e-01
7.670798723238530670e+01 3.099814275417156484e-01 -1.820696103825190981e+00
6.104138081153400464e+01 4.385667206419964770e-01 -9.520412624413848723e-01
8.694249203019751349e+01 4.943525225423697211e-01 -5.280326233446031720e-02
8.779352302095233540e+01 1.690918393580833901e-01 -4.107754850772223909e-01
8.185137856476386276e+01 7.185131116453670197e-01 -8.542776551360688198e-02
7.723112941573918988e+01 5.121741665258534582e-01 -1.633043113288850379e-01
7.050638301810192843e+01 5.043466136962703183e-01 -5.307647649545412794e-01
7.940612409589671472e+01 3.034997252614394236e-01 -5.737165289948945729e-02
8.162748872399762945e+01 5.788313464231501504e-01 -8.382339714526340635e-02
6.795238114817527730e+01 6.954746534486680454e-02 -1.621198383498602791e+00
7.203591331336167514e+01 5.434725063800714961e-01 -3.923741845569165276e-01
6.426820928974689195e+01 4.218700040836881882e-01 -9.248668632079437568e-01
6.947928402159256223e+01 3.339266140289713913e-01 -2.235414450238519368e+00
6.381040525978422551e+01 1.360712377384892258e-01 -1.648295013456188562e-01
8.201242771122862507e+01 6.125701105399669055e-01 -9.769697867540748371e-02
8.964814950839819119e+01 7.756995974526903481e-01 -3.916569264182084287e-01
6.849308576274792415e+01 3.051085990285181127e-01 -3.876867361293703684e+00
9.072191151038610712e+01 3.827808433425734513e-01 -2.925622552771101614e-01
7.309439359313067541e+01 7.516137629471223401e-03 -4.591233506462808617e-02
8.936257996826141436e+01 6.465575052661717281e-01 -3.022618385899050741e-01
7.422391029858192724e+01 3.746601219460517218e-02 -3.495656936939299797e-01
6.510166574704599896e+01 4.976431743408709085e-01 -1.188790268354103397e+00
6.818072762352618099e+01 4.543129880997256453e-01 -3.265984897184206925e+00
6.115813498076776966e+01 2.284388813298548482e-01 -5.383982949149892505e-01
8.804946103309404748e+01 6.367516904504610942e-01 -7.326988850785096097e-02
8.441945829289996084e+01 3.314631492223453213e-01 -7.167129486464052235e-01
7.901243995989788971e+01 3.433203670970157440e-01 -1.437886678088272363e-01
9.021672115195730157e+01 6.290871213509455773e-01 -4.894547741034266930e-01
7.302149843521821992e+01 4.469889839169591816e-01 -2.686993778634991920e-02
8.614042154750880798e+01 1.904956152763968846e-01 -1.534252927398401356e+00
7.071858003590600106e+01 2.640485234518856472e-02 -5.775145949822411279e-02
6.729686942991921228e+01 7.437310183772311012e-01 -1.181669709010001901e+00
7.952712913563009067e+01 6.822920296698252729e-01 -4.855877472262404987e-02
8.751675293363989283e+01 4.168144060176657284e-01 -8.804204949459908114e-02
8.266230429901500543e+01 5.429439137177303198e-01 -1.194425401896910266e-01
7.499066823723978814e+01 2.199975247552090341e-01 -5.044547784074414842e+00
7.425070949886851679e+01 6.161548443808364528e-01 -1.125144651685889702e-01
6.914583265634053078e+01 1.839980497029168882e-01 -3.022921207581650727e+00
7.153265194801277005e+01 8.213698034142309645e-02 -3.695393334302280453e-01
6.376584583458529210e+01 7.002612914931670707e-01 -3.423821855236212075e-01
8.416486163956797384e+01 4.354209764051574227e-01 -2.479418130991743741e-01
8.674218090249537738e+01 4.100159647618120129e-01 -1.892768111697073208e-01
6.671120030660441103e+01 1.291632161304833715e-01 -3.088896850798418803e-01
6.843978657075685135e+01 2.447324802600267246e-01 -4.099567274900463687e+00
6.262546961229476494e+01 2.514218355150961148e-01 -2.743733718292085122e+00
7.830581000615433140e+01 1.966625947680873121e-01 -1.510478601272649546e-01
7.269978957304972766e+01 3.254784094416872109e-01 -3.086467970412842474e-02
7.347967293761531948e+01 1.968494347233713457e-02 -7.172715630857640079e-03
7.037026916457432435e+01 7.138549497123367615e-01 -3.167016623717175405e-01
8.646818891286488906e+01 1.699624605873204797e-01 -1.567048582454204197e+00
7.561049599830863599e+01 7.812820401095690315e-01 -1.856245052470835377e+00
6.081528891792501668e+01 4.714159323045488681e-01 -1.822767704458861937e+00
9.048829665866085747e+01 6.772099813417216119e-01 -4.759224300073350844e-01
6.981778473611247193e+01 7.974416113471640699e-01 -6.907629724515792491e-01
6.708858250122973743e+01 7.457012407299372647e-01 -1.180702167731448426e+00
7.140952741484089472e+01 6.610411855162934280e-01 -3.990049719324361699e-01
7.691495852699402747e+01 3.604296459705762512e-01 -8.298706342162632810e-01
7.697857046477074050e+01 1.552187426610098786e-01 -1.500078700808563648e+00
6.549896180619251140e+01 2.709978709508176209e-01 -1.696990725713648507e+00
8.029275956115104407e+01 6.656218500961800233e-01 -3.309491544021122555e-01
6.580222969137190603e+01 2.978357023842928553e-01 -1.933003124097088410e+00
8.371185909810955650e+01 1.208061831636691175e-01 -3.221489587498674201e+00
8.083873538287123495e+01 4.735411643290040051e-01 -9.149129117265471234e-02
6.409406320005813029e+01 2.801616379626599707e-01 -5.202150849746880468e-01
6.643272919295361589e+01 7.669979850069703620e-01 -3.258648696712168058e-01
7.746236566998842932e+01 5.319160836137121207e-01 -3.761986262180897628e-02
6.615769555948311620e+01 5.125021980143411593e-01 -1.072258988854180473e+00
8.492422220739078398e+01 7.225683635777091496e-01 -4.950542170124689560e-04
7.802733301785902142e+01 3.562042079587217636e-01 -4.147986929351941965e-02
7.870712140709133564e+01 4.958111313099407003e-01 -1.725069463555737037e-01
7.765195389177863206e+01 7.993151863251539424e-02 -1.196981609400678964e-01
8.468155921798130237e+01 2.755220163123716093e-01 -1.056081463693953726e+00
6.299692381569865063e+01 1.118666433261927828e-01 -7.488315923321744449e-01
8.328520823185255040e+01 3.967935412607169199e-01 -3.137972171063370674e-01
7.188665778414355145e+01 2.105609912076661372e-01 -4.306984684684797560e-01
8.996669338437851593e+01 6.554889085221428102e-01 -4.741327028171644642e-01
7.601939505132892805e+01 3.457271355626813647e-01 -4.823569601239497295e+00
6.216783521270608759e+01 4.304982633032033990e-01 -2.608523462778661539e+00
8.226845119567873610e+01 3.690687440309927680e-01 -3.971970365399540848e-01
8.361090191285370565e+01 3.903991991696134090e-01 -3.537160899598748576e-01
7.539503214099941886e+01 6.525119680474905648e-02 -6.248841875197275186e+00
8.045320170835866236e+01 4.576769391135241394e-01 -3.537616596690664195e-01
6.901428797303636031e+01 5.463981096775391011e-01 -2.620046247095547898e+00
6.446070036436731243e+01 2.370221621171647863e-01 -7.844990660643449409e-01
7.015061335267952813e+01 5.272232106835229581e-01 -4.791880401928487743e-01
6.968930718657365730e+01 5.705315699207208491e-01 -1.377985548752384659e+00
6.456093671535838041e+01 4.841057315021928265e-01 -1.190083345960802674e+00
8.712531249860823834e+01 6.157414599521555953e-02 -1.007270791408135135e+00
7.228585945928666945e+01 5.100913970080708237e-01 -3.288406480321820480e-01
6.307741256105730088e+01 6.897997638214734550e-01 -1.010637231720874052e+00
8.854260487210267172e+01 1.644019421756365285e-01 -1.003722382247921985e+00
6.543947448972758707e+01 5.990876707042668281e-01 -1.679138088920486327e+00
7.624114505620858040e+01 9.365595145147344661e-03 -8.253196366495296754e-01
8.572724345303910809e+01 2.572268285353895290e-01 -9.456722370146861678e-01
8.838640345734853554e+01 1.133262378929177361e-01 -1.201858933067751822e+00
7.662735507026366122e+01 3.124112107010887929e-01 -2.158705916535276437e+00
8.161704952767345844e+01 5.911961644075079958e-01 -8.405275386648297653e-02
7.484779381674506737e+01 4.072713776067974911e-01 -2.409369357720799965e+00
8.096592247966199807e+01 9.027558553058519231e-02 -3.271617308410556535e-01
8.767983925611328289e+01 5.605026014450162908e-01 -8.211889861420880454e-02
8.602023636388376815e+01 9.879029228196430090e-02 -2.197622193034585614e+00
7.971889887905749106e+01 1.459615153161739620e-01 -1.085028640057674604e-01
6.177786750790958337e+01 7.565186984649996393e-01 -9.352937740812445888e-01
6.138928993563428804e+01 7.847527084709006173e-01 -3.201871096048787280e-01
7.108530446316240159e+01 7.101469940062830055e-01 -6.380924073629460347e-01
8.296410873611679904e+01 5.532054427414531128e-01 -1.072557370968119372e-01
6.764554926791551281e+01 1.363863975473588175e-01 -2.678955458800530209e+00
6.210013469755008231e+01 2.042960093259046650e-01 -2.025611613100901653e+00
7.931742825371654249e+01 5.763998016889415599e-01 -3.364290797560543639e-02
8.143356963098239021e+01 4.139663256236925798e-02 -7.188417262062184454e-01
8.516284399853115872e+01 7.289391953620083520e-01 -3.850821832161286534e-04
8.908685657464781116e+01 2.935040191786048580e-01 -4.369309627997080003e-01
6.335473093078860529e+01 6.032997046811554576e-01 -5.635171301301521440e-01
7.365809504507939209e+01 5.536093175321500637e-02 -1.011107547303325555e-01
6.326323417795037329e+01 7.994831902054965189e-01 -7.274235966320237168e-01
6.448796656944072936e+01 7.176767179388755524e-01 -1.202877336868271696e+00
7.223185726227804082e+01 2.127925714988918304e-01 -3.508528340234404741e-01
6.846273527007772941e+01 1.044009714577558284e-01 -3.171678659522542354e+00
6.929059778505310874e+01 7.230166111656987082e-01 -1.966146897978440000e+00
6.243747957488206879e+01 2.950842578862209464e-01 -3.186156417999448376e+00
7.617608565537736354e+01 4.082861665358119563e-01 -3.262622873248756328e+00
7.825890500293644436e+01 1.174969268289809410e-01 -1.148875536731699676e-01
7.093352031297250448e+01 5.801128121213867672e-01 -7.339073677033102205e-01
7.816242723387976810e+01 5.647815022113522598e-01 -1.040818715646011777e-01
8.251284479644455416e+01 2.188518606835663724e-03 -1.666634442254399592e-02
7.682930481964208980e+01 7.286724491547473814e-01 -3.910931332197379873e-01
8.914554902143918014e+01 6.663898125670024708e-01 -2.618109944559621205e-01
8.295794216490904205e+01 5.211121505612291704e-01 -1.290037279912450707e-01
8.627098400755417629e+01 3.369860195595424796e-02 -1.236469423466292072e+00
8.839913675085432487e+01 7.780811557845684900e-02 -1.202498846013771328e+00
6.371342396857094315e+01 5.298227953061299678e-01 -3.283223354345305434e-01
8.951795360365133547e+01 3.745789705988573082e-01 -4.046025752018163613e-01
6.080618077162791479e+01 3.635565918683341113e-01 -1.607620873259805849e+00
6.948887211189789070e+01 7.537909827412164754e-01 -1.549453379539346809e+00
6.505290020271370111e+01 6.412421869446944811e-01 -1.125367320549936823e+00
6.741613052576215637e+01 1.975018792642347920e-01 -2.503622981222815014e+00
6.142165265139114183e+01 2.021067397294102064e-01 -4.123743215680159557e-01
7.316667005340309515e+01 8.446022683907963846e-02 -1.022445144909950449e-01
9.039200116303953791e+01 1.225344411660112959e-01 -1.565884206568178283e-01
6.725613824398938334e+01 4.388722177924436751e-01 -1.724613412852633809e+00
7.867961206478513247e+01 4.541957039295548282e-01 -1.776413512898620262e-01
8.760388877598440160e+01 4.995192473238124764e-01 -8.000622561360697105e-02
6.277790074071285176e+01 1.550330220435931772e-01 -1.613439254798793909e+00
8.124917834901955871e+01 1.866572599833007384e-01 -6.737405493647061205e-02
7.473359736146066723e+01 5.986882486075653098e-01 -1.065142575871810049e+00
6.692856226347501547e+01 3.062828443938598877e-01 -1.353334192745276443e+00
7.063799641443851840e+01 3.216593431179132212e-01 -7.225515132772056814e-01
6.581228344706765654e+01 1.662144591761745005e-01 -1.312734230220124365e+00
8.371522060770320195e+01 9.646633903056001103e-02 -3.389403333381087791e+00
7.972208791192500144e+01 4.449889877345458711e-01 -1.134877625965261400e-01
8.232131853327965132e+01 4.047574325081679247e-02 -8.132269567911852848e-01
8.429888813645689538e+01 1.393257032635130677e-01 -3.314598498907629587e+00
8.856406249858666513e+01 4.617278555932085027e-01 -1.472922267235508287e-01
8.672466386887143130e+01 2.938067167261976254e-02 -8.940589403506733479e-01
6.658987269384988394e+01 7.488091465960307058e-01 -3.936231619076119292e-01
8.456733978014084130e+01 8.900673628076853638e-02 -3.458260453993836858e+00
8.196820889267863208e+01 4.931604140920967660e-01 -1.563183284098556558e-01
8.155889475698043611e+01 4.185817949700021412e-01 -7.218545042747222251e-02
8.035464099977041030e+01 3.887193345902527630e-01 -3.997348611571635013e-01
8.723900143041997524e+01 6.123863350997710286e-01 -2.562278669959303784e-02
7.450968481074437477e+01 6.270195965245455028e-02 -1.517838493225455387e+00
6.794091380564357507e+01 7.870391832516712149e-01 -1.987360500406515795e+00
6.156541905811324256e+01 3.547387895353698029e-01 -4.740340314943258249e-01
6.413961253339762436e+01 2.529484770120996040e-01 -4.758368064650110307e-01
7.771968239458878713e+01 5.103493601272431901e-01 -5.128182226292228238e-03
7.275445478821285406e+01 5.131027813248308922e-01 -8.412414213336561961e-03
6.241959787711348895e+01 7.651257938777729084e-01 -2.961674100812321075e+00
7.394690606927872523e+01 5.877461324193204995e-01 -4.772552952847076285e-02
7.251086220971976104e+01 6.837658810411211263e-01 -9.412642409526238152e-02
7.364276483478985824e+01 2.679390353425991633e-01 -2.018967966612698062e-01
7.525939042393459033e+01 6.519200587144605707e-01 -2.174733179942929695e+00
6.869784247909103669e+01 3.146112347754399519e-01 -3.668507839835352780e+00
8.400112866955859658e+01 2.277790216104298160e-01 -1.769555375482663617e+00
7.582565484606750772e+01 6.994478246812699807e-01 -2.080441049954848243e+00
7.199389225804748094e+01 6.063915700988462554e-01 -3.660021659935240312e-01
6.529493576835926660e+01 7.822815318509036553e-01 -1.321852329472397169e+00
6.981825052046156088e+01 4.319779625975845860e-01 -1.172059689809541450e+00
6.467742515232032474e+01 1.299207144991729734e-01 -3.695085680503553127e-01
7.741304494821237370e+01 2.727598624661890514e-01 -1.643350501416949716e-01
7.018183262895945518e+01 3.929705259594004074e-01 -6.252762054680439663e-01
8.327133137682635322e+01 6.776030728330618702e-01 -8.959168074140917704e-02
8.498231921278699019e+01 7.753203748984714982e-01 -3.527634173720543571e-03
8.651827062275891933e+01 7.045609302165184440e-01 -1.419602320152625434e-02
8.599105307487818095e+01 3.317030539157545532e-01 -5.794810532897975985e-01
7.662121144791413485e+01 4.811802332522342462e-01 -1.082669899854756812e+00
7.040979818736219897e+01 6.611455943876516361e-01 -3.792733973467925512e-01
8.731379617605389853e+01 4.909081923094635314e-02 -5.771671216008976701e-01
8.523399679630665560e+01 4.074741975754107570e-01 -2.522176656109367254e-01
8.090947029502761723e+01 5.432661702834050699e-01 -1.023493999083626010e-01
6.762980754835405151e+01 6.859557803549014288e-02 -1.260118710735123493e+00
7.547817096417296057e+01 1.687664364745286860e-01 -9.229528827385047762e+00
6.338816321749521876e+01 5.462771878435240813e-01 -5.543267990865154982e-01
9.010474756649065853e+01 1.442936772507561749e-01 -3.918039595251063267e-01
7.182374621736764198e+01 6.908495823519407164e-01 -3.209749584237445719e-01
8.908590051501226981e+01 2.169858760748783200e-01 -6.863903886041275992e-01
9.065057341085588405e+01 3.475516059943808966e-01 -3.042677744210456892e-01
8.356395662359794585e+01 5.737439501930458041e-01 -9.340929478327099356e-02
6.906521363353157028e+01 2.618363542378738251e-01 -3.267962326793949490e+00
7.927668336674264538e+01 6.306617203499228497e-01 -3.147284125791668941e-02
6.565426895714887223e+01 2.978333723248862697e-01 -1.958280036514438383e+00
7.505946444164648312e+01 2.444422901354346145e-01 -5.344677073813985935e+00
7.410505891772244524e+01 1.188659450847212064e-02 -7.648914865445592681e-02
6.107374708905598482e+01 2.358476708597947169e-01 -6.128143383960064083e-01
8.012404896643938912e+01 7.407790149348100206e-01 -2.857340095504610766e-01
7.903465983068940659e+01 4.705613425913720005e-01 -9.547465540741055523e-02
6.191102162070882287e+01 1.799687368591170733e-01 -1.343267378641334497e+00
8.107270665354985795e+01 3.364361286447221100e-01 -1.098234084342648506e-02
7.941574035358769379e+01 2.239854233666832214e-02 -1.618934578435791138e-01
8.803860495855813895e+01 5.521574600824651347e-01 -1.014652550300632061e-01
8.984111491316110687e+01 4.748304701517747084e-01 -4.450596636370875436e-01
8.563533928185333366e+01 2.855964012940647723e-01 -7.484662021936577814e-01
6.621360261311858153e+01 6.380600436407797282e-01 -6.703146876369980856e-01
7.723884827145765541e+01 6.238520685347622718e-01 -1.215196114488453910e-01
7.126857914692030249e+01 3.804248043728771234e-01 -7.386222831523512333e-01
7.484722451371456486e+01 1.563314624373961514e-01 -4.331354018664288041e+00
7.425890658237028674e+01 1.822215557426855037e-01 -9.043080371665658257e-01
8.529069512342391590e+01 1.636173144242447364e-01 -1.703478315424056477e+00
7.355949352093992388e+01 1.308511555208227983e-01 -3.102600898925684803e-01
7.865665265174145304e+01 4.085118356333730105e-01 -1.905033987257454264e-01
7.519575043823326155e+01 1.266791373306433988e-01 -7.137562134320687868e+00
7.572571955342561978e+01 1.428330109010856053e-01 -9.819511819716872481e+00
7.467444122094924808e+01 4.513548608785885041e-01 -1.130834261800431673e+00
7.536927417017264474e+01 1.180945102306728833e-01 -8.831985753111514015e+00
6.839649617711094720e+01 1.118302753531196306e-02 -1.471410058216857282e-02
7.539992336560010244e+01 1.640035310262190904e-01 -8.879863777238963252e+00
7.349078320189181568e+01 9.935710419226334578e-02 -2.562332634838633827e-01
7.673600079928689865e+01 1.990901464312196945e-01 -2.529983785930436380e+00
6.479291425030790208e+01 2.092540976627170479e-01 -7.841341679890367899e-01
7.451585158899482053e+01 2.135938845684337561e-01 -1.731372243894742535e+00
7.391087469171974078e+01 2.026989671045158203e-01 -2.892185999759530612e-01
7.666779466846143976e+01 1.318115582794916474e-01 -3.375777587453978157e+00
6.792496757649934125e+01 2.404673035979705831e-01 -3.324549398938646760e+00
7.707993397162344706e+01 1.787394534274859836e-01 -1.138404055231784451e+00
6.750470630451758325e+01 3.734165898060015643e-01 -1.966909108381283744e+00
7.423689467567395184e+01 1.594713261503048207e-01 -7.517311032276984273e-01
8.352866334323540798e+01 1.772225509389966369e-01 -2.150739463955457342e+00
7.479567143696652920e+01 3.041577803941017955e-01 -2.880071477711717343e+00
7.143306145072848778e+01 1.190486034805623289e-01 -5.608284694146405958e-01
7.615574033545289012e+01 2.408193848987952856e-01 -6.077444247123215071e+00
7.548243212813301284e+01 1.289662861398581384e-01 -9.377723282240411962e+00
7.593704188794175991e+01 1.485099634852994066e-01 -8.760522290358666808e+00
7.553277414764559694e+01 2.192242363391524729e-01 -8.587766430250768579e+00
7.547879099502540612e+01 8.708204974336425375e-02 -8.180953740015567632e+00
7.611719849611891675e+01 8.844290304604014719e-02 -7.009138031045459627e+00
7.528532836895745106e+01 1.517894511232040777e-01 -8.458095183545040641e+00
6.723256735686194929e+01 3.076281427916826017e-01 -2.054562467014840355e+00
7.572253466974481739e+01 1.004983761727933356e-01 -9.292831287146089636e+00
7.548671233503402789e+01 3.363311013418122664e-01 -6.000307770748427139e+00
7.577690938539842591e+01 6.495679377879351457e-02 -7.119405273117934918e+00
7.556951112611682220e+01 1.422557406421154080e-01 -9.705281414431953024e+00
7.722374912710765216e+01 7.367644703570092046e-02 -6.351945755518200176e-01
7.588764732076468533e+01 2.256634772622347629e-01 -7.930664448434980862e+00
7.690020181346594086e+01 6.600008056489808927e-02 -1.506786317484844373e+00
7.576427980497501835e+01 1.012146751353877605e-01 -9.192617216197017882e+00
7.515907432691946610e+01 9.122173871325761629e-02 -6.386638155874425848e+00
7.617622653379390840e+01 1.698528488267354586e-01 -6.541164765072886134e+00
6.717989640217716385e+01 2.747029024346422377e-01 -2.059777286743548430e+00
7.620706601148873460e+01 1.911553453701536898e-01 -6.254990423016468348e+00
7.580715147225529904e+01 9.953964642499200932e-02 -9.138986876232358725e+00
7.538854271926703632e+01 1.104667201435840795e-01 -8.673369879351206180e+00
7.512230516176364858e+01 1.767334251061072614e-01 -6.973726057163787573e+00
7.680689385963789562e+01 1.241511408271869787e-01 -2.324256604969519469e+00
7.608864622803854161e+01 1.168709966913156206e-01 -8.204053965693631767e+00
7.311536844426200332e+01 4.228681506097318188e-01 -5.028772199704222706e-02
7.570358918917547442e+01 1.650124375874171545e-01 -9.623561945098714432e+00
7.575770792905838391e+01 7.895050887045446109e-02 -8.172408306366431674e+00
7.561513270520788410e+01 5.263832443401014749e-02 -5.757804539889775697e+00
7.549884118787134923e+01 1.379563761001582067e-01 -9.416457151786104873e+00
7.571749060813971255e+01 2.836913884804429659e-02 -2.905371799039893066e+00
7.557976710738998349e+01 1.647294556735738602e-01 -9.545707424149364684e+00
7.685035941608319376e+01 1.528358948151407048e-01 -1.862351227805018050e+00
7.585970830626889949e+01 5.134173178356706696e-03 -3.276715488626930073e-01
8.242859684292901079e+01 1.895414063070015587e-01 -1.357880516748994681e+00
7.559552857317183339e+01 1.364810953644672309e-01 -9.702384591655462742e+00
7.556812324182631357e+01 1.714549096316126953e-01 -9.460583548284812849e+00
7.535348161727658578e+01 1.230015289638674292e-01 -8.366217985650981959e+00
7.548613370927290589e+01 1.727794274538503316e-01 -9.177397819867788797e+00
7.576029033140768831e+01 1.191095872972870034e-01 -9.719883684255021805e+00
7.543091996380769615e+01 8.558645711130305478e-02 -7.695059630318617394e+00
6.654226046473732481e+01 1.056386455036660565e-03 -8.592485754516253627e-01
7.548859552686299423e+01 1.198211147908399277e-01 -9.272602308752482259e+00
7.563633882316300117e+01 1.041887601153864140e-01 -9.385775839869161530e+00
7.531224518527342582e+01 9.627751856544726483e-02 -7.724642319001572055e+00
7.528200473724170649e+01 4.676564658090327786e-02 -4.095166014004695043e+00
7.580664501259592214e+01 1.216767832022368767e-01 -9.590082361156026636e+00
7.538934931771845527e+01 1.563283766450953849e-01 -8.947721422627145316e+00
7.585353999903016131e+01 2.103091356310477222e-01 -8.247199332918025760e+00
7.534116299638660053e+01 1.342981707347188913e-01 -8.458813802795964065e+00
7.534142618422721682e+01 1.678563354611680714e-01 -8.321407039607265688e+00
7.562758478123544137e+01 1.550505883352850112e-01 -9.770438759123157624e+00
7.552576872946779929e+01 1.500518784605601730e-01 -9.679111476519695501e+00
7.569966490093013078e+01 1.938677307363181890e-01 -9.141048952190123700e+00
7.560144702713699871e+01 9.713608499666688545e-02 -9.142205206700774411e+00
7.581351380710137278e+01 1.703984310811142155e-01 -9.347617478402856506e+00
7.554673444469625565e+01 2.723344703142886458e-01 -7.442902054630170738e+00
7.529914847772077735e+01 3.676958131330069768e-01 -4.907307899369572901e+00
7.565566459951162415e+01 1.603555413383921380e-01 -9.718268009286807896e+00
7.552747949718160214e+01 1.901007067683977148e-01 -9.163088118047744146e+00
7.561658388378191376e+01 5.308266427938804037e-03 -2.183926750728972244e-01
7.576265638607158337e+01 1.345983611366887989e-01 -9.830130484350677378e+00
7.556554024996253816e+01 1.466430712985119234e-01 -9.693141446641382331e+00
7.560617468420798559e+01 1.273743517270927439e-01 -9.811115628547520728e+00
7.555843531546136660e+01 1.354768711987498209e-01 -9.703344411974791583e+00
7.549261757173019305e+01 1.230049474571908164e-01 -9.316173815911877654e+00
7.565202137148664008e+01 1.882710036386192054e-01 -9.300462068837909158e+00
7.572183851018499468e+01 1.259377769236142697e-01 -9.791848916073211839e+00
7.547438792728445378e+01 2.588280638562814873e-01 -7.530881324695134715e+00
7.546127402258376549e+01 1.780412876655469434e-01 -9.105425861736332394e+00
7.582885327833346878e+01 1.206884087790766058e-01 -9.580914626415891533e+00
7.557712935964164558e+01 2.901490740110447830e-01 -7.068285863190327589e+00
7.568636771567712174e+01 2.152806396753835783e-01 -8.698485803544741657e+00
7.547629245257982689e+01 1.664002637817531827e-01 -9.257776888649059899e+00
7.564246334570275110e+01 2.477906959611232418e-01 -8.049279635737949690e+00
7.584514217054159246e+01 2.626941120892896109e-01 -7.136584248085338977e+00
7.582182403272251747e+01 1.536919176710946910e-01 -9.556945884960457605e+00
7.556981025174498257e+01 1.294910807084512783e-01 -9.674462896530220846e+00
7.574252405682321410e+01 1.938922646896405755e-01 -9.143947214250125910e+00
8.499201176265098923e+01 2.854035426817648838e-02 -1.632659050348933327e+00
7.563506844321625522e+01 1.256316576116909833e-01 -9.795193269427091565e+00
7.563777558473529439e+01 1.238321164211827752e-01 -9.777541517267014370e+00
7.572085256737675252e+01 1.467338307572569056e-01 -9.801131321399690677e+00
7.576587740091986234e+01 1.228180071587973848e-01 -9.598883418686900981e+00
7.551553520303895084e+01 1.746527060288810829e-01 -9.149362404992377407e+00
7.544849119936637294e+01 1.760016235026879983e-01 -9.136044871951337853e+00
7.568742777826184920e+01 1.325690871452040731e-01 -9.825216392048902847e+00
6.722711762257883095e+01 5.131992955302281390e-01 -1.542878030086086483e+00
7.564470617557331877e+01 1.517902023922019228e-01 -9.796471037400991122e+00
7.580601639562429739e+01 1.324019603561341907e-01 -9.649153362181506211e+00
7.551020747057535232e+01 1.892240411574217795e-01 -8.923666220045836539e+00
7.560262711568699956e+01 1.411520678263896433e-01 -9.847130124536858986e+00
7.567479251425824316e+01 1.799967040891103931e-01 -9.444890402571726185e+00
7.561124595657932446e+01 1.496504858509762614e-01 -9.811514301879197930e+00
7.552394151735893502e+01 1.371315739314701299e-01 -9.709592339556742502e+00
7.575464241202450921e+01 1.455207032326499561e-01 -9.808707377441660213e+00
7.570569374486530023e+01 1.224123718391894738e-01 -9.760209114740575842e+00
7.579700906452364961e+01 1.332291645608432995e-01 -9.649738412148328948e+00
7.569660585404970732e+01 1.991155731879973023e-01 -9.036926795956675917e+00
7.556212155337007630e+01 1.545903465638971686e-01 -9.646008636340663855e+00
7.570499335740937852e+01 1.909578948528126707e-01 -9.197457968355667646e+00
7.572091947966077896e+01 1.632606199719223439e-01 -9.646963670468661434e+00
7.569216961375548181e+01 1.461375678584824200e-01 -9.803492533110333085e+00
7.585686412016130475e+01 1.428492603728251098e-01 -9.285416899238413180e+00
7.565396864036655700e+01 1.496697940824850137e-01 -9.810759661164896173e+00
7.562217136372734672e+01 1.362001397722045204e-01 -9.848208558989909989e+00
7.577607534859184568e+01 1.569470826949501963e-01 -9.519391261975417962e+00
7.568096659949571858e+01 1.525742898648602408e-01 -9.790188649184740299e+00
7.563321972529681148e+01 1.708720563629465561e-01 -9.585346087069819276e+00
7.567190914800706025e+01 2.114301140587522276e-01 -8.843119669793027882e+00
7.556025986928705152e+01 1.471719483722106758e-01 -9.691315492441818336e+00
7.572975140516322767e+01 1.816591718056778937e-01 -9.368889807417758675e+00
7.568016305794442644e+01 1.303215703244389734e-01 -9.826502452524724873e+00
7.570672451305910045e+01 1.844361169837583081e-01 -9.318211049760176223e+00
7.581447738340449405e+01 1.659912212233405349e-01 -9.411355636086824461e+00
7.548249842902227158e+01 1.742461141655733403e-01 -9.157796448011970014e+00
7.585390883659563599e+01 1.203328195181947446e-01 -9.256383165431497417e+00
7.578880811776447501e+01 1.564107182752074165e-01 -9.526396715706216156e+00
7.547191519798370507e+01 2.281876175697931941e-01 -8.174198824039770273e+00
7.559359300173153429e+01 1.396012818019647106e-01 -9.705557994115199705e+00
7.572431260132293573e+01 1.612194718970965113e-01 -9.671975932777435503e+00
7.556323021658941741e+01 1.490719046293526306e-01 -9.682048825817718196e+00
7.571093156978385252e+01 1.381986686978687873e-01 -9.829970953065942041e+00
7.570439344949025440e+01 1.109403920738596394e-01 -9.579723532605379788e+00
7.574504118976342681e+01 1.257448526885286133e-01 -9.790267596091435820e+00
7.553343517073750490e+01 1.663143633720812753e-01 -9.528929830460766581e+00
7.583894459859280346e+01 1.432309096895859335e-01 -9.633729628491385810e+00
7.572740563081498522e+01 1.217044104995160247e-01 -9.752316275569008042e+00
7.566117824457009533e+01 1.667096646838602259e-01 -9.642398166816334992e+00
7.569480017195076016e+01 1.593100020736305800e-01 -9.692395516613858675e+00
7.574395480621299725e+01 1.462108403152325431e-01 -9.804781131861155075e+00
7.567612648128651642e+01 1.407131953867606922e-01 -9.845795886694910237e+00
7.574958920929563533e+01 1.541812137014450246e-01 -9.746917824997048285e+00
7.572941174686887678e+01 1.856880608926791132e-01 -9.297297661148823167e+00
7.554717745367038617e+01 1.749853702520475229e-01 -9.411079260886364040e+00
7.582579266865914747e+01 1.647848887610304236e-01 -9.428999969733931508e+00
7.555320936206649662e+01 1.415118462238424413e-01 -9.707594278883533434e+00
7.566822351678013092e+01 1.385747678389182280e-01 -9.847848766566393408e+00
7.554018940732225929e+01 1.630035077967264268e-01 -9.567255700495863380e+00
7.574559517951477972e+01 1.695258720393700846e-01 -9.563820546124549793e+00
7.557671320822947791e+01 1.752052287165952182e-01 -9.406753905470010224e+00
7.565483781172397926e+01 1.610882509850474487e-01 -9.710237975746814243e+00
7.610226887419213426e+01 1.786049989505175684e-02 -1.719203412801090902e+00
7.563633050430409810e+01 1.427714621215381563e-01 -9.842539397329842288e+00
7.569989589174582534e+01 1.333968460304477410e-01 -9.827299260169889195e+00
7.540357406374319282e+01 1.389403110865906066e-01 -9.001612297108414040e+00
7.556413007429453899e+01 1.362622442102553177e-01 -9.704661479552553871e+00
7.568858279615217555e+01 1.655664718512322997e-01 -9.615392352459712910e+00
7.574205108330332337e+01 1.501687433361841573e-01 -9.779517438488515069e+00
7.543051928942172424e+01 1.162810247272038078e-01 -8.787808738658808849e+00
7.566798987476424543e+01 1.531813122884044254e-01 -9.785633932701010451e+00
7.568492790736902975e+01 1.410623191679457322e-01 -9.824059602721817441e+00
7.563125734275151046e+01 1.406150480432889205e-01 -9.847240383925447205e+00
7.572342395412914584e+01 1.201259117110662911e-01 -9.733748936778912508e+00
7.569196465134312746e+01 1.191665129331220402e-01 -9.721919205109847084e+00
7.558106536564773137e+01 1.417888168173748742e-01 -9.705075650083763605e+00
7.566344983076039910e+01 1.286507520004195604e-01 -9.817239544415116370e+00
7.563016188499028658e+01 1.163854843248863236e-01 -9.675452807813135436e+00
7.550574227553927642e+01 1.463151376858061181e-01 -9.408403408015226788e+00
7.556191918322248569e+01 1.278693345476282495e-01 -9.663187664788674525e+00
7.573661025993109774e+01 1.440283813439349747e-01 -9.815099169364305709e+00
7.571835588652498927e+01 1.332218160512414762e-01 -9.827129381542139441e+00
7.568838270545927571e+01 1.258408321037670363e-01 -9.791223640475392287e+00
7.554158129910486252e+01 1.436555999502067693e-01 -9.704541029865181301e+00
7.552502714808457540e+01 1.563635840798326404e-01 -9.633630988463297129e+00
7.566812005363142646e+01 1.419638765310473894e-01 -9.843708383566651676e+00
7.570893182539549571e+01 1.471798197683576170e-01 -9.798138023692096965e+00
7.556497918799396984e+01 1.467007761188511006e-01 -9.692948497039996170e+00
7.560407380119323761e+01 1.424970316714064822e-01 -9.844076280628495823e+00
7.572182557684408266e+01 1.414155809507497141e-01 -9.824004871476800460e+00
7.570100861237743572e+01 1.498018881624058329e-01 -9.780625277896085379e+00
7.563290653271945985e+01 1.461534349316370163e-01 -9.830256083365684461e+00
7.572886238715328489e+01 1.628533304452013386e-01 -9.652458851854916588e+00
7.564529227342565321e+01 1.396591032593615389e-01 -9.847974384058394648e+00
7.557921578564923948e+01 1.521098703373676697e-01 -9.662902070046946790e+00
7.561646851372105971e+01 1.381219071176372215e-01 -9.849574034059601857e+00
7.561786463182461659e+01 1.386801955214679027e-01 -9.849431035291464909e+00
7.560735272021560149e+01 1.401374168767808848e-01 -9.848577906100794976e+00
7.567923127241135717e+01 1.330110104325480380e-01 -9.838502081952375633e+00
7.563905479667427301e+01 1.405563454729112649e-01 -9.847103956725183238e+00
7.562500028093403159e+01 1.364424596067310702e-01 -9.848388319396093493e+00
7.554986120944775507e+01 1.466632064722426798e-01 -9.694159177446675102e+00
7.567827812179831426e+01 1.429823810588750355e-01 -9.840894555987777181e+00
7.559883444522192519e+01 1.255795259409890341e-01 -9.638757977645783015e+00
7.565054124757944010e+01 1.360146745402718294e-01 -9.846942191615710271e+00
7.562673177824848381e+01 1.416884839828891074e-01 -9.845418216860759131e+00
7.559824805997527619e+01 1.397340613052740210e-01 -9.705172025370897515e+00
7.562550598745221464e+01 1.317312355084096775e-01 -9.835844484758590411e+00
7.556744566034167576e+01 1.256498173505123939e-01 -9.642773193632091733e+00
7.559909127999624445e+01 1.385976494331175590e-01 -9.704800646523663588e+00
7.557604738289042245e+01 1.548877749989746033e-01 -9.642848199588927471e+00
7.566541863476078333e+01 1.477560015826627493e-01 -9.821699443483637992e+00
7.555755234909709372e+01 1.428798430112032392e-01 -9.705068164405634690e+00
7.557503368155511225e+01 1.462465940966420908e-01 -9.694016940226722667e+00
7.561382593172915279e+01 1.259720345401492414e-01 -9.799365885362483652e+00
7.566499309107983606e+01 1.343565162015815939e-01 -9.843133666343465649e+00
7.566707774921026441e+01 1.490374780878048477e-01 -9.814424250886817802e+00
7.558632554786514390e+01 1.503405575548156514e-01 -9.673498469649167930e+00
7.562610821555148277e+01 1.454553686347403174e-01 -9.833454360988527654e+00
7.561229380140456158e+01 1.357808616208761032e-01 -9.847992068095418716e+00
7.558121953126413928e+01 1.348726831969439266e-01 -9.699654990560215850e+00
7.941651657731230785e+01 5.324457568309959310e-01 -3.281428486072216627e-02
8.277342602358166346e+01 6.897949649918837522e-01 -5.342703640372432200e-02
6.509200375138166805e+01 4.116699072386723057e-01 -1.210048270318804020e+00
8.643076351784563371e+01 2.479518459678412834e-01 -9.495782143086657356e-01
7.344067175767094113e+01 2.158715792539916967e-01 -2.364853454796324306e-01
9.058095124644304974e+01 3.437455432795581967e-01 -2.994453892996749578e-01
7.239507871589992760e+01 3.800734961029242354e-01 -2.341951084176291387e-01
6.985489404151152826e+01 6.326952133858874117e-01 -7.994127117117040271e-01
6.449502423638314497e+01 2.054288455897129162e-01 -6.702764997868079222e-01
9.091432302009815203e+01 7.881215924839712894e-02 -1.096752200764234547e-01
6.957139379807789226e+01 3.944470132485557445e-01 -1.977650683209615678e+00
8.249349593117753443e+01 5.758475641241272980e-01 -1.007398745526428135e-01
8.312057298976012021e+01 1.399384823348475970e-01 -2.361025411675039098e+00
8.437181311187663368e+01 3.895784793355587250e-01 -4.030754772346122339e-01
6.546070433360726781e+01 6.201119428517921639e-01 -1.660426266513702176e+00
6.688996917747856230e+01 5.967817164602535751e-01 -9.961677573556326770e-01
6.300735435311705857e+01 4.806559373751552733e-01 -1.288007849664488003e+00
8.503185405198645697e+01 1.626883252142100611e-01 -1.992764019762016892e+00
8.520275914156404440e+01 9.884559000811619922e-02 -2.278256977351602597e+00
6.163777885589593097e+01 7.230211484394803989e-01 -5.151779243426714006e-01
6.799326038459838628e+01 5.038283318848513215e-01 -2.688947825305079586e+00
7.385531999851798446e+01 6.864021172137836357e-01 -3.718813757877352522e-02
6.077066461224584515e+01 2.193144340537805936e-01 -1.213796722881874457e+00
8.578695767813546524e+01 5.855011436850569018e-01 -4.815360747527920593e-02
8.140111037642756742e+01 5.072088374400763877e-01 -4.885253245644839010e-02
6.897460808155453549e+01 2.494617097657264027e-01 -3.523003356066535918e+00
8.392349125249266706e+01 6.663628079769324808e-01 -3.984373251044329850e-02
7.603441905049574245e+01 1.512526546780701697e-01 -8.141797872733610220e+00
8.463774952235519322e+01 3.257616622677057538e-01 -6.807206156644257655e-01
6.621473661554225032e+01 6.427662417359700786e-01 -6.699500616805762476e-01
6.780458239427063916e+01 2.858554440430910448e-02 -1.002787179584182370e-01
7.669990327418643972e+01 3.561939560666411153e-01 -1.576762694341411475e+00
7.813244074164393282e+01 6.753397812397829436e-02 -3.221021884828738358e-02
6.271041542337479768e+01 2.870863172902742844e-01 -2.362323441854413897e+00
7.103643236751568679e+01 1.198763281938987763e-01 -6.857569798995046817e-01
7.481299416900387200e+01 4.457440885567658800e-02 -2.156744147836056946e+00
6.748227032695233163e+01 2.287189951290208301e-01 -2.500235641256748576e+00
7.897669015702651052e+01 5.630741092101687606e-01 -1.102644302112783803e-01
7.010360861572156921e+01 7.827306698163285503e-01 -3.088201667995362221e-01
8.758709135525596423e+01 5.311945475946934503e-02 -3.440085418695723041e-01
8.929015527937733054e+01 1.958845915835595863e-01 -7.174866991348282097e-01
8.876940191206023201e+01 4.919812083334642594e-01 -1.566541352429814682e-01
7.631205159378106373e+01 5.188875813674773685e-01 -1.846104003204906752e+00
6.478241769622428592e+01 5.768433740005650678e-01 -1.136914906884942900e+00
7.840160047039188385e+01 4.056225969632423212e-01 -1.551343332608789705e-01
6.834172970048881268e+01 1.072770369423751147e-01 -3.237606374953748034e+00
6.188169223351942350e+01 7.595363766284192186e-01 -1.357091934284964330e+00
6.585606703630091374e+01 4.380181471582491604e-01 -1.951920742106683981e+00
7.872163490715692546e+01 7.498927066124386753e-01 -1.469254662744841899e-01
7.936945887274339384e+01 1.279876665023613018e-02 -1.602219395643600941e-01
6.559829029515886134e+01 3.447127319525519762e-01 -1.969852795537688994e+00
6.652359990072542928e+01 6.091083370269511077e-01 -3.289554560345160916e-01
6.373404366920952668e+01 5.386276993011012149e-01 -3.291598893546650029e-01
7.137877148542011696e+01 1.706395362419112563e-02 -1.707687633469192612e-01
8.153726124698420108e+01 7.933518418989480292e-01 -1.006805156596232292e-01
7.278652658492646310e+01 6.585799169845709677e-01 -8.425426326273945110e-03
8.419543953229378985e+01 1.305171585279344681e-01 -3.495458714277518197e+00
6.877938713007601734e+01 6.977562258070214574e-01 -2.326841660691101765e+00
7.187070372887541225e+01 3.075228607940809766e-01 -4.631671643950755479e-01
7.080264195590210363e+01 4.558298162323104474e-01 -7.738919051006044603e-01
7.451774075034127520e+01 7.179495748064282541e-03 -2.238109409079841461e-01
8.193174764193410908e+01 4.205420377132003118e-01 -1.957919735295791386e-01
8.560415527269549330e+01 2.998166014213479724e-01 -6.705506360753995532e-01
6.722687419380258689e+01 5.790944249434181595e-02 -5.161644219859434779e-01
7.052226180804188971e+01 4.474375732950062190e-01 -5.756539339542124933e-01
6.932842123584413230e+01 7.426248592531961012e-01 -1.941246529557265177e+00
8.337948689860250795e+01 7.679274198986520972e-01 -9.725014391480987785e-02
8.223104087182895228e+01 5.534241975745751718e-01 -1.230745266052348796e-01
7.245796630249124348e+01 1.883261565667929682e-01 -1.684659577286009291e-01
6.410629082430338599e+01 3.304214788795827862e-01 -5.793805764140095294e-01
8.905163340064281385e+01 2.927957188789437337e-01 -4.383792793198861282e-01
8.041159283466302554e+01 6.496693108240484404e-01 -3.220560199632087617e-01
7.664977561023502517e+01 3.741772185378968718e-01 -1.485258242457389244e+00
8.732760991282584939e+01 2.326582426176412310e-01 -3.009045852475514260e-01
6.322761732450579331e+01 1.757057103493865347e-01 -4.797557740710031715e-01
7.525203737503747448e+01 4.735123187160720781e-01 -3.572901340648632740e+00
9.017843336121622144e+01 7.737826733080890307e-01 -4.895592422505451458e-01
7.402632628404778359e+01 6.735821211420163213e-01 -4.277235455337476816e-02
6.131052184922668147e+01 4.240130215970889238e-01 -4.392383040801783878e-01
8.997289557554921657e+01 1.581556760310119103e-01 -4.644334779675680092e-01
7.314660909122213184e+01 4.666689777912149117e-01 -5.875627673162148179e-02
8.843684250122132084e+01 2.715920651113758466e-01 -4.769214844042384271e-01
7.987360707003750804e+01 1.237224087813950102e-01 -1.187489243793416055e-01
8.712215198053777954e+01 8.882205767961862120e-02 -1.088453295591461201e+00
7.503927481307975711e+01 7.123082319282689756e-01 -1.506549792138159205e+00
8.633835768164138358e+01 7.084909403470439626e-01 -1.603654790034687513e-02
6.242195741801099729e+01 2.612218917068513946e-01 -3.124372675856377235e+00
6.356992911965886606e+01 3.140191718528841380e-01 -3.381631008868151711e-01
8.063836022884395049e+01 3.669771348800434652e-01 -2.704646242609046181e-01
8.818670008921461090e+01 6.010162747613674306e-01 -7.773000281957488655e-02
7.161917159825640056e+01 5.209504502479677113e-01 -3.844744165862878926e-01
8.113152293291093997e+01 4.597566986395502098e-01 -1.387725017107063405e-02
7.558771882849495682e+01 1.778047711893981087e-01 -9.367157290975514528e+00
8.968795409202937208e+01 2.788579845398511114e-01 -4.749867337783830190e-01
8.016764390682980945e+01 8.033867235803825169e-02 -1.756735598673377918e-01
8.694394742018307909e+01 7.912354253661617598e-01 -1.607551454666241234e-02
7.773553566320723007e+01 6.297914012378610371e-01 -3.004090741700096798e-03
7.719241040126388498e+01 3.477565305830322001e-02 -4.398004140013500041e-01
6.093491173814950912e+01 5.484325542993678804e-01 -1.215973717605333126e+00
7.748792523656712206e+01 7.294652866906493616e-01 -2.281660369952672601e-02
7.585915275268325786e+01 1.519924753968174835e-01 -9.217715956416242307e+00
7.545984295044399914e+01 1.321908498065000326e-01 -9.401935732998605744e+00
7.562660661836399356e+01 1.418694098465350384e-01 -9.845027362910069968e+00
7.567153604989800897e+01 1.297605320673402562e-01 -9.823760779070934035e+00
7.564756361069876789e+01 1.559878826734611146e-01 -9.761921646436533706e+00
7.575406262636765575e+01 1.739817483211820448e-01 -9.497379269485621833e+00
7.563321367395826655e+01 1.539925391860604842e-01 -9.779411937130817023e+00
7.584645139386735480e+01 1.002554929536780826e-01 -8.886993511920774580e+00
7.552248890296799289e+01 1.459589605736981155e-01 -9.698807616984810309e+00
7.622165988082052479e+01 2.281805326727642247e-01 -5.674915638107313143e+00
7.566200468351625830e+01 1.778398292005179404e-01 -9.479836608621132754e+00
7.553440320566333810e+01 1.535308811617673852e-01 -9.655691119656772514e+00
7.552910909855219757e+01 1.564499658375228253e-01 -9.632658829237657372e+00
7.577909170674963946e+01 1.625468514943827492e-01 -9.453430061599631173e+00
7.571062516061084580e+01 1.254935355032371636e-01 -9.788447496514583790e+00
6.964492065135632970e+01 2.019894249708646117e-01 -1.838874902221897534e+00
7.551381583797333974e+01 1.482489446768929797e-01 -9.400419137141627246e+00
7.573734604483450994e+01 1.461364251668043901e-01 -9.804969944225188527e+00
7.578920695022017640e+01 1.503398758396151669e-01 -9.583595577303453794e+00
7.771425488684553784e+01 2.105699962481726029e-01 -2.784955561499503560e-02
7.572578850233772130e+01 1.199195279973463424e-01 -9.731111977885777975e+00
7.558009952696377809e+01 1.757529681258744036e-01 -9.398508415872852240e+00
7.557687805952318172e+01 1.623625721608683015e-01 -9.572467531920267447e+00
7.574425165202184473e+01 1.620047982894394778e-01 -9.663639499337801197e+00
7.572868401880911904e+01 1.439745331750613699e-01 -9.815099310465626559e+00
7.569436114149004879e+01 1.210534118781441126e-01 -9.745355275129192307e+00
7.563959433469602800e+01 1.615995798779379933e-01 -9.704516367835351431e+00
7.561336845502448512e+01 1.531328405239517632e-01 -9.786576208248355613e+00
7.570520459350294118e+01 1.189681203628181472e-01 -9.719024439802538495e+00
7.569730910822659098e+01 1.413100538042160736e-01 -9.823687229691921985e+00
7.558250840735433940e+01 1.514886439894501113e-01 -9.666742996999522219e+00
7.562951136197955293e+01 1.386265945368314878e-01 -9.849082064062127273e+00
7.562403788419584316e+01 1.430624389442803901e-01 -9.842021890983422949e+00
7.570782450660058771e+01 1.589129839902351238e-01 -9.697444559106410011e+00
7.571546773778696604e+01 1.517266861966473090e-01 -9.766514365327449099e+00
7.563383813710080972e+01 1.485572646404075547e-01 -9.817791638776270702e+00
7.568800612051079213e+01 1.460102328597316090e-01 -9.804042046716375580e+00
7.574775343011212669e+01 1.605317900171802092e-01 -9.681205410682098389e+00
7.574879546547813902e+01 1.282455063754376900e-01 -9.807313980641529483e+00
7.566592277998083205e+01 1.528978202582667312e-01 -9.787876892257424188e+00
7.559984527010495015e+01 1.451871706706240883e-01 -9.695933171244989879e+00
7.571039159971010690e+01 1.319256933866363168e-01 -9.823591429761336258e+00
7.555885760197762124e+01 1.157303238930100786e-01 -9.503250777314141473e+00
7.562560019905035347e+01 1.512666413179713509e-01 -9.800472021447948379e+00
7.570165525009784346e+01 1.465742759184067434e-01 -9.801393443551026152e+00
7.556354453785650094e+01 1.601625738523647369e-01 -9.596120046009636084e+00
7.574160743107867688e+01 1.335437307556378017e-01 -9.828070348344807527e+00
7.575489826710598606e+01 1.533455666098449965e-01 -9.754564776303796592e+00
7.565151872926776377e+01 1.576405296537104206e-01 -9.746274230554437423e+00
7.565337232699008041e+01 1.366902800889144565e-01 -9.847639633755509436e+00
7.564812022816062154e+01 1.279031625287764540e-01 -9.812847424780150263e+00
7.566739885964713608e+01 1.359797902730698338e-01 -9.846271771968739372e+00
7.563590894444953960e+01 1.508970235904241730e-01 -9.802924065281615640e+00
7.558449820524914742e+01 1.442701712705946604e-01 -9.699773880524297454e+00
7.561645391750913348e+01 1.440014791653613235e-01 -9.839220328909815905e+00
7.559014109341546828e+01 1.359396115601484434e-01 -9.701697921949465453e+00
7.566139882155265184e+01 1.426629710194716738e-01 -9.842191778422618498e+00
7.569211921405080545e+01 1.484252167552754520e-01 -9.789763576412390478e+00
7.567057063826248964e+01 1.480482652095840290e-01 -9.820024986536759926e+00
7.560844646790002344e+01 1.357027258389763569e-01 -9.848012593472073917e+00
7.563279278787855731e+01 1.488489909479223938e-01 -9.816102396697180765e+00
7.562453859754134555e+01 1.350386875207582049e-01 -9.846247325316609178e+00
7.567075096563432623e+01 1.349594909805105492e-01 -9.844314194983660116e+00
7.566989634867591974e+01 1.329115022337504226e-01 -9.838550041611316743e+00
7.558898198031862137e+01 1.388297910601681284e-01 -9.705765083722484476e+00
7.556171103426328273e+01 1.289619389863802534e-01 -9.671547682313260452e+00
7.563683261035113503e+01 1.434311966642607961e-01 -9.840607341444831846e+00
7.563004684112694065e+01 1.331689578129833518e-01 -9.841096093852730320e+00
7.556922986177956147e+01 1.430917414881372196e-01 -9.703752821580202692e+00
7.558456595786131516e+01 1.353045710823808090e-01 -9.700592964147437769e+00
7.569114154866485933e+01 1.427947836607152687e-01 -9.818695178692980363e+00
7.568698491904059722e+01 1.276457071455066594e-01 -9.803664850994948665e+00
7.569663736550107558e+01 1.493419401262362500e-01 -9.783720805977889512e+00
7.564886974787141583e+01 1.492682830718096709e-01 -9.813326446821410087e+00
7.564787836369755780e+01 1.403078688519263928e-01 -9.847187429956147042e+00
8.382367199376585631e+01 2.561712916994263733e-01 -1.302716026897697610e+00
8.858855168961704862e+01 3.717557327732257111e-01 -2.506297396580140502e-01
7.996483770725649265e+01 5.809961675660922920e-01 -2.327498669009557541e-01
7.668772030550044860e+01 1.167541557488798176e-01 -2.793900837335315135e+00
6.439676730574701935e+01 4.429740917539628509e-01 -1.082778291546021343e+00
8.983937147432287418e+01 9.671052539309807350e-02 -6.174658016942730088e-01
8.834110125633110044e+01 8.032085752424633629e-02 -1.081884622179737576e+00
8.209650289648223520e+01 7.011324287218553275e-01 -6.860486795105220914e-02
8.299843979633904212e+01 3.883027584717168579e-01 -3.450569639695493240e-01
9.066546053073135170e+01 2.477744933151824758e-01 -1.844639750871414352e-01
7.294829223470635782e+01 3.506378353956570715e-01 -2.642001662548480040e-02
6.086636887487281911e+01 6.917437724343005190e-01 -1.535083493709276770e+00
6.097996344519729917e+01 7.475306701177329982e-01 -1.127839008258058273e+00
7.028431809854720314e+01 3.948143925726229631e-01 -5.769657248569418639e-01
6.918369599158346261e+01 6.875061444679811951e-01 -2.166912039511304400e+00
7.205448985263849693e+01 3.375010622412949468e-02 -2.572067714468118105e-01
7.798003961923973293e+01 1.425727985165627654e-01 -1.468223418336105784e-02
8.466516598319655884e+01 2.644188227863714102e-01 -1.157978407860017933e+00
8.900039266472974475e+01 4.555889657889454769e-01 -2.332281257411944753e-01
6.818271452597905125e+01 4.002335178118752168e-01 -3.465988497771651300e+00
6.256066645453167041e+01 1.351699866343297474e-01 -2.005724188293426913e+00
8.533062198070687998e+01 3.597015550514557902e-01 -3.924004282989133618e-01
7.054547894767938487e+01 5.465219758400943761e-02 -2.518198840346226319e-01
7.734754973652353272e+01 7.654204927662882074e-01 -3.904483773838522687e-02
7.833662116761456673e+01 1.096385630414773021e-01 -1.583598622019480873e-01
8.707567377198742520e+01 7.427698898216646972e-01 -2.010284730550549251e-02
9.043392108350732883e+01 6.065343156673855818e-01 -4.663815611595082955e-01
7.146916640793254771e+01 2.165046140717664103e-01 -6.203360908331052581e-01
6.613558964146993446e+01 4.652421971930083000e-01 -1.071337457764632850e+00
6.410126469016530848e+01 1.610594773917814748e-01 -2.704155523776181069e-01
6.331873083453081819e+01 3.176529544510922620e-01 -5.870612350632342658e-01
8.729633244460892172e+01 5.895319534807372808e-01 -3.807411675088311076e-02
8.967783415840591488e+01 4.577924348535920007e-01 -4.265267946750756489e-01
8.932985405873786533e+01 5.028072796763239927e-01 -3.262288624761011668e-01
8.800838483947067914e+01 1.703757929048186348e-01 -5.629470327506891358e-01
6.854748870983928555e+01 7.176214710876784864e-01 -2.454734999794803585e+00
8.218949639915479111e+01 2.550642437713277477e-01 -6.675186787248105214e-01
8.345124282970978413e+01 5.928389427851108451e-01 -9.302770999362912352e-02
7.919855624570466546e+01 4.125663658571214198e-01 -7.844632809436401233e-02
7.483679602382845530e+01 8.874513738008794894e-02 -3.941215465712958110e+00
8.663631000414250138e+01 4.189445010348930021e-02 -1.295503415188401952e+00
7.266600629371254172e+01 5.751272272499015070e-01 -2.653219449958936840e-02
7.331806330294956808e+01 2.258638907144212282e-01 -2.106349562060152447e-01
6.892030446464286797e+01 4.780547708056270828e-01 -2.862879034322166838e+00
6.354644074480923166e+01 7.905464448704675462e-01 -4.147274799341183482e-01
9.007726187274872132e+01 1.277654684675192664e-01 -3.951520531329311692e-01
6.240273791466905351e+01 1.445599379268728280e-01 -2.263953418638634307e+00
6.471746490256379047e+01 1.972646036846044115e-01 -7.250639222752650603e-01
7.605337506521921398e+01 5.398021835736144247e-01 -2.478885959693431396e+00
6.694745270311869945e+01 7.799075705510930545e-01 -9.513374147710866868e-01
8.597809696101298016e+01 6.499658076861288825e-01 -2.825774904369072679e-02
6.394230534568016111e+01 6.410293864872624869e-01 -4.897807456995552644e-01
7.164653085128364296e+01 1.531752234268956292e-01 -4.515279436935903945e-01
7.065921413416404562e+01 6.346173165144802786e-01 -5.538093632859549809e-01
7.412729906031653115e+01 1.345981231865000377e-02 -8.776692282470627271e-02
8.107822267930471583e+01 6.567794270127395029e-01 -5.432543669774590744e-02
8.244598248443222133e+01 7.042533537647160946e-02 -1.590564697841221342e+00
8.618495312526637520e+01 7.574717315962508080e-01 -1.093057537712520400e-02
8.318021289318969025e+01 2.336831803739523594e-01 -1.259279200491553397e+00
6.568616359976063279e+01 5.243603418729179122e-01 -2.009651214142516906e+00
6.281835550493799758e+01 6.252821821756189280e-01 -1.895366125475294483e+00
6.712703819976491104e+01 7.931397765092482732e-01 -1.132733783377676717e+00
7.770773734875993455e+01 4.161022578351949441e-01 -1.270232462425752509e-02
8.573783039029628128e+01 1.787737602329643183e-01 -1.572629427717734396e+00
6.162090454258272132e+01 3.203793600614760484e-01 -5.712875738441904883e-01
8.090837044330230299e+01 7.336042434381375710e-01 -1.012265960931718056e-01
6.728531690746828531e+01 6.129138389874764226e-01 -1.369383074455080340e+00
7.115960683455379865e+01 5.334354913813789123e-01 -6.890419969788259547e-01
6.950935885405486658e+01 7.868193668534169405e-02 -1.104135956600843738e+00
6.535367073149973294e+01 4.872814158364704440e-01 -1.535061170369659500e+00
8.138073791118742406e+01 2.088031281734262778e-01 -9.422805595013276914e-02
8.173901019087054465e+01 3.062484611111883082e-01 -2.269540303596772057e-01
7.861842700875936885e+01 3.358168022710905642e-01 -2.071817044927522500e-01
8.668742587314463321e+01 2.779906261802062573e-01 -6.348304478506262560e-01
6.514267617084324513e+01 3.373472428107773258e-01 -1.196588537096825666e+00
8.058480439713908083e+01 3.658427805066255534e-01 -2.699002615333760402e-01
7.896098980197332651e+01 4.258884311016989388e-01 -1.264791254896068251e-01
8.778297693131510471e+01 6.759698769461572887e-01 -7.253701470116180605e-02
6.659781002630660396e+01 6.173177230032625973e-01 -4.391355763242889010e-01
7.664297273268616095e+01 6.688665397230909582e-01 -6.708198220583148075e-01
8.030177360063882475e+01 1.884740596772700380e-02 -4.178086793783135633e-01
7.390374241980231318e+01 1.909247535387322281e-01 -3.066038778426413702e-01
7.717675903393168824e+01 7.244805819136570513e-01 -9.653961763717926192e-02
7.491163037627251242e+01 5.122639467541050262e-01 -2.012811590550244834e+00
8.442154031248590229e+01 4.909242599414931352e-01 -1.224017026188442409e-01
7.615161967160791789e+01 4.362837754383775968e-01 -2.997089573696694487e+00
7.339418196675636352e+01 2.528473587038351789e-02 -2.178221223907934444e-03
6.183732258725632391e+01 2.872746070364375348e-01 -1.199859803175117090e+00
6.989858022308827401e+01 6.274778893311670769e-02 -6.537652081601208476e-01
7.451673057082108187e+01 5.095843679921651104e-01 -7.080242128287809189e-01
6.822631365011834248e+01 5.453061670449798060e-01 -3.028708835970206348e+00
7.533711646267623507e+01 5.554091114313093325e-01 -3.022947365933378983e+00
6.765808308092053380e+01 3.012092618767628349e-01 -2.397603569875074392e+00
8.502128088302552555e+01 3.813275619508815217e-01 -3.497549709798835615e-01
6.593594268867857977e+01 2.050363923410317146e-01 -1.426038159870494537e+00
7.948486295117524492e+01 5.671857743551158570e-01 -3.820104555279562469e-02
7.568032071461804833e+01 4.563399205580505845e-03 -1.966450512589082433e-01
6.143733321995641461e+01 7.080129175340746928e-01 -3.307853632644500719e-01
7.239305591208250235e+01 7.700781835528696107e-01 -1.773470063261104734e-01
8.425068533563857898e+01 2.958945555366929159e-01 -1.006617447711157132e+00
7.547522484729252312e+01 1.093666355698096337e-01 -9.062435865126447609e+00
7.588625917014002198e+01 1.375768762828971647e-01 -9.309955673432066092e+00
7.568821364140785590e+01 8.686643302205454553e-02 -8.708513203915693168e+00
7.573339765562860748e+01 1.895042019906005015e-01 -9.227120856659011494e+00
7.585610104729167347e+01 2.028279215767979926e-01 -8.400419751625218368e+00
7.520989033648199040e+01 1.526493899857814807e-01 -7.844104468606312608e+00
7.551551431900877276e+01 2.590967613158734473e-01 -7.727376056883156430e+00
7.499896434863703121e+01 1.192885229995098995e-01 -5.702699817982209929e+00
7.595568536743581944e+01 1.113348524948204327e-01 -8.698300524470649719e+00
7.428240203876541159e+01 1.191616095363616373e-01 -1.042176627848053094e+00
7.542767503065472567e+01 1.482458311158990349e-01 -8.986148941727604367e+00
7.598352423807790501e+01 6.227293672212996789e-02 -6.516704682125507908e+00
7.754320403561413855e+01 5.967813490197819704e-01 -1.369412646530072594e-02
7.530920083206801507e+01 8.753633610701611056e-02 -7.337830190468575431e+00
6.860979396521850049e+01 4.028189344149313289e-01 -3.399490894968108190e+00
7.686807480268295478e+01 6.213824919124418811e-01 -3.941420461616382820e-01
7.583860558901288584e+01 1.473753590378165945e-01 -9.610003733259413039e+00
7.512698564680586344e+01 1.819735480541387895e-01 -6.911132062927671349e+00
7.461235514261315416e+01 1.842730450922772656e-01 -2.372779427079669823e+00
7.570234165311154584e+01 6.425254935562377256e-02 -7.070666272625354409e+00
7.596186011500208224e+01 3.070299069851847307e-01 -5.879784924399036328e+00
7.472893074470663066e+01 1.827363656174668671e-01 -3.507675864574019808e+00
6.814535618818214857e+01 1.652081685263857569e-01 -3.943193509512569417e+00
7.690291830634110681e+01 1.474222735737486523e-01 -1.882915873339289670e+00
6.821486392183616942e+01 3.538442495262367760e-01 -3.646344890626390445e+00
7.562074829231815443e+01 1.627191482612053985e-01 -9.691610957397868376e+00
7.566040979685176637e+01 1.334768165832070363e-01 -9.840832532661220711e+00
7.546317572718851352e+01 1.520418504087591716e-01 -9.386886953377404197e+00
7.582318084155568272e+01 1.275075634893424181e-01 -9.633651136926566494e+00
7.585635613119694654e+01 1.892340023992991616e-01 -8.665202429308591192e+00
7.578835345121021305e+01 1.944553405508804289e-01 -8.921439943341145096e+00
7.592849855256565661e+01 1.565568629852851779e-01 -8.679933213207617015e+00
7.579063437978670947e+01 1.829388107340734482e-01 -9.137811776455478707e+00
7.552248783726989245e+01 1.355507010849882066e-01 -9.706656341839126512e+00
7.569595396547876476e+01 1.991527386344977557e-01 -9.036125759282748859e+00
7.547957687924287029e+01 1.877579661082041107e-01 -8.950625060286608203e+00
7.588239413222846963e+01 9.969998084922264414e-02 -8.871748625343922612e+00
7.543718082616413767e+01 2.098948417470587469e-01 -8.546743424170823999e+00
7.543549843510845676e+01 1.968452365933184567e-01 -8.410303148983743426e+00
7.556477267551066745e+01 2.248571419829836493e-01 -8.468284176287943055e+00
7.560537864442997602e+01 2.291784692058437545e-01 -8.458375784722226953e+00
7.597408279539465070e+01 1.603315987228169925e-01 -8.644000572589368048e+00
7.599388673621389501e+01 1.583887362314566061e-01 -8.671123232187483154e+00
7.593942246877612945e+01 2.341478864504924207e-01 -7.298099259164224861e+00
7.559385771952270261e+01 9.195537815506349411e-02 -8.725848862545781515e+00
7.301343941322316766e+01 7.362019009589204632e-01 -1.398255689808944671e-02
7.532568078439862802e+01 1.211878689704061485e-01 -8.349340555866568536e+00
7.537225930042012578e+01 6.639926799090069276e-02 -6.355290122818984422e+00
7.523577907362071926e+01 1.455848240485086709e-01 -7.863566395076516002e+00
7.551739307420179159e+01 2.742117487212942795e-01 -7.402720559888384955e+00
7.550914898928989771e+01 1.845191142467787482e-01 -9.001625554035356913e+00
7.554640346552731955e+01 1.586823964966050104e-01 -9.611487418895997337e+00
7.586637911686170810e+01 1.885475850048184132e-01 -8.679688064923309909e+00
7.579945335025961128e+01 1.505605334094288206e-01 -9.582709964368435251e+00
7.574779618008365389e+01 1.213453366255146104e-01 -9.747984970721224940e+00
7.560196853843514475e+01 1.439272171034941816e-01 -9.839799876379375476e+00
7.548345026484348352e+01 1.320673465728759710e-01 -9.397994007214570900e+00
7.565949154184926329e+01 1.899189485373922737e-01 -9.270446589256597036e+00
7.558741864303082991e+01 8.393441326992126528e-02 -8.292164729618811236e+00
7.566544582561637355e+01 1.306635852125944686e-01 -9.829004557087591465e+00
7.561454063995475394e+01 9.391396664840119535e-02 -9.005228051874635042e+00
7.588958703846964227e+01 8.596016207225790073e-02 -8.341705104981965491e+00
7.583261994426256081e+01 1.515685851190025080e-01 -9.577207251926701304e+00
7.578106309577444222e+01 1.488133848269582726e-01 -9.594807881536722149e+00
7.543220975000046735e+01 1.502077905174868944e-01 -8.977433292385923025e+00
7.536463882396350300e+01 1.358764079360411381e-01 -9.001483041259671580e+00
7.593059360315650963e+01 1.796003109540355303e-01 -8.351270878842511181e+00
7.591076934686336131e+01 2.003973829044307375e-01 -8.458600578737506481e+00
7.572331100794747272e+01 1.973349825798240698e-01 -9.074717145306038901e+00
7.546022399064489150e+01 1.189656638687976997e-01 -9.263788471068158614e+00
7.539397848006336744e+01 1.695188133496256522e-01 -8.820704207349445269e+00
7.582140554314203484e+01 4.624511139296657442e-02 -5.150607407283679606e+00
7.571355152553201151e+01 1.344485685237238048e-01 -9.829296915846560623e+00
7.546848094683186048e+01 2.042292687609472690e-01 -8.654666309015604853e+00
7.554075907820508462e+01 1.956916360975210351e-02 -1.566406721101139876e+00
7.572685600894827473e+01 1.779737481576257330e-01 -9.431283900613317783e+00
7.582314478355286269e+01 1.585446999499858234e-01 -9.506306739298880260e+00
7.570915686343494144e+01 2.100375135562935758e-01 -8.812285639522475122e+00
7.554509644187972128e+01 1.674722835842132884e-01 -9.514045557720237412e+00
7.568550635021426842e+01 1.214080925250042436e-01 -9.749527960872637067e+00
7.555168464539971751e+01 1.898057111045888534e-01 -9.167793523428370506e+00
7.562205906546940071e+01 1.491542317976978782e-01 -9.814437567546869801e+00
7.556433162130990411e+01 1.223867220037567344e-01 -9.606556722059348630e+00
7.546566262437382022e+01 1.405912518501281905e-01 -9.422683261589600789e+00
7.580290651024168369e+01 1.629109641416363330e-01 -9.451251941344750662e+00
7.560012902310847949e+01 2.146016171888320834e-01 -8.773404489658441108e+00
7.557931483123175553e+01 1.078347168561747393e-01 -9.319568404656461524e+00
7.565332757906882932e+01 1.424376105593483932e-01 -9.842980626822093626e+00
7.576473696235561306e+01 1.319426801771598490e-01 -9.645831472594226241e+00
7.565255792523313971e+01 1.907811842099800814e-01 -9.254287243218335846e+00
7.547891148018159413e+01 1.302246260424456403e-01 -9.387350378315298727e+00
7.548666362675668040e+01 1.463564669747006441e-01 -9.410521764121284605e+00
7.540296662085140156e+01 1.186152205620989442e-01 -8.833800476935858015e+00
7.552491066970539180e+01 2.246763674289649071e-01 -8.472340668060411417e+00
7.563251240150967192e+01 2.230027221566880657e-01 -8.594248852907215408e+00
7.585648249469053894e+01 1.280726671218872237e-01 -9.303964821109833139e+00
7.558545268732925138e+01 1.681187868118286244e-01 -9.504076610839833350e+00
7.546090695530656944e+01 1.774281964486373875e-01 -9.114446430260036536e+00
7.567466561611256282e+01 2.018994951809938709e-01 -9.039267280912167024e+00
7.550686508581101464e+01 1.511269950550112595e-01 -9.387316101078384989e+00
