7.340090508093244637e+01 2.404247356455102569e-01 -4.928213495548887657e+00
7.862617179823011782e+01 2.019741221529721686e-01 -7.293999470076532876e-02
8.693697293531278092e+01 4.493836339858794937e-02 -2.484683586292133040e+00
9.007297774876977314e+01 4.039812402094963284e-01 -8.932397300427193099e-02
7.129148973515164300e+01 7.297069565661726820e-01 -5.932059469204651769e+00
6.901525297053370878e+01 7.938223762727880661e-01 -5.368490612052418953e-01
7.650484251490344434e+01 7.576824456089030768e-01 -1.236126083461837472e-01
8.526584978559893102e+01 2.083896520431301469e-01 -7.292285953095190010e+00
8.106944341621493777e+01 7.402918222043176621e-01 -2.423580213058192268e+00
8.955326511535160705e+01 4.224984783232296204e-01 -1.092270706963057586e-01
8.026990026236748577e+01 3.889500051924099644e-01 -1.435627843185222074e+00
6.875712432835764787e+01 1.104988819972465008e-01 -2.881457022030300963e-01
6.923763231743242841e+01 5.794468363708711323e-01 -9.771905138476650876e-01
9.164581670390205659e+01 1.038597186601848688e-02 -1.063834665591101639e-02
9.553998556026020594e+01 6.024932835248968388e-01 -8.320953247223084048e-01
8.305628548718192405e+01 4.660855931047958034e-01 -1.023869446188092525e+01
8.277069107232686918e+01 4.584089446270714352e-01 -9.612249915262596645e+00
9.449924384352291895e+01 3.689852200222558665e-01 -8.463095848469381899e-01
9.704401817127465790e+01 1.250730962886368036e-01 -4.226185119298260240e+00
8.061585712611748988e+01 5.334354253873110352e-01 -1.795003628153760689e+00
9.625580557363215917e+01 3.785968136818316787e-01 -1.777174120104308086e+00
9.344491814657625639e+01 5.558507135010591904e-01 -4.142814700318789845e-01
8.445532139462909527e+01 5.751014248769888981e-01 -8.177326362303336538e+00
7.557007814935539614e+01 3.299492477859841677e-01 -7.187898815949825826e-01
8.367364703700133077e+01 7.176490789553190419e-01 -8.216877276990352641e+00
8.534662165058603023e+01 6.888537028044634525e-01 -3.959155271119458419e+00
7.453393750125664496e+01 2.487669313623313561e-01 -2.296634818207110129e+00
6.761158540175368614e+01 4.844366852415156188e-01 -1.080140447433237227e+00
6.993599865606769583e+01 3.549939522653556279e-01 -2.885134866524439179e+00
9.235632775648326742e+01 3.007565814352596845e-01 -1.338675250164709229e-01
7.404727553195876055e+01 7.803137050533330843e-01 -3.742661358006798444e+00
9.665708067065561693e+01 5.643126286648509904e-01 -1.186968950071231932e+00
7.277225828777707761e+01 6.269166080703102439e-01 -6.221264008210686036e+00
9.988808376433112812e+01 6.191101335362304559e-01 -1.048034191505907042e+00
7.943713815554022517e+01 7.240197838333006786e-01 -3.266658073172012955e-01
9.836932518605262032e+01 1.791881132145966282e-01 -5.083724679076465414e+00
9.959816732480508961e+01 5.233599455482925711e-01 -1.511753730707086740e+00
9.497050534502838559e+01 7.659871795461267174e-01 -5.899299054990448932e-01
8.704234117102667767e+01 1.141306563611381719e-01 -1.460851932961193533e+00
7.846974024168365247e+01 1.843059166937626170e-01 -6.736914212090809595e-02
8.177781624947320438e+01 2.893130381723609257e-01 -6.614002893881065326e+00
9.739796205857305722e+01 1.599646004835173774e-01 -4.531347546970658335e+00
8.809820319583985793e+01 4.307803617807135499e-01 -3.430463108054951360e-01
7.678628069266618184e+01 6.997898887843163607e-01 -8.623930744414901040e-02
9.095341161144905584e+01 1.750542783491779997e-01 -2.361165371749202047e-02
9.227013628909040222e+01 6.137432370143215410e-01 -2.648670623370169008e-01
8.483762861965418267e+01 6.754034883191929461e-01 -6.382009554205263058e+00
7.714969261389862254e+01 8.946985304738430678e-02 -9.244679826689472524e-02
7.485835475088954638e+01 6.329918481414463782e-01 -2.220031733941555174e+00
9.652181290603870423e+01 5.369832566789392025e-01 -1.204473894723747440e+00
8.137687712423550579e+01 2.370683824172987453e-01 -4.540464554716177048e+00
7.910238521367472231e+01 4.925762606088655571e-01 -2.132342250549313367e-01
7.773315836150158020e+01 4.104264021366926807e-01 -8.564373748990943003e-02
7.604342712603623511e+01 2.379948715621898331e-02 -9.352324895186312492e-01
7.202546948415530892e+01 5.968590533199036319e-01 -6.908633868361680364e+00
7.096420048634489319e+01 1.288657022224943272e-01 -3.355790908700502673e+00
7.806865131226419408e+01 3.465664862930257772e-01 -7.103587824536855555e-02
7.158401549865222080e+01 7.884749560509482502e-02 -2.591852595114181312e+00
7.239746489146780561e+01 4.758874387245077830e-01 -6.944411343762465272e+00
7.569401471411428872e+01 1.031752600071673548e-01 -5.245422849981700164e-01
8.979095969089283358e+01 7.497495694329947558e-01 -1.940854205222342366e-01
9.884354493702065270e+01 6.958772864681254944e-02 -5.202965463818565617e+00
8.649455560910755025e+01 4.509459508767041935e-01 -1.669189523525790086e+00
8.914408186266859957e+01 3.404713567799180773e-01 -9.442953074442515804e-02
6.828559341536271177e+01 2.788156210762854359e-01 -5.889731542569355272e-01
9.929472573239308986e+01 3.669722637210623972e-01 -2.758529206406998391e+00
8.608361263872443203e+01 3.964349320466111215e-01 -3.030228303400283707e+00
8.851704829408647868e+01 8.341669663807527169e-02 -1.660764384153555484e-01
7.307293597962657827e+01 1.997327088952494945e-01 -5.071626765292555739e+00
9.569515260853225413e+01 7.074940964269774701e-01 -7.590235290858042827e-01
9.154841521677911942e+01 6.557334516691706305e-01 -2.274244870533575491e-01
7.982137942189551438e+01 6.594461118416669043e-01 -5.176912225004752788e-01
8.008776335713261574e+01 3.221467637606065804e-01 -1.064456447582300624e+00
9.100477071742329827e+01 6.682379455513096644e-01 -1.876338024579288499e-01
8.404764218307009571e+01 5.181951240681732518e-01 -1.017780551191507499e+01
9.783505095540360230e+01 5.917529438381329276e-01 -1.241005174357559193e+00
9.827996028941137752e+01 4.460830740063104760e-01 -2.008192300736820535e+00
9.032178295416296976e+01 2.197330022146235240e-01 -2.488322477695433313e-02
6.726536407419648356e+01 6.876473880236536607e-01 -8.709728365230463565e-01
8.866033988691309276e+01 7.885012211837991725e-01 -2.899985516377847072e-01
8.578463222581893888e+01 4.333393697475097506e-01 -4.296865356680701353e+00
7.369169849142217288e+01 2.829524450500581767e-01 -4.211827217270370127e+00
7.757385070377331715e+01 2.512389224047241118e-03 -5.166826825150628438e-02
8.258278924939165222e+01 1.392212256514074042e-01 -1.172663671072005442e+01
7.508070218859154465e+01 3.184522154940672700e-01 -1.414620696196746019e+00
1.000644212606330257e+02 2.310449328585755802e-01 -4.666216703725954318e+00
8.772358814486652534e+01 2.659780679708882434e-01 -5.456241437656822457e-01
8.738588071198529406e+01 3.861215010249575280e-02 -1.803674056264114478e+00
9.393853799846723973e+01 3.105842671727125914e-01 -6.086962794414340072e-01
6.795379238445883630e+01 4.975937000745633276e-01 -9.815692092451394624e-01
9.519792382046904322e+01 5.079112555461560152e-01 -8.860848887847467825e-01
9.411573934990013868e+01 6.419401721537121297e-01 -4.999757932034464281e-01
9.291228071919229592e+01 1.673734800531825329e-01 -2.255037483746118732e-01
7.049123359729702543e+01 6.295507993180453343e-02 -7.607821767176203842e-01
8.194713904711487373e+01 5.510305392175421924e-01 -5.791857313346628011e+00
6.720636050161208175e+01 2.601611744279808680e-01 -1.005531303913034691e+00
8.334003086899947732e+01 7.723125529074731377e-01 -7.552363950934823933e+00
6.979346165204559327e+01 1.509152461676009915e-01 -1.491538106856859836e+00
7.069745434490283742e+01 2.838390398956414096e-02 -1.639379743475719020e-01
9.307542668405940844e+01 5.512103674864341635e-02 -6.712581953214087627e-02
8.614988273690295273e+01 2.711834926495309550e-01 -3.392965039417699558e+00
8.239683694036968120e+01 1.182170578749019846e-01 -9.578201133279835133e+00
7.419348209355163704e+01 2.949005719281084237e-01 -3.034512897257814590e+00
8.023405130413142672e+01 5.367279874663942740e-01 -1.126978402409503977e+00
9.362355043497646534e+01 5.663024376046758013e-01 -4.128978957680938811e-01
8.494606530296286451e+01 3.446493197462926483e-01 -8.684208870703219674e+00
7.345237117857833198e+01 6.382803617004448871e-01 -4.939838446270056416e+00
8.122595850947210749e+01 1.814686844412707334e-01 -4.054850439486757274e+00
8.431351715456470686e+01 1.714119685551586392e-01 -1.291421459109075798e+01
9.056572426154926347e+01 3.414486662760377600e-01 -7.071947606571687972e-02
8.952617270114294001e+01 1.451465358980507173e-02 -3.537857637496593655e-01
6.915867369507651574e+01 4.095141901044518362e-01 -8.397181371728565935e-01
9.747466846898092285e+01 4.688223802592631495e-01 -1.732280126170629764e+00
8.573167218464701023e+01 5.694781183765260102e-02 -5.896640903379306131e+00
7.279792648723163495e+01 5.898030452213242070e-01 -6.308312779018059757e+00
7.319557448300329838e+01 6.463911670169369961e-01 -5.608374530004708980e+00
6.987771792289372286e+01 7.263072890032358231e-01 -2.694292926954074741e+00
9.014965284828026881e+01 6.660040287674463544e-01 -1.688265734647597383e-01
7.693927990307768994e+01 2.059636197132267699e-01 -3.683467024965034892e-02
8.356283511740977588e+01 5.731589491614736964e-01 -9.845343857374302843e+00
7.960953192909184395e+01 2.354758265611883172e-01 -5.116146447056818536e-01
9.405545203149354450e+01 2.927727349106108018e-02 -2.860211986546660201e-01
8.552599909044440096e+01 1.368220600823145394e-01 -6.237448638741429185e+00
1.000180970479154183e+02 1.094007718415113684e-01 -6.240950053821835652e+00
7.747338029277703697e+01 2.752574822554325062e-01 -3.191042688892789525e-02
7.113849946943751945e+01 5.981604944609549834e-01 -5.763081962552566218e+00
7.685599039577800795e+01 5.307552060565949859e-01 -6.373095774740539232e-02
8.163356231083895409e+01 1.563164478152102022e-01 -6.366739272376777947e+00
9.525366455187808867e+01 1.971328470082511081e-02 -4.728286247505359419e-01
9.612158821432447553e+01 2.080801244631168556e-01 -2.905074747919405009e+00
9.139519982297257172e+01 2.200893155781210586e-01 -3.667334846719592922e-02
6.797276299469515948e+01 6.274642695579015772e-01 -9.127753763309763846e-01
8.866873652079797807e+01 5.098122826280812037e-01 -2.322627423004060276e-01
9.069412481905557399e+01 1.348445651889115526e-01 -2.279456363278625081e-02
9.260533771880622567e+01 1.916647215659745829e-01 -1.109172771312767342e-01
9.803788976345714445e+01 6.519100344822659210e-01 -1.052028149247192346e+00
7.943462707311691418e+01 7.187152362702508013e-01 -3.258110214778333624e-01
9.387177981259166870e+01 7.383564119490713118e-01 -4.320028398798793634e-01
9.574861570017085910e+01 1.625083982697326235e-01 -2.757384290138420457e+00
6.826310747304788151e+01 4.552070961128609206e-01 -6.387614470912841291e-01
9.642067340038913414e+01 7.896143438189124897e-01 -7.283680820246141163e-01
9.298248360955854253e+01 3.810437521408918116e-01 -2.730120722590598237e-01
7.791554264684548059e+01 2.861768291663415731e-01 -4.960301432468597338e-02
7.387030171093576314e+01 5.094573624394121980e-02 -2.348276005607344619e+00
8.846966907219831455e+01 4.567893245186080975e-01 -2.753926799056058417e-01
7.807258557024202617e+01 4.412518935450508994e-01 -1.045716124038929828e-01
8.687038374708384936e+01 7.574789391374946446e-01 -7.821506312777316561e-01
6.715814810866837092e+01 8.149582798581145315e-02 -7.139968923195314510e-01
7.920657347410278248e+01 6.611728179167362107e-01 -2.553056544957076901e-01
7.588145100230801177e+01 7.653390342562430559e-01 -5.735453425760524970e-01
6.787490151265615168e+01 5.780353565731078946e-01 -1.011479244210125028e+00
8.963766405968328854e+01 1.460642272500508043e-01 -9.924387720273885466e-03
8.647549133292920942e+01 2.316340173512935474e-01 -2.404279736224177011e+00
6.867617276109797331e+01 6.888592168433529395e-01 -3.766136156610938590e-01
7.459350326965761724e+01 2.413586402109649254e-01 -1.972610090827070284e+00
9.284665161839585323e+01 7.714251790040466128e-01 -3.277767362029712639e-01
8.149078823879926858e+01 1.946230533329053880e-01 -5.034958022145985979e+00
7.208660753828716850e+01 5.541296404207285420e-01 -6.984336389275829227e+00
8.079439297481881965e+01 3.354914833565400545e-01 -2.766015188984200179e+00
9.470630426597058715e+01 3.212039987282205942e-03 -2.231631098286389336e-01
6.940555510956066598e+01 4.253852809347233310e-01 -1.504984978004823670e+00
7.124041440144218029e+01 3.900158199021618310e-01 -5.980252490744215166e+00
8.048071342944150786e+01 9.135621628393335303e-02 -1.530222677980282331e+00
9.945741880244405309e+01 5.172589127907003537e-01 -1.545172444430409797e+00
8.421949137963341059e+01 3.173866415583447842e-01 -1.243911128072344852e+01
7.610403882754451388e+01 5.258926719176090225e-01 -2.982878359847707106e-01
7.450729063107858963e+01 3.972883406504464782e-02 -1.530815153023738828e+00
8.281742933631618087e+01 3.232051507233765775e-01 -1.181603084617637656e+01
9.852290741209249347e+01 4.341843639648327313e-01 -2.116357698501977858e+00
9.977056006979954361e+01 2.489406288736447925e-01 -4.390255907013199455e+00
9.879804903676890149e+01 6.852903772442144881e-01 -9.303160938189225515e-01
8.782240998874002003e+01 2.584584406958428393e-01 -3.965472785727544580e-01
8.811508466278880292e+01 4.776226197111603233e-01 -3.366275270053161739e-01
7.250876256264405129e+01 7.776613764698298015e-01 -6.326642698376569562e+00
7.500179173329729565e+01 4.976505223725098404e-01 -1.633088911076393757e+00
7.020194650907053813e+01 7.925985373394160705e-02 -9.023712696620512785e-01
7.647949545758132217e+01 3.966102249071752905e-01 -8.679628536740208178e-02
9.726929116808798881e+01 4.222270398963577920e-01 -1.903419008423250736e+00
7.079061656527372293e+01 7.489404756899092908e-01 -4.821078753938946804e+00
7.172178558875447152e+01 6.781745307169280146e-01 -6.610711804813670156e+00
9.916896941155069101e+01 2.988429648016607820e-01 -3.602728285698368449e+00
8.741095770009793853e+01 6.050276508335538095e-01 -6.561827124862812388e-01
9.695463284233686352e+01 3.089689068447309950e-01 -2.660794934615069440e+00
8.222279549492591855e+01 3.681972500279464544e-01 -8.525932131820022519e+00
7.889316744396360548e+01 7.116881275495205994e-01 -2.018782332781139388e-01
6.735543446719078986e+01 1.026964786031035193e-01 -6.902891567008361262e-01
7.843558110475609624e+01 7.033102103698263274e-01 -1.821729877269995246e-01
8.501429549842684708e+01 3.605117510741841502e-01 -8.424912351994779058e+00
8.716323220655155524e+01 6.207580752177506156e-01 -7.808903925015411307e-01
8.917423187757006531e+01 4.886431413475778029e-01 -1.652879616834266319e-01
9.211771794521031609e+01 5.456892731913774996e-01 -2.238765749812857697e-01
9.443673881877975873e+01 7.349903535849002800e-01 -5.151769848452951717e-01
9.536865769366036716e+01 3.538071281190263706e-01 -1.448872633860459835e+00
9.099151479867911974e+01 4.036496999230684835e-01 -1.059569538374289244e-01
9.165109221188883737e+01 6.157629792395203916e-01 -2.155458861650598190e-01
7.026074325196822201e+01 1.240578277132771412e-01 -1.756208559394619506e+00
8.382007704761369382e+01 4.873902209286069542e-01 -1.097025424005527583e+01
8.315680815144102667e+01 7.987511320882776378e-01 -7.070818876466268499e+00
9.765551808080843443e+01 4.448468019750248525e-02 -2.975016034176261037e+00
7.548099433813854375e+01 7.042499795369214222e-02 -6.382878563731152477e-01
6.852847313277402463e+01 2.614681819542135077e-01 -4.417732192007480796e-01
8.167514665793299855e+01 4.501958091090388914e-01 -5.428554494080796822e+00
9.457248490556686704e+01 1.989353765455251777e-01 -1.395887981259900767e+00
8.995495448995698951e+01 4.805557713868116032e-01 -1.175541211498221661e-01
8.057989262171228972e+01 1.705053454212085429e-01 -2.148209000879176322e+00
7.612560981235399993e+01 6.220471777508432970e-02 -4.140572697785393497e-01
7.873524660080865090e+01 2.526401477498751436e-01 -9.067372647178992273e-02
8.331535008875727044e+01 6.439436748451838888e-01 -8.723387909007193741e+00
9.358130351966639182e+01 4.465098150760101747e-01 -4.147015716699665733e-01
7.683199006554224297e+01 6.750612109575656605e-01 -8.286852583504092373e-02
8.116179929140147919e+01 4.599102902038880725e-01 -3.302964149041256015e+00
7.318777871752511999e+01 4.641932341224964675e-01 -5.636796448336218290e+00
9.586160399495177842e+01 1.442572579045705607e-02 -3.724932979397482802e-01
9.170721224037306740e+01 6.364725890293831956e-01 -2.214821778257163032e-01
8.602571749878030971e+01 6.927091929476456578e-01 -2.104497223666232930e+00
7.106483437901074751e+01 2.413770101688366213e-02 -1.510897945453361091e-01
9.733228821093260308e+01 7.770125008320274418e-01 -7.805248541520193317e-01
9.982865642993698430e+01 3.848970564752363099e-01 -2.533073688720585803e+00
7.554497747736795077e+01 2.225181185090124858e-01 -6.318017033203553456e-01
8.945945515941038195e+01 5.765065656137110528e-01 -1.700107792214030911e-01
9.408723754619730073e+01 6.172407194695829213e-01 -5.083951978018443896e-01
7.016182948431335831e+01 7.714873734583715947e-01 -3.524105164088041864e+00
6.935939542189520068e+01 1.030418969336264756e-01 -5.415337249548013432e-01
9.274929862850879658e+01 2.806207746507157208e-01 -2.054504680543624007e-01
9.717948986494162966e+01 7.650378487540978600e-01 -7.951813579008923938e-01
7.715732095472310448e+01 4.546712419819629036e-02 -2.490038676634996062e-01
9.509281306973591086e+01 1.591276899758380936e-01 -1.901967588857804259e+00
9.619966746413082603e+01 3.991512215140851083e-01 -1.685902505031700693e+00
9.880747833090548227e+01 6.301745853872249281e-01 -1.099305776324802197e+00
6.759043007691794003e+01 2.789251405983413923e-01 -1.066964353362629847e+00
7.776249581782168718e+01 4.328650776846867387e-01 -9.406214983094234039e-02
9.962396538979285765e+01 6.063401029414876575e-01 -1.122070974544905564e+00
7.387096215717328107e+01 7.206942605853546846e-01 -4.132667866158310055e+00
8.664110651253912465e+01 6.851109680785881784e-01 -1.072348997754431377e+00
7.852044391054467098e+01 3.390338267876912282e-01 -9.695219247528177875e-02
7.192307642200694318e+01 3.022075930929767895e-01 -6.871278066552180874e+00
9.083694585890651751e+01 6.528793787685288619e-01 -1.844111222126500194e-01
7.738519607483451068e+01 1.448479823040248748e-01 -3.123382402546264272e-02
8.829251460136424612e+01 6.587001648387460495e-01 -3.247958155170190819e-01
9.468137002175048167e+01 5.104555421027522355e-01 -7.091631447932765786e-01
8.635615933653139109e+01 2.326681256065199210e-01 -3.052938669316588527e+00
9.319852725474589761e+01 7.041248707336289492e-01 -3.429767511610958830e-01
8.593501111568228623e+01 5.289917354504136693e-01 -2.817539060001267082e+00
6.857698886129895754e+01 7.330399020458336912e-01 -4.013105652698326642e-01
9.673317596974349897e+01 7.957621908583168979e-01 -7.361867267180467467e-01
7.265093684104412830e+01 1.795231879671356501e-01 -5.559662978149910728e+00
8.379987915171486179e+01 1.258593816028277801e-01 -1.421956792083512688e+01
8.325449079952528564e+01 1.362260994558913141e-01 -1.421139389776615936e+01
8.236486228067585103e+01 6.087428279602540293e-01 -6.898647498230515041e+00
7.046778130577544630e+01 1.195483518546633372e-01 -2.206722393675521143e+00
9.557250306097891723e+01 1.284464013339854105e-01 -2.690007490866411111e+00
6.799833248870436364e+01 6.682212062557777443e-01 -8.912168551946562101e-01
8.457181380158414186e+01 6.544800618025763128e-02 -9.535850721017686382e+00
9.856135738157728099e+01 7.545950439534345744e-01 -7.841423424409382781e-01
1.001707500665984583e+02 4.781021649211874558e-01 -1.742032108034118565e+00
7.345201011194714624e+01 1.906662193162041441e-01 -4.372382627480612349e+00
6.958564729562503715e+01 4.245005258529617187e-01 -1.889637966439225103e+00
9.663763881485141383e+01 1.623409108409621382e-01 -3.650205180287218187e+00
7.227496047896150344e+01 2.896605999446676405e-01 -6.848546499025700562e+00
6.913109491353061742e+01 1.080209598267218296e-01 -4.141116580573054318e-01
7.447912448738767921e+01 4.886021749639084533e-01 -2.613844800353529063e+00
7.416268382520058822e+01 2.046140906064770615e-01 -2.942314647676874895e+00
8.497998388785727286e+01 4.083843794953432860e-01 -7.638509723300125565e+00
8.729247987544499665e+01 4.841586730542220968e-02 -1.522552541198714637e+00
8.075710341377047996e+01 3.475875757693199231e-01 -2.236303370899726861e+00
8.411505103493611557e+01 3.131087430750699729e-01 -1.328771673877946746e+01
9.901916354969331735e+01 9.490681413982343662e-02 -6.077198108049095104e+00
9.110559215355405627e+01 7.822587128478470254e-04 -5.019642973686584408e-01
8.819045294107228017e+01 3.797075621307879345e-01 -3.552754021854795941e-01
7.916488991710862422e+01 3.045536895644100905e-01 -2.070652776968330555e-01
9.023989733740771157e+01 5.386528850380053468e-01 -1.374838987504884424e-01
7.961813673048166606e+01 4.182064518046913482e-01 -4.680946372581001325e-01
9.048967086357495759e+01 3.977379548509809432e-02 -7.102652549507222635e-02
7.077412132927955213e+01 5.482951187342202104e-01 -5.152142782808843080e+00
8.787794757046825112e+01 5.968934252330662105e-01 -4.583901037612213569e-01
8.885783925511907455e+01 5.626663556299765778e-01 -2.086524604605117517e-01
9.385181490427166295e+01 7.471801647010218872e-01 -4.304711806843962707e-01
7.799191508346756052e+01 5.720862482892423717e-01 -1.448392171236598802e-01
7.511495568716179605e+01 7.228244708260303519e-02 -9.687309422296347394e-01
8.269938712847522311e+01 5.916917901194337359e-01 -7.682283831043775102e+00
8.717642444417920444e+01 7.883278758012806087e-01 -6.254969605763498475e-01
7.575692931098515714e+01 8.695900391127132922e-02 -4.812064785658125565e-01
8.911849539632439132e+01 3.556569666399375107e-01 -9.991350971002657677e-02
9.260315957740105830e+01 3.298479506401734151e-01 -1.932213224856875189e-01
8.535773085184229103e+01 7.136585187799409091e-01 -3.816696685033606595e+00
6.714950582430280690e+01 3.226238466563820517e-01 -9.683880822707020553e-01
9.218897603229775939e+01 2.153019351237865919e-01 -6.394835911621112035e-02
9.796874565074796237e+01 5.573761667166612366e-01 -1.369014054696872762e+00
7.997328425954108866e+01 5.149967083915739652e-01 -8.724410780239866270e-01
7.182923696581512729e+01 3.751843382773369928e-01 -6.974344218972825971e+00
9.146738062499201760e+01 2.420968971515244650e-01 -4.656794566188274254e-02
7.953297551751556682e+01 2.291286048853445334e-01 -5.066798606357235668e-01
7.655379191789745619e+01 4.966472941633831018e-01 -7.888622883980404843e-02
8.216439422876041476e+01 4.044546091920357411e-01 -7.342983892583239580e+00
7.144627162426010614e+01 5.205690577799876317e-01 -6.372090648065045215e+00
9.802428404826878250e+01 6.972754107862524364e-01 -9.351955995625591544e-01
6.750047701403319422e+01 3.614974351621762505e-01 -1.107996746310324410e+00
8.489959214494622586e+01 7.365083258075657557e-01 -5.126616732978503066e+00
7.482267438450074337e+01 2.312082131821159917e-02 -1.368912966463309733e+00
8.157494204257321258e+01 2.695512526183065360e-01 -5.582926853066497941e+00
8.129230454748548595e+01 1.357415202417412425e-01 -4.027845059998965915e+00
7.879733115244935959e+01 1.398269527451837801e-01 -1.179673057319605839e-01
8.838531578489765650e+01 1.710814918568912268e-01 -1.413486260028408159e-01
8.360084420928971838e+01 6.981492249271776807e-01 -8.389483598193203662e+00
9.897406523338838724e+01 5.454932209083973582e-01 -1.431627886018361995e+00
9.761881044602387192e+01 7.301976801188324595e-01 -8.644700880466388293e-01
9.205789471359193499e+01 2.454919111207785609e-01 -9.032425688980184886e-02
7.039693460329995389e+01 5.923797440222702826e-02 -6.598249751085936143e-01
7.319357728891748138e+01 5.716423339059762965e-01 -5.770259931859753166e+00
9.009063582288780481e+01 2.887544820815272639e-01 -4.354016932563166409e-02
6.700093062945812505e+01 3.729361045484410470e-02 -1.094177384150929244e+00
6.916404191815406932e+01 6.728565352120973175e-01 -7.325990175351022593e-01
9.391807393285603212e+01 7.243205029690459318e-01 -4.344574028092120788e-01
9.565340382675216802e+01 4.553080924942423668e-02 -1.589801610407055144e+00
9.181209479428378017e+01 1.215558009757362196e-01 -1.199850617913844619e-02
8.983936645665818332e+01 3.623291429072127423e-01 -7.348872371139247850e-02
9.133049397214493581e+01 7.519514263701347900e-01 -2.341530649157314015e-01
7.011981129291487491e+01 1.474977585291763552e-02 -3.498707977770860733e-01
8.410924760882602413e+01 1.677661401680043129e-02 -3.137517881998876934e+00
7.733322260768628098e+01 7.124054714212466610e-01 -1.411134039181463629e-01
8.196730536225616959e+01 1.037516383712606266e-01 -6.509064788638506904e+00
8.104454921195510053e+01 3.453138813407705676e-01 -3.362769865922995649e+00
9.692780430978025663e+01 6.903912844246171132e-03 -2.162444535743904550e-01
8.561650220188919036e+01 6.868998827889650771e-01 -3.279281995210707290e+00
9.235929119309179214e+01 2.984662491146846189e-02 -9.481682494419675297e-03
7.555020190842950001e+01 6.703571265159427028e-01 -1.030671320801113788e+00
8.634105873787322594e+01 2.291484339814562066e-01 -3.086449077053986745e+00
8.757547643618288191e+01 5.146175204842701190e-01 -6.083954560498123776e-01
9.352378161139492363e+01 3.849258574902076901e-01 -4.070419278684808129e-01
8.374042821779613632e+01 9.054969671005402843e-02 -1.283410773866581422e+01
9.404761017347799168e+01 6.274950237247005624e-01 -5.049613350450842253e-01
6.925367023365593866e+01 1.600443551610254422e-01 -7.573586277437295289e-01
1.001420913045991625e+02 5.908600772525780531e-01 -1.131640298128429034e+00
8.544564515468482568e+01 3.012572849277325160e-01 -5.810319445454480203e+00
9.701128869107944297e+01 6.373011997754578495e-01 -1.039094465093713504e+00
7.471965363441124452e+01 5.633725147696744262e-01 -2.243261721864614699e+00
8.049691309288424179e+01 2.787077900796918750e-01 -1.703914786600717601e+00
8.189337101952885689e+01 2.524633013061085562e-01 -7.586908297587498851e+00
9.268971823231919416e+01 7.672561139930390572e-01 -3.110199111848885312e-01
7.283824764115216510e+01 5.146006362722698596e-02 -2.483095487300805981e+00
9.072985011247909881e+01 3.111011855028232298e-01 -6.266212050404462719e-02
9.996771683573606992e+01 7.820748364467423608e-01 -6.103879937676418566e-01
8.777546203331355912e+01 5.279904693255111914e-01 -4.877661697030645782e-01
8.087920505745944411e+01 5.057144136174404059e-01 -2.218350037816370079e+00
9.060757751427698281e+01 6.907756891602382376e-01 -1.829442304099937189e-01
9.648686752098535635e+01 1.194113522147949996e-01 -3.558954432552028369e+00
9.440270493685267184e+01 3.412635600656364065e-01 -8.745600580015231440e-01
9.775988587749833414e+01 2.809728796358856306e-01 -3.403214901116671687e+00
7.779307449125734308e+01 7.686926562186966461e-01 -1.867450496298052320e-01
6.748207633919928128e+01 6.095254669617173882e-01 -1.017857611888685287e+00
7.073429907704638708e+01 5.282504468002779952e-01 -5.146275076444731589e+00
8.505698045522507300e+01 2.709138421795842522e-01 -8.762836992587510920e+00
8.475452924042025415e+01 3.308313206932231854e-01 -1.013243965240193845e+01
7.902016331962006745e+01 5.405274707682535817e-01 -1.848450931852697876e-01
7.641458850121492219e+01 6.912810449193647344e-02 -3.182577655179998355e-01
9.944349591477092076e+01 3.545203125543304190e-01 -2.899910464701118240e+00
7.858211211723609324e+01 4.739315306004978634e-01 -1.261060931794300843e-01
9.838329833191944829e+01 2.217321270919236087e-01 -4.551770785109912509e+00
7.502023181726136158e+01 5.538643046268737491e-01 -1.613612805554500929e+00
7.189548933853805579e+01 3.148623119655633573e-01 -6.930161296798742043e+00
7.199626395109167731e+01 1.823488920305167404e-01 -5.782934727439390521e+00
6.810964530502829462e+01 6.034217198730155163e-01 -8.147117474085113775e-01
6.762292648002667761e+01 1.062319176475504945e-01 -6.028636651548109349e-01
7.697852133351848636e+01 4.447257345305157816e-01 -5.011330388904113031e-02
9.614837380401513656e+01 5.992516464246832042e-01 -1.003242070930865815e+00
9.513462376016686051e+01 1.959731642381047356e-01 -1.898370613221716852e+00
7.397435202443487867e+01 4.260734516035879493e-01 -3.758083127992502437e+00
9.471617501065435363e+01 2.005545734129405844e-01 -1.393454257586947076e+00
7.983366732300254398e+01 1.535714054033781029e-01 -7.350465232738675470e-01
6.968484942295772555e+01 6.220470924242298416e-01 -2.182728049828500438e+00
8.310009229411048182e+01 4.159573846849017875e-01 -1.148119032401762141e+01
8.277624287738919406e+01 3.276191513444826064e-01 -1.178175692089581972e+01
9.547994145257948162e+01 6.605227863121975185e-01 -7.645027854076187346e-01
7.448402038875903486e+01 1.850204412890143479e-01 -1.921097638614537972e+00
6.837440601632224002e+01 1.477244839747267890e-01 -3.690546400978033104e-01
8.808178389218322479e+01 3.701014550337193842e-01 -3.554726113492687189e-01
7.324584829986473267e+01 3.807583535840015632e-01 -5.778311258614555967e+00
7.103186337784072180e+01 4.553556225342468844e-01 -5.754129898685076405e+00
8.716271314619433497e+01 7.903900776656089811e-01 -6.236317098247924351e-01
8.250484012698602498e+01 6.457868626140337298e-01 -6.643582594260807106e+00
7.806808941206114127e+01 2.598072429812484652e-01 -4.707192502560518521e-02
8.432807140843422644e+01 7.077734663499803958e-01 -7.374135885946019542e+00
9.311021964721692257e+01 4.887766177426076664e-01 -3.130156992697992191e-01
8.599285403336844524e+01 8.761831107123044249e-02 -4.484842815155429818e+00
7.374878570302425373e+01 4.392697867595662942e-01 -4.532879569594617131e+00
8.876441335252638964e+01 4.972718125492090468e-01 -1.941437269771613683e-01
9.811716562121534935e+01 3.971093211556050995e-01 -2.319563324347120759e+00
9.921144738866834700e+01 4.587280382823593072e-01 -1.941008648529737091e+00
9.119283362134204651e+01 7.943953587504598568e-01 -2.264742872723835010e-01
8.675363790835771738e+01 4.828397246900603124e-01 -1.235301168815631234e+00
7.249444895123158972e+01 2.352436551553832023e-01 -6.279112126933313220e+00
8.898846929810761708e+01 4.068156562412055255e-01 -1.404038324818762673e-01
7.568900301053693624e+01 7.439071473002755175e-01 -7.802680182737148362e-01
6.867015608539315963e+01 4.235352880648621809e-01 -4.436138056956462350e-01
8.015991579252413146e+01 7.806900358277071850e-02 -8.508751893438250002e-01
8.931125757283847122e+01 2.133303426815190695e-01 -3.592680550840188225e-02
7.131999070496146942e+01 4.640736670397631602e-01 -6.381055908189642523e+00
7.593059509612164959e+01 6.515730967792414674e-01 -4.132268654357691418e-01
7.946333050246501273e+01 5.764512099149746716e-01 -3.883459401678619471e-01
7.671308447252651774e+01 7.567302479188553477e-01 -9.730373992678748030e-02
8.360526864168087968e+01 2.947684526443481584e-02 -5.364259082714667670e+00
8.338153317388537289e+01 1.776325821876525990e-01 -1.502055725385729623e+01
8.378061113453718178e+01 1.702954173088073730e-01 -1.504352455608998795e+01
8.368658741238043319e+01 2.979610443115234264e-01 -1.418731864070638160e+01
8.304703749543679692e+01 2.443576097488403542e-01 -1.404072303774433372e+01
8.285438142179989995e+01 2.217090845108032338e-01 -1.319809430932510708e+01
8.377082050080024089e+01 1.531200734460726187e-01 -1.492316999613842299e+01
8.401999511202321003e+01 2.560764551162719727e-01 -1.431187280211872803e+01
8.384928915487952850e+01 7.882402539253235974e-02 -1.200604716576395248e+01
8.382891881910133236e+01 1.260848114503719253e-01 -1.422436661366706723e+01
8.358564182744700588e+01 2.749041404307677183e-01 -1.452450318445048616e+01
8.347605552225738279e+01 1.289958059787750348e-02 -1.876242082736799821e+00
8.344652474727028846e+01 8.150280117988586981e-02 -1.203213333370688254e+01
8.388210678464909620e+01 1.585624098777771163e-01 -1.459872276849100459e+01
8.372878294673732569e+01 1.162320137023925837e-01 -1.397181121078584098e+01
8.409342557334943535e+01 6.147978305816650946e-02 -1.042976864645449098e+01
8.390427468250993570e+01 3.509002923965454102e-01 -1.305824061207004227e+01
8.321988105989450446e+01 2.466027595300001318e-01 -1.401707173731178813e+01
8.328860895647359541e+01 1.304515719413757435e-01 -1.400173478966384621e+01
8.300156638162097522e+01 1.053416444862073087e-01 -1.200792823388675679e+01
8.383864655834447888e+01 9.979265928268432617e-02 -1.332733012770271586e+01
8.330576794801999085e+01 6.863905191421508512e-02 -1.081143175960601610e+01
8.437989879240501523e+01 2.541045706867355869e-01 -1.272891998553304838e+01
8.321314169997459942e+01 3.931924700736999512e-02 -6.531552520703859166e+00
8.353405076528979123e+01 1.851985454559326172e-01 -1.522575393511180053e+01
8.380632929916512808e+01 2.082415103912353682e-01 -1.491183591965818955e+01
8.342023753007178755e+01 2.055912017822265625e-01 -1.511952681746431537e+01
8.351530515165298141e+01 1.903184652328491211e-01 -1.509540994008711756e+01
8.412316680498513222e+01 2.451091766357421931e-01 -1.380455642915662651e+01
8.375784465882580321e+01 2.129323959350586104e-01 -1.515840536572788366e+01
8.379342366582477553e+01 2.982125520706176980e-01 -1.401562796168709468e+01
8.318870254988671320e+01 1.550099730491638350e-01 -1.410467047224043213e+01
8.300209267140238012e+01 2.414824247360229659e-01 -1.320251926998520631e+01
8.381258380447169998e+01 1.742938756942749023e-01 -1.505414164153251200e+01
8.323793823392792035e+01 2.828501224517822599e-01 -1.374953046575050131e+01
8.339854144561168425e+01 2.577200889587402677e-01 -1.450086891375276466e+01
8.363228293453965989e+01 1.893192172050476296e-01 -1.523115712101297525e+01
8.356476853597384036e+01 1.266183614730835016e-01 -1.441565189270341207e+01
8.406375565368877290e+01 3.056800127029419278e-01 -1.342204693848134767e+01
8.356048037683547136e+01 2.620583295822143666e-01 -1.469300082061396751e+01
8.327806489482786390e+01 2.477645158767700362e-01 -1.458706018252816072e+01
8.336168027207008890e+01 3.254633665084838978e-01 -1.363037013438870027e+01
8.355339825193746606e+01 3.431085586547851785e-01 -1.336204109132023810e+01
8.331176915293022489e+01 1.479068040847778265e-01 -1.454002472070211027e+01
8.400833279563829592e+01 3.096416711807251088e-01 -1.333562458190642275e+01
8.365375912674421954e+01 3.345583200454712025e-01 -1.357365950438060587e+01
8.318866156098907538e+01 2.976766824722290039e-01 -1.359500493616944539e+01
8.416209512872644893e+01 1.293469905853271429e-01 -1.381807558401205860e+01
8.282049577603314106e+01 2.359603166580200306e-01 -1.322878216750241265e+01
8.364208044967163858e+01 3.341984748840332031e-01 -1.357886374246176331e+01
8.362410678290322608e+01 2.106073141098022683e-01 -1.516608794890794165e+01
8.332317256456732935e+01 2.055783449612054170e-01 -1.471463421499520763e+01
8.371358702236364024e+01 2.510179743344790881e-01 -1.475919218714784265e+01
8.380774484514252265e+01 2.000712279124592374e-01 -1.497686791176256449e+01
8.364011811458308898e+01 2.745285380163054456e-01 -1.453281005638158874e+01
8.372416636319445615e+01 1.547200798988342396e-01 -1.494008324805874643e+01
8.353398493033893146e+01 2.777697770764691598e-01 -1.448111539681096538e+01
8.396455138475857893e+01 1.401670932769775446e-01 -1.446683883103262680e+01
8.404552845426748320e+01 1.822942269756346323e-01 -1.457517176308661355e+01
8.324887403982653211e+01 2.455240277708599095e-01 -1.460451773480546578e+01
8.328285996668853386e+01 1.486547708511352650e-01 -1.456208265359842002e+01
8.413045715053625884e+01 2.335970270653109082e-01 -1.399662319214865214e+01
8.361624596702384338e+01 2.382193565368652399e-01 -1.495007508043997113e+01
8.356540751777821185e+01 1.778338688915264698e-01 -1.520330645321718954e+01
8.339401103365266010e+01 2.920847177505493386e-01 -1.411070283801236513e+01
8.394839911977312852e+01 2.747946262359619030e-01 -1.397885656563873447e+01
8.343957986432160112e+01 1.746146730643647615e-01 -1.498728143093007681e+01
8.316256796049044908e+01 3.288383504859135886e-01 -1.320800303904615447e+01
8.365732414825573926e+01 1.258711695671081710e-01 -1.438770631000731015e+01
8.391513458413406568e+01 3.131834506988525613e-01 -1.376250405576118041e+01
8.418467048959726640e+01 1.750520586967468373e-01 -1.386309775280216883e+01
8.307213429078436207e+01 2.312047481536865234e-01 -1.407617783427350489e+01
8.374475863994990732e+01 2.789827346801758146e-01 -1.433865902869510300e+01
8.309576399641504452e+01 2.591945754226068765e-01 -1.395509768083625524e+01
8.318093993592225388e+01 1.556856359298147696e-01 -1.412246415412535683e+01
8.389089320334379352e+01 2.100169165585654696e-01 -1.490493141743744410e+01
8.392020810926426577e+01 2.608879089355468639e-01 -1.421639157127747133e+01
8.360448251528907804e+01 1.849510425817383896e-01 -1.522607186478554198e+01
8.329856132490176890e+01 2.706059507033268807e-01 -1.437129873577653250e+01
8.319591739777604289e+01 2.448483066141934339e-01 -1.402657887322790664e+01
8.332296528985978057e+01 2.175606789391834328e-01 -1.472301406076823582e+01
8.340002184691920206e+01 2.468308210372924805e-01 -1.459106118623178183e+01
8.377666463265376251e+01 2.267323413130697962e-01 -1.504848567504431678e+01
8.352909379143687829e+01 2.032436841265194971e-01 -1.511896842662926410e+01
8.366960443316510521e+01 2.201346729540827329e-01 -1.510013355357459375e+01
8.396991600865190719e+01 2.324284705664460271e-01 -1.465845454215364008e+01
8.357342740121441693e+01 2.045051813125610407e-01 -1.519610262658518174e+01
8.363452487494642185e+01 2.682411355503940831e-01 -1.461739866432984591e+01
8.342871066833977522e+01 2.288183875008688306e-01 -1.502074870389260752e+01
8.392598352341360624e+01 2.537633072507624044e-01 -1.433497288443553153e+01
8.344215051633052838e+01 2.073485612869262751e-01 -1.511672651378643373e+01
8.350897091010696727e+01 3.152046203613281250e-01 -1.378913852368421367e+01
8.325161813028121571e+01 1.951636058464433499e-01 -1.467753854288136672e+01
8.386637363001533174e+01 2.039583558742125990e-01 -1.495404192273473498e+01
8.347264184911128382e+01 2.603796555363335208e-01 -1.470968573118837952e+01
8.310172617094880820e+01 2.644369900640471949e-01 -1.391722436941594054e+01
8.369678316207229329e+01 1.623644465400594927e-01 -1.500317393274352895e+01
8.383910913241581397e+01 1.781688900875447457e-01 -1.505860916991315079e+01
8.317231135885583626e+01 2.390650195016645052e-01 -1.404938912879906354e+01
8.354255784554815989e+01 2.456559921397010737e-01 -1.487814969858093406e+01
8.363209426183030359e+01 1.922849854046385920e-01 -1.523059589240300049e+01
8.386793874810217631e+01 2.491466307424709259e-01 -1.439970712042243939e+01
8.377540404281913311e+01 2.211383436321351370e-01 -1.509845080723122557e+01
8.354793045450124112e+01 2.076009221347179245e-01 -1.511463225975438007e+01
8.369888858086937944e+01 1.746591881697386328e-01 -1.504857176578671130e+01
8.369865429792059786e+01 2.150071171744676879e-01 -1.514118036321045757e+01
8.358889677608200941e+01 1.681394539267060673e-01 -1.513831723752118563e+01
8.370635291741378126e+01 1.895625749613671918e-01 -1.523247800795771489e+01
8.357927101307720363e+01 2.385919567263689034e-01 -1.494597223099428263e+01
8.354357520600626685e+01 1.959850155203804456e-01 -1.522319909938092941e+01
8.378326396875014836e+01 1.761922812237946556e-01 -1.505464337929622509e+01
8.337686924945316491e+01 2.319568598062859144e-01 -1.468034898085913831e+01
8.343347530126553124e+01 1.770502388446670572e-01 -1.501178816597741950e+01
8.346649073665922458e+01 2.536671325810024857e-01 -1.478915956736566351e+01
8.322629305243719955e+01 2.485884256368592615e-01 -1.400733865662878586e+01
8.342561537533453020e+01 2.202505576478473448e-01 -1.507282116905424374e+01
8.360219053195424976e+01 1.418663078773655384e-01 -1.476309593478225501e+01
8.371593606212445593e+01 2.309468089058090146e-01 -1.500205191672995397e+01
8.350485018711347607e+01 2.412069060458125191e-01 -1.492032623117427903e+01
8.313411550742273448e+01 2.579180171556740286e-01 -1.396100436144609169e+01
8.366231930327109012e+01 2.349629476301810793e-01 -1.495446080124309773e+01
8.331549960120980813e+01 1.526095785439035291e-01 -1.464942594109965590e+01
8.361456914483734693e+01 2.476314033326499353e-01 -1.486027720232820037e+01
8.394787766154473729e+01 2.090795043807237852e-01 -1.491961741561176247e+01
8.363755455693907948e+01 2.642660436752200526e-01 -1.466890274858916499e+01
8.379404563371228676e+01 1.917615443222264460e-01 -1.502356722732744743e+01
8.353561510604842510e+01 1.905130860977987395e-01 -1.522935463564854786e+01
8.353955965567935493e+01 1.869881190270814009e-01 -1.522816063767669981e+01
8.377485841176371650e+01 2.127299444703876774e-01 -1.516058814753809258e+01
8.360487770259886986e+01 1.779158130218418954e-01 -1.520355041915459893e+01
8.395524957097461538e+01 2.011476280763342117e-01 -1.498360700680780688e+01
8.351826812505871089e+01 2.331754898559694478e-01 -1.498979678350828415e+01
8.352089593675974299e+01 2.186731656025468762e-01 -1.508057606096992487e+01
8.358908973392772168e+01 2.098316215975563337e-01 -1.516896229012592023e+01
8.336167062938318395e+01 2.242791888618134721e-01 -1.470844887224912156e+01
8.362702367660911307e+01 2.220185041427612527e-01 -1.508136130380803763e+01
8.370136382531813979e+01 2.307235007718848319e-01 -1.500327253109205827e+01
8.348562331463669750e+01 2.006222058745471826e-01 -1.511974030818123715e+01
8.364443734539358388e+01 2.232429929685313952e-01 -1.507168845705628613e+01
8.347581591851829330e+01 2.138569543562118813e-01 -1.509993155870023607e+01
8.363160592019436024e+01 1.850677619620320069e-01 -1.522654898920823108e+01
8.371131173047493235e+01 1.765136526510954207e-01 -1.505072134642380810e+01
8.378104788438686512e+01 2.132773620085068045e-01 -1.515737436965107143e+01
8.382153474365168222e+01 1.879707457245017310e-01 -1.504084977331715223e+01
8.398852067100895624e+01 2.319277539001539934e-01 -1.466762296980449243e+01
8.383019871667534062e+01 2.154420123248376173e-01 -1.484455989230055017e+01
8.341121132398113502e+01 1.489411125648083256e-01 -1.455282345548411804e+01
8.362233571373386098e+01 2.182468352687250146e-01 -1.511245675427984558e+01
8.354410770142133913e+01 2.109268178081007417e-01 -1.510795248573409388e+01
8.367855126803833343e+01 1.922573647963586874e-01 -1.523162890016810778e+01
8.367808940814890661e+01 1.781334100846638235e-01 -1.520426111577106276e+01
8.370892934661722506e+01 2.110307666253905257e-01 -1.516781457186279525e+01
8.360592095635999499e+01 2.029932727052916330e-01 -1.520393190009605000e+01
8.356347683410812976e+01 1.961178172602865422e-01 -1.522352340413137384e+01
8.357229578588169261e+01 1.675329377354494165e-01 -1.513324663408140403e+01
8.367509012643762389e+01 1.955798082375244662e-01 -1.522770926601605446e+01
8.371820684373193444e+01 2.042313157790348888e-01 -1.520330869258129347e+01
8.354457462742149687e+01 1.877248831491988013e-01 -1.522886986932306641e+01
8.353103225988628822e+01 2.088703618619066893e-01 -1.511268609394517171e+01
8.370406321115977732e+01 2.102537452173362242e-01 -1.517220612062826746e+01
8.364901197567272106e+01 1.827691839972349908e-01 -1.522138223562122050e+01
8.368365927129748627e+01 1.707103803322678470e-01 -1.504029553086014914e+01
8.373772518501044715e+01 1.963561154155131494e-01 -1.522803730873410011e+01
8.366203040146621106e+01 1.909490920704179640e-01 -1.523180988533586167e+01
8.381129491179022750e+01 1.985937373077578671e-01 -1.498711580705350599e+01
8.387002888800029154e+01 1.798363214236161634e-01 -1.506011349339946470e+01
8.355158467734807459e+01 1.842143081125034998e-01 -1.522413974420478766e+01
8.362130654716700917e+01 1.858174127206195791e-01 -1.522772218055976801e+01
8.368665263013369326e+01 1.862507648920997960e-01 -1.522909934515010733e+01
8.358845850189257476e+01 2.120267604518959181e-01 -1.515531303353224324e+01
8.362281807132728773e+01 1.809894098762210302e-01 -1.521581616459742570e+01
8.353535426673767006e+01 1.753461625498397847e-01 -1.519091359819908860e+01
8.361892186613856381e+01 1.731233620368482773e-01 -1.517647457455881188e+01
8.379239968870462008e+01 2.241816876007945436e-01 -1.507316022815041023e+01
8.360099243221196730e+01 1.992915123985314896e-01 -1.521675296391436305e+01
8.364078503564572031e+01 1.892929568375485427e-01 -1.523129316016204982e+01
8.363133898817693535e+01 1.883338956944685394e-01 -1.523065347912985779e+01
8.365610711443365233e+01 1.806097759096671196e-01 -1.521453118342963329e+01
8.366158716106500037e+01 1.846725853710602938e-01 -1.522604180145399155e+01
8.374079297253098275e+01 1.842573407229189109e-01 -1.504530991345776769e+01
8.371169189446605685e+01 1.869042543307430915e-01 -1.523030644613810125e+01
8.365123075544444475e+01 1.814835810351829726e-01 -1.521752472477648510e+01
8.375669918692071292e+01 1.941689795345382108e-01 -1.500838544833921162e+01
8.343670794035492122e+01 2.191755022273497167e-01 -1.507816745013302295e+01
8.373449277858357220e+01 1.936906761068877547e-01 -1.523173032350572953e+01
8.394131737047392505e+01 1.714205622433245535e-01 -1.460655201218222388e+01
8.375101820451034484e+01 1.982304504792825328e-01 -1.522443944594450294e+01
8.361722367435341141e+01 1.960466179929754027e-01 -1.522524359832964791e+01
8.366512431430660968e+01 1.825411825478302497e-01 -1.522081397818959481e+01
8.361989625808554649e+01 1.855575042718354550e-01 -1.522728973560786869e+01
8.365634337095377759e+01 1.513695554141758215e-01 -1.490231068169351403e+01
8.363600350749247525e+01 1.927575111389160378e-01 -1.523032171906898213e+01
8.369881724927824962e+01 1.838136081490622520e-01 -1.522437165459872688e+01
8.379591106274838808e+01 1.970066225689096617e-01 -1.499567940323547255e+01
8.367474903646359508e+01 1.831484300865774684e-01 -1.522253878176706543e+01
8.372861401913615964e+01 1.923084659150590403e-01 -1.523265226053472254e+01
8.370142992950650296e+01 1.890067411072839376e-01 -1.523214375313977875e+01
8.376888358021970760e+01 1.912194555813324648e-01 -1.502391180490790745e+01
8.361514522112719305e+01 1.917573853277318996e-01 -1.523054931412845647e+01
8.370765728433622144e+01 1.932708505302661584e-01 -1.523151306546323269e+01
7.856715297647743057e+01 2.840940812836032989e-03 -6.582457941401329005e-02
7.889537813965725377e+01 2.200270599307319747e-02 -3.086186787444920587e-01
7.152066150144172241e+01 2.724005862032084502e-01 -6.333297774196537056e+00
9.061309303834052287e+01 6.062014488842899507e-01 -1.624453521520141941e-01
9.252294856202605899e+01 4.912483139434973278e-01 -2.461471145606306810e-01
6.895369502669605311e+01 4.206290732719114023e-01 -6.363339658286655265e-01
8.167399943108512161e+01 4.397928817254884715e-01 -5.460416793957156401e+00
8.777477247598469035e+01 6.875173135599697005e-01 -4.249600863863198241e-01
8.474827223863640313e+01 7.435179209404437772e-01 -5.800272052465522243e+00
9.532664965668016066e+01 1.304284102042662929e-01 -2.401092665486021627e+00
7.530249077859902229e+01 7.091386180147153384e-01 -1.287238670268396223e+00
7.270585591049214713e+01 5.136102771102886155e-01 -6.713875574535126844e+00
6.968442922657627037e+01 6.306415975607236879e-01 -2.190959266198614142e+00
7.421169761283984201e+01 3.442222718203735710e-02 -1.795735965426253022e+00
9.479368447119692576e+01 2.927782413556893615e-01 -1.272452138949451861e+00
9.657630254552589122e+01 7.925798682792645211e-01 -7.396254209255842538e-01
8.641780901164230499e+01 7.738765068272853709e-01 -1.172641219904373200e+00
9.843420089124673211e+01 5.262121453803538795e-01 -1.537787177069278366e+00
7.105202511379908970e+01 3.370274121265476874e-01 -5.820467452875278447e+00
8.962896302712098873e+01 4.428421471158041078e-01 -1.163648577689379016e-01
7.752617718131293145e+01 1.985099116682441656e-01 -2.164138132488944988e-02
8.918610569618520856e+01 1.754382626260981848e-01 -2.958132537570162118e-02
7.571457946108567683e+01 3.055591917784846734e-01 -5.586863647825450752e-01
8.835010868829351693e+01 8.446474194260919499e-02 -2.545415298347381006e-01
8.537236967273949517e+01 1.856786828711699811e-01 -7.736784980799260580e+00
9.069423543830539813e+01 5.442015327806947189e-01 -1.532760384887321137e-01
7.953932660799026166e+01 4.700081406974541132e-01 -3.584669743330139435e-01
7.668631817607624157e+01 7.277679906240694385e-02 -2.094885508504508720e-01
8.428557145748862922e+01 3.659477970042038231e-01 -1.148969260851933250e+01
7.390881599307918748e+01 4.807908781432070899e-01 -4.085682276493176168e+00
8.233967813411150871e+01 3.204734278129821590e-01 -9.821018602933262898e+00
7.309119654411044564e+01 2.236888702330331324e-01 -5.203614668595137438e+00
7.489068196615190232e+01 5.969055165580385847e-01 -1.908754993136056788e+00
7.973140072617295004e+01 6.656710845412729949e-01 -5.209472303390270120e-01
9.211010001491226262e+01 4.059111829136690663e-01 -1.791110985312426851e-01
9.902112303098856216e+01 1.023431933156301876e-01 -5.968357682873643988e+00
8.114354156824745701e+01 1.129970955643500030e-01 -3.449635650294178291e+00
6.716905504325254128e+01 9.160395390896924894e-02 -7.121504206927465885e-01
7.230329357542628088e+01 2.378904836159072278e-01 -6.504239023797035557e+00
7.631882950318986047e+01 2.976257202407845415e-01 -1.922673303572925152e-01
1.002034824589989341e+02 6.113101151412350109e-01 -1.050732374562253435e+00
8.828965490547503236e+01 4.615506948967991185e-01 -2.736273980398433170e-01
8.269430250785829628e+01 5.563901803929166556e-01 -7.965925438126906677e+00
9.963435305869170122e+01 3.900116440677535712e-01 -2.507683358015211805e+00
9.274149919315554769e+01 7.454591411120006228e-01 -3.080539686301083102e-01
7.607006771321147198e+01 2.668888711511452350e-01 -3.160339261101969277e-01
8.023402107533890160e+01 3.503411850592408894e-01 -1.416211578026750573e+00
9.706213676470265739e+01 4.981209869612998609e-01 -1.465352679108739231e+00
8.200508509713546346e+01 4.752944388669660403e-01 -6.127813254714931546e+00
6.858132372876438865e+01 6.958539987522489589e-01 -4.144262444281743840e-01
7.086640358721338373e+01 7.878879388477026957e-01 -5.089034436881386902e+00
7.168839500414611621e+01 7.660648192579405658e-01 -6.328520628051151675e+00
7.915866278112665100e+01 5.913945456407601053e-01 -2.396385286989066998e-01
8.583618908992880847e+01 2.552453446532225168e-01 -4.399833693449117789e+00
8.952314787020610254e+01 6.216798292840726159e-01 -1.808370595943295522e-01
9.157325538438732337e+01 1.794656667815021922e-01 -2.475316523723700493e-02
8.752711385104535680e+01 1.575060753527933732e-01 -7.908143158579284959e-01
6.813421939872731059e+01 1.262572519280749095e-01 -3.968516297488817179e-01
7.792504318169655164e+01 6.552980187161209225e-01 -1.658277009076580821e-01
7.494114166546278000e+01 4.246619742028875238e-02 -1.227280246144074605e+00
6.946640404657104284e+01 3.790504360445383636e-01 -1.784420023652113718e+00
8.884765323326506348e+01 2.155720401745688519e-01 -8.535769621019330400e-02
7.703107812711976976e+01 3.177435288341631248e-01 -3.359159663801442736e-02
9.769984274777453948e+01 1.362481611304953294e-02 -6.089919813110247215e-01
9.612129929623623070e+01 7.000856794870562450e-01 -8.040929142078109271e-01
8.301537436456888486e+01 4.824474457536137573e-02 -7.519932463889878349e+00
8.625124085157115417e+01 2.826318615406324120e-01 -3.296475881392295193e+00
9.500138965453881212e+01 7.275423809862586744e-01 -6.120225250647357562e-01
8.700550305874494939e+01 2.595618011393149849e-01 -1.320626083203792822e+00
9.129607309958893779e+01 5.651218840827020307e-01 -1.846490775921072469e-01
7.330661682118513056e+01 1.061163947282886960e-01 -3.535938722629091036e+00
7.204921573391233380e+01 6.723158555175557938e-01 -6.772307006379166161e+00
8.392813179790783806e+01 2.062091679725002735e-01 -1.494225015083928376e+01
8.504453717593462159e+01 7.769572923760623695e-01 -4.877408024736791248e+00
6.724528850662606771e+01 4.118626643087818784e-01 -9.542216773616334358e-01
9.985357700930958913e+01 6.603532271217912308e-01 -9.077357255627167554e-01
7.766678924229979941e+01 4.502480301267280938e-01 -9.297803566765847072e-02
9.866524381198965443e+01 5.116460116971234262e-01 -1.616344012438879707e+00
9.354008968526855483e+01 3.951600501125105414e-01 -4.089293841429931797e-01
9.012711524806135799e+01 2.315166161267277478e-01 -2.567317052757552009e-02
6.852092527806905764e+01 6.094593467516933732e-02 -2.244063628228240848e-01
9.387344564331331753e+01 5.396665101233267814e-01 -4.716672388225555124e-01
7.047384462234157354e+01 1.372561637948213897e-01 -2.651141504637282154e+00
9.192442037353434614e+01 5.751207425387817596e-01 -2.176323040176485479e-01
8.342526708516946599e+01 5.286308193319410043e-01 -1.033704806348780458e+01
8.079856235810365206e+01 3.729831984557397395e-01 -2.246918264553599887e+00
9.426967393168300191e+01 5.796159567434580051e-01 -5.861273229946057928e-01
9.748867786507474875e+01 4.288577335800746737e-01 -1.954322093161892315e+00
8.418509723424656954e+01 1.509464320158360184e-01 -1.395415058496666560e+01
9.667523366642808469e+01 3.579331008662145486e-01 -2.019719581346119064e+00
8.036256879358288074e+01 3.102090522194526218e-02 -5.878638299495995145e-01
9.565130192490184413e+01 3.353318644434612472e-01 -1.665841533788222195e+00
6.995511033193146488e+01 7.197926372074818779e-01 -3.115918788572116238e+00
8.690266993786059402e+01 2.479329638899153976e-01 -1.361047329234380765e+00
9.811034166646290089e+01 6.471651905882158662e-01 -1.066228829399358258e+00
7.443475652273778564e+01 6.658325402212918187e-02 -1.740503789526770317e+00
8.134412969954182415e+01 6.337162667169583541e-01 -3.026340956322528530e+00
6.762270393918007017e+01 7.342961408119665911e-01 -9.672476624273753654e-01
9.444896689903926301e+01 7.569715976235611432e-01 -5.071886762009769622e-01
9.309810209266805714e+01 1.666231141841597319e-01 -3.424968417631007456e-01
8.374278474530144933e+01 1.893845121044565594e-01 -1.502947411155137658e+01
8.359596321815962483e+01 1.574003036922090593e-01 -1.501374331242483784e+01
8.357862674415622450e+01 2.693017267961336780e-01 -1.460044401022392080e+01
8.390270764717060104e+01 1.943513185539034183e-01 -1.502018370442604045e+01
8.342535177833426019e+01 1.700019341508511861e-01 -1.493528207930948426e+01
8.308505412786722388e+01 2.145045798381668978e-01 -1.406398196889622199e+01
8.304690211809894151e+01 2.385587427595936283e-01 -1.406188878513027340e+01
8.399965023621135174e+01 2.174857625803094108e-01 -1.484283181861215262e+01
8.365700723278003181e+01 2.435863102079868225e-01 -1.485130642361575859e+01
8.351521571820636325e+01 2.095577175266537528e-01 -1.511149929944438419e+01
8.330349226280902997e+01 2.396579357712511626e-01 -1.464233837754960632e+01
8.347378282567571262e+01 2.170828605944425116e-01 -1.508762758742805232e+01
8.327228989931069236e+01 1.640426615284795164e-01 -1.486546322821718569e+01
8.367884999430262383e+01 3.107506119116842935e-01 -1.398019201549794666e+01
8.314259751788110009e+01 1.885837732576810255e-01 -1.464199995429800083e+01
8.322821132341128703e+01 1.121550912439592818e-01 -1.317265543548091955e+01
8.346221847108834879e+01 2.920068979263305553e-01 -1.411263547618300151e+01
8.361106211350457329e+01 2.654810564118296190e-01 -1.465210767065985742e+01
8.388841541242804567e+01 1.325211792379875353e-01 -1.435082540666556206e+01
8.372488443775928602e+01 3.028022665795379043e-01 -1.411310170521218055e+01
8.408722547885639642e+01 2.459610479207926526e-01 -1.378277392587590811e+01
8.325076765885268060e+01 1.470693712405134468e-01 -1.452687422167888087e+01
8.370557486982397677e+01 2.543882875782706998e-01 -1.471184780630841082e+01
8.336136314619366772e+01 7.450154444966307354e-02 -1.141030842877676221e+01
8.416648177075155957e+01 1.690621959713815570e-01 -1.390132196528164066e+01
8.291910584368264381e+01 2.262626880866233925e-01 -1.320216377258027229e+01
8.351110955915339673e+01 2.067629934488061927e-01 -1.511647376708477530e+01
8.336135581521345728e+01 1.842564537631019850e-01 -1.507177026062825220e+01
8.367351950593467791e+01 2.745133906411569291e-01 -1.453489049080761397e+01
8.399342196031693675e+01 2.125081451230417806e-01 -1.427769788100224524e+01
8.349436078220087154e+01 1.636915546313560677e-01 -1.509704207062914527e+01
8.370434414605634288e+01 2.252653909404651322e-01 -1.505728896710681042e+01
8.374961844379851073e+01 1.987873104354256071e-01 -1.522300967903084690e+01
8.324079734882633375e+01 1.670757694676066052e-01 -1.435312994434722356e+01
8.369489065923174564e+01 2.095831864737263683e-01 -1.517563953857473891e+01
8.355924316501653948e+01 2.227164061986433574e-01 -1.506027845864264236e+01
8.358704099440829793e+01 1.483825463765079122e-01 -1.486091252026084142e+01
8.353815947772132233e+01 2.499737626165421112e-01 -1.483291700636936561e+01
8.394676892622118203e+01 2.478770235906413433e-01 -1.443133503573052501e+01
8.372068783036888817e+01 1.556302329651897964e-01 -1.494920655432133216e+01
8.362505124253914346e+01 1.454486210594344853e-01 -1.482166426807500770e+01
8.370692426247285312e+01 1.762511406013688720e-01 -1.505034056493818362e+01
8.346361674273605047e+01 2.535998492754054645e-01 -1.478981006071853876e+01
8.343370178027987549e+01 2.921057485555093036e-01 -1.411096464758955449e+01
8.357980614606374559e+01 2.170539448684007111e-01 -1.508746148515838392e+01
8.378123953195486706e+01 2.346955230867961706e-01 -1.496692090487574944e+01
8.343342575147832463e+01 2.313293548765845975e-01 -1.500250284244403609e+01
8.390075191365878027e+01 1.761498222427182736e-01 -1.506107014810646305e+01
8.366170241096220650e+01 2.225261937778375554e-01 -1.507921119194217319e+01
8.385371852609161181e+01 2.394112757101430899e-01 -1.454487565861743192e+01
8.375135422529027096e+01 2.300389973590611925e-01 -1.501405264361737579e+01
8.379261736108553293e+01 1.878526261553171706e-01 -1.503901414913860890e+01
8.336171034401812108e+01 2.194344532145451332e-01 -1.471842862099788896e+01
8.355019391110256777e+01 2.217324717392769873e-01 -1.506554621461567578e+01
8.377357832604735677e+01 2.372692662797940832e-01 -1.493736899501703341e+01
8.370126680026343990e+01 2.031460380874775540e-01 -1.520707648522727240e+01
8.410906155827335340e+01 2.201113654928776031e-01 -1.419521641930067979e+01
8.367660716133738674e+01 2.207544643925647143e-01 -1.509541390906217906e+01
8.347484730618576521e+01 2.478279159684398381e-01 -1.485352668317918656e+01
8.356470393083856152e+01 1.918075116847929862e-01 -1.522940128568711060e+01
8.368134130452475006e+01 2.641994369706714418e-01 -1.456589108433829693e+01
8.347269276368803048e+01 1.670479150270778312e-01 -1.513119604265128437e+01
8.342809303621035610e+01 2.085393737638202571e-01 -1.511476883729729082e+01
8.394654936155760083e+01 2.102669554248798311e-01 -1.490870372521633058e+01
8.368199738174209301e+01 1.558059924977315269e-01 -1.495040994937905765e+01
8.384478356114433950e+01 2.012679266485344898e-01 -1.497205344041364761e+01
8.356993646039312296e+01 1.951194129012322198e-01 -1.522559548439101818e+01
8.400964915733875671e+01 2.709496940422903566e-01 -1.405730608668343251e+01
8.342687593211434205e+01 1.673015351680822160e-01 -1.489934470397023247e+01
8.371906403318335776e+01 2.564185790694843980e-01 -1.468446186407397924e+01
8.323840604404921351e+01 1.866374875473399142e-01 -1.461520942182294469e+01
8.374834197531211544e+01 1.449995004980390578e-01 -1.481300322241786560e+01
8.341020126928340517e+01 2.607369870747620055e-01 -1.447241869467863395e+01
8.387782275226366835e+01 2.129544429405742789e-01 -1.487539345121062162e+01
8.373582107416568476e+01 1.977213557640980501e-01 -1.522517671787539406e+01
8.359238743372330305e+01 1.955399513244628906e-01 -1.522548525160304322e+01
8.395811335471331915e+01 1.779738853750248428e-01 -1.458631747966781766e+01
8.381092443811095904e+01 2.281876895579992848e-01 -1.503685056207009296e+01
8.359490664417828043e+01 2.241406178789541181e-01 -1.505242166668800508e+01
8.372372817271826761e+01 2.230969810977060652e-01 -1.507828369942285818e+01
8.357492272923978760e+01 2.166907615731446524e-01 -1.508894579589771645e+01
8.354615441258189890e+01 2.512209352415725738e-01 -1.481964250227913382e+01
8.351297299697057497e+01 2.105074665703514647e-01 -1.510935139727594567e+01
8.362093735103775316e+01 1.844350863197024015e-01 -1.522521134848616597e+01
8.357915324982333516e+01 1.535703283801158614e-01 -1.495537516801115174e+01
8.319698916432830060e+01 1.833652325034258734e-01 -1.458787562282787142e+01
8.341968437514442769e+01 2.444172977186058471e-01 -1.460773944606148689e+01
8.358924229464211919e+01 1.858919298619132465e-01 -1.522746936695875064e+01
8.353305405012628171e+01 1.611157389329991863e-01 -1.506594192530872789e+01
8.376057068879427447e+01 2.248705101537936679e-01 -1.506477922236768663e+01
8.369468395058073895e+01 1.602142394038930662e-01 -1.498823315946012968e+01
8.374238733066472662e+01 1.807226195880606845e-01 -1.505132196346004392e+01
8.389785658345793706e+01 2.339000806060572979e-01 -1.462876531431525251e+01
8.368047296696772719e+01 2.522088221168335975e-01 -1.473968812343680490e+01
8.364375595342619363e+01 2.304319908907229153e-01 -1.500193263975983626e+01
8.371320935533067598e+01 1.489514628370050553e-01 -1.487150382508506397e+01
8.358712036486514307e+01 1.975322615262543047e-01 -1.522106555219663271e+01
8.343433258591036861e+01 1.997893951461061912e-01 -1.512061788364202819e+01
8.355113443875481494e+01 1.902208440966760561e-01 -1.522973042257217813e+01
8.343043018072320649e+01 2.149582028788872834e-01 -1.509623638115477640e+01
8.330979746820997889e+01 1.756082525104488978e-01 -1.500638497315907571e+01
8.320135862237515312e+01 1.864062075200052515e-01 -1.461704636758224751e+01
8.362854767357541164e+01 2.083937957587552181e-01 -1.517911117308508828e+01
8.370719795379429229e+01 2.185849982399147295e-01 -1.511496706417139890e+01
8.361163794484116352e+01 2.019391426670829603e-01 -1.520825832873617678e+01
8.368888195051401624e+01 1.871696779311611269e-01 -1.523036976143319698e+01
8.358970068341719184e+01 1.943201982658462335e-01 -1.522739580063449516e+01
8.372614832279887764e+01 1.732703896516733788e-01 -1.504803088463014760e+01
8.359079275260378949e+01 1.859902217333709029e-01 -1.522763086756561890e+01
8.342423999531177969e+01 1.870880279958094805e-01 -1.508464534176132510e+01
8.367020039364415140e+01 2.170755159358369879e-01 -1.512441287853223493e+01
8.366041104945014695e+01 2.101492147235791974e-01 -1.517066109872607704e+01
8.368162384103158047e+01 2.224940179706251797e-01 -1.508081168746065970e+01
8.361767461091658049e+01 1.877285404204203922e-01 -1.522998561003386797e+01
8.353370317881295648e+01 1.800217293302996957e-01 -1.521225522152827203e+01
8.349236825553920482e+01 2.202593746805823760e-01 -1.507296017115778142e+01
8.356174917667756574e+01 2.285639945448082466e-01 -1.502424108893876742e+01
8.362210727167784796e+01 1.941976931767853687e-01 -1.522841056051378494e+01
8.373969108087405289e+01 2.257281823379706509e-01 -1.505540628950605431e+01
8.366519720563888995e+01 1.649429430362115978e-01 -1.510508690179493563e+01
8.363809733871731567e+01 1.884879363328222923e-01 -1.523085791306057502e+01
8.363797820551927487e+01 1.998704061129475962e-01 -1.521627763247967913e+01
8.371356679654792288e+01 1.788594075704649233e-01 -1.505086042821864645e+01
8.358655153993932174e+01 2.062523166407084219e-01 -1.518837625811899272e+01
8.365763941586013175e+01 2.008718051779336544e-01 -1.521374907616510264e+01
8.361151550564373736e+01 1.839760193699927493e-01 -1.522414796510664203e+01
8.366751134559511627e+01 1.917193185044705206e-01 -1.523167733427987436e+01
8.372739690476963403e+01 1.766277313801059567e-01 -1.505170338883328895e+01
8.355337740958772486e+01 2.042439267604463926e-01 -1.511802491854813368e+01
8.350838263577654175e+01 1.795284795454262228e-01 -1.521039908740546309e+01
8.381977115126262845e+01 1.664935423392882030e-01 -1.503020868908967778e+01
8.360062180582599467e+01 1.991416163129232642e-01 -1.521718192862186747e+01
8.370867977596617493e+01 1.954406046029908972e-01 -1.522883434339027531e+01
8.364316581260959538e+01 1.807763863409928284e-01 -1.521511269826998891e+01
8.364704052790570188e+01 1.974558074579967626e-01 -1.522311828729078798e+01
8.362479960324007777e+01 1.871799682253764696e-01 -1.522955572314336692e+01
8.350392621937861293e+01 1.788041286066483770e-01 -1.520757211410137621e+01
8.360635760391875237e+01 1.891793442306803352e-01 -1.523066470705279052e+01
8.377432808483044369e+01 1.975933713560107108e-01 -1.499004067596881740e+01
8.370524427907696463e+01 1.655450441825371266e-01 -1.502151411550364024e+01
8.358500471628074990e+01 1.750620229409840523e-01 -1.518890177754011894e+01
8.372485410129920069e+01 2.028962573321964058e-01 -1.520895179025353272e+01
8.367996006362425021e+01 2.036765189556626887e-01 -1.520409830681595764e+01
8.373731598369344908e+01 1.884869363493160699e-01 -1.503244832667556530e+01
8.356315287046197682e+01 1.776983469730768761e-01 -1.520269256441887151e+01
8.360538454013791920e+01 1.981555691596095237e-01 -1.522007246068687181e+01
8.362863167519103058e+01 1.919573128837881171e-01 -1.523072927747607430e+01
8.357800544754901750e+01 1.716275661988919399e-01 -1.516665799453696195e+01
8.358778096016094139e+01 1.886807932979596147e-01 -1.523014926670369285e+01
8.361906975871447401e+01 1.955570143636623515e-01 -1.522620725671053954e+01
8.367345212619787276e+01 1.771854381800078149e-01 -1.519969173422114750e+01
8.364177618217891563e+01 1.944328198215924397e-01 -1.522859650373341900e+01
8.366553388943799519e+01 1.929250472298119357e-01 -1.523085660678595943e+01
8.364250863405818848e+01 1.870459882991087897e-01 -1.522964036924781617e+01
8.374096654548830543e+01 1.964581925827485198e-01 -1.522793661544313437e+01
8.365803137205782036e+01 1.877005098188702648e-01 -1.523053308642508874e+01
8.363497328079779436e+01 1.961200115570173041e-01 -1.522561149895025778e+01
8.362116674556479268e+01 1.831189656365762863e-01 -1.522216027396445703e+01
8.375094796474166969e+01 1.991490723716842215e-01 -1.522209927139209107e+01
8.368747062419853933e+01 1.988220568284047585e-01 -1.522095651172334740e+01
8.374869901319685539e+01 1.873423576882327635e-01 -1.503731488701957097e+01
8.368881143101140196e+01 1.812705092858387101e-01 -1.521688619133286480e+01
8.369955389135151336e+01 2.014052903808255524e-01 -1.521344435509900350e+01
8.367808306979787858e+01 1.875592157645341318e-01 -1.523066445107447286e+01
8.372043553950359751e+01 2.000421020707149333e-01 -1.521856552649769334e+01
8.370133918556754793e+01 1.838376187751008251e-01 -1.522444550399103846e+01
8.365251938335342174e+01 1.882462360458567741e-01 -1.523091263997829969e+01
8.362269303002592835e+01 1.805357303455031870e-01 -1.521423361558150589e+01
8.366919270132940767e+01 1.902754666877763956e-01 -1.523198938194130747e+01
8.357149890406334691e+01 1.815921280502518220e-01 -1.521760664069922697e+01
8.373130517127381722e+01 1.875372052192688099e-01 -1.503531750883981211e+01
8.367898304364322826e+01 1.823292350551619090e-01 -1.522024717404544525e+01
8.374532177670752731e+01 1.901613514531730331e-01 -1.502652927036798403e+01
8.371887281060537589e+01 1.935732182997502715e-01 -1.523148722110807363e+01
8.362041994501578301e+01 1.831601892981243596e-01 -1.522226125286209175e+01
8.887540547532287860e+01 1.614116211903066922e-01 -5.117119904989673312e-02
8.209111950603427488e+01 3.824561007005247704e-02 -2.855521798369227593e+00
7.264171729378188047e+01 4.780388691469178442e-01 -6.779604424136667973e+00
9.786166850193453115e+01 5.500216392407906163e-01 -1.399058890738115402e+00
6.722364341613121042e+01 5.653777256040464216e-01 -9.100192504336329646e-01
9.813777665876300205e+01 2.781250590211539198e-01 -3.570983900518145404e+00
7.131713955186125986e+01 1.117598330516679089e-01 -3.577620761173009978e+00
7.954864247922118636e+01 3.049077465721095614e-01 -4.129829515341223445e-01
7.969139507167130887e+01 4.613057920463434214e-01 -4.808751367071770200e-01
8.781491525435299650e+01 5.230822617468743330e-01 -4.912950777208828779e-01
8.752380697041331814e+01 2.042959615288655884e-01 -6.378656583558047766e-01
9.743418723944510873e+01 7.318806032531055550e-01 -8.575155282563872161e-01
9.170874578177337355e+01 3.286078347211041639e-01 -1.107875673946079748e-01
8.447570655418941499e+01 3.162822986789010637e-01 -1.151289358754694092e+01
8.477118377991428133e+01 5.737799555279451402e-01 -7.420416839633495520e+00
6.941852302106109107e+01 6.617927935681240659e-02 -2.316042321790968417e-01
7.682285359333189945e+01 6.902694587399516024e-01 -8.499931348859812719e-02
8.595959201512289383e+01 1.379725831364415622e-01 -4.263972479126359794e+00
9.016300431529465698e+01 2.157500951723527738e-01 -2.144602432114283211e-02
9.985315191374492372e+01 2.215557257029803218e-01 -4.824247315359376564e+00
7.456634815865550081e+01 5.035298687866730516e-01 -2.609135014374249995e+00
7.564942098894056244e+01 8.158019881586164868e-02 -5.868001829736231301e-01
6.896275196995254930e+01 6.731982688110470514e-01 -5.285441993759687485e-01
7.366015540672361794e+01 4.250377857457628972e-01 -4.544989657832732455e+00
7.295086450459542959e+01 6.529028385783544053e-01 -5.892513310708204166e+00
7.745488481672889236e+01 5.554412543804795321e-01 -1.166239639991705906e-01
9.201124923632488617e+01 6.655787248557800684e-01 -2.613624055922453282e-01
7.781372182788675218e+01 5.472681463906534094e-02 -1.083628119454271427e-01
7.219362134940747922e+01 5.146337845946573619e-01 -7.051449681893523724e+00
9.667754330513430716e+01 1.691828933776599597e-01 -3.631689357981477961e+00
8.854975797403291438e+01 1.825012935862133368e-01 -8.264309438399988772e-02
8.797978743422105197e+01 1.479548107060051909e-01 -2.533285315553926442e-01
8.541505938758365346e+01 7.419624377461471187e-01 -3.671228029411536475e+00
7.335149613904395949e+01 2.389756958036438894e-02 -1.474668387439820094e+00
6.873676320865341438e+01 1.338291392605604202e-01 -3.401691388669906835e-01
9.426236193640691852e+01 4.464072353395092119e-01 -6.674802105915710326e-01
7.692930471218419086e+01 3.378934914386038657e-01 -3.501764327215677042e-02
8.659817922116704381e+01 2.423545982007686561e-01 -2.335443891238351277e+00
9.048331146207885922e+01 3.682240719409970997e-01 -7.733041293258333115e-02
8.376309291677785041e+01 6.219382269705528987e-01 -9.253466441620783911e+00
6.783236503104834014e+01 5.310802080928734847e-01 -1.034369543057120699e+00
8.344463008890106437e+01 6.048074098242876145e-02 -9.787439960311969500e+00
8.183152514751799345e+01 4.347506909009171694e-02 -2.839922138924212636e+00
7.528942045623615797e+01 7.640384288002977087e-01 -1.277680068132698965e+00
8.707647083911716379e+01 1.252218471124845744e-01 -1.336801387652224893e+00
7.035829919909998864e+01 4.942191846432693048e-01 -4.059103712693116428e+00
9.631437508838928352e+01 7.067165121387316562e-01 -8.268311208244442101e-01
8.924257025993804859e+01 3.530516650309449833e-01 -9.912228523876930042e-02
6.694462320231826880e+01 6.392043178290618410e-01 -6.895303624352654426e-01
6.826028869909612240e+01 3.095693635577007746e-02 -4.710445059082534192e-01
9.724256478804554149e+01 7.776543715455491723e-01 -7.764188380939334166e-01
8.590031683982671495e+01 3.867746450545086478e-01 -3.871827146152708732e+00
9.131438968909067455e+01 4.876852068612971269e-01 -1.545824083524036385e-01
7.224146948850130912e+01 5.765170412827465007e-01 -6.943935044723748895e+00
8.983142552605679043e+01 7.142406389356881213e-01 -1.811468264070945078e-01
7.621620411780112647e+01 2.555446335844119843e-01 -2.251850086612147139e-01
1.001738490342553405e+02 4.336816042161827922e-01 -2.081560591254338455e+00
7.825636491651674476e+01 7.441673520630831540e-01 -1.907852048927790589e-01
9.114672624727806749e+01 1.844231263708955570e-01 -2.448030323010377818e-02
7.481598431794827775e+01 7.843095942004814081e-01 -2.169736027746298479e+00
9.910467318831280181e+01 2.711215171648391209e-01 -4.002312915470933596e+00
8.251658630068637024e+01 7.969007427691536805e-01 -5.770570070555216979e+00
6.974632583276759590e+01 5.816741430791751502e-03 -9.166141156968199422e-01
8.145671568755362557e+01 6.633731832425526775e-01 -3.498136641096420973e+00
8.085556384161263566e+01 2.866587587694086059e-01 -2.680939512453754503e+00
8.424047774376268194e+01 5.102333338847354627e-01 -9.763444286194401300e+00
9.965815701145675121e+01 7.759623253694629685e-01 -6.453275573383518982e-01
7.658266458676635580e+01 9.951655679549037403e-02 -1.981142217403616124e-01
9.238179468011783513e+01 3.951682563708532880e-01 -1.994963606479870089e-01
9.460358836646167902e+01 3.770970918446452935e-01 -9.706961445184413284e-01
8.687916658904782707e+01 7.559715662045237705e-01 -7.840562442368723683e-01
7.870568526825849176e+01 6.852510788132789576e-01 -1.832445947232351491e-01
9.595502459779548587e+01 2.945251135527369724e-01 -2.011143973980539013e+00
9.471435081298497494e+01 1.571750595518482951e-01 -1.625902973011809749e+00
8.956191092515012997e+01 6.314301151953651825e-01 -1.711521120264669626e-01
9.392797461093668687e+01 2.358602086342358184e-01 -7.563737743985184947e-01
8.056044308885383032e+01 1.954651762287917538e-01 -2.339422430403161890e+00
7.907190449186535375e+01 5.845023835544075341e-01 -2.386977229525301114e-01
7.106704592195727344e+01 4.671810375301543861e-01 -5.762512749595919637e+00
9.282550344174448753e+01 4.219823664905664740e-01 -2.929774064417515755e-01
7.081719156265721438e+01 6.138530112045208487e-01 -5.156319775091330548e+00
7.158978828561970431e+01 3.601434237259107940e-01 -6.762312662798681373e+00
8.295653206138263158e+01 6.051800158092144333e-01 -8.189623226726368443e+00
8.271984383184553735e+01 7.837285011112067601e-02 -8.861364665647878169e+00
9.508401774793748018e+01 3.464729256030388282e-01 -1.318763421000746394e+00
6.794142891486141878e+01 1.544279028753397023e-02 -1.226016796549270982e+00
9.364120381781481228e+01 4.115134485119464336e-01 -4.939276121033747136e-01
9.879456618636555731e+01 3.012375257844628895e-01 -3.480927933355496329e+00
8.111755807345235780e+01 5.997755511794923278e-01 -2.591574890318345759e+00
6.995635044108001921e+01 3.230126230004475296e-01 -2.728945733943147989e+00
9.849204161741080554e+01 5.419149841288526392e-01 -1.461861199195800376e+00
8.000216516001248124e+01 6.430477610301812419e-01 -6.703975088543356886e-01
7.407758170268257913e+01 2.567554242692455801e-01 -3.397770463052938172e+00
9.321632335792941149e+01 4.501005452469421519e-01 -3.535726473236178169e-01
9.084418780212351407e+01 4.056367944372715195e-01 -1.074713478764793978e-01
9.650561329477659456e+01 8.991163497902399104e-02 -3.480180116713953886e+00
8.520717625542600615e+01 1.181938534227797571e-01 -7.684772576823739598e+00
7.500028656529980253e+01 7.029741935977755762e-01 -1.880512476616706730e+00
7.855336329461904654e+01 7.238364704554927087e-01 -1.872567448559395165e-01
9.560821091887780199e+01 2.292999919129122266e-01 -2.065537162955770167e+00
9.314801296656655438e+01 5.741608454387409077e-01 -3.302438898204663187e-01
9.629305386932998090e+01 5.021731295547507967e-01 -1.229030369218037322e+00
7.775059896338404997e+01 4.079371945496104712e-01 -8.472863504061328710e-02
7.612289735904046495e+01 7.209497451856635708e-01 -2.740417005995081645e-01
8.465214406852091145e+01 1.947817682222549029e-01 -1.144199621022053925e+01
6.974883814578213048e+01 4.939391864968289969e-01 -2.449683234648889041e+00
8.814512689804361401e+01 2.887413043364977505e-01 -2.759791064204013544e-01
7.734470399885894665e+01 6.704618039897329851e-01 -1.311754481614469114e-01
8.087531537279014060e+01 2.198233824397933384e-02 -5.747025746615547215e-01
7.459120956878916786e+01 2.633361714781659035e-01 -2.307688490606521814e+00
9.460533620738267757e+01 5.669091843888492965e-01 -6.636916620062275340e-01
7.545044059879712961e+01 5.567114740696388342e-02 -7.481671997726985213e-01
6.996273780580978041e+01 9.237641478861373379e-02 -8.747342241719134881e-01
7.723140135474704948e+01 7.124357264784064725e-01 -1.195819027230511783e-01
9.565285726793395327e+01 5.130634491069128167e-01 -1.045483840669243270e+00
9.814893171383626225e+01 1.171771344899801282e-01 -5.355950476899788981e+00
7.055573091044867340e+01 5.479812689936099934e-01 -4.479697479572940289e+00
9.184646465998437748e+01 9.847692065312244059e-02 -7.796057596195411082e-03
7.636929689323540060e+01 7.300398885117163061e-01 -1.807378487149149393e-01
7.444960309753761862e+01 6.321872404655241029e-01 -2.875872626852580716e+00
8.168758982709249494e+01 5.268266138105828222e-01 -4.434035158248732067e+00
9.917219047647569141e+01 1.225985549731581498e-01 -6.176907161687313241e+00
9.104115494906928063e+01 7.490223112221993107e-01 -2.187641011918748379e-01
6.799645710798617415e+01 6.978790200363444995e-01 -8.761643956607487738e-01
8.829196101857809253e+01 6.062707388166960198e-01 -3.277113542668119162e-01
9.651697028709372717e+01 1.675508850051333765e-01 -3.335971912222345459e+00
7.221381607728207541e+01 7.787264837224066039e-01 -6.552129354663279948e+00
7.104083962718186740e+01 1.386050704429640790e-01 -3.615430360340042615e+00
8.952476961915367326e+01 4.466177232765780047e-01 -1.177575083097126690e-01
7.170646069024583369e+01 1.090723619322390842e-01 -3.814220513116439726e+00
8.614007884381220492e+01 6.490300693754735839e-02 -4.314800557024751626e+00
8.315506283836546686e+01 7.958199280997053648e-01 -7.092057532949827880e+00
8.972074573208671211e+01 2.298717884947098777e-01 -2.541407747477771040e-02
7.976102397393606225e+01 2.229137711011748291e-01 -6.877079672882790984e-01
9.042346030378604382e+01 2.451965597064753311e-01 -3.208233588997420893e-02
8.509938350889751746e+01 6.818824169314575689e-01 -4.754058322247849411e+00
8.680041353063383269e+01 2.344250053970070857e-01 -1.867881728381700857e+00
7.934602075399828891e+01 5.681530254402004237e-02 -3.507213526561812067e-01
9.520065358337967609e+01 3.952532018604054120e-01 -1.199637650900915231e+00
9.554833833134836141e+01 3.752188941875757560e-03 -2.282638036714761953e-01
7.520398680679409154e+01 5.874155315032267843e-01 -1.313443920305875423e+00
6.886910661986716775e+01 2.844980383049455219e-01 -5.259616891853303722e-01
8.109627870621875445e+01 3.812676789848284953e-01 -3.363298609976045128e+00
8.156390054671969381e+01 2.080069148483099650e-01 -6.184193437359357226e+00
9.280058617932542120e+01 7.701368401077347547e-01 -3.277747203197529657e-01
6.763540401667945900e+01 1.800608721617763530e-01 -8.714777765046203273e-01
8.037793253603375376e+01 5.404725916536011754e-01 -1.436950055656803560e+00
7.234884788042256787e+01 7.430797964028230673e-01 -6.532121723984873896e+00
6.931720444834365935e+01 3.899309389647376278e-01 -1.092032387912716507e+00
7.824303072458978647e+01 7.578513575696355087e-01 -1.938360675869844341e-01
9.719331159856068325e+01 3.144484267431120750e-01 -2.781212734441066203e+00
8.539887255047943881e+01 4.374774082953469811e-01 -5.143457669747854233e+00
9.975683057437868229e+01 8.587175490034165692e-02 -6.144435336792338553e+00
1.000013896410651171e+02 6.229621906085895944e-01 -1.034582790945383746e+00
7.690342058090189425e+01 1.498891050273927772e-01 -7.438135356188682601e-02
8.633506498346550018e+01 5.544867145326244362e-01 -1.689795756941785632e+00
8.288722635509043357e+01 4.099577096805108178e-01 -1.090166437003128230e+01
8.025278772465995303e+01 3.280057122824981408e-01 -1.395565068476524173e+00
6.830595579416582552e+01 4.685429977663719825e-01 -6.309607775987943201e-01
9.841319696445327736e+01 3.706625721923038075e-01 -2.657817268435182623e+00
7.415623151899755783e+01 4.864488715881222780e-01 -3.327240510709081889e+00
9.678972292773327979e+01 6.594220052929684606e-01 -9.621880096309978203e-01
8.390961291074860640e+01 3.743394424374287682e-02 -7.145352485493400962e+00
7.310209819010698595e+01 1.696476306403039425e-01 -4.844080274971258149e+00
7.130730603285002189e+01 1.879454237209848833e-01 -5.295763903219783408e+00
8.900064491948054979e+01 6.302668233068665637e-01 -2.216323687466325576e-01
8.881687562074299080e+01 5.301620885908606695e-01 -2.017000853830445972e-01
7.573585293719318656e+01 1.023275357966230321e-02 -1.017129264300025815e+00
9.004203724818015075e+01 6.436649072625545420e-01 -1.640493059011622623e-01
9.063719494482509731e+01 7.099432104776299823e-01 -1.868510865559430967e-01
8.752571419439235001e+01 6.134075779217720292e-01 -5.354943792305146832e-01
9.256276246505109384e+01 6.559164911528978514e-01 -2.937873803492682678e-01
8.249382428536249279e+01 7.877536059869406637e-01 -5.820333206953774763e+00
7.922401981500686929e+01 3.654455701798444700e-01 -2.327721184830124912e-01
6.729738191562245220e+01 2.491532524731114862e-01 -1.035324638275479270e+00
7.333923962435369504e+01 5.984884042761742240e-01 -5.372085359066573140e+00
6.694467769095192011e+01 4.228407171015057253e-01 -8.179019527197326500e-01
7.269047122844051501e+01 4.313424826137700063e-01 -6.629927841157921442e+00
8.223792495326375729e+01 3.393301550819516899e-01 -8.655453017487683809e+00
9.418965216748880209e+01 2.784384617341342238e-01 -9.294769645390303925e-01
8.355734401757905516e+01 6.796620277785863085e-01 -8.572989744240375742e+00
9.332516772623212375e+01 2.053450464413539012e-01 -4.078503604922733561e-01
9.379706096330151865e+01 4.366050641875647564e-02 -3.729936038595011438e-01
9.757805860483303206e+01 3.483461054518879330e-01 -2.628174022817192146e+00
7.363967060277079213e+01 2.433460733888510863e-02 -1.632569026460131134e+00
8.448950868270387105e+01 4.624535403996831717e-01 -9.799213010036060822e+00
8.794490397080905097e+01 7.676993694141895919e-01 -4.054673634060484422e-01
8.581315388228895813e+01 4.729093557545600568e-01 -3.945667367771364287e+00
9.797331085062032230e+01 3.061670722568926029e-01 -3.138533143291597494e+00
9.163084164816199007e+01 5.819070019027895446e-01 -2.046741884706864412e-01
6.893232651801427835e+01 2.690162420792738263e-01 -6.427061745745177301e-01
7.864893216379961416e+01 3.577030816895735432e-01 -1.030790807136506837e-01
8.409212474356219502e+01 4.558491203547504478e-01 -1.118145061453061118e+01
7.071991476236270557e+01 3.234015256169247565e-01 -4.647980186633742683e+00
9.962144041055418597e+01 7.330498629820676737e-02 -5.868704092914737380e+00
7.828234880507402238e+01 5.065640321656487144e-01 -1.266120084795876177e-01
8.723065195556897322e+01 1.572768638696157850e-01 -1.092219647193992893e+00
9.897777921790090261e+01 2.993116783478765863e-01 -3.561399140327421442e+00
9.212097362720533056e+01 1.349343281525711979e-01 -2.157863610295562840e-02
9.489234482151665873e+01 6.944905656546246364e-01 -6.330914367842787049e-01
