6.418851625784746773e+01 7.130214039409130677e-01 -5.891507247619909293e-01
7.316401730303347506e+01 4.221957390780242680e-01 -1.191726910425531527e-01
7.210521745753861467e+01 4.125869234551997611e-01 -9.027165424378022496e-03
6.713916292416715237e+01 6.424388093164008773e-02 -1.718921735716107124e-01
5.961690679045882746e+01 4.947291608561634746e-01 -7.944478115045640054e-01
6.467765214019406983e+01 4.860328626647588135e-01 -1.237605481158402743e+00
8.011162616524588032e+01 7.630932062458252174e-01 -1.959404478571245278e-01
6.994830761615597226e+01 5.989617366777295615e-01 -1.867642506012969772e+00
7.059771955034921120e+01 5.025882529146302735e-01 -8.908651349478606818e-01
7.953104203014920870e+01 1.849784021275424906e-01 -9.561066344347934898e-01
7.164109917139315087e+01 5.482975512153954734e-01 -7.011041401902790016e-02
7.909334052483936262e+01 5.234145588156143836e-01 -2.274557898422987501e-01
7.825277153791934381e+01 2.938071043010413996e-01 -1.991817359925816822e-01
6.389986871109586275e+01 7.201812889342061874e-01 -8.010647100638640383e-01
5.757285472653252612e+01 6.735914579446096173e-01 -9.169009315206778643e-01
7.188521794312597990e+01 4.366903475129284562e-01 -4.332769047441947102e-02
7.528125161453698411e+01 5.312847744927143845e-01 -3.978783612049626162e-01
5.833705566892543715e+01 7.554036577563766341e-01 -1.653665278374721215e+00
7.679944350208718618e+01 7.328067832984936913e-01 -5.249568070371184864e-02
8.111483466893081129e+01 1.981296896737311242e-01 -7.245391218123723442e-01
6.578258312596466340e+01 5.601924864949054950e-01 -1.875067081933353919e+00
8.093268909988630355e+01 3.245630427495027059e-01 -1.834396695864088100e-01
7.864979616831215026e+01 2.358518126423654049e-01 -2.586181445142484714e-01
8.176365165759547438e+01 1.580979462796558155e-01 -7.647190970156639844e-01
7.731522312601001090e+01 9.037669359852210094e-02 -6.470612662556475270e-01
7.781956019344140429e+01 2.212305010405603289e-01 -3.153777476577294958e-03
6.882806651245144280e+01 5.839551906985294139e-01 -4.464286437497180238e-01
6.216842426840297975e+01 9.104861844689404043e-03 -2.916135478927292524e-01
6.791559576980998258e+01 3.675816752038842117e-02 -4.122642243278021867e-01
6.077351123256472931e+01 1.735466415098141368e-01 -1.350710948916335585e+00
8.403901806336142499e+01 1.287393027468501927e-01 -7.103149961907679888e-01
7.354676660416042466e+01 2.609865713440046586e-01 -1.511315484996441916e-01
7.695354687375777303e+01 1.100806375868689235e-01 -1.230286335803875808e+00
5.803887247713585396e+01 4.755909087872214336e-01 -4.470898999593704293e-01
6.382160917902686492e+01 5.723845956559851095e-02 -4.626293394406350012e-02
8.338337301265910639e+01 6.863023010013105107e-01 -1.477770806164569184e-01
6.271627891657219322e+01 6.533406383482120994e-01 -5.084968828699822918e-01
6.171003347721286048e+01 7.790097874111681087e-01 -2.811939758903315933e+00
6.812430273801228964e+01 4.536003143357810186e-01 -1.560191009619325310e-02
7.111039595636337651e+01 3.643446344732561015e-01 -1.472366599855038094e-01
8.034235405901117133e+01 1.017283146558562168e-01 -1.888862803263028356e+00
6.672920041292555027e+01 3.064626830288097459e-01 -8.052061467243608606e-01
7.546521374684611771e+01 2.544746920800621259e-01 -2.091377897317761025e+00
5.716933704803476957e+01 8.128337164111107405e-02 -2.182175412190674457e-01
5.970821741172489538e+01 3.852224274724465047e-01 -8.779108742827328449e-01
6.759340830901061281e+01 3.048999491470863465e-02 -5.815824311442983896e-02
5.897667630828752294e+01 4.040493275095005110e-01 -2.766238777382372671e+00
5.785222738491891903e+01 2.019753525241447800e-01 -1.416034780035456464e+00
8.251049211972291175e+01 4.388908660430165809e-02 -8.072904579431774419e-01
5.642171893065437871e+01 6.293101667443127267e-01 -2.285606985563467308e+00
5.699626229706532854e+01 5.525213952170000831e-02 -1.328404720740573031e-01
8.215452039587347599e+01 5.154556556539828804e-01 -8.327259737641287685e-02
6.840788307432488580e+01 3.832389641374477351e-01 -4.977628194936926237e-02
7.639803681044527650e+01 4.302365430222949150e-01 -2.604592166421443866e-01
6.004745858331843067e+01 6.438875983221903354e-01 -9.254424520180081215e-01
7.748599313655276433e+01 3.286730676370441806e-01 -1.831584990974567326e-02
6.326047312122818056e+01 7.391327977361217272e-01 -3.712717760249146792e-01
6.052347099076941106e+01 5.563961423504028003e-01 -1.662791529773201660e+00
6.282270108700343769e+01 2.790237767758922405e-01 -8.674469465899633525e-01
6.739275866980365493e+01 2.695542425734956393e-01 -4.169900641466094959e-01
7.019686685869268672e+01 3.703227926841637929e-01 -3.806895087789541776e+00
7.265026524297574895e+01 7.848019219596323870e-01 -2.888415962756109012e-01
7.249314453700938543e+01 4.625002901693539004e-01 -3.461424149859176347e-01
6.496592119091621953e+01 3.421240065323281065e-01 -4.369019567393127801e+00
7.304974417904125517e+01 3.556825727691403372e-01 -1.235417032935052922e-01
7.989475298120491686e+01 5.404279345316211902e-01 -2.604388782150855453e-01
5.676367048902987733e+01 2.809936503191917123e-01 -2.452403854286080431e+00
7.083917202441999450e+01 5.717123331124285279e-01 -1.878190529317456670e-01
7.451907519443511774e+01 7.928104826251204384e-01 -3.073867774494705163e-01
7.902408273745879796e+01 1.196732754906509738e-01 -1.094515740805828807e+00
8.292377886775869911e+01 7.014175171815756338e-01 -4.039516671144236654e-02
7.608490940636697530e+01 1.439131620408841961e-01 -9.114489782532728679e-01
6.666148859337410215e+01 1.451252844707749678e-01 -1.080551861172695416e+00
7.383742585114811163e+01 4.462168217160795702e-01 -2.132112507773260279e-01
8.381240676309656124e+01 6.958782970133179369e-01 -5.316723028314354615e-02
7.487471721438721772e+01 7.888911448134552917e-02 -4.799966712941815317e+00
6.590443170212425628e+01 7.749228488405539572e-01 -1.000256937039746274e+00
6.337480044109413058e+01 6.052309370572045433e-01 -1.937855182830431899e-01
6.502532484013130443e+01 2.044594395819706797e-02 -5.052543624167550318e-01
6.933686221606930644e+01 5.088249709461368786e-01 -1.827867889521000100e+00
8.133582648293914019e+01 3.131680483005556126e-01 -3.093658659641773667e-01
6.626945009174420420e+01 5.908230882674067042e-01 -9.914798297372281466e-01
6.895675383471768782e+01 2.242177063676036308e-01 -1.041628612765884254e+00
8.050763858113661797e+01 4.662195164776992695e-01 -8.442826708386487466e-02
7.461287474559823352e+01 2.143280417107048808e-01 -2.393565541943869501e+00
7.122572292892866130e+01 6.599297280924415476e-01 -1.911013564729470426e-01
6.028818183943403142e+01 6.098199555526951920e-01 -1.751990922706108567e+00
6.547205899629754811e+01 7.070112567051060060e-01 -1.987933880442729118e+00
5.930161128826058814e+01 1.227898546701859106e-01 -9.491895088588651053e-01
6.224871629428924535e+01 6.659826419136924969e-01 -1.422565847642028647e+00
7.423266341263952484e+01 3.478876742622988849e-01 -7.836842319409733637e-01
6.155840957811879832e+01 3.014676798632309196e-01 -2.928924247886532939e+00
8.326688325087452824e+01 3.982710154172230954e-01 -9.584249804097310851e-03
8.419026318718825053e+01 1.615092670426341304e-01 -3.560310775572690378e-01
7.572362265281498139e+01 6.185922373496595128e-01 -4.765668516509372760e-02
7.812270484976517082e+01 7.471819878280281380e-01 -3.651299126335162959e-01
6.955442478606467205e+01 2.470758600569326890e-01 -3.190230009991163129e+00
6.110511186671524797e+01 6.325950727465615708e-01 -1.214139246117415416e+00
8.204225882714274576e+01 1.804372798881385687e-01 -3.782587483080338542e-01
5.859585678782833185e+01 3.245279824549917713e-03 -1.207594790253704753e+00
6.756636966194011507e+01 5.078643614003190178e-03 -3.149157275026664982e-02
7.602681380543728551e+01 3.162112219102601318e-01 -3.569054658834655558e-01
8.335412242141910610e+01 7.048998181045115219e-01 -1.513701155180175728e-01
6.371289198499095363e+01 6.338800662959132026e-01 -2.822803654739916568e-01
6.857992289341471803e+01 2.389926305748570623e-01 -2.241383266106958816e-01
7.166849689768703513e+01 1.895283667120319093e-01 -3.199150888723329561e-02
6.343287905903497403e+01 6.489918019031971630e-01 -1.704811563255649864e-01
6.898464165342447529e+01 5.739908447314810980e-01 -7.790983493511950408e-01
8.123765213103213512e+01 5.337702288643173532e-01 -1.642802468278550809e-01
5.772016270883794675e+01 4.509319468030442701e-01 -1.201561081755099458e+00
8.224772061694490333e+01 2.216138719435676030e-01 -2.552499274522956330e-01
8.318968149196328454e+01 3.498249287010635200e-01 -4.952568001660051945e-04
8.002002386308726045e+01 6.953956858311651779e-01 -2.114045491488423800e-01
6.113634541427925484e+01 8.640198641369997712e-02 -9.269718141203759920e-01
6.997443373930262567e+01 5.532773644459335616e-01 -2.197053204523902181e+00
5.755114918084453990e+01 1.234919232393184435e-01 -2.753531386172670126e-01
8.203007129634626438e+01 6.109664845369947583e-01 -8.687076343393378142e-02
6.475075792323207224e+01 4.813378351490675833e-01 -1.751060649143488135e+00
6.562746679752848422e+01 1.674557072651166323e-01 -5.348732493718648229e+00
5.863007031299947869e+01 2.080882016516147626e-01 -2.947326963889190132e+00
7.844190326513015066e+01 1.839218893385765052e-01 -1.871204056490379519e-01
5.677642020268653056e+01 7.173163586509190282e-01 -2.678588559077825337e+00
6.589262661595552117e+01 9.197618489130700292e-02 -4.825125214914772087e+00
6.034353526045381244e+01 4.897392290728695419e-01 -2.058773576891230306e+00
6.007067069594702957e+01 3.057153594313527512e-01 -7.347852513085212367e-01
6.872719937644598076e+01 2.013502687463483154e-01 -5.157066843889632768e-01
6.648054343809133115e+01 1.512855033263749704e-01 -1.473046949253935312e+00
6.078577596428110752e+01 3.371864808736764196e-01 -1.503755504047164848e+00
6.299946630214972743e+01 7.840850017697723606e-01 -8.260085245939190468e-01
7.347012710125676449e+01 7.231966426651457169e-01 -9.600039904045989947e-02
6.403508516486921565e+01 7.230005712122783423e-02 -1.178907956426975129e-01
5.948564874031518457e+01 3.862453455428072613e-01 -7.202629331172035743e-01
5.911367323825037801e+01 7.777242429619946051e-01 -2.139303994046207080e+00
7.336614992314460437e+01 5.770450108996534322e-01 -1.064358090653327316e-01
7.660557480258123064e+01 2.822847515001853380e-01 -4.607821185156564248e-01
7.816026295319787209e+01 5.614546895908859719e-02 -6.237895687970081982e-01
7.550173017505832718e+01 7.979274834832028596e-01 -3.303425979841356080e-02
5.738319465127762697e+01 1.406388058353448822e-01 -2.497395200052102415e-01
7.739684054395270607e+01 2.837766769537310510e-02 -1.015455679626170449e+00
7.522569797430392669e+01 1.304868680411233606e-01 -4.810519865113276339e+00
7.249360722701217696e+01 6.018572959085236596e-01 -3.294567878839780306e-01
7.715458844526440885e+01 4.992125700089355966e-01 -2.649471438416316216e-02
7.055267662693215414e+01 2.289610408462559865e-02 -1.560915144220735629e+00
6.139721489312067604e+01 4.162864263702500955e-02 -4.988839488659493338e-01
5.693687208841314629e+01 7.701397252090930179e-01 -3.032103653827957324e+00
8.085909141130372291e+01 6.628639282709485048e-02 -1.049623250555444587e+00
7.868418672361865163e+01 3.994488343133406616e-01 -2.333045505091031202e-01
6.060176337646919364e+01 6.163039237318164165e-01 -1.394174250420874506e+00
6.627876362040258584e+01 3.322076400654766504e-01 -1.589390115164938111e+00
7.272035374778106132e+01 4.375709660921080491e-01 -2.443105171304480738e-01
5.976956685156842752e+01 4.174246552475843197e-01 -8.043035454166537201e-01
7.785377120965509334e+01 1.129650206796666279e-01 -1.460325821651418110e-01
7.016795469744589298e+01 2.727002929265745501e-01 -5.285062165847914883e+00
8.153438056314504934e+01 4.425329082806107595e-01 -2.512241963600636563e-01
7.979668060810924146e+01 4.677222014177669362e-01 -3.044253964967942316e-01
6.970883833774537663e+01 5.927965575340177207e-01 -1.359310912951894545e+00
7.884648923943245791e+01 6.985413688950843358e-01 -2.169992166637667308e-01
7.075409680088627340e+01 4.130702728509554333e-01 -6.847283897414229159e-01
5.631883542574867363e+01 6.733018835895919763e-01 -1.468022371027138506e+00
6.790053775456729568e+01 6.646936338156528290e-01 -5.549968897391483347e-04
7.210615283877223192e+01 3.791328872909915937e-01 -6.143763078497949462e-03
5.826131461150098545e+01 1.574616238544701563e-01 -1.034250293302040102e+00
6.216012481732533956e+01 5.254449913980941966e-01 -1.931326627288667774e+00
6.462077841952556412e+01 2.436054974487013303e-01 -6.741301072005974060e-01
7.489268189046759971e+01 1.531847185219134544e-02 -7.728928902963462244e-01
6.513745714367635742e+01 3.757546523951387218e-01 -4.946575334856494699e+00
7.404349895626037892e+01 7.356934477053713728e-01 -1.289682849376505847e-01
8.412314892934062982e+01 1.682659079544999159e-01 -3.156526407366667675e-01
8.171892853383860711e+01 2.300041141344091877e-01 -4.898963938767769699e-01
6.317301246591369335e+01 5.901043980176198245e-01 -5.660763176837925181e-01
7.377248077276655636e+01 2.506498427884221170e-01 -4.252810794096837932e-01
7.646299558484287218e+01 6.402843609775920042e-01 -1.477160248149425315e-01
6.534517058115480381e+01 3.259284841890865841e-02 -1.308213371575224659e+00
6.246923408041425319e+01 4.911477735882892326e-02 -8.789361090591913950e-01
7.682756807358629203e+01 3.522027501031890218e-01 -2.787727825305917340e-01
5.900634337680518371e+01 2.650833489598857784e-01 -2.564030603678889797e+00
5.810607844519240217e+01 3.225944394399470339e-01 -3.900462085279789437e-01
7.932413873825942119e+01 5.485896513562601440e-01 -3.052783378563718175e-01
8.038166403344122557e+01 7.560956893907485599e-01 -1.919993985693952965e-01
8.066685831065433376e+01 7.472129609050576216e-01 -1.294438844357920781e-01
6.161358627304728941e+01 5.195844404844006670e-01 -2.683351225204545276e+00
7.194184741796604499e+01 6.255326918143149229e-01 -7.601772717426424908e-02
6.924120836805542467e+01 4.783641952816717335e-01 -1.725073414265603677e+00
8.253136937504635284e+01 4.270025454857417913e-01 -1.619981524980017296e-02
6.678211270199011551e+01 1.063087619309204535e-01 -5.262959197973628989e-01
7.293687100638940990e+01 5.389083047957766714e-01 -1.261259741646177379e-01
6.220680563099767113e+01 4.611496122360089212e-01 -1.742397647360519608e+00
6.435491297491796558e+01 2.953719423838431779e-01 -2.118767304865261936e-01
7.427585032111265662e+01 2.610119250257013634e-01 -1.284747067987371372e+00
8.294005966323103962e+01 4.033921223127816535e-01 -2.586931928291217805e-02
7.092596040914666844e+01 1.992645639206007679e-01 -9.461989708818276945e-01
8.407182318916107988e+01 3.014417862914194890e-01 -2.193525646673185822e-02
7.127736434249996478e+01 7.406554908440344809e-01 -2.108558451844753101e-01
7.949042037831750918e+01 5.658560903827626332e-01 -3.949730726245475054e-01
6.731668573173990922e+01 1.028065369394040585e-01 -3.221931799002108465e-01
7.574033498206009085e+01 6.864726910114016256e-01 -1.039635554066437387e-02
7.476551323845562536e+01 6.627884327547863830e-01 -2.852362946556714074e-01
6.830769612996618889e+01 3.645961042334302515e-01 -1.617800812963449131e-02
6.708847036091638927e+01 5.099756319920585312e-01 -3.646560337548521713e-01
8.374428745687288256e+01 7.627169748202727861e-01 -6.154098965263751775e-02
6.153440904796696742e+01 4.666399433627468028e-03 -6.869408474385657604e-01
7.278977742041428201e+01 5.101103972925300489e-01 -1.813758918692491839e-01
7.028026837720709352e+01 5.006765345212744744e-01 -2.293524344591821862e+00
7.002437400820038249e+01 2.127002373299237969e-01 -6.059682200415192455e+00
7.822484168731253362e+01 7.839337184524901303e-02 -3.773176357269079628e-01
6.112983189063175615e+01 6.078674381039149699e-01 -1.354103217882487442e+00
8.149220595224400654e+01 7.041742278089868634e-01 -2.478379240337767464e-01
6.315618479944091490e+01 1.610757710929448527e-01 -4.916145555646387888e-01
7.515749814191775613e+01 7.311888632908082331e-01 -1.427058057522609946e-01
6.730579222955969954e+01 7.781173540637186248e-01 -3.283532545239738476e-01
5.696553118308067809e+01 3.674914240185780390e-01 -2.781393447730737378e+00
8.232995354996026549e+01 5.381898793155860394e-01 -5.585275436310811747e-02
7.484681363843500890e+01 3.391511817320836397e-01 -1.239025778717208537e+00
6.000938666046448589e+01 6.292291473223907694e-01 -8.089564455868499815e-01
6.565296356969864178e+01 1.205384619098234938e-01 -5.565931995046891956e+00
7.034504359306427546e+01 6.744624908027941901e-01 -1.268953953274330582e+00
7.339612778862077391e+01 8.297659543814173144e-02 -5.756011657084428856e-01
7.590270632844587340e+01 2.277088713395645780e-01 -8.309838118562430376e-01
7.299645286040882297e+01 3.541036516495334463e-01 -1.269406919095236452e-01
7.454222715927471654e+01 1.583444496512095290e-01 -3.263636585053053540e+00
7.715502864792128435e+01 2.788005131707226858e-01 -5.854694312632405251e-02
6.211298487460732076e+01 9.133247658368255639e-02 -3.421481239471934721e+00
5.863535705213853788e+01 4.244929756454983161e-01 -2.842506510698552091e+00
7.371955534833010404e+01 2.915990711009459058e-01 -3.124232572407351638e-01
6.700420133202798922e+01 4.118337701205400103e-01 -3.902986986385162393e-01
6.490851870465291995e+01 5.339377573381004494e-01 -3.161595330861707520e+00
5.985543891553900409e+01 5.704796116797004046e-01 -6.272051344535413131e-01
5.711009587177082381e+01 3.493105379006025135e-01 -1.944911090759904315e+00
7.808383504526950958e+01 7.365905861187657111e-01 -3.495650219880013787e-01
7.247752337797572864e+01 6.469970225267175357e-01 -3.238901037794654214e-01
7.999576028973378072e+01 5.131692892648367366e-01 -2.152179528876722592e-01
6.502742898920138259e+01 2.198237470652950054e-02 -5.322473184094611565e-01
5.848824708076110568e+01 5.608588299538964650e-01 -2.558677173032356311e+00
8.354497873398420893e+01 3.228427417139159705e-01 -1.042948178551407826e-02
5.766509845550217506e+01 6.171830320888607169e-01 -1.055441795715989173e+00
5.805995722795906033e+01 4.773136061563081900e-01 -3.485142460191296143e-01
7.977441963974473538e+01 7.984661947191484810e-01 -3.667729075083321910e-01
6.404435907614578127e+01 3.154499606540645540e-01 -8.995632780817067742e-01
6.171401858643938709e+01 2.496788234328872758e-01 -3.848650452605913763e+00
6.086736184425673457e+01 2.384380590038366055e-01 -1.239035528197340641e+00
6.273651569201858536e+01 4.656206422385045229e-01 -6.213956720776065978e-01
6.066392791933700579e+01 2.847048835354752394e-01 -1.453585429766399706e+00
6.364629534675881217e+01 9.349997161123457107e-03 -1.661937026758000258e-01
7.669227256307161156e+01 2.407389996116649500e-01 -5.934975296331217454e-01
6.813761917192759654e+01 4.558801297127032526e-01 -1.563813611740381970e-02
7.649726192716543949e+01 4.325446799678172027e-01 -2.480102175541732956e-01
8.167461933896881021e+01 3.727801042236992268e-01 -2.770808144003463203e-01
7.766964135213680720e+01 1.709338976312073377e-01 -5.338725644823490851e-02
8.201376929870542654e+01 1.112401841260108881e-01 -6.048102603508841435e-01
6.547955101280435031e+01 4.178178784379951161e-01 -3.047301977120482785e+00
6.953347432003154438e+01 7.531586783466477364e-01 -1.079357382112724473e+00
7.941020005979480345e+01 4.057472378992332818e-01 -4.084316510915768084e-01
8.403478470294248837e+01 3.494730151990008832e-02 -1.459609700929216158e+00
5.780764819589207804e+01 5.782645727865465268e-01 -1.166625644609077916e+00
5.903550324874842659e+01 6.096455378743902837e-02 -4.908506712069525824e-01
7.683915874492832643e+01 1.492532379332029424e-01 -1.099219109907321412e+00
7.861548952102785393e+01 6.117426666949000724e-01 -2.121204729751847984e-01
7.618331017129391114e+01 6.638260405444645906e-01 -9.439598722146509691e-02
6.882979230962885708e+01 2.561306440376869831e-01 -6.547368039131529205e-01
8.080982094140942706e+01 2.883576188490411668e-02 -6.851786516961487772e-01
5.921398000273437390e+01 5.840703356077109332e-01 -1.236813385680109123e+00
8.290134384574291460e+01 5.541586523367766359e-01 -3.688434178558627069e-02
5.940465564795508868e+01 2.685036549916869353e-01 -8.020657825204666747e-01
6.602845466122475671e+01 1.325279779633868893e-01 -4.190393855032132464e+00
6.262826252730439336e+01 7.120706139355276187e-01 -4.774500670484159159e-01
7.462496144445306356e+01 4.943541608081197802e-01 -6.020899325131934265e-01
7.086245838785342244e+01 1.425595440556778337e-01 -1.798153677535651029e+00
6.628913859765651750e+01 6.366686689695223444e-01 -8.698596129453274317e-01
7.210217755935957484e+01 5.444321237236290356e-01 -2.816463206860405494e-02
6.669643106695842505e+01 1.030417374917499268e-01 -7.964384071234732465e-01
6.909344185401030813e+01 4.614677688835095992e-01 -1.179470620413606285e+00
8.301580042281440797e+01 7.127821207894424749e-02 -1.257060782508884644e+00
7.887617092207763392e+01 7.466530532284637589e-01 -2.147659070195303277e-01
5.630870929978710393e+01 2.194922585175909657e-01 -1.084577198309198298e+00
6.944663350299150295e+01 4.855380122686172029e-01 -1.807885778042099156e+00
8.437651969445244049e+01 4.176268691849892301e-02 -2.057860752591853970e+00
7.124597051153800464e+01 3.988336475997388830e-01 -1.599122267753905757e-01
7.418479070574790057e+01 6.968060088639808081e-01 -1.755337733611052609e-01
7.365296556657494875e+01 1.165405900874462719e-01 -8.538550715237473998e-01
7.757472959366435816e+01 3.332997056725137686e-01 -2.465901206976262375e-02
6.226582585801193659e+01 1.807728788106348905e-01 -2.430347183884408846e+00
7.920300504928462715e+01 2.079423803706821061e-01 -8.421096990061734955e-01
8.249405524424112457e+01 6.955435593611950518e-01 -2.244231184993387973e-02
7.201686242419819450e+01 5.115010516293030940e-02 -3.716451180201219007e-01
6.341319291238991696e+01 7.919194963843646518e-01 -1.644782835618263384e-01
6.858780593133238312e+01 6.836324424476643014e-01 -1.520220607832280246e-01
5.677793638617559679e+01 7.614138364697579098e-01 -2.658143139072158601e+00
6.422196034989454461e+01 1.990034379607067139e-01 -3.320792566056463002e-01
6.656743989369307712e+01 3.848213692841560007e-01 -9.933839790736904707e-01
7.166829619983953137e+01 2.995035956376880804e-01 -5.245014085986946656e-02
6.802826289018778994e+01 6.718764652269305637e-01 -2.373592433521102760e-02
8.367355294737173210e+01 3.082557515573868812e-01 -4.782835864890202029e-03
6.457597708647389823e+01 5.220003342329914142e-01 -6.487312726291964982e-01
8.123169575429419353e+01 4.467477741162440008e-01 -1.810649767111388586e-01
7.546497769907361430e+01 1.876287874655000187e-01 -3.252165565398953628e+00
8.072640237549973108e+01 5.921670186528530389e-01 -7.268610742875369901e-02
7.095807045992158635e+01 7.223308042033576015e-01 -7.283570280290894983e-02
8.039756760274330816e+01 3.791891815359067497e-01 -1.907685929928128465e-01
6.029066934823763546e+01 7.720290339149381564e-01 -1.636620980236958456e+00
6.779163659135333830e+01 6.500493535264482148e-01 -1.617252801599607798e-02
6.704474002960779444e+01 4.657560273117145738e-02 -1.130161166063419348e-01
6.529021916755576171e+01 2.376385537680027887e-02 -6.106154042761622325e-01
8.196507122192275574e+01 2.299354820142387179e-01 -3.214574427150131419e-01
7.896602490840820110e+01 1.531519384158032959e-01 -7.708629651288259055e-01
6.030973621149043851e+01 4.145603922316216661e-01 -1.833840135223515189e+00
6.157127514348164965e+01 3.254915465326877477e-01 -2.873711531699259414e+00
7.913350091331771807e+01 4.555046909260045407e-01 -2.526465359517645615e-01
6.816453596757052935e+01 6.813963786246790555e-01 -1.978860334860519862e-02
6.914673129952618069e+01 2.903294925975538621e-01 -1.793161872958577208e+00
6.295096103388038244e+01 4.424948331146005831e-01 -9.537563092070329152e-01
7.578857522684160131e+01 5.208944758786356877e-01 -1.116914623264812778e-01
7.215299095025325471e+01 5.957962747504054191e-01 -3.183956621123259362e-02
7.721982761108939997e+01 3.825758571660409224e-02 -1.181690259868384940e+00
6.844364948698118667e+01 1.699390312844109019e-01 -1.348674718895871427e-01
5.798508703748343862e+01 2.193863417735956445e-01 -1.046951299916436318e+00
7.373790061202534218e+01 1.271732541419693108e-01 -9.164487276651185343e-01
7.062120206526516597e+01 3.649804709778050049e-01 -1.435578615534481406e+00
6.330879417818861299e+01 1.350573394976086784e-02 -4.377375985555202742e-02
8.217420665823330239e+01 3.868729933270068089e-01 -9.792642174453890236e-02
7.553496187034713216e+01 3.709821506460517782e-01 -8.817383200773981633e-01
6.007081952475258646e+01 5.694742409441302389e-01 -9.312386573827754477e-01
6.770565514715288202e+01 4.562357418604106596e-01 -5.005599476635170381e-02
8.419356994509574577e+01 3.164989348050223916e-01 -4.588580707706026857e-02
7.650358268816188456e+01 3.350292919268720304e-01 -3.585184644853747216e-01
6.098995184302959416e+01 2.352820904328833673e-01 -8.577837003452345455e-01
5.850871199759630770e+01 1.494887455341007143e-01 -2.983793253257653877e+00
7.359412841005480743e+01 5.089912616616425467e-01 -8.901963834911577611e-02
8.092520378736963949e+01 4.779041244041665748e-01 -1.136675861476880434e-01
7.611583540570956075e+01 4.930094217201517748e-01 -1.394688849007787723e-01
7.460852196944901493e+01 7.293717241578380195e-01 -3.196155364451005454e-01
5.727852123087055958e+01 7.628469364350293214e-01 -1.297941015031010226e+00
5.906685536573434092e+01 8.648357894388636335e-02 -9.530513037322486669e-01
6.785636784547817513e+01 4.054319174273960380e-01 -1.442969979872436685e-02
6.999229607722196533e+01 2.792220251574363821e-01 -4.848579089621520843e+00
7.696125558941452027e+01 5.842553660051017506e-01 -5.522759090456252906e-02
6.361345741027513867e+01 5.795105502036136391e-01 -1.732083439635390409e-01
7.053908832750043700e+01 5.463399010821046176e-02 -4.507543275233539148e+00
6.387759873899235430e+01 4.309252989767531905e-01 -7.871131198145301378e-01
7.864055399294025506e+01 7.857783933711223190e-01 -1.964256996917931597e-01
8.041445829102647735e+01 6.579243020229573746e-01 -1.637696453738396174e-01
6.503138598166199813e+01 1.874836150813009028e-01 -5.843610509133579711e+00
8.146041307476411930e+01 7.433210704288708559e-01 -2.409734718797154063e-01
5.913887236157148664e+01 4.351611045892431751e-01 -1.981213948851251017e+00
5.966627975361456038e+01 1.038201102067172060e-01 -8.999617528545477141e-01
6.238651293948406362e+01 2.137918084438387156e-01 -2.005950389046841309e+00
6.610039620254404724e+01 7.763919998008350642e-01 -8.993378152826203564e-01
7.783027490857588759e+01 7.883543754255482872e-02 -3.864436334682173624e-01
8.009485454223278111e+01 6.239876678812352750e-01 -1.989030992203268677e-01
8.111471081548185680e+01 4.705309036123028199e-01 -1.709303879023810757e-01
7.808005895244190242e+01 3.581205253813272149e-01 -2.359577799757215100e-01
6.423489663981493436e+01 5.411375948655788859e-01 -4.769399749701079827e-01
5.873297802417007318e+01 3.029958767753005572e-02 -4.755912259481935855e-01
6.565237314300357241e+01 3.488119311400928457e-01 -3.680691704622158333e+00
5.691762135639368125e+01 3.427528222696589744e-01 -2.731595370450838889e+00
7.102596286658862823e+01 6.951707573777685667e-01 -8.808223226035197251e-02
6.690727785719440135e+01 3.774889935644046290e-01 -4.555850792499103186e-01
7.821854312680514454e+01 4.184327234842040166e-01 -2.978161840332016475e-01
6.474891973970207459e+01 7.683419169515566249e-01 -1.573966224825842586e+00
8.401125911315831729e+01 7.925965862604386070e-01 -9.938881129181996454e-02
7.022454557128402541e+01 7.250940164270303079e-01 -1.412376257439454941e+00
6.172444578022488315e+01 2.410283556028411101e-01 -3.871138785308418484e+00
7.939259226682018777e+01 2.984141160603894782e-01 -5.389830662691522667e-01
8.320569667600130970e+01 7.582359608192676959e-01 -8.249864652960704758e-02
7.440189027476850470e+01 6.291737195056531506e-01 -4.126352298722247847e-01
5.663575711868764273e+01 6.373703016494824958e-01 -2.764558080001116913e+00
6.875270916196532767e+01 7.186702411201039142e-01 -3.206589616397418907e-01
7.526960856404207334e+01 2.868508610935453507e-01 -1.838582987521034440e+00
6.315210078000454530e+01 6.434957771932972026e-01 -5.664219714803131467e-01
6.464493643015278224e+01 5.300219064759276177e-01 -9.873641860487648581e-01
5.955949059878142293e+01 2.491750065752116328e-01 -9.000081192324194124e-01
5.634310224592091032e+01 5.674969754675659450e-01 -1.524512585309289792e+00
7.760209471399464576e+01 5.897249806365115893e-02 -7.250864589412744365e-01
7.656228820619470810e+01 7.514755946609411597e-01 -1.053644819174167357e-01
7.977092923128284951e+01 6.147421326236969241e-01 -3.383113486758104749e-01
7.404348889906491138e+01 6.961599910542890512e-01 -1.321226717997327216e-01
7.183506673504808759e+01 2.068809322021412100e-01 -2.011480384122312642e-02
6.745270390319919329e+01 5.199337291685260931e-01 -2.672842298442740794e-01
7.286773930933219390e+01 2.438832342369583357e-03 -6.714356814431423626e-01
7.265707707531853998e+01 6.862269631873106623e-02 -9.287486114487919497e-01
5.772256041667795756e+01 4.964998092351143311e-01 -1.177315759376886817e+00
6.959452877218473077e+01 7.072161519796640317e-01 -1.086239666340591992e+00
6.194267295506766402e+01 1.647507886518146392e-01 -4.908488286161268199e+00
7.119871858216511384e+01 4.829483066758410437e-01 -1.604271255349054015e-01
5.753051117406240422e+01 1.122326036991694587e-01 -2.477811902864957838e-01
6.643554809597543453e+01 1.983020554601070962e-01 -1.527722480932776739e+00
8.289477472983890038e+01 9.314860444944589313e-02 -9.248135599689880637e-01
8.066406918480409161e+01 6.000448836241220052e-01 -7.784956185830523012e-02
6.947295392608987186e+01 2.564905626814945605e-01 -3.040941845358645423e+00
6.062667526881320867e+01 6.770947460982198463e-01 -1.348784244673223887e+00
7.492067345465194705e+01 3.063182144197837409e-01 -1.573380617137388526e+00
8.165462807067046924e+01 3.971191695160590784e-01 -2.624486125199277931e-01
8.373603659947012545e+01 1.323280168988902605e-01 -5.542208165425555055e-01
7.246202084460780668e+01 6.673758742844728697e-01 -2.947908008557412751e-01
6.125141558530517472e+01 6.498617618642995586e-01 -1.492865000037215006e+00
6.619227233180534142e+01 5.492682506035604373e-01 -1.199641075445736726e+00
6.273371057834690134e+01 5.566867001299209416e-01 -5.621837053703265807e-01
7.314826462956861519e+01 2.660059433256771189e-01 -1.181852518842268496e-01
8.261937082479377636e+01 1.815316761033222148e-01 -2.659240529811388587e-01
8.355030069682830174e+01 1.427140237096004849e-01 -4.034513088524333546e-01
7.168828442368177889e+01 1.062691389341798437e-01 -5.313279181111984356e-02
6.310762212251223247e+01 2.847386349732941579e-01 -7.184045531731334533e-01
7.438219915184619424e+01 4.403810153837287023e-01 -7.156086329909947530e-01
7.166565573141842549e+01 2.414328914530312203e-02 -3.120719297555814287e-02
6.460749674998636749e+01 1.180404032001947795e-01 -4.324683102324156092e-01
7.430836583079590696e+01 1.091858442665478574e-01 -3.179777472266676952e+00
6.493720211368710693e+01 2.552793643716398941e-01 -4.392065769914908380e+00
6.664541897270191839e+01 2.871747570176391151e-01 -1.045920889944864873e+00
6.060466490979735710e+01 2.002113064748941018e-01 -1.292756165869785256e+00
6.527933045907128928e+01 1.327467800028758471e-01 -5.789870802325822297e+00
6.603341724991355477e+01 5.666797953460224191e-01 -1.345216683645731548e+00
7.541632135664255543e+01 9.278601417484633185e-02 -5.358739005774697084e+00
6.366233487843668826e+01 4.018457481609939430e-01 -2.066775527905491683e-01
6.412391249557110484e+01 1.209837108955252732e-01 -3.431183150146099869e-01
6.445288700195277443e+01 2.104996586250033053e-01 -1.383808876062408155e-01
6.356614812320674446e+01 1.367487384570582054e-01 -1.646374167274805567e-01
6.722897581688540924e+01 5.121867987622413798e-01 -3.912301248475425486e-01
7.156757560666078177e+01 2.376979813351025317e-01 -5.979106409404662953e-02
7.515566209360770245e+01 1.827482507413532575e-01 -3.693005886938360405e+00
6.379307745836123189e+01 4.343022129079943672e-01 -4.687586484819936672e-01
6.402227421698984244e+01 1.855735252792017342e-01 -7.517657256788753406e-01
6.944222770808576684e+01 1.535639475439298796e-01 -3.982619262500788349e+00
6.427397420895709956e+01 1.118226310500760601e-01 -8.843212028347971487e-02
6.383159760412483763e+01 3.201458670909868021e-01 -5.715315602389753336e-01
6.532656375929543913e+01 2.171324395594005363e-01 -5.021288384664262416e+00
7.319801792818672936e+01 8.191259263371293564e-02 -5.154324359486101015e-01
7.003113334598471340e+01 1.762722260716360623e-01 -6.611717002741896998e+00
6.557562343979512320e+01 1.402246874920210773e-01 -5.357401478323936317e+00
6.549062747759576553e+01 1.842883593772824680e-01 -4.729130547095841131e+00
7.084636889193453158e+01 2.593213059885291494e-01 -9.555116835803257880e-01
6.387723810628430954e+01 3.667389305846416869e-01 -7.912145987274572523e-01
6.926344714274337377e+01 1.951148702460117068e-01 -2.984660107976545795e+00
6.184759146874878866e+01 1.049910276831629574e-01 -4.073866238407909179e+00
6.139837200470245193e+01 1.463418588570687129e-01 -2.351159490021066389e+00
6.907028588350688381e+01 8.152467827211663798e-02 -1.893598390955971267e+00
6.668651544823836730e+01 1.834583429600696314e-01 -1.037820217673762535e+00
7.249082645211301212e+01 1.595376286330562124e-02 -7.628633351356697290e-01
7.042983587273222668e+01 2.514535602739580988e-01 -4.338026352987033540e+00
6.212282815707426664e+01 2.925127487039055341e-01 -3.056455584736232911e+00
6.966474536283628538e+01 2.042403419045884516e-01 -4.128047965162498834e+00
6.888046743201702782e+01 6.709974840183176303e-02 -9.800244627316467838e-01
6.928947908334644978e+01 3.342799744568971665e-01 -2.326128257475053474e+00
6.929812898578970248e+01 2.835193095561678311e-01 -2.589392299596641855e+00
6.499603362928294814e+01 1.798508426740458299e-01 -5.033715434880394746e+00
5.977035169657478519e+01 3.606715328379239693e-02 -3.506065023338065245e-01
7.123723663924192806e+01 2.462019868837507508e-01 -1.202607124560586271e-01
7.610051343124243317e+01 2.960638623756596879e-02 -4.494580288939927781e-01
6.855030185436515922e+01 3.394223490906598806e-01 -1.338350359934181444e-01
6.596526947534654539e+01 1.301005540893609980e-01 -4.513398860080189756e+00
6.894680478753367936e+01 1.899649266338891973e-01 -1.137827809786317923e+00
6.586499724303449455e+01 4.925551624561624320e-01 -1.844072273387074912e+00
7.440757014723207874e+01 5.912624609893057936e-02 -3.110533356920573311e+00
6.559427177578098167e+01 1.308785371985436152e-01 -5.361320099152324659e+00
7.048862179405203676e+01 2.115078838312629550e-01 -4.644052529880259961e+00
6.503711665042456502e+01 2.874964879555285124e-01 -5.328254752770301472e+00
6.933885989239801972e+01 3.813771561918090705e-04 -5.413025607087753599e-01
7.426479793591275325e+01 2.151872861617936880e-02 -1.002528435437100907e+00
6.583289178208841008e+01 2.163128042096115478e-01 -4.258917799388932224e+00
6.576970992879563482e+01 2.182531905522288318e-01 -4.434589254876369679e+00
6.500401998202602272e+01 2.992976001949784193e-01 -4.962441194391297827e+00
7.039897307973166107e+01 1.691666504490659806e-01 -6.433599458715775654e+00
6.578405985146810053e+01 1.652175806299829297e-01 -5.066639955042353094e+00
6.538500797988190527e+01 1.631738247420008725e-01 -4.999736776450839137e+00
7.009034786836318176e+01 2.250435450797065584e-01 -6.057399703000135638e+00
6.995991367322336885e+01 5.084671723007863631e-02 -3.726746611220129957e+00
7.046469156949210344e+01 3.686000970503242047e-02 -3.382606405251635806e+00
6.571434815996096290e+01 2.736299548035021068e-01 -4.170071527762782893e+00
6.531886911691717046e+01 2.706736937583630875e-01 -4.531657237241530467e+00
7.436612050494105119e+01 2.665344158822708365e-01 -1.636415162884958807e+00
6.539854990393577339e+01 2.804666468352725039e-01 -3.890622631274876397e+00
6.722995016975593785e+01 5.716378000132536601e-03 -2.217356655319239478e-01
6.522150396486260604e+01 2.897918859378866840e-01 -4.970511486120397393e+00
7.004139304443076242e+01 3.471680547782598353e-03 -3.127310847548283451e-02
7.024846435550973922e+01 1.600800510336052584e-01 -7.421197520464438924e+00
6.526345793526384398e+01 2.452543963097347790e-01 -5.060947938810641311e+00
7.036330096185758975e+01 2.446358861865055578e-01 -5.154646581167884101e+00
6.303890476375491403e+01 3.599444819665550965e-01 -8.725390443363698623e-01
6.998906955149570308e+01 2.835287791835596760e-01 -4.783007096124911151e+00
7.047084554214235652e+01 1.233358491717944094e-01 -6.818919033337377478e+00
6.993409607511516413e+01 1.598933991195257975e-01 -6.488278516666379225e+00
7.020975377358382730e+01 1.842334176755218433e-01 -6.969559988323166699e+00
6.132498885682687728e+01 2.437022612547615208e-01 -2.272530159146731954e+00
6.549341147538459040e+01 3.201093886095242591e-01 -3.686077751012813319e+00
7.034289634899410260e+01 1.807037313828878111e-01 -6.797483985705873977e+00
6.582037641397830896e+01 2.848295098508838996e-01 -3.497541227588129686e+00
6.649645180972819958e+01 2.666639388533453281e-01 -1.265013147500126500e+00
6.276463933933377604e+01 2.645255972539506950e-01 -7.448208957370312522e-01
5.853951716317516230e+01 2.944225510439169025e-01 -3.040943735248894608e+00
6.522695956685166152e+01 1.027130121571281363e-01 -5.752550713099027213e+00
5.990091450944883888e+01 3.017622004419888704e-01 -6.491577510970827358e-01
7.323551955836568084e+01 1.586380906596822626e-01 -1.976345868966565000e-01
7.011750297676449861e+01 1.154897570380267330e-01 -7.167211731265933139e+00
6.828298991890986258e+01 2.717578917398774316e-02 -2.842049719839108701e-01
6.257377985951799815e+01 1.728102403796546171e-01 -1.079531558865257423e+00
6.436890421911051874e+01 3.728274344594477152e-01 -2.285158776668586300e-01
6.759640769988742193e+01 2.919701232450052641e-01 -1.885116302361682372e-01
6.501989776487400263e+01 3.264189696929368223e-01 -5.073381026959632223e+00
6.984086207825350812e+01 1.390793238408198074e-01 -6.007090004180390963e+00
6.183226565438053512e+01 3.257916419464317870e-01 -4.302664947090212522e+00
6.600363907570564947e+01 4.899722283038834836e-02 -3.242424397469557462e+00
6.764367438573293612e+01 1.061907032928354061e-01 -3.308247908076731858e-01
7.020382604292264261e+01 1.581641935414901667e-01 -7.423372106326734610e+00
6.583480752601673203e+01 2.152815976267107578e-01 -4.271740571235419281e+00
7.016910297224043802e+01 1.369464116762167949e-01 -7.552715535108251999e+00
7.024773429395510504e+01 1.804246419358923881e-01 -7.036795901737223247e+00
7.029009758813872111e+01 9.337036732629167002e-02 -7.612257767687318655e+00
6.946412673046405928e+01 6.202418094211333000e-02 -3.512787744248678568e+00
7.007609703936267920e+01 3.126297048916837351e-01 -4.618128896658324045e+00
7.032468067973815096e+01 1.125094695746304413e-01 -7.811660869248721717e+00
7.028225111559383720e+01 1.612509864323757869e-01 -7.349408902065588833e+00
6.989262444613204650e+01 1.095531127279608663e-01 -6.186295241659549582e+00
6.685095303613150008e+01 2.527857742451644074e-01 -5.909395409939184329e-01
7.078788660614250716e+01 2.050605350393972515e-01 -1.508409984714957019e+00
7.039422673436104105e+01 1.900557971923375056e-01 -5.971712456015966453e+00
7.109152049384303496e+01 7.702488166054898000e-02 -7.698284230250280746e-01
7.010761707481583471e+01 1.155638667959430488e-01 -7.168455736159225822e+00
7.006537478644098371e+01 1.934871328411686964e-01 -6.491576242368840788e+00
6.847054032175806526e+01 1.528911532824388519e-01 -1.872344530396506945e-01
6.999140747767576443e+01 1.465214045926504227e-01 -6.756662102004742820e+00
7.058493869619735506e+01 1.565255630341436111e-01 -4.591961245296537264e+00
6.406496383016364859e+01 1.787049971774862800e-01 -6.935302926329121043e-01
6.999918508679084539e+01 1.247954103466997755e-01 -6.774981679649377142e+00
6.961684563565729889e+01 3.394273389222429160e-01 -2.513189090916509105e+00
7.921245774630604330e+01 1.062579039760088058e-02 -1.434108094941275169e-01
6.522136592415245104e+01 1.585095362163607691e-01 -6.239861036051371102e+00
7.039844317269282215e+01 1.008615576885419501e-01 -7.311035336803043627e+00
7.034790856094235778e+01 1.405076211019029297e-01 -7.585475965472177506e+00
7.030447807606979893e+01 1.318528835481715122e-01 -7.797873604081441812e+00
7.023278739003788473e+01 1.455110925430483648e-01 -7.596069525288703161e+00
7.012909671362336894e+01 1.217774678166307772e-01 -7.399624534047733349e+00
7.013790534177115887e+01 1.991237330985848042e-01 -6.594205160322138326e+00
7.006918386855923586e+01 1.492829601177446119e-01 -7.035410980321922025e+00
6.931182822865277160e+01 1.313624830386101727e-01 -3.603843887550502778e+00
7.011336451699756367e+01 1.648410184532899947e-01 -7.022069582003325650e+00
7.018506907068200462e+01 1.063934099441229686e-01 -7.428890452453292603e+00
7.036710783449076700e+01 9.884469999776288041e-02 -7.570845509031475018e+00
6.996047675993322912e+01 1.687652685428275012e-01 -6.389472194703611052e+00
6.968116083261310223e+01 1.213398618007993229e-01 -5.025096602330699547e+00
6.880302513737298398e+01 3.065658612615771994e-01 -5.090824373045972351e-01
7.487170814209333969e+01 5.295584929211693409e-02 -3.898805997406099788e+00
7.041936169517843780e+01 1.310793559973538747e-01 -7.159339779810818705e+00
7.012045181558821128e+01 1.898796946923743123e-01 -6.753542634889496021e+00
7.029601373050275015e+01 1.748385455181443171e-01 -7.081013677977439968e+00
7.005701838848541740e+01 1.013069576084937168e-01 -6.743997885305398121e+00
7.025299665454721776e+01 9.683545850145620915e-02 -7.595799888942565303e+00
7.494829804806190054e+01 1.821850396872813360e-01 -3.544613351068804263e+00
6.936585501190255343e+01 1.645940993494036386e-01 -3.724955026663908431e+00
6.530560406580519839e+01 1.095764907811513506e-01 -5.384181965608064502e+00
7.013608268007587299e+01 2.315480816678607556e-01 -6.004779912323408908e+00
7.040988768623282112e+01 1.782573412900279874e-01 -6.238054539377686503e+00
6.532823237896036517e+01 1.181991684601204906e-01 -5.472163767894452135e+00
7.011698551691227976e+01 1.539958603167830287e-01 -7.140164482208906094e+00
7.019467759859767853e+01 1.661263684937404062e-01 -7.230841763559708646e+00
7.024552676358685233e+01 1.276553000075484612e-01 -7.816164956382007034e+00
7.021388108717259513e+01 1.370620904483046409e-01 -7.674660473864632237e+00
7.028304119678549000e+01 1.317331812397279922e-01 -7.794812844592671652e+00
7.021098726829299608e+01 1.112456920134627797e-01 -7.675037263880246208e+00
7.022649041514418400e+01 1.436699240696296120e-01 -7.615342073233568598e+00
7.017827776188561018e+01 9.897399792267397300e-02 -7.275600399243831617e+00
7.009933038504595970e+01 1.495054101417144787e-01 -7.178683202293804300e+00
7.035217755216116586e+01 1.299367139763844825e-01 -7.723682395278624213e+00
7.034512121389101935e+01 1.725128127768102149e-01 -6.976619400868401044e+00
7.029743143612928691e+01 8.055625241320182872e-02 -7.168324364383983571e+00
7.030220356523737735e+01 1.085984984189929670e-01 -7.848106802899049939e+00
7.012557167263453550e+01 1.151469676764083627e-01 -7.349653360467319096e+00
7.015722084308586659e+01 1.232126092731012784e-01 -7.406375542523797151e+00
7.013051023330687883e+01 1.880542465913768724e-01 -6.785481177244652606e+00
7.033395886054648827e+01 1.068021173888375475e-01 -7.794457426977452030e+00
7.028022768860905956e+01 1.019745320053938031e-01 -7.699846760160999892e+00
7.016880414967458535e+01 1.651270695656125165e-01 -7.242945178355496338e+00
7.012157671057470054e+01 1.487014150124407463e-01 -7.326325535889695040e+00
7.010337232104467375e+01 1.141082026925255288e-01 -7.151668275279816633e+00
7.026558749069346277e+01 1.566933344194050282e-01 -7.481736557294509815e+00
7.024938843073933015e+01 9.051181301049165961e-02 -7.422856944625781495e+00
7.011918462499072291e+01 8.628552446158771483e-02 -6.412507534409221499e+00
7.011599068397036660e+01 1.770928442355086396e-01 -6.857268294733517955e+00
7.022814691653685770e+01 1.260393797421852369e-01 -7.730132992461842711e+00
7.037631236260601497e+01 1.402755569070421315e-01 -7.358580882713141591e+00
7.007890558232269029e+01 1.468000112923132372e-01 -7.051423251856418162e+00
7.012923426191640885e+01 1.203553832747126240e-01 -7.391729685215971735e+00
7.025470465964238542e+01 1.897713513627195259e-01 -6.847342630647950124e+00
7.017192519035815224e+01 1.499429962790611304e-01 -7.442713500504495094e+00
7.018913752800787620e+01 1.061263773491435691e-01 -7.424429104881872910e+00
7.011660302220204244e+01 1.604267817811053376e-01 -7.073903386458463061e+00
7.020976839941975811e+01 1.399954042677759580e-01 -7.649395501135439979e+00
7.018295831398106088e+01 1.306296808073535709e-01 -7.579331622356757059e+00
7.028111656854237310e+01 1.078653427031613515e-01 -7.839849942036984487e+00
7.001227170481591600e+01 1.763876242966617436e-01 -6.610493867851102046e+00
7.029811583791818919e+01 1.558591341865401825e-01 -7.452934810946782562e+00
7.026349078688851080e+01 1.443935331101333652e-01 -7.663554014583700003e+00
7.033138309888799711e+01 1.094425622770721640e-01 -7.806441399565432704e+00
7.022580293144018526e+01 1.125139552175042912e-01 -7.687509872546987921e+00
7.035529293810040485e+01 1.542238792526277602e-01 -7.098329790497921898e+00
6.993143153404635370e+01 1.768173043555258325e-02 -8.325390228425134653e-01
7.005213342820428579e+01 2.902676459563958977e-02 -1.556133585391946017e+00
6.991337983163478498e+01 1.711693831847913017e-01 -6.167417256180296015e+00
7.032323432980248867e+01 9.351047551076271946e-02 -7.615467185073697465e+00
7.034097091112025169e+01 1.293427937760612545e-01 -7.727282683605760205e+00
7.042150504862360094e+01 1.449260595703385224e-01 -6.934362932265993429e+00
7.024906152352002664e+01 1.696185265872949821e-01 -7.248422560906660372e+00
7.009732861437517215e+01 1.340810220042686074e-01 -7.251971940635244529e+00
7.020013863690130052e+01 1.196653334310329719e-01 -7.568154593570037392e+00
7.020921977515614287e+01 1.538503962770111366e-01 -7.487039012158035689e+00
7.012576144516145860e+01 1.258102563135382879e-01 -7.414367920762544806e+00
7.032319958513519964e+01 1.216454336245343520e-01 -7.786681209189917574e+00
7.020470532216202741e+01 1.486441390704690557e-01 -7.555243915965583312e+00
7.016370225875687083e+01 1.557419814211110920e-01 -7.372952022034972686e+00
7.015194205998307098e+01 1.273848503504179386e-01 -7.417665755943380290e+00
7.036955447442075240e+01 1.112663806231905250e-01 -7.636258379437284916e+00
7.034816011202791231e+01 1.533106213981071941e-01 -7.367513033830673130e+00
7.027981567989137091e+01 1.086972921979930257e-01 -7.788329810078854720e+00
7.013267279358910855e+01 9.706290400116834860e-02 -7.008992913291100635e+00
7.029093155625304234e+01 1.449116762825432836e-01 -7.632483209605134711e+00
7.037540108408944661e+01 1.456410658279759240e-01 -7.266504413147563568e+00
7.034338008004631604e+01 1.096959788781265710e-01 -7.809500601215009219e+00
7.027000643970818317e+01 1.508273231102593981e-01 -7.575003370502514599e+00
7.028649841408591215e+01 1.563089254278925144e-01 -7.442139702814705160e+00
7.026786619010077573e+01 1.396962960336278481e-01 -7.720489412875738644e+00
7.017961457840959838e+01 1.231318433799907103e-01 -7.579741216336763010e+00
7.022806838624781278e+01 1.382322554242268742e-01 -7.666923902092674048e+00
7.030414018696359335e+01 1.518605576588515360e-01 -7.524182360554937610e+00
7.013271743179242890e+01 1.201062317613138392e-01 -7.390202887757355121e+00
7.021164483354074548e+01 8.922462948177517505e-02 -7.194049841360214081e+00
7.031633174370242045e+01 1.313287969528213195e-01 -7.805131197153389877e+00
7.024844589555165442e+01 1.247068912613055053e-01 -7.828904239429739675e+00
7.024058406888791239e+01 1.309770213619481927e-01 -7.795391957955398965e+00
7.035472366138179723e+01 1.016410231095229294e-01 -7.752865274398632600e+00
7.028295842159377571e+01 1.285359867721764526e-01 -7.822711037690718072e+00
7.030016283633328555e+01 1.263624391747342757e-01 -7.841690071218052616e+00
7.027622315216405013e+01 1.116156339695333621e-01 -7.812057730515450160e+00
7.028836889169106428e+01 1.033931360719814452e-01 -7.796199110934182386e+00
7.026811228736725923e+01 1.037051771420585689e-01 -7.726392256211124021e+00
7.037548617808704421e+01 1.380017046406898373e-01 -7.394552975904410630e+00
7.026606583716397836e+01 1.199156593294263828e-01 -7.839050550148431995e+00
7.026960264029321479e+01 1.116816413640411565e-01 -7.811833478586288848e+00
7.024157422316378074e+01 1.256539175315389278e-01 -7.824568691649200325e+00
7.022357132635676180e+01 1.209900444913966366e-01 -7.729976962792746598e+00
7.021977237232388802e+01 1.294923080529658821e-01 -7.719698808017552594e+00
7.033345129890193448e+01 1.304099318982212263e-01 -7.714208714517964083e+00
7.030898616541485069e+01 1.176302930919140843e-01 -7.876258365072148493e+00
7.024634465217198454e+01 1.025006661363071087e-01 -7.706075379707314710e+00
7.026983638137060950e+01 1.307043075832121648e-01 -7.801650940020614655e+00
7.026040782335502399e+01 1.323796271393616331e-01 -7.788153132564824332e+00
7.023003717460693451e+01 1.382878020183870571e-01 -7.666695623633802192e+00
7.038153000250498792e+01 1.207979985232129350e-01 -7.600089679639657092e+00
7.020747751005943371e+01 1.191444469951561669e-01 -7.724317155830949133e+00
7.032876832450271820e+01 1.112823110393638404e-01 -7.810811377635491048e+00
7.031507992117110462e+01 1.345499387411021874e-01 -7.772384868504500943e+00
7.026244461886594195e+01 1.269685926688693400e-01 -7.821913966648891048e+00
7.031967273309642508e+01 1.140263354704918464e-01 -7.810964322634782242e+00
7.036325991777555089e+01 9.888489444031618725e-02 -7.570597646698810301e+00
7.036426404074271090e+01 1.167404743962925651e-01 -7.620350949799914453e+00
7.035358482795464852e+01 1.329406585434392551e-01 -7.689972998650869584e+00
7.023116995432366139e+01 1.169562857579392184e-01 -7.717535746037440525e+00
7.035389996673156077e+01 9.343710198010481138e-02 -7.617722506101539892e+00
7.034899027342346756e+01 1.307624148275681464e-01 -7.714007253307487488e+00
7.032926995314329588e+01 1.280603066190492412e-01 -7.737417001804959504e+00
7.030412536477712138e+01 1.465665084381932992e-01 -7.610205218348117029e+00
7.022050204446740906e+01 1.298289246307124667e-01 -7.718454057462633244e+00
7.026716403366819463e+01 1.459845227895455455e-01 -7.643292312704414115e+00
7.033571720076059819e+01 1.106454199090105006e-01 -7.810762509682298571e+00
7.026527373438135271e+01 1.177191615043655520e-01 -7.836959888286039622e+00
7.031401210804317259e+01 1.094259817449767108e-01 -7.855213200625243530e+00
7.027016300800313786e+01 1.131005103586154442e-01 -7.820704947985972488e+00
7.021090440092730489e+01 1.232320501017704767e-01 -7.730852571949894170e+00
7.027660768093571164e+01 1.275312739463092260e-01 -7.821231850623539650e+00
7.029565251193483277e+01 1.401506833782221739e-01 -7.700693415604604297e+00
7.038697332635324244e+01 1.390361437123956712e-01 -7.381577181645795349e+00
7.026180265768923050e+01 1.354584084334716498e-01 -7.762419707196661633e+00
7.032398097124082881e+01 1.246603536996545025e-01 -7.766061970999226460e+00
7.040622882055914999e+01 1.283981659575570700e-01 -7.191271385419969242e+00
7.035700287667715713e+01 1.480883173913134232e-01 -7.216551642909704078e+00
7.024354659222193220e+01 1.135166266443560917e-01 -7.820088558928390832e+00
7.033618364671323775e+01 1.468444897430340179e-01 -7.480318716167133175e+00
7.025490244993598310e+01 1.244027187836935777e-01 -7.830751398890638093e+00
7.038320086668062459e+01 9.618112196627658095e-02 -7.538392011202392773e+00
7.031611893880639741e+01 1.313620743223250786e-01 -7.804780565816473725e+00
7.029767809048540528e+01 1.187946936628846289e-01 -7.873057447268418052e+00
7.033396147933427756e+01 1.247135257706911693e-01 -7.767881865604619129e+00
7.027305549904151860e+01 1.177765976824549643e-01 -7.837985233597608570e+00
7.031529071444708734e+01 1.256550657517552239e-01 -7.849001997322111457e+00
7.032741521413913688e+01 1.165367376516929926e-01 -7.808991313251918420e+00
7.036091397766911371e+01 1.308903435632409740e-01 -7.491571620875872028e+00
7.032263014972519954e+01 1.157299504100413601e-01 -7.809675578728090706e+00
7.034674822062524413e+01 1.332497912419988439e-01 -7.684589453301017947e+00
7.032363214815633512e+01 1.271446926061531035e-01 -7.744777649514950291e+00
7.028101475434769441e+01 1.267632344910817888e-01 -7.835436762392476773e+00
7.025581244415459992e+01 1.119287257336248897e-01 -7.812070608265345939e+00
7.025798508982524027e+01 1.273156320943666098e-01 -7.819634785787565434e+00
7.028217872062870697e+01 1.262946170369622922e-01 -7.838810575315123153e+00
7.026978615278281382e+01 1.258240969028250611e-01 -7.827832563327972615e+00
7.027162635322211770e+01 1.222601415160330940e-01 -7.837977987608603314e+00
7.032210008216007679e+01 1.322287761845945542e-01 -7.690920542457372555e+00
7.030325330054890287e+01 1.140792444379084003e-01 -7.872868230448508697e+00
7.030524061168165417e+01 1.257432301735084967e-01 -7.846610084061235391e+00
7.028460039737576892e+01 1.142907540046565612e-01 -7.870419645339788772e+00
7.030891729909933474e+01 1.179738201776923817e-01 -7.875963552810059554e+00
7.030432209158766454e+01 1.254949049741278244e-01 -7.847973266073440257e+00
7.029895949621121076e+01 1.147765304645454870e-01 -7.873476847756558428e+00
7.030015695983131252e+01 1.196470339681520723e-01 -7.871850379119072372e+00
7.026317198938897945e+01 1.215440832598850690e-01 -7.837835937907846606e+00
7.260005888324931789e+01 8.000567442039299704e-02 -8.529451397500091847e-01
8.124982976747143937e+01 1.835898458914252684e-01 -8.378896984002816017e-01
7.664834104747687604e+01 6.258027520200584726e-02 -1.143166208537364170e+00
6.986885780403737556e+01 7.827391154160139308e-01 -1.113181361298416272e+00
6.405139205399865432e+01 6.906383878145654354e-01 -8.654741876917148025e-01
7.351098360424674638e+01 1.756708711220160424e-01 -2.907236614380879769e-01
5.801732425590140707e+01 5.808933191360057258e-01 -5.332211949226534076e-01
6.955221462054343817e+01 1.614124770238963835e-01 -4.135836521897618745e+00
5.947513384403850978e+01 3.811633926409343370e-03 -3.011052588363565263e-01
5.628052570403406918e+01 1.862494324182127070e-01 -9.121254042397786144e-01
7.809593011796918915e+01 2.179272889800397961e-01 -5.888804902979503236e-02
7.535011843098581608e+01 4.387165612897474531e-01 -6.674161357445380638e-01
6.066601242274179384e+01 2.987496691959201089e-01 -1.463509107460979841e+00
6.717293506489133392e+01 7.514490864693775807e-01 -3.285595124540117706e-01
6.829309403241751397e+01 5.969356578298531391e-01 -8.062418822908973617e-03
8.414670878961409528e+01 1.197969006288158722e-01 -8.379238344432741181e-01
8.212414453237875023e+01 4.297813021246063570e-01 -8.931775550895348914e-02
7.543799746348020108e+01 4.519205899006046856e-01 -5.676711032597226980e-01
6.159710445592180861e+01 3.872922399624405543e-01 -2.854909544769884455e+00
6.198725395780477498e+01 3.233209145798159323e-01 -4.095568896077939058e+00
6.789533352731892535e+01 5.517514920060428985e-01 -1.914937225012145437e-03
8.411303145955679383e+01 8.938150803059636759e-03 -4.873126486270819568e-01
6.511154124547651634e+01 6.435911323271135132e-01 -3.636182209949185395e+00
6.163554555571521831e+01 6.636287672467952037e-01 -2.542683099820866044e+00
7.015656741321635081e+01 2.277778945490913642e-01 -6.105421680462346679e+00
6.332750159883190122e+01 1.717287749427584553e-02 -3.986347286383317562e-02
5.886336870958899681e+01 5.553448721661612408e-01 -3.068398694645970259e+00
7.034364684192833295e+01 7.947752270922849860e-01 -9.873085239687380277e-01
7.713286678153983189e+01 4.858326840559019644e-01 -2.566172352736333095e-02
6.679002376017329823e+01 6.110283126990675440e-01 -5.202672894855462360e-01
7.983805421576143146e+01 5.375524063180840972e-01 -2.893771707374230839e-01
7.336966192698741906e+01 2.003078554737593164e-01 -1.306247855376909961e-01
8.080789415295770084e+01 4.585468443131015537e-01 -5.592065556659425035e-02
7.887387720211442854e+01 5.161338184656132366e-01 -2.173437771897487047e-01
7.078638673918938196e+01 2.685059254209498647e-01 -1.084017597061921467e+00
7.380933110743255554e+01 7.755461428851623262e-01 -1.685341544199480401e-01
7.636296185631407241e+01 1.392710968054323151e-01 -8.832810849644759932e-01
7.821923295471609094e+01 3.338393515983459903e-01 -2.341228417313954979e-01
8.310937658061317279e+01 3.776082226690193888e-01 -5.223248817542314008e-03
5.777565936233654753e+01 5.047472745986852916e-01 -1.209665096761265879e+00
6.652711075189054668e+01 6.696413994402648784e-02 -8.004079627550911846e-01
6.231652793243098643e+01 4.666428142955190150e-01 -1.607154122379353289e+00
6.851741351251638434e+01 1.935918775415195192e-01 -1.757954234682438943e-01
7.792187741201378515e+01 7.232626310214362864e-01 -2.410797179774733512e-01
7.414821348806202650e+01 4.904545378280870949e-02 -1.779565920416155800e+00
8.368559711580135740e+01 6.709787441183969747e-01 -6.942473675329122185e-02
5.863046772305003174e+01 9.424552113804672560e-02 -1.893744688094702644e+00
7.459590026720312039e+01 5.650765941626172406e-01 -4.783710524263179997e-01
7.116061413097725108e+01 6.283270534580361888e-01 -1.457432672713596944e-01
6.128904758713429857e+01 3.939639535161980621e-01 -1.883044266306973302e+00
6.481239361056802295e+01 3.062022548895654284e-01 -2.455060741061668939e+00
8.236186373923629844e+01 3.747253150684566325e-01 -8.166686613984615317e-02
8.157567257318002873e+01 2.608566148548615571e-01 -4.431276300440531446e-01
7.201683561641070241e+01 5.004095792727294434e-01 -3.990564568791604705e-02
7.241866113468026356e+01 2.863824776180807774e-01 -2.922807012707742680e-01
7.736506912743422504e+01 3.411058622508705840e-01 -4.935534298428419231e-03
7.705256296874449617e+01 4.926215962000189963e-01 -4.673502833607611623e-02
8.046169879342753006e+01 7.191939474942731225e-01 -1.605742187039771729e-01
7.202141957675887340e+01 5.207154913778562211e-01 -4.474269427590805287e-02
6.535192628413817317e+01 4.069857223432318261e-01 -3.143949624956996036e+00
6.043937653510685237e+01 2.382625048729479778e-01 -1.860141782692156021e+00
8.331021918873467769e+01 2.446801429251542204e-01 -3.916569161268643184e-02
6.280621318072634551e+01 1.308704710937310944e-01 -6.368348398830259161e-01
6.931539813221375823e+01 2.550406710788145209e-02 -1.377734412092016081e+00
7.606837382817411708e+01 4.151891763006820835e-01 -1.961918723802850428e-01
8.044424543937793715e+01 2.939185513718107212e-01 -2.313476144292120895e-01
8.267372439423849073e+01 5.707499203428060275e-01 -4.026688497860349963e-02
7.309428608869532695e+01 7.601719413285337179e-01 -1.550728035753523582e-01
6.102506842560617883e+01 7.360347950597571909e-02 -3.675964199674791599e-01
6.773497963108778208e+01 6.171797194505448392e-01 -3.074386330525416197e-02
5.666000969035823687e+01 7.599069235315177862e-01 -2.672013828479479436e+00
6.375642091831872449e+01 3.446614959860746508e-01 -3.760278890256674167e-01
7.162078510287774691e+01 4.225788200141346040e-01 -8.433332583514945024e-02
6.871654633728476824e+01 3.481843146991779603e-02 -5.795822133180222879e-01
6.443539783078811922e+01 6.550276603679445753e-01 -2.746673317497228539e-01
8.162158979458591546e+01 7.373029090108346173e-01 -2.408235675004459786e-01
7.933425031013447892e+01 6.969850995378920056e-01 -3.037338638297092941e-01
8.009896490290678628e+01 3.547284271715360759e-01 -2.605068509485137240e-01
5.919939499786582360e+01 6.077266570629809017e-01 -1.437894468413613236e+00
5.992929067564207912e+01 2.487741810744930060e-01 -5.769113066116555721e-01
7.506772772159611407e+01 1.469496756154823058e-01 -4.464936237678173825e+00
6.900730150924331952e+01 1.116565526394366625e-01 -1.507266070074999131e+00
5.766796032551063433e+01 2.784859069620438388e-01 -1.055932834060240522e+00
6.631447623875632758e+01 3.185069078425972755e-01 -1.509071187342886811e+00
7.121934183134891327e+01 4.418432985847546290e-01 -1.554869273137859387e-01
6.736234515473647377e+01 7.086169141335969535e-01 -3.092272610024480173e-01
5.834510116267248492e+01 4.755769393811231649e-01 -1.799742951888385400e+00
7.571470496247702897e+01 4.439157385310815024e-02 -3.580464705000983461e+00
7.447304684226000404e+01 5.896587166899888155e-01 -4.874727730851287077e-01
5.683731319985668762e+01 6.324228409939409712e-01 -2.854284204751584841e+00
7.872534156110825165e+01 5.291228182260429014e-01 -2.237840061039644279e-01
6.438869359252311142e+01 2.083186838556410625e-01 -1.171610952152355029e-01
7.922878570931585784e+01 9.746432518642919596e-02 -1.701890475622701571e+00
6.325300441817513786e+01 7.850857912935329530e-01 -3.726907057955158309e-01
8.287942280524836747e+01 1.244792134379962001e-01 -6.084722061912275493e-01
6.574514190023087679e+01 6.861987330966682341e-01 -1.685652995309627089e+00
6.601968653125084074e+01 7.299436513613322131e-01 -9.962366262329903632e-01
5.971307253818341820e+01 1.571328052871523440e-01 -9.699880277584489452e-01
6.265003085403331795e+01 3.647595866207695714e-01 -6.338925009845576275e-01
5.729520214130914724e+01 6.781803927422678235e-01 -1.295381438969803067e+00
6.721421141412569966e+01 2.857120970594432263e-01 -4.697478523931386540e-01
7.022159282848322448e+01 1.134364003699886575e-01 -7.694788406947951742e+00
6.397550314184586284e+01 5.443281891797617789e-01 -9.431595686035363357e-01
6.998901410772542420e+01 1.844280265002139763e-01 -6.353357906472934857e+00
6.812665131708480715e+01 3.927683361480815982e-01 -1.528058326803699747e-02
6.980945191924520543e+01 1.530908795470802275e-01 -5.616789308350528920e+00
7.019692677807080372e+01 1.488925268635229726e-01 -7.456376163568868343e+00
6.762388958338215161e+01 3.471658808994811385e-01 -1.397523883680794332e-01
6.741222857606150853e+01 4.263270591860956471e-01 -3.462414096044668654e-01
6.346100356737978387e+01 2.884182482453860330e-01 -2.413569293427443863e-01
7.004818787537449509e+01 1.291670069674740740e-01 -7.090364231716563381e+00
6.563400874930361795e+01 1.711457845603161221e-01 -5.321643430678473230e+00
7.044008976587468851e+01 1.188100071641876032e-01 -6.855426991017115945e+00
7.006972707703904746e+01 9.325160896036077673e-02 -6.506694458379438828e+00
7.039026407415850883e+01 9.533389530480929075e-02 -7.526500994005700385e+00
6.903218965663442930e+01 2.768503852676371113e-01 -1.222213704206013052e+00
7.045926854463081668e+01 1.117852800772837912e-01 -6.909561853551647204e+00
7.129570777763707667e+01 1.569442227723602534e-01 -7.123996793255298055e-02
7.024384996136737414e+01 8.127072240294544447e-02 -6.855654115676342641e+00
7.042233356624882390e+01 8.335208057102110046e-02 -7.012124563375340180e+00
7.016485855105753444e+01 1.442834701982598222e-01 -7.498457821053512440e+00
7.007269536946469657e+01 1.766875840185365976e-01 -6.740148627601861619e+00
7.018851022053091526e+01 1.829891702996840896e-01 -6.951512200201639402e+00
7.384804359113263672e+01 1.639967344902280551e-03 -4.981727989964199743e-01
7.027622569439378708e+01 1.314740761981429695e-01 -7.797259964227912121e+00
6.674576507452395902e+01 2.011597300191471926e-01 -8.480123474462464284e-01
7.021498959187228195e+01 1.060529563963205774e-01 -7.612026622913985463e+00
7.024510126088888740e+01 1.100006256583273834e-01 -7.796665981615398699e+00
7.024258916810198627e+01 1.726749733500278494e-01 -7.188691362616768998e+00
7.022069990305800502e+01 1.234161585417993118e-01 -7.731738742856288482e+00
7.848212571708226903e+01 4.272063530125501107e-01 -2.338161912612621296e-01
6.148742849336914418e+01 2.714398126073018225e-01 -2.606258274124341856e+00
6.951541416077178326e+01 2.335306323059258560e-01 -3.275646623350673359e+00
7.446750750242478034e+01 1.102372614587676936e-01 -3.767996683735948871e+00
7.036064678388926552e+01 9.123073614397397835e-02 -7.445170969360910718e+00
7.162069506895709026e+01 7.784844861933462590e-02 -3.968071694189882759e-02
7.511023773673981907e+01 3.050219297975099164e-01 -1.728082177661875551e+00
6.352367452341347587e+01 4.316242697355004987e-01 -1.750362422394935447e-01
7.021414269099003036e+01 1.790434532869392137e-01 -7.068223177697735338e+00
7.016783205544287227e+01 1.218295115206054491e-01 -7.575585593243044258e+00
7.025076581544327325e+01 9.020818028095634045e-02 -7.413174317485506037e+00
7.526797495275079086e+01 1.684291026973981920e-01 -3.897769817283669891e+00
7.605775752617088870e+01 2.890389847549985902e-02 -5.896728177962223816e-01
7.029298615762441216e+01 1.047377199803437020e-01 -7.812435229354147026e+00
7.434475127280120432e+01 3.819393530535861170e-01 -8.446014326075684808e-01
6.583806140374960592e+01 4.438667094047793471e-01 -2.190784100338047047e+00
7.091682939612161363e+01 1.193049472660096672e-01 -1.487836575340564238e+00
6.632041049649323838e+01 1.252805161640445919e-01 -2.234526222112995786e+00
7.011707657927934179e+01 1.292093618778623609e-01 -7.250886800339241489e+00
6.460889352794328033e+01 1.048684244747191685e-01 -3.879913318564062186e-01
7.011736779417404364e+01 1.492484478087790500e-01 -7.181012728067322826e+00
7.009733395336242268e+01 1.264655244730556183e-01 -7.244691160391716345e+00
6.680793280055341654e+01 1.601831524498721279e-02 -1.075483053105746184e-01
7.020856334551893951e+01 9.818488576015464708e-02 -7.460838266969510357e+00
7.029500275853344249e+01 1.363472594818563033e-01 -7.748044137620196281e+00
7.022709385578475860e+01 1.223629360016488532e-01 -7.731930262437468393e+00
7.427942150993833081e+01 2.376859953840508022e-01 -1.479801199454855887e+00
7.032683266864788152e+01 1.089940609573930158e-01 -7.803965313001302029e+00
7.444917411126830586e+01 2.000930832766344425e-01 -2.482013433963083493e+00
7.313919684771300922e+01 3.208125037144760050e-01 -1.128844236909784943e-01
7.021488187407487658e+01 1.301636999200048439e-01 -7.716492287079865342e+00
7.017133890368178584e+01 1.286898660671541850e-01 -7.582147993935726582e+00
7.024964543877619860e+01 1.106329900961362522e-01 -7.802187413610203848e+00
7.014880935020805452e+01 1.355286857311638893e-01 -7.409476383754969753e+00
7.030833781705663910e+01 9.458755471886590160e-02 -7.643084036922570768e+00
6.971524084325103843e+01 1.284721732331524924e-01 -5.250220157797393483e+00
7.039575762932716430e+01 1.226180832616647065e-01 -7.254549172710657245e+00
7.036228939169532737e+01 1.284386738555149954e-01 -7.521828370157677135e+00
7.024211667851039920e+01 1.109845367550126166e-01 -7.804083048970185565e+00
7.037563233627155057e+01 1.011206789927816541e-01 -7.596164619920735106e+00
7.026749800563517567e+01 1.504541614779073555e-01 -7.580107424620294410e+00
7.010245637339653513e+01 1.639749514227816785e-01 -7.032208336058380027e+00
7.086107052771133397e+01 2.032514237018006598e-01 -1.097578131422734860e+00
7.011207067209409161e+01 1.043426722119478733e-01 -6.988552015846484444e+00
7.027589399485725608e+01 8.530875937273123266e-02 -7.236762488543225125e+00
7.019455689886923722e+01 1.268646592581484378e-01 -7.584665413008027990e+00
7.022754177356551963e+01 1.022088096933194135e-01 -7.547517388965557572e+00
7.032326350331003084e+01 1.122791161962526235e-01 -7.811181543700099539e+00
7.028728543109164661e+01 1.406324434338773466e-01 -7.692502941185476395e+00
7.030772669232675298e+01 9.745908359040550417e-02 -7.704287603633750869e+00
7.018213314369707234e+01 1.224340109445982705e-01 -7.578052855903671059e+00
7.019638762705865531e+01 1.151477403643294678e-01 -7.537879105902430155e+00
7.014001128217230985e+01 1.378677990629273986e-01 -7.400299629765253684e+00
7.019617272196947511e+01 1.358911693614711924e-01 -7.560380571523286797e+00
7.036142024243316939e+01 1.259742111429094646e-01 -7.548753161275067569e+00
7.015972634086161008e+01 1.186912390994833005e-01 -7.380537906288937577e+00
7.009999972269172019e+01 1.294688591545164746e-01 -7.251517374827793461e+00
7.038650834596685968e+01 6.358487067855331243e-02 -6.200127218748825442e+00
7.004453402026976505e+01 1.160909751872618439e-01 -6.849441217186730491e+00
7.027785422150098782e+01 1.098779938572470444e-01 -7.798833439891819097e+00
7.036557725268069419e+01 1.011756189139469547e-01 -7.594717997337937732e+00
7.017602469747278349e+01 1.334540127482982397e-01 -7.569997383564138538e+00
7.020322134730730568e+01 1.460654877510927374e-01 -7.585870402335036289e+00
7.040474370948157912e+01 1.068460010515590447e-01 -7.335114447175763885e+00
7.021936792029653418e+01 1.103048963639836899e-01 -7.665987729314537980e+00
7.062806314035728406e+01 8.251409789321003871e-03 -2.697238761021689135e-01
7.012289902712858236e+01 1.361416575322161038e-01 -7.406577051483916208e+00
7.025414695524207787e+01 1.138970586357775788e-01 -7.823142981741583846e+00
7.029039828934500633e+01 9.647640292121233141e-02 -7.682879297895822468e+00
7.033771050670233649e+01 1.326476570861241933e-01 -7.689687850699353788e+00
7.034127445477301421e+01 1.169445319296594232e-01 -7.810798938414249548e+00
7.038352328977671846e+01 1.123693212984073209e-01 -7.638367550663580197e+00
7.025889496425658365e+01 9.826956168071201980e-02 -7.627908883004609564e+00
7.033353233994276366e+01 1.305435735557254062e-01 -7.712769942898233033e+00
7.025437130052870316e+01 1.243609065662322072e-01 -7.830806470838791000e+00
7.019955497141593526e+01 1.094647305575826152e-01 -7.475339418832723126e+00
7.019379721874595646e+01 1.412010601670261600e-01 -7.526291574023849407e+00
7.032905037071803633e+01 1.127422093347198589e-01 -7.812669346273235504e+00
7.020946992806624110e+01 1.189359440237231641e-01 -7.723826606295292940e+00
7.024153182383409444e+01 1.140288340088269625e-01 -7.822394057064755657e+00
7.039320617360726828e+01 1.160310163826517721e-01 -7.630445934668895980e+00
7.031548556915551274e+01 1.471159072526072031e-01 -7.470264258392150580e+00
7.017702959202648572e+01 9.864273660864088245e-02 -7.267293644964285981e+00
7.025152568866072045e+01 1.131587285850107483e-01 -7.819041083689223015e+00
7.021434913426512026e+01 1.071386870294368104e-01 -7.627446463592274739e+00
7.035090972029119882e+01 1.337539907595409472e-01 -7.679385066988085207e+00
7.000513805518004062e+01 1.405747520803138917e-01 -6.782415822879010570e+00
7.005171382933471591e+01 1.320083263391654271e-01 -7.094512317953650893e+00
7.030630560153619513e+01 1.196514938273413736e-01 -7.872878248806529200e+00
7.026420850718335487e+01 1.042065941739436230e-01 -7.733401874932201991e+00
7.011714655183141076e+01 1.102326623065016664e-01 -7.096909939305511728e+00
7.012063783345344348e+01 1.387581648939457124e-01 -7.240997966695416288e+00
7.019768378818707788e+01 1.465222205850930937e-01 -7.480485933790493647e+00
7.022457641995782751e+01 1.200491466638181487e-01 -7.728138193183843541e+00
7.017132779277218901e+01 1.383621070695743305e-01 -7.544348304321838228e+00
7.018681601579970675e+01 1.115096857089762916e-01 -7.500995973318341115e+00
7.014647231429346164e+01 1.578703248703580142e-01 -7.232421860703957428e+00
7.029268735442209959e+01 1.187118061543793318e-01 -7.872357407994405420e+00
7.039680296477412469e+01 1.044703681729904771e-01 -7.625335958345180742e+00
7.034578304857063813e+01 1.334599821471265935e-01 -7.681783823044764148e+00
7.028688780495120625e+01 1.508809028237056704e-01 -7.536801221381083771e+00
7.030095845563535306e+01 1.419813531457415345e-01 -7.676960366183791074e+00
7.023027764918832361e+01 1.385552658231615497e-01 -7.664484523446615682e+00
7.026189789257389862e+01 1.225948564806874502e-01 -7.836127287149215803e+00
7.010390279580848016e+01 1.284237559246073079e-01 -7.249691170977520471e+00
7.036822150411094867e+01 8.447460892193497939e-02 -7.268047341297104502e+00
7.024464555951669809e+01 1.257372977455852581e-01 -7.824672935908211890e+00
7.019396512330875737e+01 1.093700939805769823e-01 -7.473981876638223554e+00
7.039156928373434141e+01 1.141090623903287249e-01 -7.636634390724457155e+00
7.031045879995103576e+01 1.164509482530684398e-01 -7.876768756345459366e+00
7.019756828125798620e+01 1.213315495983073866e-01 -7.575160858112867324e+00
7.023547015511977065e+01 1.610765839547317058e-01 -7.383154402437194008e+00
7.033230333348463148e+01 1.139785351905012595e-01 -7.813464209026151686e+00
7.015067922140013934e+01 1.592607908196195243e-01 -7.216125769328654904e+00
7.037153078079066404e+01 1.056469576801815358e-01 -7.626120262859259036e+00
7.028516414324300854e+01 9.752042128703419799e-02 -7.703243283235500449e+00
7.016007645995954078e+01 1.147278644498488237e-01 -7.344914498254265567e+00
7.036017843385796766e+01 1.209901794179578521e-01 -7.593263562581445747e+00
7.010291753295467743e+01 1.191320463349856418e-01 -7.203018196028597941e+00
7.021693801532985901e+01 1.526939971686671615e-01 -7.504121384344368373e+00
7.015855846957646236e+01 1.270967492309148239e-01 -7.417346310702554568e+00
7.016683353672422641e+01 1.151200082860130841e-01 -7.536849718496650752e+00
7.023380207428988342e+01 1.184695434733260555e-01 -7.724130037541875105e+00
7.016287818485986350e+01 1.110973744295410681e-01 -7.300613463112803458e+00
7.029418127395901195e+01 1.093291595033638458e-01 -7.851822775134447596e+00
7.032246873392490727e+01 1.337012417961513933e-01 -7.673182711809833023e+00
7.030653435101027071e+01 9.924641733535874422e-02 -7.736973684624360637e+00
7.029726343245469877e+01 1.189158785132510970e-01 -7.872789425120208406e+00
7.019245481276786336e+01 1.380720177970576612e-01 -7.547760743242377224e+00
7.021606882162772933e+01 1.332615215369443995e-01 -7.700914045161663779e+00
7.034085416120464629e+01 1.267678184158077814e-01 -7.752145415854585053e+00
7.042673123260199475e+01 1.286921855425418593e-01 -7.193618239945274162e+00
7.031369868628672748e+01 9.983793867911749942e-02 -7.747732730925209310e+00
7.038105504557783831e+01 1.172296814460260655e-01 -7.622053409430955107e+00
7.031437096283963228e+01 1.213791469453271293e-01 -7.869404931599357056e+00
7.026222996208083771e+01 1.383816193553943641e-01 -7.733716815428320679e+00
7.026769096019094718e+01 1.294252930143992841e-01 -7.809523244802829112e+00
7.034758994091652085e+01 1.107906559938656721e-01 -7.813330602256517210e+00
7.036078374154948278e+01 1.035207124219313379e-01 -7.612122795214948390e+00
7.016402683511267924e+01 1.181406831435873328e-01 -7.558546707126906128e+00
7.027704942032451640e+01 1.134490902778564347e-01 -7.823336973759197122e+00
7.022026501536898024e+01 1.358105760842013565e-01 -7.684739915332100324e+00
7.025458679335940815e+01 1.124713226706542946e-01 -7.815384816415454239e+00
7.026186544514375498e+01 9.556364359254489182e-02 -7.565855501947499562e+00
7.027279411435853262e+01 1.103129034565056843e-01 -7.801948813343123845e+00
7.036627887599493647e+01 1.122078166707288355e-01 -7.634615037471854215e+00
7.029318012158901752e+01 1.122918961467827964e-01 -7.866230205011788712e+00
7.032117329224152513e+01 1.256664728983879209e-01 -7.757261167598868745e+00
7.032877943924732733e+01 1.084976583752512297e-01 -7.802279919898122529e+00
7.038042301344192708e+01 1.150618490542256178e-01 -7.631063607783531211e+00
7.031760731178384560e+01 1.236672528120842940e-01 -7.772119217699058780e+00
7.030036938832721205e+01 1.266852702535647135e-01 -7.839566589376285144e+00
7.031404245623532745e+01 1.222030824589161180e-01 -7.866321254561959186e+00
7.023971517425100330e+01 1.116026711246815017e-01 -7.680117273256345634e+00
7.025042940260276225e+01 1.247543527164582389e-01 -7.829021023528333956e+00
7.034925519240864844e+01 1.188630850932954203e-01 -7.806089377792771344e+00
7.025924729690790116e+01 1.157882631274638474e-01 -7.831403062842318796e+00
7.025651305998643181e+01 1.060410853307210965e-01 -7.757147804041355954e+00
7.032998635612220539e+01 1.220737994588329267e-01 -7.785556533777377552e+00
7.033361860479369909e+01 1.110134576461750122e-01 -7.811196009985573063e+00
7.035761548035506507e+01 1.173977088431070737e-01 -7.615493701551070416e+00
7.037925230573299018e+01 1.224616118756897409e-01 -7.586430244231131326e+00
7.030624937145756803e+01 1.142885418461894731e-01 -7.873755053657262692e+00
7.036146136033949006e+01 1.217916967877261947e-01 -7.587368599267682256e+00
7.037675022193806740e+01 1.058554874478998820e-01 -7.628137617002770376e+00
7.035389297155485622e+01 1.213011202657055670e-01 -7.795312678583819377e+00
7.034441059594840340e+01 1.102535247168035526e-01 -7.811375850118793096e+00
7.027734467861948531e+01 1.263167657384349218e-01 -7.826887627508808620e+00
7.029633123647293758e+01 1.248831547126738467e-01 -7.850133281129727969e+00
7.026645144564096768e+01 1.210311849600380490e-01 -7.838727834772969416e+00
7.482653770414789562e+01 2.492755782857020985e-01 -2.084597922244748158e+00
7.235181511883430971e+01 3.783834505065957199e-01 -2.150363994030096981e-01
5.900918055340343216e+01 3.374496335147352255e-01 -2.557755009032578908e+00
7.306657997114790248e+01 8.576277654284325536e-02 -5.297671891379144293e-01
5.686004471298871010e+01 4.052275031793775573e-01 -2.766785883656738054e+00
7.394775578089365808e+01 5.192108783651087217e-02 -1.312585403032369147e+00
6.216536961047618348e+01 6.839598622290304908e-01 -1.593605664431308799e+00
7.414029536029420342e+01 4.951594986979502844e-01 -2.708547385681803754e-01
7.536506772243116359e+01 4.524755996720682648e-03 -3.349172629297665349e-01
6.844947075571283790e+01 1.483974613292709244e-01 -1.629120916770676053e-01
6.893214804826102693e+01 7.734437321895697437e-01 -5.700315162490332543e-01
7.985202126680306378e+01 2.902554665843213866e-01 -3.714815108551088874e-01
6.023606038032379928e+01 4.092192860003625587e-01 -1.513689667712596387e+00
7.057988042230286396e+01 2.787403318239025096e-01 -2.381103112193886595e+00
5.848640274370198711e+01 3.900604978079441065e-01 -2.823428904055745203e+00
6.465590688983508016e+01 2.067197660611052035e-01 -8.528632227532390031e-01
7.662243369799554671e+01 7.213029664093286719e-01 -9.911988287469802872e-02
6.087054151003166425e+01 3.492907106600930955e-01 -1.204319129129223231e+00
7.937029791777428045e+01 2.211693980167462881e-01 -8.075575704613946471e-01
8.421445141313412819e+01 1.862486055386516903e-01 -2.081410724807392920e-01
6.782006722446833180e+01 1.332937012447785452e-01 -2.881930336160735684e-01
7.009897948916731991e+01 2.639043732516087037e-01 -5.385452950582308773e+00
6.953089416424869285e+01 9.165886615668478177e-02 -4.308405975423238665e+00
8.054987328357773890e+01 2.108223522053202237e-01 -3.879149065044992795e-01
7.839809072582613680e+01 3.207351535350465022e-01 -2.266121416687261469e-01
8.088378213518811322e+01 5.393057432596336520e-01 -9.777783308991910838e-02
8.168355894360240654e+01 1.594302843238545042e-01 -7.949792107490415427e-01
5.797610143481377065e+01 2.244283984167645407e-01 -1.040499080058578496e+00
7.132984713543118005e+01 3.945341419407364381e-01 -1.718453928083688020e-01
7.756582486534148302e+01 5.082255287685117917e-01 -8.286701514160653426e-02
7.160402313277536734e+01 7.799804890218059450e-02 -3.976452545689069390e-02
7.854644141377572453e+01 6.464030792681427773e-01 -2.081819490003706530e-01
8.246169516982379832e+01 4.162418894217689846e-01 -3.816773079972231308e-02
6.521882462264328240e+01 5.745272720095750962e-01 -3.346953105004128570e+00
7.441034998379689114e+01 6.504962813238935881e-01 -3.904024149517912878e-01
8.206948093274529299e+01 5.675866603860149073e-01 -8.541200675731999703e-02
8.226235823923221346e+01 6.632400586476030480e-01 -6.934142919905718350e-02
5.999954297384545754e+01 4.738855296788504479e-01 -7.506830760210394526e-01
7.212039922710640383e+01 2.345126391348319184e-02 -3.381675153310960136e-01
6.429244298859730122e+01 7.091944219790996540e-01 -3.855537915274880878e-01
5.990860417571119001e+01 7.181225819064093185e-01 -6.307854005844720779e-01
6.566729377202324258e+01 1.164603626680426295e-02 -3.642808774829877638e-01
6.302893911338237842e+01 6.973814562779839799e-01 -8.027453372211923455e-01
5.660271606423031443e+01 1.831682427547700609e-01 -2.007317856400801404e+00
7.076040582539006607e+01 4.002641839735707197e-02 -1.748180150007880407e+00
6.122505250629899365e+01 6.271472396677945094e-01 -1.508705551827898006e+00
7.786701329014536554e+01 7.542625595193759303e-01 -1.934415997227815764e-01
6.696687841959203524e+01 5.830194868837894617e-01 -3.574289157780264903e-01
7.795703406575528049e+01 2.405758744877204425e-01 -4.827164598727887168e-02
7.630468129792402010e+01 7.799745112779952194e-01 -1.058054080683026033e-01
7.192128390273931871e+01 3.023597505413807562e-01 -1.575114363380526739e-02
5.765170030376886245e+01 4.294625812229446726e-01 -1.037328065461697202e+00
7.918578989108500821e+01 7.999356269736564995e-01 -2.213543704372085696e-01
6.181327956037480220e+01 2.813700580704938670e-01 -4.319173017778953572e+00
7.567831361478732788e+01 5.552733915360542616e-01 -1.264016230451712741e-01
8.360559678470571043e+01 5.925713750259450352e-01 -9.673004965343806605e-02
5.934329639767971543e+01 4.433612389732803916e-01 -7.633122475372524640e-01
5.854617788663558287e+01 6.041685954812707759e-01 -2.564722403213579138e+00
6.238117549292281439e+01 1.709245913748736190e-01 -2.159590690262609858e+00
6.824742341317461580e+01 3.353469620382591443e-01 -1.201801063514600781e-02
5.731247529492468828e+01 2.696874406538776747e-01 -8.993194254239388341e-01
6.985920904337199033e+01 3.711821163520800243e-02 -2.672858652600897500e+00
6.358199505896024561e+01 6.649077300575241267e-01 -1.570150713804483178e-01
8.118315915248210501e+01 5.201748355257365120e-01 -1.632202272887387229e-01
6.137905740649603814e+01 3.081109629266635119e-01 -2.225191477248238403e+00
7.101325946159035141e+01 3.576043279552942322e-01 -2.000186373500847381e-01
7.904030760822531931e+01 6.908245756552044980e-01 -2.047745288419256793e-01
5.628436998936238922e+01 6.207944691387690117e-01 -1.108861635550895564e+00
7.997620089557267420e+01 9.630556468840750783e-02 -2.095201355278189848e+00
7.265309024637392099e+01 4.369631065581964235e-01 -2.788913173671812573e-01
7.337522321183325857e+01 5.485245072503726060e-01 -9.858495907251119128e-02
6.626869789162013547e+01 7.626436602664131703e-01 -7.387612402827672398e-01
6.731467449672970815e+01 4.536067714368189896e-01 -3.896715642336839869e-01
7.729172761293584415e+01 6.115372565173134989e-01 -6.284769252994225341e-02
8.140393557403862701e+01 4.620951992218682580e-01 -2.044709732552548453e-01
7.701987504700130671e+01 1.679360722910667736e-01 -6.614407534152909607e-01
6.767571983271730574e+01 4.840330094250266946e-01 -7.126270430944056655e-02
6.922474867936827536e+01 6.319121655709196428e-02 -2.642520442431949501e+00
6.390370791476217249e+01 3.715659113710674255e-01 -8.769363789963500189e-01
6.641947210942001334e+01 3.647775403655932336e-01 -1.143880641513030927e+00
7.563086580534456971e+01 1.263434405672656247e-01 -3.767199021518214508e+00
8.279268482578311250e+01 7.393610441878663009e-01 -6.570103395049484152e-02
6.589320424558999889e+01 4.660271613949096281e-01 -1.850720100084573216e+00
6.337926067874175828e+01 1.079282460437379215e-01 -1.460120292513474305e-01
6.481275668927565903e+01 2.760691842042583069e-02 -6.582391874207372817e-01
8.028059261388500545e+01 6.387637437921673822e-01 -1.952422773659349409e-01
5.957096606511005632e+01 7.906434207588964869e-01 -6.884459413586149212e-01
6.050821367941478712e+01 6.745523748719257917e-02 -1.126067777660761798e-01
6.253674419447488475e+01 7.505704073154698674e-01 -7.717527690135971286e-01
6.868517919651078785e+01 6.746464288395612741e-01 -2.526334762336227002e-01
5.774984187407608971e+01 1.926326132000441838e-01 -1.330576138691401233e+00
6.551166706811663687e+01 5.018840690207542199e-01 -2.698400907883522049e+00
8.327274914767849623e+01 3.159414800943204926e-01 -2.051351302883175874e-03
7.366942595175737551e+01 1.429706743379674794e-01 -7.016760172121619954e-01
7.613804868235565948e+01 5.332314554571072618e-01 -1.306760137013552869e-01
8.392067743677183955e+01 5.906307087436885039e-01 -6.394511713765685390e-02
7.499664021546541903e+01 2.348711928684800443e-01 -2.629857648590100183e+00
6.670127166563015919e+01 1.154885911392897757e-01 -8.710830988398323704e-01
8.308283885536012292e+01 7.324525877940535334e-01 -3.863257446378980803e-02
6.298042935960079802e+01 5.121120025975433032e-01 -9.112737246731019702e-01
