7.342776495128862280e+01 1.193710437688873943e-02 -7.892458502487660343e-01
6.009429910361654947e+01 5.306714789253016429e-01 -3.135002989149504149e+00
6.399729370338992140e+01 4.933595128792729323e-01 -9.149852063844023942e-01
7.622713282820281222e+01 6.803312561016880977e-01 -1.294506163532610776e-01
6.221581725691935105e+01 3.989705778524140767e-01 -1.522377043231202931e+00
7.353443178242068257e+01 3.806599848020129073e-01 -6.177282605587538278e+00
8.711894671994659234e+01 5.990535750898605682e-01 -8.841779143760640503e-02
8.017653109578067472e+01 6.746958977378896272e-01 -6.220017438933020948e-01
7.680981468451946625e+01 3.751598945854134892e-01 -1.429843366195918952e-01
6.555587968650243624e+01 4.500874032009861136e-01 -4.931119744595088505e+00
5.856587836637439892e+01 8.271252173398097041e-02 -3.463438047723520208e-02
8.182258099797608963e+01 6.944731574896428894e-01 -4.988721022736178901e-01
5.922578332077009122e+01 5.003691985452903834e-01 -3.300047372606999208e+00
7.267297999007196552e+01 2.861486274026110443e-01 -1.045664138796458609e+01
5.949268385983962304e+01 6.502141909140527476e-01 -3.424573185642311834e+00
6.507329080121431275e+01 6.717337205063491634e-01 -3.323111512310826132e+00
7.781709001399627823e+01 2.693675500243658538e-01 -5.575046243505652477e-01
6.464458248731595802e+01 2.939170298455117125e-01 -2.880878710118664365e+00
7.404953152594501375e+01 6.153827122937155503e-01 -1.345358833721904235e+00
7.860886179878198732e+01 5.152704407556639721e-01 -2.099495913287436621e-01
6.751882704584875228e+01 4.708465969270665408e-01 -1.950927842729138106e+00
8.306663021747142750e+01 3.409991420032671416e-01 -5.173305135734769244e-01
8.438758975778839044e+01 1.915934601865758313e-01 -1.190270452846236976e-01
7.206876704325334515e+01 4.449671466547687193e-01 -5.070132990789388394e+00
6.321823466594253915e+01 5.440476358271685298e-01 -4.897852948796699857e-01
8.074399447273717101e+01 2.597978226861709095e-01 -3.411448076238940974e+00
7.113963023211873349e+01 2.010662478853861568e-01 -1.466308748490783298e+00
7.035834312673543423e+01 2.119512940874056506e-01 -6.144731746644687131e-01
7.878859376722517993e+01 6.284194070535780163e-01 -1.344844924541976072e-01
7.458449950978615561e+01 2.481059458802069850e-01 -8.249547849690066492e-01
8.676903419275269869e+01 4.115485660632911546e-01 -2.086654632571382784e-01
6.489551597758425316e+01 3.312051419222560855e-01 -3.783600266237009624e+00
7.763008466339495328e+01 3.187857848340853728e-01 -3.919521598588982525e-01
6.408608467496480898e+01 7.832991733231370324e-01 -1.092403363893388546e+00
8.272248082645211298e+01 4.272665733908937447e-01 -3.003059322257053410e-01
5.983611890798895416e+01 1.738110604324699660e-01 -2.759859236419618611e+00
6.699268823242033477e+01 5.417587981557286936e-01 -3.574595786905755634e+00
7.823949489978308236e+01 3.657956806826841989e-01 -4.159058290132692237e-01
6.619171220933850464e+01 7.185859067384505749e-01 -3.912607787537405457e+00
7.945536529711290541e+01 5.835193832500921163e-01 -3.399678803550945649e-01
8.200190702321684455e+01 3.547027100110634601e-01 -1.678883539713704298e+00
6.879632801643285234e+01 1.767517616232102962e-01 -7.495459123037426785e-01
8.625560437993122775e+01 6.210100295193478059e-01 -1.538430976950092288e-01
6.033031832188414256e+01 4.353455596895416391e-01 -3.301778142983453623e+00
7.981941393026671960e+01 4.074091930195236078e-01 -1.247115017791902369e+00
7.605486643608169572e+01 7.242524340204253841e-01 -1.807762407504535651e-01
6.071599915177127826e+01 4.721392171960060447e-01 -3.323507457253728425e+00
6.250140703202248460e+01 6.759659997476359650e-02 -1.439314743106598626e-01
8.309779347666479055e+01 4.923225521408104016e-02 -2.634296188742522027e+00
7.089514613374454655e+01 9.050150084345709445e-02 -1.087259802570481826e+00
7.730179767748342101e+01 7.979010652603488740e-01 -1.182940429118792408e-01
8.531063240883261756e+01 7.333095958132425096e-01 -1.398376864335792169e-01
8.248652632797364959e+01 5.637861398916684808e-01 -2.081569205514731402e-01
6.585078607753102631e+01 3.848586369416372999e-01 -5.872664709951511242e+00
6.106603183564776316e+01 5.246667946748370115e-01 -3.202006936751766730e+00
7.917044539227528333e+01 7.057843212841304892e-01 -1.353608688003786753e-01
6.800582571427082712e+01 2.989283502222617739e-01 -9.880948510407828733e-01
6.646429446838178023e+01 1.195317789392189578e-01 -5.457858717014693717e+00
7.515104246832538593e+01 5.878126670154820710e-01 -2.105927169905261465e-01
7.519422372822745615e+01 4.875176532879957891e-01 -2.396929165454733113e-01
8.507723297638740689e+01 5.577046320283570724e-01 -1.147531439067079051e-01
8.726571280164579036e+01 1.648392203274499368e-01 -1.269060737687677465e+00
7.169736004365319104e+01 6.563852254152332533e-01 -1.995458448432746001e+00
7.142802354826736178e+01 6.473310889692999170e-01 -1.175352895572420620e+00
7.700489215237465146e+01 2.608715035921117375e-03 -1.522095563739689905e-01
6.149458728267320851e+01 3.164689973546717938e-02 -1.400154252848539449e-01
8.416643480999874782e+01 2.741841061972212223e-01 -3.473588861474522643e-02
6.353949346531467768e+01 4.626789396754187322e-01 -1.281668379963915028e-01
7.060579985238722145e+01 7.006050743516514245e-01 -3.096295928684085763e-01
8.461799626257293028e+01 5.702975364708945394e-02 -4.608474585325922357e-01
7.478663462868084366e+01 1.249164876854876871e-01 -1.038154346072829082e+00
6.995575002596521585e+01 7.700129948644476308e-01 -8.355242500406179218e-02
6.528620866721372806e+01 4.737087410613184668e-02 -7.670559234275039495e-01
8.059299841812446630e+01 2.470028273917466710e-01 -3.578415837572085589e+00
6.989839657763933189e+01 2.139497936434046899e-02 -1.277066727747881193e-02
8.349497092956896438e+01 1.320961973260552091e-01 -2.048866577710745762e+00
8.145392631889168911e+01 3.526425252159082896e-02 -2.783351025195060835e+00
7.376131759377997810e+01 1.987651654810516921e-01 -7.708578597839537139e+00
6.123893856309244654e+01 3.279974046540433119e-01 -3.292833685053804249e+00
6.834932369460611312e+01 2.303355265976206878e-01 -9.103918345435425552e-01
8.596052887938333242e+01 7.377968182756311499e-01 -1.653375603984570119e-01
6.267322915476717071e+01 6.358669483371457432e-01 -1.605597248122348608e+00
6.194938157528410017e+01 3.076270176040405424e-01 -1.719363211525245960e+00
6.781785499788907146e+01 1.360956928087534712e-01 -1.418985833033723054e+00
7.989563369053124120e+01 2.395700152947305428e-01 -3.138774296939032649e+00
6.870078573986792492e+01 7.571395835720280409e-01 -8.895482702325842039e-01
8.767191970552369185e+01 7.507295805747200568e-01 -8.206351414243773235e-02
6.961576350716585182e+01 2.219452780647764301e-01 -3.437968320766103258e-01
8.383020991490052154e+01 4.200977981416078588e-01 -2.495174070969262761e-03
7.551039613594130628e+01 9.603743344582674202e-02 -7.122003972131295546e-01
8.648801099074842114e+01 1.065101193543123853e-01 -1.307153596434846632e+00
7.651899149629241492e+01 7.892362950838043290e-01 -7.665616516405689140e-02
5.883489663559382876e+01 5.095681479608582531e-01 -2.900425706673368964e+00
6.317274325588098804e+01 1.490501856606983588e-01 -3.749402781359420511e-01
7.247705630373825159e+01 3.453677005124370925e-01 -8.758454685096110026e+00
8.118416190261707754e+01 1.593288760570403806e-01 -5.941137326015525133e+00
7.295299750360199198e+01 7.479989416074225850e-02 -9.638111915656534023e+00
8.565205505991941948e+01 6.040383588451663233e-01 -1.862382666305354428e-01
6.716979305828689917e+01 5.709195918798366520e-01 -2.950424356261095227e+00
6.930069446999027605e+01 7.663991454549496929e-01 -3.855917973880067517e-01
7.257568733807080719e+01 4.846707583272846093e-02 -5.921506913755631984e+00
6.024275798754438682e+01 1.787880458277502083e-01 -2.910137599927888008e+00
7.760332641267856957e+01 3.906974740892272258e-01 -2.759287181272975231e-01
7.533899466220856311e+01 6.337977879136200698e-01 -2.567515673949737343e-01
6.805593431497257484e+01 6.813280379468630299e-01 -7.118968078731831017e-01
7.827315365952112813e+01 7.465327673137706066e-01 -7.931675751448934164e-02
7.377213324721563481e+01 5.883107468848832733e-01 -2.599372218438732229e+00
7.490942559835863790e+01 5.675526251245085474e-01 -1.499591619040361867e-01
7.645266885509499843e+01 6.694536998587143906e-01 -8.509393351345032053e-02
7.925650918561068181e+01 2.883192239323326689e-01 -1.229789748559534823e+00
8.367966131044639155e+01 2.440494029904453077e-01 -3.789830434522057923e-01
6.577446224044665257e+01 9.415083287041958737e-02 -4.260201994604979170e+00
5.945841598080801305e+01 5.503230449297991100e-01 -3.449237128929701246e+00
6.433147566659619088e+01 2.822884473143030259e-01 -1.707090708102958043e+00
6.376884080265396904e+01 2.023512064313204295e-02 -8.556625070401580047e-02
7.974520439142371231e+01 4.681173913707254441e-01 -8.432364573987026768e-01
8.747863349783337128e+01 4.154264392475641166e-01 -1.828815222802754048e-01
7.236633106204723731e+01 4.924069948898501803e-01 -6.141284189768865254e+00
6.740257986218664144e+01 7.429655337673591875e-01 -1.966293785283969919e+00
7.465853476211984230e+01 6.456776823783290375e-02 -1.248101568338015221e+00
6.138338262118662669e+01 3.408217148040792455e-01 -3.142467385967412152e+00
6.272530125320589178e+01 1.892368819132060620e-01 -1.385046384989963020e+00
6.591540800463910443e+01 3.628931898342854234e-01 -6.018844175148720943e+00
7.707011438744513043e+01 6.367694690815924041e-02 -5.571880085932021665e-01
8.706310081087984543e+01 4.408660436591472775e-01 -1.722938005286826224e-01
8.036984226788118235e+01 5.282967135678174886e-01 -1.116813753707993850e+00
6.759420614253951953e+01 5.219250259292292915e-01 -1.632717735758739463e+00
7.293177547735238875e+01 7.149100853709695613e-01 -4.089211163666931270e+00
6.900588123750372915e+01 1.499433559675912853e-01 -5.607258733661433237e-01
8.050506318896029256e+01 3.752336774265837005e-01 -2.017859300291749314e+00
8.129531423463453166e+01 3.934149978515467661e-01 -1.988905725961278570e+00
8.280987440909285624e+01 7.867233416483917496e-01 -6.169467144787437601e-02
6.999453711486277996e+01 6.943727962500232387e-01 -1.102290943325094918e-01
7.412763791828876947e+01 6.530043930047852996e-01 -9.460564823552137792e-01
7.742773416661066221e+01 3.241274342973028966e-01 -3.370774485201313286e-01
7.840691102086205433e+01 2.586969552360653402e-01 -8.058073213616097075e-01
8.331897910426528142e+01 3.110150077657382606e-01 -4.713343054779920438e-01
6.219148342596977130e+01 7.799776839358935066e-01 -1.394289878801383997e+00
7.951548764492137877e+01 1.394614733536670981e-01 -3.782817824432238574e+00
6.862849846040008117e+01 5.736693854205718868e-01 -8.854547489655634207e-01
7.804205938451502789e+01 7.710537357103784961e-01 -7.769298720692983939e-02
7.085059341267628952e+01 7.573778631478012002e-01 -3.946013932037950034e-01
7.433195463283664139e+01 6.259158395504205163e-01 -5.659631413846470949e-01
5.911994619890596425e+01 3.172009495125511780e-01 -2.914973350880096792e+00
6.678061334782591985e+01 2.118681854258419595e-01 -5.189177940547109458e+00
6.196968276854854452e+01 2.253632594695033353e-01 -1.553896439315942457e+00
6.706808291498698793e+01 2.329468406006480474e-01 -4.218758577647107266e+00
7.045409303900649434e+01 4.732398045528543040e-01 -3.518735194214779871e-01
8.442710763358887505e+01 1.157498187897633701e-01 -3.275393271780629445e-01
8.518782279041622019e+01 4.490701052092943013e-01 -1.176853819428504283e-01
8.421353411392369992e+01 6.988095592570338077e-01 -2.089936273101220265e-01
7.673436668279101980e+01 7.254946243979809584e-01 -8.226121223445480302e-02
7.197229809830901104e+01 7.927859851298322269e-01 -2.350687754974920551e+00
7.623681889831584613e+01 3.831047132724443305e-01 -1.544361471828375743e-01
7.143305267334898190e+01 7.313749419503792204e-01 -1.081849576386104461e+00
6.056868629406151427e+01 2.046977089798398264e-01 -3.383048803642362934e+00
5.900337449968370152e+01 9.604023939373744490e-02 -3.994446813422339870e-01
8.150366476003623006e+01 6.763200706539602702e-01 -6.213442325635308849e-01
8.270418604009961427e+01 5.165737149774703996e-01 -1.262251216540882237e-01
6.304801679962421446e+01 2.676489492025733719e-01 -1.007841717583125574e+00
7.077505928315514439e+01 6.099493427120538103e-01 -4.008421270879792830e-01
6.919951127341721531e+01 4.996419872213746505e-01 -5.352698908600563854e-01
6.145705252063442714e+01 3.578415664214601444e-01 -3.036322565883176505e+00
8.656682436225804622e+01 3.092048218903251100e-02 -7.349325240658897140e-01
6.443868265137285789e+01 4.317791634742777496e-01 -2.083315579865277822e+00
6.096877790940555997e+01 1.613914777458121674e-01 -3.118393316745260435e+00
5.851852057935587936e+01 2.168560994788877039e-01 -9.027343410775218180e-01
8.460665054900401572e+01 3.319681714903054397e-03 -1.004180143728004709e-01
6.837913345186800029e+01 1.347324398195540729e-01 -8.828969959652623878e-01
6.659484072036613611e+01 4.831922176736307417e-01 -4.311109296972335692e+00
6.958547473909705161e+01 3.026840789283715694e-01 -3.232767812592285961e-01
6.343640703094261113e+01 6.581514415730858047e-01 -1.838541615420951347e-01
8.661352950921821048e+01 4.341292165165188677e-01 -1.872990725767681719e-01
8.582584364929557807e+01 5.937913394837496250e-01 -1.931116293105405446e-01
7.120468824940660113e+01 1.949006071047278965e-01 -1.701675832741953664e+00
8.212329799350335691e+01 7.314411998195674558e-02 -4.977844993390381667e+00
5.971060556131887154e+01 2.510517639568736747e-01 -3.261798771103173067e+00
7.343221122189147820e+01 1.267207632257097427e-01 -1.114924829690863284e+01
7.888831491968825560e+01 5.598487546053395603e-01 -1.945124185153754293e-01
6.250165135758693680e+01 5.786028203579605123e-01 -1.568750764576180012e+00
7.592733384922181017e+01 4.225865467129007458e-01 -2.663166289568097977e-01
6.964243486799080074e+01 7.644566464352987589e-01 -1.158544945680337751e-01
8.178700269438010650e+01 3.474685786331587617e-02 -2.633386049545858310e+00
7.563462253895670528e+01 1.066533931070068192e-01 -6.359155689240919562e-01
6.618449647960328264e+01 4.599574612222417369e-01 -5.078234453048910524e+00
8.485195333294429076e+01 6.189234652474268072e-01 -1.243620728151850208e-01
6.491275084250770533e+01 3.505665648530225109e-01 -3.754561622789872821e+00
7.174329666294379138e+01 3.285717790269748750e-01 -3.894798191197507808e+00
8.719954086553838124e+01 5.422091371284128991e-01 -1.052888256368154363e-01
8.554006133835834191e+01 4.054714364452478570e-01 -1.779098585113431108e-01
8.233329848571986531e+01 8.639023208560485390e-02 -4.638851818068693511e+00
6.496656979507035601e+01 6.401853087955455823e-01 -3.306064227665066024e+00
8.076992915222727731e+01 1.690696773297736266e-01 -5.027384947989979480e+00
6.404157049354938636e+01 1.525245469911864771e-01 -3.954158269585618668e-01
7.319392278112972861e+01 2.730483594801693115e-01 -9.689718378063904680e+00
8.006715010113603626e+01 1.252868786355494646e-02 -8.457132413965208206e-01
6.029080020220520453e+01 6.059408158167740588e-01 -3.091297721458801995e+00
8.620163345040994329e+01 7.060013770681664580e-01 -1.405138134081975743e-01
6.537899773629943923e+01 5.100507577015095384e-01 -4.202209165044826555e+00
8.348317250211594853e+01 4.627427571470404954e-02 -2.223144249886128687e+00
6.481991263490353106e+01 5.344718552636148479e-01 -3.121405783695607727e+00
6.720749570030318409e+01 6.800799867688871181e-02 -1.802008212864247172e+00
7.737117489915419810e+01 5.016618703233395316e-01 -1.814251360756556908e-01
6.842085978937187463e+01 5.545365717363645031e-01 -8.088716050444816341e-01
7.316493168438816497e+01 7.059412214382548845e-01 -3.794374855046046768e+00
7.965383254451248263e+01 1.967309432658040091e-01 -3.144950341470400090e+00
7.110856453412964129e+01 5.776826927112396204e-01 -7.215294402599624624e-01
6.273022974424154086e+01 1.667896497160581970e-01 -1.264926924342536285e+00
7.844546904912904495e+01 4.009317055178978489e-02 -1.124066772426295158e+00
8.230403477082084862e+01 1.914378742031740965e-01 -3.278668872439269411e+00
6.256290823581079508e+01 4.654866883809274936e-01 -1.654645261536248135e+00
7.471375426804667086e+01 1.739404544380390161e-01 -8.932772628007337179e-01
7.827495632776019363e+01 6.907949429560185095e-01 -9.700061570006449085e-02
8.111446680025957789e+01 7.814094283655421691e-01 -4.818499146811527356e-01
6.569152738025383087e+01 1.589647774373169342e-02 -3.767838133375483456e-01
7.634075522694189431e+01 7.372854270035221758e-01 -9.162114396844821262e-02
6.669002033330980339e+01 4.906081137301947503e-01 -4.142512907845584458e+00
8.490045081778441727e+01 4.437174006718132557e-01 -9.840203833228569619e-02
8.668337356918235059e+01 4.616941743611410742e-01 -1.586242837224856317e-01
6.295221335531950047e+01 2.311538458523916262e-01 -1.124056344648777461e+00
7.891481969469052160e+01 5.253902278280887517e-01 -2.276115319853986019e-01
7.285192719817649731e+01 3.963029156268776942e-01 -7.939842607924768814e+00
8.648180214151153677e+01 5.993640598747284054e-01 -1.118059560662005847e-01
8.344434902805001286e+01 5.630779995620683875e-01 -2.461322774970170837e-02
6.538226343392508966e+01 7.021858758156738212e-01 -3.666035664682458783e+00
6.378369487501107926e+01 1.281820340701498862e-01 -7.784400716497100192e-02
7.596733294969001804e+01 3.656550003934124771e-01 -2.526160758347703594e-01
8.002742690856443630e+01 3.404483968923680548e-01 -2.015083812618557957e+00
6.621747076404621168e+01 3.702213972160527389e-01 -5.534697656146231104e+00
6.982898199659381078e+01 2.900697282924264431e-01 -2.894202722457563381e-01
6.448668898453227882e+01 4.553146352563954280e-01 -2.271603199169556220e+00
6.193587124736320249e+01 2.687207232017594927e-01 -1.697309529978224374e+00
8.441829893217830261e+01 1.975048416769748655e-02 -3.534215815716726383e-01
7.679491987644547635e+01 7.632801261497639267e-01 -8.675111564475534998e-02
6.056677707277115275e+01 8.016332069723654252e-02 -1.288258678266142487e+00
7.711462357817440250e+01 3.173881843702786587e-01 -2.493167696398160826e-01
6.962118225876828603e+01 4.255798534587869053e-01 -2.192709892385205639e-01
8.059125981011641215e+01 7.725600278628278472e-01 -5.718082530956924980e-01
6.357623850334152849e+01 2.548763230265020940e-01 -8.466251657476613068e-02
8.537606197064918945e+01 1.363680864146520622e-01 -5.698252384352860828e-02
7.532629447903742914e+01 7.253465539415959729e-01 -2.412499624764894157e-01
6.408797720230334960e+01 6.824929410053173218e-01 -1.099676959082773964e+00
6.804469666434800956e+01 2.380151938180596893e-01 -1.059375113746055419e+00
7.236751518768591040e+01 4.947166771903432902e-02 -5.690188015073967875e+00
8.747425313203997632e+01 5.906613072017949939e-01 -8.757300453493434278e-02
6.146937861436660455e+01 1.783113311267510437e-01 -2.629670677351373165e+00
6.043707464213148484e+01 3.449812002307737213e-01 -3.447699662250124142e+00
7.203505869714457788e+01 2.092490995839985379e-01 -8.134128247454700755e+00
6.922979155179383781e+01 3.216665890249318926e-01 -5.796900135500111517e-01
7.555873023429023760e+01 4.774023830452906597e-03 -1.622100979867484027e-01
7.155815840378650705e+01 3.587974776992728376e-01 -2.354269865959582209e+00
7.810301826591417296e+01 7.163693217633358978e-01 -8.952633440432873624e-02
6.099916774377220463e+01 5.711346528647409659e-01 -3.135559539285739383e+00
8.390211478965882463e+01 4.045204253305051956e-01 -9.049313791441436928e-04
6.860285845621918099e+01 4.352398333146967890e-01 -8.911852938436837235e-01
7.900558541742809382e+01 6.627431668752600258e-01 -1.404013336830941261e-01
5.882397514334822830e+01 6.383760966650844360e-01 -2.966449243626084531e+00
6.777484966513978293e+01 7.981541869449975124e-01 -8.851787648855951041e-01
7.766134366419261426e+01 9.136459452809508885e-02 -1.003290212035516715e+00
7.027162102273088351e+01 1.127113533473686202e-01 -6.724398140686114189e-01
8.197071182860985061e+01 6.407562316640564859e-01 -4.754986483769324535e-01
6.748914990361988941e+01 4.157540769844047523e-01 -2.068705265902770485e+00
8.312550709575491226e+01 1.216159332869750087e-01 -3.050446761776697713e+00
8.290591572863920078e+01 3.353005952725483102e-02 -1.699890731757217610e+00
7.443760617173208516e+01 1.513191407249325493e-01 -2.150286757901576529e+00
7.956587642226961066e+01 3.042161500484680259e-02 -2.181817995822501022e+00
6.222218521831718618e+01 1.527747715037183207e-01 -1.094335417715440961e+00
5.851059060395922273e+01 7.238221361900966377e-02 -1.531691472061427750e-02
7.272470074287701891e+01 7.504450253059096188e-01 -4.087783833853566584e+00
7.492425468778803577e+01 2.466844504441232100e-01 -4.625318671202926502e-01
6.677174568196966220e+01 2.219273914838302275e-01 -5.365120300814056442e+00
8.421728243557515725e+01 5.766347235706319879e-02 -1.004870310515558307e+00
8.579655445673273562e+01 4.760930890756129852e-01 -2.097415959710122180e-01
8.258041723205525386e+01 5.148921227976093196e-01 -2.148356098171403661e-01
6.609764611279456403e+01 3.891267191999953079e-01 -5.651113129425731962e+00
8.554342074995649625e+01 7.317630901466192217e-01 -1.660443453243888590e-01
6.882001303996702291e+01 2.843202179888348891e-01 -8.097740505631876307e-01
7.065895954158726511e+01 6.727660734246210250e-01 -3.475748906818850736e-01
6.326517235954661089e+01 3.789824692261434258e-01 -3.559920952578173314e-01
8.016602984872665161e+01 5.514920758460254424e-01 -9.067160868641692684e-01
7.370475753721142098e+01 3.323415538096691213e-01 -5.897631615587714649e+00
5.960814130618538798e+01 2.971848282651147755e-01 -3.392539249387236389e+00
8.458420651768851428e+01 2.050923813340363999e-01 -5.942650487440209739e-02
6.515124782846007179e+01 7.844714217896691100e-01 -3.185020600737410668e+00
8.700716677862247650e+01 6.073167119011702031e-01 -8.677236987423050940e-02
8.149421377490811835e+01 6.196960749885126463e-01 -7.619873722579735276e-01
7.003922708752210724e+01 7.533306263246742907e-01 -9.786591514264111891e-02
7.088494308042368175e+01 6.157279173307619313e-01 -4.853402552984216745e-01
6.015746433191920062e+01 2.636625902683940592e-01 -3.252900414501087578e+00
7.393383946220518510e+01 9.738431825685932297e-02 -6.557328424824953927e+00
8.733993143740582354e+01 5.101313920928065571e-01 -1.180584690507039403e-01
8.097818569246317111e+01 1.085984417697518217e-01 -5.933596324337126582e+00
5.970828748801827857e+01 3.102149211938799445e-01 -3.427932262261907947e+00
7.413114142669853379e+01 6.505713685593295104e-01 -9.521073438856991755e-01
7.186010241192688852e+01 4.186229762405827559e-01 -3.756615044581242291e+00
6.117915904108675562e+01 2.733395606067509087e-01 -3.333486766355235442e+00
8.606629441327396535e+01 4.868520763583031874e-01 -2.038699697589936299e-01
5.909428455037635786e+01 6.304358671158127869e-01 -3.251208158001013260e+00
7.656434588285216591e+01 6.649176767183890835e-01 -8.129649375327595295e-02
8.187950234900304736e+01 5.429879689467370651e-01 -8.118619447491105534e-01
7.358307957855248560e+01 4.391864469078881617e-01 -5.314531949423519031e+00
6.143941148889240367e+01 2.275790997649288980e-02 -2.352602975126653340e-01
7.302741374361443150e+01 1.558985751708885648e-01 -1.245255422208910190e+01
7.917184135237856424e+01 1.997856476814193483e-01 -1.901655804990568521e+00
8.188098891993041661e+01 4.943501758697844695e-01 -1.014909509392867726e+00
8.150101148324029054e+01 5.350554389020355517e-01 -1.065236977781838013e+00
6.104013626604676546e+01 7.629319124263583829e-01 -2.891167951852071649e+00
7.965169594335225156e+01 2.779543663978276125e-01 -2.007374515198682374e+00
7.736690786642792261e+01 2.639332767737845864e-01 -4.026690355264221921e-01
8.664419670831998133e+01 4.451206129570800529e-01 -1.775585911666595629e-01
6.332826096150331807e+01 1.765769052702715891e-01 -2.234050057327207350e-01
5.896160123415226906e+01 6.093554378021853735e-01 -3.128215202347548018e+00
7.230232565724119809e+01 8.649232051693872547e-02 -9.285450055410725767e+00
6.579191126005359536e+01 1.290616677435781345e-01 -5.580659139589432272e+00
6.027341272671058903e+01 3.879891989958320631e-01 -3.318628756122420587e+00
7.375625870336277501e+01 2.481792897414180354e-01 -6.719461134486345522e+00
8.234682551399626504e+01 7.279730885922579553e-01 -1.529861908411362936e-01
6.872867611753535755e+01 1.859662023617341953e-01 -8.028316259337597849e-01
7.851515939649276277e+01 7.552154250396960755e-01 -7.893938170347945815e-02
7.471008707619100164e+01 6.945585091321543336e-01 -1.245350415831506102e-01
8.192377223855683610e+01 5.065926917605819702e-01 -8.459372185039666370e-01
6.585359306858491379e+01 1.408891642059590110e-01 -6.023952363475158833e+00
7.132286484810383342e+01 3.347699519615668917e-01 -1.545502079828624309e+00
6.314712422938436731e+01 2.168419780458091806e-01 -6.109125074572463454e-01
6.383893464511781701e+01 6.793932931804641528e-02 -2.931486375831582683e-02
6.632609937721834115e+01 5.883569359480480543e-01 -4.151115810649415039e+00
6.877195699003759444e+01 5.712266825013635474e-01 -8.772606442012010897e-01
6.014300412141281527e+01 5.439659259452634954e-01 -3.117403759084354409e+00
8.433806208590520725e+01 5.174621996650434763e-01 -1.340664852084794689e-01
6.419054810946349221e+01 3.702803782579059400e-01 -1.333930517846615427e+00
7.551351326127016250e+01 4.841560518939018454e-02 -4.548288619821581058e-01
7.078201030833510288e+01 2.409276417190681363e-01 -7.879207443921922849e-01
7.193603805279103369e+01 2.297439580571210005e-01 -7.024493004011807429e+00
8.730588113798447125e+01 1.609905178563396100e-01 -1.307958559587263592e+00
8.770765341639118162e+01 4.141267546290826052e-01 -1.707656444357083803e-01
7.521194286721694766e+01 6.700589682146369519e-01 -1.940237004777282670e-01
7.635455103186285442e+01 2.334268948720812087e-01 -2.192190653090537178e-01
8.087704567392793820e+01 7.683888248978385516e-01 -5.300130591582917772e-01
7.103012916387898201e+01 3.624859519682024356e-01 -8.348257002811531047e-01
7.631273100731600323e+01 5.672310825636773801e-01 -1.176508113453517412e-01
6.175236630484648970e+01 1.132694219894828935e-01 -1.312749027343274921e+00
5.916600338680000704e+01 3.252063065856444779e-01 -2.997822069030779524e+00
8.465993034191961897e+01 7.790574895675040912e-01 -1.736251303687029179e-01
7.895880404162259936e+01 5.030578389060310629e-01 -2.535378641933666022e-01
8.511158390270843199e+01 3.586304184727630018e-01 -8.717348507082683939e-02
6.228970796753532824e+01 4.288231425265928154e-01 -1.520996204492167880e+00
7.332924367302248925e+01 7.287785816736753741e-01 -3.358643099859834891e+00
7.807030373596201400e+01 1.515764518876191102e-03 -6.034881443880452112e-02
6.805719239907901397e+01 7.392042215551597462e-02 -6.340951972576669426e-01
8.628039416869060574e+01 6.361111561657141200e-01 -1.338815920412949334e-01
7.776017670884648680e+01 6.253721270805745469e-01 -1.338607995570033904e-01
7.197532419415738048e+01 4.584776726322238594e-02 -2.940854025258448967e+00
8.317241809924385620e+01 3.995100892240783796e-01 -2.463070771908642542e-01
6.485002534160452115e+01 5.551029543615237927e-01 -3.237363852266220476e+00
8.265499481649517577e+01 7.899922278700107769e-01 -7.369473930676830042e-02
6.253481558520225292e+01 3.495307853001443643e-01 -1.631719209465096521e+00
8.401111399349557018e+01 7.173763018012280224e-01 -1.972262414194075331e-01
6.943961988195758295e+01 6.470222014727099458e-01 -2.753856571515400642e-01
6.684460666492662995e+01 3.170570232428140262e-02 -4.453080398922393823e-01
6.726001383870946881e+01 5.251427177368775956e-01 -2.831463422761419491e+00
6.511917112838463595e+01 1.065069821886411860e-01 -3.072066232014769138e+00
5.871614334315251682e+01 2.813577694383638250e-01 -2.015705384698968761e+00
5.989929919570807471e+01 4.170705303314518608e-01 -3.310081842116393780e+00
7.812473963780314534e+01 1.510949630689373824e-01 -1.264752697977199025e+00
6.914105099202555493e+01 7.381108447705591047e-01 -5.558631453673400502e-01
8.647269696376594084e+01 2.019313212195396057e-01 -7.703036584852338553e-01
8.057649291024509353e+01 3.278754040267363445e-02 -2.145412645294919596e+00
6.116569670853116492e+01 1.260307604060130204e-01 -2.455224238325202535e+00
8.561199224726506429e+01 6.548911237489565274e-01 -1.713238350606057225e-01
8.515136590770370617e+01 6.804960243762743222e-01 -1.180541687829600450e-01
6.991387936092391442e+01 5.795024205780320292e-01 -1.282138885178521759e-01
7.283031358755073370e+01 3.005839353421171922e-01 -9.942555102394138089e+00
8.352514032134133970e+01 1.717467022395485488e-01 -1.454832276429629756e+00
8.295714218153025854e+01 4.793654843354187012e-01 -1.314525493335074458e-01
6.357106644723116062e+01 4.573858561111148191e-01 -1.497607493576570137e-01
7.680655628662910317e+01 4.018888803834523848e-01 -1.332770764288167820e-01
6.997893336564119693e+01 2.669752381460598900e-01 -3.619404164184130690e-01
8.714912961115496159e+01 3.408308503060512584e-01 -3.294781823281497934e-01
7.695278741966109237e+01 5.502327446929508037e-01 -1.214825423862563453e-01
7.596717344047496567e+01 7.937984656188050714e-01 -2.058392160742922306e-01
8.386534004778297913e+01 6.612103807529003952e-01 -1.424175655849488908e-01
6.546261957439823220e+01 4.840479875772550900e-01 -4.617466968182575293e+00
7.435433384855610939e+01 1.033216760363507430e-01 -2.907416930830023727e+00
6.447809126010153591e+01 6.026600817343501504e-01 -2.234101083231899043e+00
6.074190892397027142e+01 1.223469933346425786e-02 -7.286568290664156011e-01
7.490196815559208687e+01 7.455203316952656589e-01 -1.078868316972774327e-01
8.013034164668962944e+01 3.801454320989574587e-01 -1.777377990253145246e+00
7.417792938043346851e+01 9.192572505542878636e-02 -4.083241786921343319e+00
7.036565584477257573e+01 3.049309011102007694e-01 -4.818122472853179072e-01
6.667810665899349942e+01 2.124156238866546920e-01 -5.567567153118196721e+00
8.593426818662632627e+01 5.943439355710973260e-01 -1.862070728194063496e-01
7.166218909651037450e+01 3.136888474304778129e-01 -3.463381778542201861e+00
7.941515616176960179e+01 4.524490202890848467e-01 -5.371434966198175287e-01
5.944857752160771724e+01 6.784807588688424040e-01 -3.394930356524684889e+00
6.738245598469102049e+01 6.164790817643124310e-01 -2.157706923215366057e+00
6.828020543797650532e+01 4.670832855901737024e-01 -8.065861413198170959e-01
6.771024156849074416e+01 2.890676971355664038e-01 -1.676347554788571781e+00
8.115879961916533603e+01 7.027031786404549507e-01 -5.929481821802777830e-01
8.017326598608484289e+01 6.047193507705598409e-02 -4.477867622094266586e+00
6.280242057719595294e+01 7.092270383316939819e-01 -1.526842906536276301e+00
7.296807490432249210e+01 1.466257282769537762e-01 -1.265848865506359466e+01
7.213762023422842162e+01 1.110624587753698683e-01 -8.972795356657158550e+00
7.379468212792586712e+01 1.829181701057209231e-01 -8.020464184672672303e+00
7.221922833394492613e+01 1.826852852150314954e-01 -1.016464295768794557e+01
7.260842796582528536e+01 1.564016071602349067e-01 -1.294303888460305707e+01
7.361175471780256885e+01 2.471761270686861911e-01 -8.231164155006670313e+00
7.153761154597587790e+01 2.848122521258323880e-01 -2.687021277932161389e+00
7.325452191247845235e+01 1.158730521093055688e-01 -1.157753613701146378e+01
7.328657559854714520e+01 1.477832242128860329e-01 -1.186644250134561851e+01
7.264156053374213684e+01 1.095100797906182061e-01 -1.232383429873068970e+01
6.471881671972678873e+01 1.682737438918537887e-01 -2.604408271421364773e+00
7.307659774628095306e+01 3.683125087758014615e-01 -8.017614804924724226e+00
7.966197394151919298e+01 1.064635665980118717e-01 -4.468743369878668048e+00
7.288646776660263527e+01 2.182556583934635031e-01 -1.176336131044753941e+01
7.467576865478730497e+01 1.868547575030650720e-01 -9.730868334573240519e-01
7.507272455461021821e+01 2.589565931315723768e-01 -4.152659735947574204e-01
7.285188104774614715e+01 2.425429813125534739e-01 -1.134424904469943307e+01
7.280725347335838649e+01 8.937081282908390656e-02 -1.108265681883133880e+01
7.379886113809396875e+01 4.576888322315308399e-01 -3.645773939689146648e+00
7.437298876604387488e+01 4.928956311389153244e-01 -6.210400636846183930e-01
7.325688990750896323e+01 5.203024200438893798e-01 -5.348966051110401132e+00
7.256748717818646810e+01 2.184409900111721203e-01 -1.200681083599680044e+01
7.328262304509605940e+01 3.896723553140558627e-01 -7.034265107354634061e+00
7.245940243188098862e+01 2.640600141175299398e-01 -1.049214154926588272e+01
6.707335230069492127e+01 3.705124309910128311e-01 -3.765075331832608896e+00
7.300470405000950791e+01 1.587781786918640303e-01 -1.261526563427725911e+01
7.275806162440383673e+01 1.569638848304748535e-01 -1.301450500363087492e+01
7.262152239016262456e+01 1.726553797721862848e-01 -1.281257669546287836e+01
7.280572599892492747e+01 2.356421470642089955e-01 -1.150722231642944671e+01
7.325096796919061148e+01 1.957363843917846735e-01 -1.120249126330802270e+01
7.254957525457339784e+01 1.805138349533081110e-01 -1.272112290073553531e+01
7.300990667855832328e+01 2.185929059982300027e-01 -1.158936175025421811e+01
7.311295735298317311e+01 1.251115142614925291e-01 -1.214866097236489395e+01
7.255342336618099353e+01 1.343177168564051727e-01 -1.287429122368980394e+01
7.336974430491054022e+01 1.771672861780150821e-01 -1.123911886729266918e+01
7.266833869371305354e+01 9.682638729098963504e-02 -1.165067576782853997e+01
7.326065548597122756e+01 2.052045345306396651e-01 -1.100756715048147250e+01
7.245430031273656368e+01 2.638442277908325528e-01 -1.049771671366331205e+01
7.316794218623982715e+01 2.550648212432861661e-01 -1.034703182017924306e+01
7.336296188098692994e+01 9.060136079788208563e-02 -1.030568142787859109e+01
7.364026337272241562e+01 1.499228715896606390e-01 -1.007024133751668593e+01
7.278256440275717409e+01 2.928259095262352729e-01 -1.024295245411930111e+01
7.294130967578526281e+01 7.540860176086426614e-02 -9.706568554714460006e+00
7.256514428689106921e+01 1.810163832889966629e-01 -1.271168504217842887e+01
7.323477303647419490e+01 2.374615241247210184e-01 -1.054716109070389862e+01
7.214076399654742033e+01 2.455959558486938699e-01 -8.435113024807554538e+00
7.311733226200608726e+01 3.240177392959595060e-01 -8.743283168109435621e+00
7.340035883178883580e+01 1.093220591545105008e-01 -1.115877455540908691e+01
7.331518753102105279e+01 2.755976200103759655e-01 -9.390270148293442531e+00
7.207661173694560830e+01 9.318310618400574286e-02 -7.461099652523194514e+00
7.240480052967875224e+01 1.721081357365067399e-01 -1.224781794380472100e+01
7.266845273109072423e+01 2.087306976318359375e-01 -1.227484195447407167e+01
7.275035790825648974e+01 1.585990190505981445e-01 -1.300608235985525596e+01
7.280799909208559484e+01 1.172859135204830372e-01 -1.253494705919740682e+01
7.287093661329234351e+01 1.984292745590210127e-01 -1.219160514795546035e+01
7.268965537590840142e+01 1.827177391876328716e-01 -1.275768052220598570e+01
7.325123389746565294e+01 1.620888233184814564e-01 -1.175052099796814176e+01
7.267197356794586938e+01 1.241435170173645075e-01 -1.278555253643378187e+01
7.319812541510978576e+01 1.346667289733886885e-01 -1.207736668284783654e+01
7.327474489524887247e+01 1.361988663673401045e-01 -1.186082430027684786e+01
7.243565243682660082e+01 1.767371892929077148e-01 -1.218856768119417389e+01
7.252316500319871295e+01 1.108141831291872964e-01 -1.204887840442738423e+01
7.330255080587269845e+01 2.119754552841186523e-01 -1.087262565730006614e+01
7.262507184441651020e+01 2.558843612670898549e-01 -1.113832412364604885e+01
7.282048552318052259e+01 1.209436178207397572e-01 -1.263530795863580281e+01
7.311171369174623180e+01 2.398852348327636941e-01 -1.069696501217625872e+01
7.314605933497544754e+01 1.063464522361755454e-01 -1.161725035254101535e+01
7.282199816327370456e+01 7.848405241966248391e-02 -1.010928326778666353e+01
7.332338023571017516e+01 2.104254484176635853e-01 -1.091358758034284193e+01
7.276339790647993766e+01 2.625719070434570646e-01 -1.097043424203366868e+01
7.336610009446866343e+01 1.790053486824035867e-01 -1.120711435450072102e+01
7.232842427441283917e+01 1.239935398101806724e-01 -1.157631114040962395e+01
7.146658939425658730e+01 1.377158599781299619e-01 -2.750226668398076502e+00
7.288072640422971915e+01 2.710070610046386719e-01 -1.049410963791238061e+01
7.258244850039965002e+01 3.096768379211425892e-01 -9.882516972002717281e+00
7.306972883303879485e+01 1.644186854362487960e-01 -1.238713307852824386e+01
7.307126153587920214e+01 1.459678523638275605e-01 -1.249001670584069501e+01
7.296756960248531243e+01 1.553226737798732993e-01 -1.263412178326189839e+01
7.275934716479838471e+01 1.521686774308757817e-01 -1.303165721466380766e+01
7.274198051319270064e+01 2.077378507048368572e-01 -1.225781755819942909e+01
7.273383330270995373e+01 1.388689279556274414e-01 -1.300084174564029560e+01
7.290313196508175508e+01 1.900797653167944079e-01 -1.235588436524250611e+01
7.304631451778939777e+01 9.484578724102182834e-02 -1.115300613586876644e+01
7.260129457651407847e+01 1.958536267280578669e-01 -1.246153948757274321e+01
7.295853132464549162e+01 1.845316366844845513e-01 -1.228160198133521952e+01
7.293848388913828273e+01 1.366337561784360388e-01 -1.261976519193466295e+01
7.257677995365160939e+01 1.360469618661064028e-01 -1.288903704374796000e+01
7.264520177682119595e+01 1.863694759861588279e-01 -1.270280664003894167e+01
7.317641513001191811e+01 1.511446956963719279e-01 -1.208397469637268529e+01
7.257619189119587588e+01 1.557251280419558737e-01 -1.295140400224260802e+01
7.286949846524404961e+01 2.211419729624671815e-01 -1.169510693373610266e+01
7.289771656157758173e+01 2.092158691967438144e-01 -1.196690355160273178e+01
7.278310044867684780e+01 2.136259078979492188e-01 -1.201829136969968026e+01
7.263395515506428524e+01 1.237467484730874756e-01 -1.278417552635002608e+01
7.276261247658001707e+01 8.158966477630988368e-02 -1.045364423863215109e+01
7.267247753863236426e+01 2.253751554535347867e-01 -1.190691257680153292e+01
7.246111578100841655e+01 1.953775334135723352e-01 -1.191137861101781326e+01
7.299193448141667773e+01 2.040959165857709756e-01 -1.190706724806633332e+01
7.329535924138889413e+01 1.179405222275928256e-01 -1.163230045407545354e+01
7.259301292290076901e+01 2.439906386939831584e-01 -1.142155964107191224e+01
7.285272526673543325e+01 1.677524043867882342e-01 -1.283504796232198686e+01
7.266345218778660353e+01 1.731999719862374887e-01 -1.289247671689705399e+01
7.314015072783809046e+01 1.648071571171605687e-01 -1.219127724703085391e+01
7.255484979962032810e+01 1.488070515611399081e-01 -1.296499306148466601e+01
7.277641116187768944e+01 1.528037801981650401e-01 -1.302878893394321480e+01
7.274507140425647833e+01 2.410024577332254558e-01 -1.149331973909740157e+01
7.277706336378162177e+01 1.277810625929255151e-01 -1.285356837424607335e+01
7.268924995289337687e+01 1.392644469649846062e-01 -1.300781483005542682e+01
7.247526463686757836e+01 1.365058745026908604e-01 -1.267429066711189556e+01
7.294280062611684912e+01 1.991522903954922041e-01 -1.200291413127675710e+01
7.258218358398603698e+01 1.870545348836966382e-01 -1.261640559725804067e+01
7.268044483543124556e+01 1.744091169390250551e-01 -1.287576912516131600e+01
7.292545238598060564e+01 1.330251622057102290e-01 -1.273609601643586231e+01
7.301719679265433172e+01 1.973893880844116433e-01 -1.185159872140319948e+01
7.301770969609387407e+01 2.025413586460477200e-01 -1.174559951477191433e+01
7.272844776273811362e+01 2.496780388474685308e-01 -1.128303740606293459e+01
7.278154352520552095e+01 2.184050440891521783e-01 -1.191032950075341645e+01
7.306768040085736970e+01 1.099735567429074856e-01 -1.190000119330912476e+01
7.296585358233488705e+01 2.263090675936680063e-01 -1.140347796817773052e+01
7.269772871447527507e+01 2.148215364863020893e-01 -1.214253277789272367e+01
7.232598118383893393e+01 1.958408034799066777e-01 -1.141415527031917598e+01
7.215589585941896189e+01 1.460209147934706519e-01 -9.466725577237594891e+00
7.283132687527478311e+01 2.802099111609324678e-01 -1.042660343210583562e+01
7.294940891469398991e+01 2.530571135618372436e-01 -1.075797926594728260e+01
7.310602615579757924e+01 1.143336078030323527e-01 -1.189828485918804368e+01
7.279292067705047486e+01 2.102678318707249250e-01 -1.209306136452990010e+01
7.298672531168672606e+01 1.384302190159617252e-01 -1.263424925708468649e+01
7.273469702590104191e+01 1.758603033247273795e-01 -1.283307758760439476e+01
7.276538296242404158e+01 1.774207758831172765e-01 -1.281018291530778086e+01
7.272865556409567489e+01 1.339821341872874660e-01 -1.295366169795113898e+01
7.283658388280467477e+01 1.517802629934508762e-01 -1.294467274316740557e+01
7.258231585778030137e+01 1.686211870286244696e-01 -1.286195546254926292e+01
7.264670120441003576e+01 1.899287268786821470e-01 -1.264206876919229039e+01
7.307735471868556942e+01 1.867029225412180637e-01 -1.206610513284253550e+01
7.298003889040890613e+01 2.055738081362014358e-01 -1.187387546304721120e+01
7.258937627137017046e+01 1.661656105969000485e-01 -1.288379704964699890e+01
7.269300300700847117e+01 1.799796438872569848e-01 -1.279854489091477454e+01
7.272855129641089889e+01 1.976168629128629284e-01 -1.246524563767934879e+01
7.256213279478897960e+01 2.173776980932765057e-01 -1.203049380619184383e+01
7.284821700906947228e+01 2.100146752063352107e-01 -1.210154022903162385e+01
7.248648526720529617e+01 1.340113302280505625e-01 -1.264240429922139874e+01
7.290028154434619978e+01 2.197775349815446200e-01 -1.172996038956642195e+01
7.296010993410200740e+01 1.243296454262926426e-01 -1.245333454147748853e+01
7.249627990159694946e+01 2.030162702977093281e-01 -1.213142151354775677e+01
7.292867030649254900e+01 1.829939739396299059e-01 -1.248189717808168986e+01
7.247678841559842056e+01 1.550048461952384660e-01 -1.273663375936677333e+01
7.297652448225190369e+01 2.025438671294870208e-01 -1.193755128498741946e+01
7.252703752115083091e+01 2.206222158572505310e-01 -1.176851033401251101e+01
7.299681196556106499e+01 2.401935094723514907e-01 -1.107747563870850627e+01
7.308829167224766366e+01 1.566703226160432449e-01 -1.245550921988961335e+01
7.287621166950644636e+01 1.493977477601257653e-01 -1.281508039916065123e+01
7.287215071455030113e+01 1.522477136153993493e-01 -1.280840710004796001e+01
7.273184470905465560e+01 1.815321179878195412e-01 -1.275015122206918150e+01
7.296926309707750136e+01 1.804589109901852395e-01 -1.235063991981716569e+01
7.288023642232586496e+01 1.183353037323968682e-01 -1.245144224439468594e+01
7.269695759508491051e+01 2.013995597687087968e-01 -1.242361314329119715e+01
7.303073151873350355e+01 1.667195280860983841e-01 -1.235638812219341531e+01
7.279174405147630011e+01 1.376389916401108138e-01 -1.291016343314835702e+01
7.275305632481345697e+01 1.594034976680176741e-01 -1.300094051531552530e+01
7.282555468962515022e+01 1.446255907526906026e-01 -1.294500394560865075e+01
7.265422243743871888e+01 1.708624159001484455e-01 -1.292093343837123953e+01
7.248848646015936481e+01 1.566444439083309326e-01 -1.272862417600921603e+01
7.307503073104415137e+01 1.795152092173279146e-01 -1.218721043663006753e+01
7.260195666967109673e+01 2.025946074000813946e-01 -1.233336052650007630e+01
7.268266705996396126e+01 1.276043990051713706e-01 -1.285555892668886457e+01
7.314147667343772241e+01 1.615274786823242270e-01 -1.222498551853135496e+01
7.277028580617673015e+01 2.132234780552999531e-01 -1.213908315629047863e+01
7.275252178384680235e+01 1.571425903581257222e-01 -1.301399934139455716e+01
7.271515044952873552e+01 2.103427611981855405e-01 -1.220178484801913399e+01
7.282583413817408768e+01 1.375030392575004867e-01 -1.290694169252961387e+01
7.266835922296230876e+01 1.546183741693255009e-01 -1.304154615095723990e+01
7.291961696064429077e+01 1.401061566834080341e-01 -1.279715029882212995e+01
7.313243868263165837e+01 1.272191573094698658e-01 -1.218428793940148225e+01
7.251084408533681369e+01 1.452699207485525779e-01 -1.272527795446549703e+01
7.280409237918361498e+01 2.195867725436599638e-01 -1.188469035451213252e+01
7.276499067691568712e+01 1.652864027988584228e-01 -1.295391093884486011e+01
7.270387740920264719e+01 1.779411319028696703e-01 -1.280496112898069150e+01
7.263144202406296301e+01 1.513925065726867691e-01 -1.305376020386595215e+01
7.254809172317052912e+01 1.444285777765388079e-01 -1.295611002687323143e+01
7.263607736364102152e+01 1.748909371949920744e-01 -1.287384105366685461e+01
7.287401744196991160e+01 1.638448780730752397e-01 -1.273311770869993254e+01
7.269293980259732280e+01 1.691549974146704383e-01 -1.293558621499667005e+01
7.281818165116311548e+01 1.620774644956888277e-01 -1.288930126594062031e+01
7.263471765256294077e+01 1.508399025799850302e-01 -1.305391254091916586e+01
7.285203060300665356e+01 1.421737119175346675e-01 -1.293514885883242371e+01
7.257576116308783298e+01 1.450821476597468351e-01 -1.295284927922656060e+01
7.270387415920208696e+01 1.934230526157990071e-01 -1.254592741535568301e+01
7.281390543166519080e+01 1.251210188656469713e-01 -1.273230008098700239e+01
7.273320361676098855e+01 1.778080342872473962e-01 -1.280584265135592226e+01
7.256939685982574417e+01 1.940854563981794512e-01 -1.249750846630979062e+01
7.294985016187820293e+01 1.826165163352028720e-01 -1.231296320489484586e+01
7.290760860147865685e+01 1.377003634159295054e-01 -1.278147762398943144e+01
7.292868045494920182e+01 1.545809494956777719e-01 -1.280086739726097989e+01
7.266295046664892254e+01 1.222507657807576087e-01 -1.274221519832414273e+01
7.270279615207381596e+01 1.993252742945295641e-01 -1.243169390503434357e+01
7.275160806118564949e+01 1.471940134278575119e-01 -1.303485088194338815e+01
7.257995859073051292e+01 1.673729531447157026e-01 -1.287436208143701677e+01
7.283399817712506774e+01 1.323488322833063502e-01 -1.285157756051236255e+01
7.284473261044533388e+01 1.808721555625898147e-01 -1.265981473996306939e+01
7.285124946188595629e+01 1.698534085028509666e-01 -1.281145317770362269e+01
7.272978955775938914e+01 1.396881075632943614e-01 -1.300724939171631078e+01
7.264153635374091778e+01 1.631429184130589183e-01 -1.299682900812286057e+01
7.274513667472878353e+01 1.683433701399974503e-01 -1.292445540396710690e+01
7.264533417332216914e+01 1.743851797320986330e-01 -1.287944461903049564e+01
7.268598447566360221e+01 1.432590422460415236e-01 -1.303304093227963456e+01
7.268908005980993892e+01 1.577494211772486610e-01 -1.302601921767188387e+01
7.271451151398763102e+01 1.492951580300581338e-01 -1.303902355322540885e+01
7.276205563963569034e+01 1.454448670796570087e-01 -1.303067798297766977e+01
7.270332394616988836e+01 1.461199095686550042e-01 -1.303772298330950719e+01
7.261654596453503530e+01 1.660163073574715265e-01 -1.288061362208058114e+01
7.265322187445381985e+01 1.671589124063093679e-01 -1.296007427889215435e+01
7.259696053119249370e+01 1.585421728561420274e-01 -1.293565347256654796e+01
7.276938949644902266e+01 1.612098207791122229e-01 -1.298750623023483541e+01
7.271093892093266220e+01 1.438408436115748701e-01 -1.303086491762485899e+01
7.262188338565717061e+01 1.297110268236615627e-01 -1.279087228576934265e+01
7.273334599702172909e+01 1.556484193702586116e-01 -1.302245481064082711e+01
7.256699204659669533e+01 1.692758794668740296e-01 -1.285781251354916321e+01
7.257467638301770307e+01 1.452305147494070137e-01 -1.295358005808965451e+01
7.275679674098059024e+01 1.295086354289407826e-01 -1.288649526635271236e+01
7.262089692039499766e+01 1.367244492441158921e-01 -1.288627212027958713e+01
7.274184923807142411e+01 1.748670355188633729e-01 -1.284618206305797905e+01
7.271758746533190276e+01 1.554576299826795904e-01 -1.302443794573538760e+01
7.266022734074708467e+01 1.445279157749754795e-01 -1.304217927499811935e+01
7.262273534087560733e+01 1.624962706521881906e-01 -1.300399688772702511e+01
7.269908025394045126e+01 1.566178321831022124e-01 -1.303001413928393148e+01
7.270102127213056065e+01 1.626239608245794166e-01 -1.298086033941016737e+01
7.265715433815192625e+01 1.547197665691185942e-01 -1.304268730805925358e+01
7.274881614205362723e+01 1.541188086220690034e-01 -1.302714131845456080e+01
7.268634093671437313e+01 1.587889265229880387e-01 -1.302087660895936061e+01
7.261213266684784173e+01 1.629203533328242581e-01 -1.290605918398514262e+01
7.257085900080389251e+01 1.420991589668406940e-01 -1.294015328596921854e+01
7.268997083821763283e+01 1.498531524153181027e-01 -1.304668010435293901e+01
7.261503859973049657e+01 1.580506403392619441e-01 -1.293480606352713025e+01
7.269872004207006455e+01 1.495579595049678912e-01 -1.304543823687773774e+01
7.262902450444224201e+01 1.493599260073288082e-01 -1.305533174319004708e+01
7.266624069672806741e+01 1.615938545974875129e-01 -1.300555451868577883e+01
7.268265469569149673e+01 1.576215137086883766e-01 -1.302746311183131667e+01
7.265979573555402737e+01 1.412665793599056641e-01 -1.302654580097212111e+01
7.270339537545676478e+01 1.551165390387357901e-01 -1.302690257178843325e+01
7.270039526261301432e+01 1.486231746675675258e-01 -1.304482882795920418e+01
7.266450906536093157e+01 1.468333410841735631e-01 -1.304778777119915567e+01
7.266386887514795490e+01 1.545692746082112101e-01 -1.304229365105721961e+01
7.262148584265062823e+01 1.535005072212685673e-01 -1.294914333470506307e+01
7.264025794597841923e+01 1.422825487703748004e-01 -1.303540561634750006e+01
7.264875017709074712e+01 1.523086491380857832e-01 -1.304998333579777814e+01
7.270711944355150536e+01 1.614028853175839273e-01 -1.299003198302830597e+01
7.261610666190033214e+01 1.612049458346036523e-01 -1.291707117570451935e+01
7.257440132152200363e+01 1.863010869756309973e-01 -1.262959678254968843e+01
7.263649868908072449e+01 1.435450461157294355e-01 -1.304198080756903622e+01
7.263189485634683251e+01 1.462800043270037487e-01 -1.305147446222336605e+01
6.403215562789273463e+01 6.933210140437006119e-01 -9.390902974278630966e-01
7.387571938551928952e+01 6.677550230567339540e-01 -1.820870032567898145e+00
6.949848623804790293e+01 3.143248812634935052e-01 -3.580318652794098888e-01
8.752624736347954126e+01 7.970682131106410218e-01 -8.472083008780686986e-02
8.495075231908039370e+01 3.774848973675550834e-01 -8.614967834262432511e-02
7.466223603227160766e+01 5.467569329284681645e-01 -1.768108117932254142e-01
6.931330182830085107e+01 1.896312241526095232e-01 -4.507475271444706943e-01
7.833013944775736093e+01 4.916254428377187513e-01 -2.229986689084359763e-01
7.056931243057496772e+01 1.646750983076443742e-01 -7.932077273867341738e-01
8.464103630383959853e+01 3.272173400634795781e-01 -7.309508158502417419e-02
8.225413667444281884e+01 5.631004572384999962e-01 -3.627659138015315587e-01
7.216267561599201485e+01 6.519790929543396452e-01 -3.804119811076984270e+00
6.249485974384949571e+01 4.703991863490529224e-01 -1.617532110939445822e+00
7.321699055915473764e+01 5.591344848104647935e-01 -4.906998164986599242e+00
7.615656373427135861e+01 3.664465886351237489e-01 -1.853519521844857465e-01
7.801158313911335540e+01 4.559751145890852952e-02 -9.679306692148412772e-01
6.097407866864306669e+01 2.543052299495329738e-01 -3.503605225185965732e+00
6.419515798516104610e+01 4.347589452641258401e-01 -1.391501715210790469e+00
6.834216737750318771e+01 3.334061256012189889e-02 -2.182283311662193970e-01
7.029578458792664719e+01 7.194411680747183624e-01 -1.941256370870298176e-01
6.511886854202678876e+01 9.018668444502628279e-02 -2.520437628624632165e+00
8.281886612324906594e+01 1.753062772706552586e-01 -2.458670815580793700e+00
7.235641065887354273e+01 7.068747872918788033e-01 -3.962271190689345080e+00
6.336368701827043282e+01 2.198013902999572111e-01 -1.588730337761120603e-01
7.427274851465395500e+01 1.346269849038634336e-01 -3.432768837865165068e+00
8.379750690568796756e+01 7.652755051388457352e-02 -2.043212078110451024e+00
8.020643019667537033e+01 4.105366285432205942e-01 -1.634971594048955756e+00
6.595898953522829800e+01 6.819671772312869695e-01 -4.490438170139746887e+00
6.440189544147564504e+01 9.649289858916743068e-02 -5.695046445736527962e-01
6.877583180445284938e+01 6.235673169209986488e-01 -8.759119519713451929e-01
6.973930662232629629e+01 7.438858693907025588e-01 -9.765313381351518884e-02
7.941006418443450343e+01 7.032027337846928905e-01 -1.976842524475000418e-01
6.170808014253368867e+01 1.193350852265236822e-01 -1.533459509826930134e+00
8.641980221415573737e+01 2.423758612587434969e-01 -5.497922060968183366e-01
8.091860328139536307e+01 2.801817567228434558e-01 -3.191194765055620053e+00
6.028893755997295045e+01 2.718834683324369283e-01 -3.325126072405234723e+00
8.144608979756490896e+01 4.021392843293314923e-01 -1.926012393708118831e+00
7.106239973178811908e+01 3.461195594207953086e-01 -9.799564596344074729e-01
7.432191773156561965e+01 7.262981625289304244e-01 -4.403589820730832161e-01
7.989883701685359085e+01 4.215296437560487885e-01 -1.285049099065703526e+00
7.774511720113420665e+01 3.734504821498387805e-01 -3.245876709623298773e-01
8.207242694918139136e+01 6.304176747475107034e-02 -4.759595070332053979e+00
7.927116028815368054e+01 4.315343055715747389e-01 -5.305074931140080219e-01
8.400055006089161225e+01 5.745756967975982343e-01 -1.061464042752055387e-01
6.714705098099122438e+01 4.967314643252385697e-01 -3.137019734980606600e+00
8.719391833234274714e+01 3.845229250951933686e-01 -2.429540606175854822e-01
7.853662376574122561e+01 3.066411783044227790e-01 -6.320547363972148780e-01
8.275979342103522640e+01 2.377152846160192068e-01 -1.616748574056056542e+00
6.317474955073637233e+01 2.566844740893634014e-01 -4.836391798665401476e-01
6.475290777638495854e+01 5.931553100104877130e-01 -2.891349104420180449e+00
6.546531649812206410e+01 7.780350256358086192e-01 -3.624357947383141099e+00
7.592361192998205865e+01 6.796195497876417191e-01 -2.136030198631294896e-01
7.961580768724368795e+01 5.174946723306460550e-01 -5.169412785359456253e-01
7.521745919569747230e+01 2.300357184409500544e-01 -4.864181246568479167e-01
7.007555833100268217e+01 5.118135818985781738e-01 -1.933691693313605575e-01
8.690991954823702770e+01 7.862686922328734340e-01 -6.898338377053862824e-02
5.908419520685383475e+01 7.457522573286247125e-01 -3.246433512883800887e+00
6.760973261702876869e+01 7.553226557341674585e-01 -1.339156260517218033e+00
7.735647858959592327e+01 6.354029303693048414e-01 -1.387953587037205894e-01
7.553624147425819046e+01 3.596407738285582467e-01 -3.880127529601512526e-01
5.918784737523222361e+01 6.275957114839064710e-01 -3.286367344066461804e+00
7.663759149143247384e+01 5.008105344725381075e-02 -3.720464859544008740e-01
6.632793733808723857e+01 3.987427080425984260e-01 -5.212179286025970804e+00
8.117089978019423313e+01 2.762680030577734924e-01 -3.407923668254767335e+00
7.267388230712123232e+01 6.474593928442283763e-01 -4.866270598743209774e+00
7.133946017144239704e+01 1.474884548564554254e-01 -2.382902011616039317e+00
7.181742975660651496e+01 1.764143002804786919e-01 -5.803115024266743305e+00
6.677188787690936067e+01 5.386815968964105972e-01 -3.877287405805009968e+00
8.579048289673411887e+01 6.880845891275023940e-02 -3.228674015109942452e-01
5.856552411769438748e+01 3.399414473065947018e-01 -1.700397570827135274e+00
8.617346028643443390e+01 7.689786994450820146e-01 -1.337670089963982623e-01
6.003228388474389021e+01 2.669859703863957864e-02 -2.611552894844843542e-01
6.874159237213028462e+01 5.327659841175327315e-01 -8.947710907835503269e-01
6.265789350808572777e+01 4.788753059563918280e-01 -1.676199534551568116e+00
8.438338980412527235e+01 2.159784032636746509e-01 -7.592424359178016890e-02
7.157983096985074667e+01 1.382944381626029784e-01 -3.738174125936851944e+00
7.347455345036172503e+01 6.064020988659516442e-01 -3.837905716726424110e+00
6.577783805474400936e+01 3.037658797681065392e-01 -6.248587460974774466e+00
8.524035427295041245e+01 4.848435361379486164e-01 -1.212955520633339224e-01
8.543592747960482825e+01 5.228338218232867485e-01 -1.598589645413266702e-01
6.186254678713392963e+01 1.934316432036374198e-02 -3.900512401896434889e-01
6.663290456234622638e+01 1.074708596924179617e-02 -2.185103161256504445e-01
8.054043177394707698e+01 3.330019481788002444e-01 -2.430206700535339159e+00
8.346854679985113989e+01 5.919025841545784150e-01 -3.087227801948796979e-02
6.067546225376857194e+01 1.598004765701527274e-01 -3.158483458822602508e+00
8.316724618787182521e+01 7.346484118708476174e-01 -4.625247065464343360e-02
7.873183677632015076e+01 2.024518705426477383e-01 -1.273741563469555693e+00
7.490884266794182622e+01 6.599702382873375850e-01 -1.294306242219102898e-01
8.180770606129539146e+01 7.619599992327183990e-01 -4.024162100865320557e-01
6.741409457338414768e+01 1.113312179967319432e-01 -2.459560890475254613e+00
7.696423794585764711e+01 5.793854623454780528e-01 -1.173337863637127221e-01
6.798010893692307377e+01 6.309011372129066930e-03 -2.804148705071791148e-01
5.946747817895923305e+01 2.886734664050854549e-01 -3.284137091014843080e+00
6.121623146481231714e+01 4.580957109125268767e-01 -3.246651766357024904e+00
6.220059722165660077e+01 1.221684347817717509e-01 -8.308170046021022825e-01
7.294763125968772499e+01 4.542854788641686459e-01 -6.835499989052677527e+00
6.368052254903464870e+01 8.614115882187461937e-02 -3.315551871946779972e-02
5.991778992342417354e+01 4.421884035572737348e-01 -3.294448455512207108e+00
7.665817821180797864e+01 6.155330920809384265e-01 -8.487681612755888783e-02
8.683232954686025096e+01 1.973716247327471918e-01 -9.372592753614630290e-01
7.281183739779507391e+01 1.870218307541628433e-01 -1.255707441015527870e+01
7.279488564548938712e+01 1.515522716828786587e-01 -1.294642062210735567e+01
7.261166021451222718e+01 1.635480129128164539e-01 -1.290149147037073263e+01
7.278193047916707314e+01 1.563511351563820762e-01 -1.292850880809744396e+01
7.273115167497654454e+01 1.476112533760295664e-01 -1.303715050427497602e+01
7.319872005329635556e+01 1.775493728398894466e-01 -1.180031452819841320e+01
7.304160483361764022e+01 1.182580351829528864e-01 -1.216178994562732463e+01
7.294650365527688507e+01 1.707286132978478033e-01 -1.248860559358436184e+01
7.262593374474359109e+01 1.676069053880308857e-01 -1.295857333911611953e+01
7.301349081710043265e+01 1.210243543832589808e-01 -1.238053624033379307e+01
7.248876658678474882e+01 1.912297327468961694e-01 -1.234465364301025581e+01
7.294506188906265720e+01 1.677129458115320659e-01 -1.252503321856606533e+01
7.296459663562326625e+01 2.033072665851141658e-01 -1.191979221017503576e+01
7.288995007808243543e+01 1.174640006033891293e-01 -1.242587263386544905e+01
7.297711396490656455e+01 1.368799777617666080e-01 -1.262308860284350409e+01
7.275132873348034934e+01 1.288737503169335163e-01 -1.287656979428286697e+01
7.239083577938374958e+01 1.545667049578668684e-01 -1.181198083442053282e+01
7.297361929984219842e+01 1.406096782230343845e-01 -1.264547214228728045e+01
7.258285624369375455e+01 2.235343460777829139e-01 -1.189286271949348972e+01
7.285878281035311943e+01 2.142124006289186922e-01 -1.185207630047071348e+01
7.290544591388230344e+01 1.172693373702563824e-01 -1.241906835600240555e+01
7.305487954331746892e+01 1.439153832906120145e-01 -1.248692794256379734e+01
7.254745411865624760e+01 1.972985047760923150e-01 -1.244116360986303604e+01
7.283368608979363046e+01 2.134914289692643463e-01 -1.202414611259417931e+01
7.286171275041581907e+01 1.822802858189490616e-01 -1.248866750449524510e+01
7.269412758492623539e+01 1.652113073657704434e-01 -1.297359647664759663e+01
7.256312392321410698e+01 2.166007016838947807e-01 -1.204726297200760499e+01
7.281032053745182964e+01 1.602002610616237444e-01 -1.290393971784855509e+01
7.263200141561225109e+01 1.228212620590555526e-01 -1.276266194569816292e+01
7.278220266083337719e+01 1.387939708004718165e-01 -1.291949298628053988e+01
7.292546406357628541e+01 1.456689796976436135e-01 -1.281599706591501686e+01
7.270628093498191902e+01 1.622537749119825901e-01 -1.298351549606694100e+01
7.282756807261965548e+01 1.924346944797994396e-01 -1.245957484731100529e+01
7.268006601884546569e+01 1.721616913883722566e-01 -1.290330665751738515e+01
7.290609817718949159e+01 1.336361446371300832e-01 -1.274355757067190176e+01
7.293876415065768981e+01 1.927389933858270343e-01 -1.212944000083145468e+01
7.302751003473129288e+01 1.503292841370226229e-01 -1.247838948685568461e+01
7.296267173063962730e+01 1.720064168368166946e-01 -1.247379848750917120e+01
7.250570105384259989e+01 1.983664497169935204e-01 -1.221674511771634819e+01
7.281972536662586037e+01 1.739772380069279922e-01 -1.275960025301428402e+01
7.275328944980877566e+01 1.529764366979855239e-01 -1.303022091422245943e+01
7.293231263058592617e+01 1.407105664779398635e-01 -1.280031600365074951e+01
7.287244662406436646e+01 1.495998836210782057e-01 -1.281471282163170855e+01
7.296689348135242881e+01 1.246439052768894967e-01 -1.245956549988956752e+01
7.294818860434004648e+01 1.231375322574749243e-01 -1.242875967354105882e+01
7.286096175742633818e+01 1.256051858858410475e-01 -1.262361602757902013e+01
7.278734845033896761e+01 1.670605422478770308e-01 -1.284240829382379090e+01
7.281641233626285725e+01 1.430430627849355041e-01 -1.294049539293442663e+01
7.293661455100686908e+01 1.574710111073881480e-01 -1.261855211893102968e+01
7.307571483672083446e+01 1.838106176648691414e-01 -1.211639428952749675e+01
7.279155443635880829e+01 1.747183101667559857e-01 -1.274925559581243384e+01
7.267557383736492227e+01 1.497694092255414944e-01 -1.304873580426070312e+01
7.293567971199593103e+01 1.364691552281451226e-01 -1.261837938433409789e+01
7.270230977389496729e+01 1.912899851799011453e-01 -1.258538653359003767e+01
7.298300941307803669e+01 1.229643228038005687e-01 -1.242493277936694085e+01
7.268257952669648603e+01 1.707337916366367669e-01 -1.291948713482551270e+01
7.285288068207825063e+01 1.546311909167709386e-01 -1.293501559057624739e+01
7.252233310609770456e+01 1.889757346490725243e-01 -1.237564483464700693e+01
7.262034224859107212e+01 1.490150401400776314e-01 -1.295223605342107831e+01
7.275420278593345813e+01 1.525887298322113339e-01 -1.303112674989478315e+01
7.289657146048732272e+01 1.583642186449124023e-01 -1.277860903527590430e+01
7.291616157163244338e+01 1.081175783888024128e-01 -1.208997536944764839e+01
7.264417437744046424e+01 1.839982470917247981e-01 -1.274136591771589977e+01
7.259707374617973130e+01 1.796693921249856718e-01 -1.272641106267255751e+01
7.252543782760207591e+01 1.347384020568709317e-01 -1.264053073208842548e+01
7.286072070611045604e+01 1.162014198411510935e-01 -1.249488164648925448e+01
7.254214171481289952e+01 1.326385501478786755e-01 -1.260838293415550559e+01
7.285007075730440818e+01 1.297955508787934642e-01 -1.281366474592665128e+01
7.294969398851033304e+01 1.612154333532080930e-01 -1.259108880203103986e+01
7.261875434853033084e+01 1.087580587236140900e-01 -1.217838260511901005e+01
7.293087208950215938e+01 1.637150063543372225e-01 -1.273694589475492656e+01
7.287067158291158364e+01 1.831694979600584361e-01 -1.247464275376604270e+01
7.274223133378944794e+01 1.668048389114689667e-01 -1.294052509443720389e+01
7.270167642240049588e+01 1.869609139090162853e-01 -1.266205067423652508e+01
7.287354284927437220e+01 1.616946460779426220e-01 -1.275241051186747043e+01
7.286494339419891730e+01 1.471390379738994614e-01 -1.281635816676308792e+01
7.279079247472310499e+01 1.873341296919588117e-01 -1.255098025105801085e+01
7.278002054744150939e+01 1.578254557852696027e-01 -1.292020981325295459e+01
7.263060892229448484e+01 1.625890432859861678e-01 -1.300238474408335243e+01
7.297569348083499108e+01 1.884915144580832647e-01 -1.221370434021895690e+01
7.285112012369390300e+01 1.532505270519594343e-01 -1.294012901516779479e+01
7.278403260421346488e+01 1.938484253148790859e-01 -1.243120788071075822e+01
7.265047867522851277e+01 1.826867881142808236e-01 -1.276143571822972156e+01
7.269942322164456527e+01 1.673599492652302900e-01 -1.295310361837410795e+01
7.275246381040481936e+01 1.618353899235768500e-01 -1.298391613092796426e+01
7.300171347478966766e+01 1.615382342374215296e-01 -1.259305624673645774e+01
7.280160026458402456e+01 1.522129717452857800e-01 -1.294457502651955672e+01
7.301302191075828318e+01 1.676848705629316871e-01 -1.234251923983773480e+01
7.289032371139920485e+01 1.488225543249284966e-01 -1.281601162705096897e+01
7.260369857402375260e+01 1.279637804823585412e-01 -1.276412539003663227e+01
7.266483261907636404e+01 1.590940437444137157e-01 -1.302179947289474349e+01
7.296635253285815281e+01 1.442689467191683450e-01 -1.265638289139100614e+01
7.285635275943930367e+01 1.858665323936445901e-01 -1.242755719408258130e+01
7.250456586968746819e+01 1.371629672448721471e-01 -1.267296648484779098e+01
7.294975862658843369e+01 1.323047333281567040e-01 -1.257837762692250116e+01
7.280951931999635462e+01 1.433375311976533006e-01 -1.294188286277040945e+01
7.276918476281102244e+01 1.471175463830767804e-01 -1.303312011654942815e+01
7.274435836864797977e+01 1.731417088710206775e-01 -1.286845263791150984e+01
7.273948456325136647e+01 1.356265027664516898e-01 -1.297083069510910036e+01
7.274823265957644480e+01 1.660259994725859500e-01 -1.294784855890682351e+01
7.267246115021188757e+01 1.603911724321686050e-01 -1.301294483065285768e+01
7.269193649566500426e+01 1.409600555683283296e-01 -1.301945090911002190e+01
7.267026598089881873e+01 1.712861015438494894e-01 -1.291447937129822954e+01
7.282543274128146038e+01 1.400820912322102429e-01 -1.292552602641411319e+01
7.272802726584399124e+01 1.454947484896826626e-01 -1.303407797871801854e+01
7.277361065278506658e+01 1.645005585471158716e-01 -1.296056127500625621e+01
7.256584709067203676e+01 1.525165989555358759e-01 -1.296145271243913122e+01
7.269154996222064824e+01 1.547530890019719885e-01 -1.303805443716921708e+01
7.279392885424128679e+01 1.628576379482743752e-01 -1.288290152541966194e+01
7.276961378626101862e+01 1.591222803236441163e-01 -1.300157901972568730e+01
7.275662370451595962e+01 1.333309048863222102e-01 -1.294214695711280427e+01
7.279457667516700781e+01 1.491720290168200014e-01 -1.295009332121786017e+01
7.281360214591985880e+01 1.390227517138048208e-01 -1.291927983343287245e+01
7.275150621649017069e+01 1.658959871079686288e-01 -1.294891584067776868e+01
7.265476016421695249e+01 1.458147917943545535e-01 -1.304696103232028648e+01
7.269721053097315178e+01 1.643159078904463111e-01 -1.298092998053055425e+01
7.275840837222231983e+01 1.673903193700917447e-01 -1.293372597463938156e+01
7.265831525078866093e+01 1.707590095365602023e-01 -1.292168502131931263e+01
7.273234754184501583e+01 1.633480717529396109e-01 -1.297299731320442184e+01
7.280118514705414157e+01 1.505587657235462340e-01 -1.294819604960306592e+01
7.261746421921746730e+01 1.503247781891257073e-01 -1.295330759428601652e+01
7.274374083203464636e+01 1.634378063436650874e-01 -1.297155960078647396e+01
7.258988108667558947e+01 1.641538554125270277e-01 -1.290049293901680016e+01
7.267958052789713008e+01 1.539192681733317358e-01 -1.304214504788962259e+01
7.285618210634402203e+01 1.608326547986506649e-01 -1.275879058711503156e+01
7.271611146200525866e+01 1.420810924577310397e-01 -1.302287784540099125e+01
7.270437445499578644e+01 1.456345767545168257e-01 -1.303664505873529045e+01
7.271929429990221649e+01 1.352773628583060217e-01 -1.296953899011585953e+01
7.267985788585797025e+01 1.563401360827438580e-01 -1.303366870720497772e+01
7.266239528850555018e+01 1.379280343228531935e-01 -1.300111509758823836e+01
7.272310364049693021e+01 1.439295657632706504e-01 -1.302997477753964262e+01
7.266571172154147007e+01 1.385409057035268121e-01 -1.300586078833703318e+01
7.267148481598528065e+01 1.470789052812682962e-01 -1.304720006292149392e+01
7.273331941526430455e+01 1.554427135498620272e-01 -1.302332999624204746e+01
7.271140283814858662e+01 1.409456969790969794e-01 -1.301725034525706981e+01
7.263333207247421797e+01 1.627013813404469544e-01 -1.300121062241598757e+01
7.266223520163975991e+01 1.513676034291419059e-01 -1.304955852678910233e+01
7.273007617035558781e+01 1.361513599245059436e-01 -1.297733429609918510e+01
7.270015583297285389e+01 1.420343034057545972e-01 -1.302457902655589983e+01
7.269546245828327358e+01 1.508183221256318984e-01 -1.304546965512468404e+01
7.266420430290135357e+01 1.552863266348343818e-01 -1.303981068605300209e+01
7.269897606096870391e+01 1.383600879390484151e-01 -1.299875178072181647e+01
7.271989397602128236e+01 1.543016228567073989e-01 -1.302874781410619143e+01
7.265430155774284060e+01 1.487446723839346840e-01 -1.305155076562447469e+01
7.265388744961504131e+01 1.425382302458084449e-01 -1.303458644954603329e+01
7.267661432369044405e+01 1.460789903935781620e-01 -1.304435740332325189e+01
7.272089757518884312e+01 1.398679799031966320e-01 -1.300944967927414631e+01
7.272297505346440971e+01 1.599801744560932215e-01 -1.299915915056619120e+01
7.263068308303186882e+01 1.453588106014795656e-01 -1.304931577383758778e+01
7.263364950051214919e+01 1.430196385899222267e-01 -1.304008312367901290e+01
6.356577271553722852e+01 6.035817216421280884e-01 -1.778660011719203904e-01
6.559559968976061839e+01 4.325759107851022134e-01 -5.181287123352547930e+00
7.836989978214286623e+01 5.109585169860340059e-01 -2.069972786255134256e-01
7.966084413688312793e+01 7.642828887622421519e-01 -2.665153872479635866e-01
8.209278283815102384e+01 1.651594159908597592e-01 -4.644303918677478826e+00
5.862432035007710596e+01 1.892443784663470630e-01 -1.013330735070567146e+00
8.375056257660546066e+01 5.977472088750898083e-01 -7.775786610264413812e-02
7.894046511562055457e+01 2.352423093053329917e-01 -1.281774573047878230e+00
6.830791359997724044e+01 6.666013455047692382e-01 -7.565910921973250103e-01
6.659862967295914871e+01 4.699863561870317175e-01 -4.380298278183076377e+00
6.319367498590891330e+01 5.539446870747878338e-01 -6.582321135444170190e-01
8.150113593225034947e+01 2.545049619665905143e-03 -9.474258981108769906e-02
7.943684314245841449e+01 9.495276420392373407e-02 -3.854706785062305130e+00
8.261574621399884677e+01 5.403865706885371267e-01 -1.325265353925869638e-01
6.301275167937821919e+01 1.271993016371792407e-01 -5.971338581675733614e-01
6.042498420469492260e+01 4.987966983290794687e-01 -3.252792857948450855e+00
5.924517084162122416e+01 3.276827809549116566e-01 -3.064452475910623530e+00
7.646409186916018541e+01 1.704158741214729655e-01 -2.878204141862156784e-01
8.426731923517213829e+01 6.201050937307872601e-01 -1.764947345264204492e-01
8.743610014117956553e+01 1.065695873542861216e-01 -1.841165923921446401e+00
7.252779013977726663e+01 4.539762237063480477e-01 -7.061445469935623720e+00
7.113588984849974395e+01 7.698443197152612383e-01 -6.153419608439073540e-01
8.338562611486888443e+01 5.501645176014949845e-01 -2.545965622704742318e-02
5.998162849631145122e+01 4.054704405951291557e-01 -3.283409468161179845e+00
7.094159374650035943e+01 5.751542944686839354e-01 -5.631542260797126609e-01
6.633418661906573277e+01 7.493832806330589236e-01 -3.554474167404439999e+00
6.775829645064813178e+01 1.283586077828853880e-02 -1.796047414703991763e-01
7.542261039758437846e+01 7.311488360012901033e-01 -2.620143427406832481e-01
8.582421666516097503e+01 3.857717393785358162e-01 -2.393383356519718230e-01
7.557153075390824881e+01 3.603255895192211122e-01 -3.890422231760352623e-01
8.118940790198064406e+01 1.341651906389988713e-01 -6.401931226532466823e+00
8.716825750735772260e+01 3.981314843576133078e-01 -2.217291823882965585e-01
6.720119608333753547e+01 2.547080843848150145e-01 -3.620726330376172530e+00
7.205914821071783649e+01 2.170725666528451614e-01 -8.026316091451047186e+00
7.733993457932682247e+01 5.280240839880235848e-01 -1.646294899917775112e-01
8.084445246552326125e+01 2.720918726005245314e-01 -3.259978808673626105e+00
6.072507036476429221e+01 6.602475946307516663e-01 -3.040993973473776979e+00
8.566073971561310429e+01 3.798978059302730026e-01 -2.016808312780811741e-01
7.073910740258217800e+01 5.224239642409675977e-01 -4.394996362057169148e-01
6.606846954180572595e+01 4.900001791795720596e-01 -5.151793124045094707e+00
8.162211503478792451e+01 5.211973594036966445e-02 -4.618051406891852118e+00
6.853868413871538223e+01 5.666710195971775832e-01 -8.643834635694478408e-01
6.507025157318533104e+01 2.618668858694736534e-01 -4.365321170711028209e+00
5.977597876464385251e+01 5.166514855937055506e-01 -3.398468907068061817e+00
6.756260465546223770e+01 6.393349138848046787e-01 -1.463258419696235046e+00
8.404762030667504291e+01 6.602876876380979476e-02 -1.231934556794749502e+00
6.150969164224004970e+01 7.372597382600486471e-01 -2.648480869087150857e+00
7.990488554157425938e+01 6.507590741014281921e-01 -4.818961822986448928e-01
8.304546030039603011e+01 3.418622065323376202e-01 -5.117906574339484704e-01
6.808181648858182200e+01 2.930173025445037549e-01 -9.396826179882902252e-01
7.145955160342359136e+01 4.787685765453883469e-01 -1.675833089567674072e+00
6.282828288274109241e+01 3.698710099557088737e-01 -1.624313700745657174e+00
5.884424696937315247e+01 2.245399299697046214e-01 -2.010340916580091175e+00
6.964123893335717241e+01 7.939582595338664506e-01 -1.110797481227838446e-01
8.038914607844465365e+01 3.349107004996514370e-01 -2.377988003714592402e+00
7.487354728890224465e+01 1.572994188210639632e-01 -7.906862727018153514e-01
6.414555321517362074e+01 1.026688714289865079e-01 -2.571499423774318283e-01
7.492505070481709595e+01 1.452651744874586537e-01 -8.514334615480020352e-01
6.955485848992908871e+01 2.705167110755046234e-01 -3.413985340737271112e-01
7.767125507390996120e+01 3.443657090852072500e-01 -3.502367588900457962e-01
8.541240730681698778e+01 7.938843698421294004e-02 -1.088272305465119438e-01
7.453325988062258034e+01 3.134046188947935407e-01 -7.412522386699992305e-01
8.491634092730186012e+01 7.014848432063650607e-01 -1.187019317421969811e-01
8.233468167608542387e+01 5.794950835497004737e-01 -2.556075479778695536e-01
7.336295630836947623e+01 6.826420050075820978e-01 -3.672871149810038371e+00
8.337536162368866144e+01 1.361393453294891254e-01 -2.240042329321883852e+00
7.401210842641241072e+01 2.960417117612552246e-02 -2.017613492001773867e+00
7.192957759762028047e+01 2.016327870827578639e-01 -6.452216709440951270e+00
7.869118357043723222e+01 3.049067529245562680e-01 -6.903030132429542887e-01
6.437681392589911411e+01 7.165218654900393780e-01 -1.891084031828288214e+00
7.804804180281112735e+01 4.104037779450682710e-01 -3.054024239664652751e-01
8.774613424652083893e+01 2.471679473720275466e-01 -6.499808437697977004e-01
8.615497482357852732e+01 7.044618971047243994e-01 -1.567229203236992774e-01
7.695375319168556416e+01 7.862822894469041479e-01 -1.011841769399474261e-01
6.136176678407073126e+01 4.258879463988007874e-01 -3.098497936271978670e+00
7.910020687013002316e+01 2.139720032496906788e-01 -1.591090943543466585e+00
6.236392893010350491e+01 2.116615991868846247e-02 -4.109527019465831210e-01
6.915644821888886895e+01 4.253538616845063680e-02 -1.004051979339078138e-02
6.380060063618638111e+01 6.087333989824024183e-01 -5.131910438927036466e-01
6.110594283030638962e+01 6.933561284484466292e-01 -2.984665626711110242e+00
7.308767226166966680e+01 4.850204604384388829e-01 -6.107180136146564742e+00
7.415584037948086404e+01 1.778322017051980342e-01 -3.678380710720535962e+00
7.579278204581783029e+01 7.827505959153508996e-01 -2.544184123354868987e-01
5.959189333926934040e+01 1.130679774642994878e-01 -1.511249093090744733e+00
7.010568570166273616e+01 8.214545386626122270e-02 -5.200996385885036100e-01
8.073987762640490473e+01 6.769109842036465929e-01 -7.103989054294359562e-01
6.681735814589822553e+01 5.879800612079921773e-01 -3.631816871423746651e+00
6.541399205692071916e+01 3.540639176913913388e-01 -4.951926091667044005e+00
6.895458596916851945e+01 2.989634357100451889e-01 -7.365494375417842576e-01
7.682209542309077221e+01 7.595705471785778595e-01 -8.690714565514219558e-02
8.631357590962991821e+01 4.462010525430274988e-01 -2.024103259795355381e-01
8.673235923632844901e+01 6.252544894219257410e-01 -8.855766572376271017e-02
7.266056077646965150e+01 3.354766593737643077e-02 -3.524018389307535859e+00
7.627613078355986431e+01 4.598553088015115420e-01 -1.341867555797491840e-01
6.481921913308993055e+01 1.925163846660513101e-01 -3.355691753806666178e+00
7.043248070813712047e+01 6.458572299229962121e-01 -2.708341561982390844e-01
7.350002313353010663e+01 5.785376646629175612e-02 -7.061011205221174869e+00
8.478676940120342920e+01 7.240536814908002938e-01 -1.304813228241029632e-01
6.211559407854286263e+01 4.212412684721553724e-01 -1.547703445216130458e+00
6.181297714567181600e+01 2.826568311263439326e-01 -1.948004403588716960e+00
7.875673651613627158e+01 7.371782536511624073e-01 -9.228651704237197939e-02
6.412700625654235864e+01 3.862885212344205899e-01 -1.180887953065106188e+00
6.225009347187449293e+01 7.015653766054011919e-01 -1.409835705972513731e+00
6.076108049025783941e+01 2.028082718872585566e-01 -3.498247885170441496e+00
6.309094551243973825e+01 7.245767732246828352e-01 -8.182393971084538364e-01
6.981991259901207059e+01 5.144826560226918311e-01 -1.444987110693305432e-01
7.420444296887880853e+01 1.518757315238845051e-01 -4.008666473580327683e+00
6.182241716082168637e+01 2.573612635952143290e-01 -1.931140215512739511e+00
8.658908418328229573e+01 7.760899457009747815e-01 -8.916288073256024849e-02
7.399569745430918033e+01 6.047766393969093990e-01 -1.738421259553549314e+00
6.863436559488903299e+01 1.276857775025511121e-01 -7.326255377504957700e-01
6.733910868014224604e+01 3.370762551115960015e-01 -2.808905964494282426e+00
7.794392097506167261e+01 2.948634855979650679e-02 -5.712766302750855729e-01
7.257226655804751658e+01 2.496922448368903424e-01 -1.128854275185102018e+01
7.141597357577268212e+01 2.823315845805695612e-01 -2.316361458074583712e+00
8.324037969162688455e+01 6.269331456292630278e-02 -2.985444053708292689e+00
6.136844056740927300e+01 6.975951794056590993e-02 -8.786806233570140234e-01
7.980611028911812355e+01 2.983516925007212439e-01 -2.154604839402819660e+00
6.690021551967117830e+01 6.766735292898781173e-01 -3.297871203187751288e+00
6.033130077774157485e+01 1.891047564764414355e-03 -2.045929697796017077e+00
8.521202650077434271e+01 7.313813422526541652e-01 -1.271776409776761430e-01
5.898386936883044740e+01 3.066351292819472496e-01 -2.709029496104693902e+00
8.075914833891249600e+01 2.069875301880073903e-02 -1.023093291552510387e+00
8.215209019216332820e+01 5.603997638441733375e-01 -4.625187137726085584e-01
8.159689584234143922e+01 8.706889859022570732e-02 -6.759164011458437926e+00
7.297447216480441057e+01 5.570171950890959733e-01 -5.359013656974703999e+00
8.389412131108434778e+01 3.694774407516756010e-01 -7.625834991695942984e-03
8.598983574182194900e+01 4.724563446921259402e-01 -2.157746626450570970e-01
7.032566513391222429e+01 4.630563079576257429e-02 -3.999726473099178836e-01
6.764946730507489292e+01 4.662239340593757331e-01 -1.522403975731184689e+00
8.413286929353687071e+01 3.670499456183756726e-01 -2.200376413715141380e-02
8.012204166419151363e+01 2.700908243779369111e-01 -2.975650614592468823e+00
6.700244857007689347e+01 5.937931653455089664e-01 -3.420814652482598639e+00
7.501070340833321382e+01 6.878089634802164731e-01 -1.415475225379454471e-01
8.241506869793703061e+01 5.721867712288705166e-01 -1.969322755268642366e-01
6.829390634741781696e+01 1.975631031567309237e-01 -9.332803433122234260e-01
7.541202980285754620e+01 1.737322174558576238e-01 -6.111597509344053325e-01
7.844483027225720662e+01 2.220496345547188499e-01 -9.952274481168129627e-01
7.356280290823531232e+01 1.291174429975658344e-01 -1.071453699615517152e+01
6.383313064059341713e+01 1.242030094126835016e-02 -1.492230370505329140e-01
7.195127183736448728e+01 4.002175081472476581e-01 -4.418177308595072184e+00
6.155591103740789549e+01 9.798094035147815462e-02 -1.475669657241693189e+00
6.520283930105311754e+01 3.995615825344642769e-01 -4.307992588393094735e+00
7.763193461711051668e+01 3.529325980633316040e-01 -3.378208617714145157e-01
5.869575889819333270e+01 1.792124239425481047e-01 -1.203307682265095879e+00
8.130376106469351782e+01 2.415943603477482271e-01 -4.224554319258423618e+00
7.739837284889230773e+01 7.554772195960137715e-01 -1.211941524416882549e-01
8.695032951701682578e+01 4.191968440793856776e-01 -1.971348713950779041e-01
8.351718930774761418e+01 6.173634936759517799e-01 -3.860849832630038059e-02
7.716329777980011784e+01 5.038569341715012362e-01 -1.528632525402627840e-01
8.730817524454042200e+01 2.307295639676981980e-01 -7.586635450902788902e-01
8.771527407669364607e+01 6.459976069477841865e-01 -7.668802001945214386e-02
6.889495956553641065e+01 1.581475324434845620e-01 -6.240685925286840741e-01
8.480552013215502427e+01 1.667603261911878298e-01 -4.580075218840471557e-02
7.682427701157575939e+01 5.436131871784656289e-01 -1.031242662074702832e-01
6.537381608686206391e+01 3.202224572289232296e-01 -5.080101121749493132e+00
5.923080144202507569e+01 7.324108970557562104e-02 -1.857273369480003933e-01
6.607403064173813334e+01 3.539370945647251493e-02 -8.593745626049840158e-01
8.685645870515175204e+01 4.309944538723227137e-01 -1.848900807554809955e-01
7.920860503156033872e+01 6.634429074895987766e-01 -1.707222323805545061e-01
7.121558146400373346e+01 6.348609804767878506e-01 -7.810411877740590647e-01
7.639112835539749824e+01 1.438196065363182008e-01 -3.260013622490582907e-01
6.463055325915745186e+01 6.894319551130970725e-01 -2.497317037482387647e+00
6.667135852436443599e+01 7.485538419799904197e-01 -3.258233655477788648e+00
8.047777554671910138e+01 6.267667688852475161e-01 -8.315255755280448469e-01
7.105511226892963350e+01 3.477067914226011358e-01 -9.776406984029432090e-01
6.922455782948718195e+01 9.573494044153338378e-02 -2.776152631351850308e-01
7.473657239429689980e+01 5.479012749368239454e-01 -1.559200779655191826e-01
5.999729149967306086e+01 4.522206895274477612e-01 -3.250327543127938146e+00
6.328965382133706186e+01 7.611587781235518158e-01 -3.515035411003388233e-01
6.569936215714584193e+01 6.106878527376317090e-01 -4.612484448915765256e+00
6.949909190649331947e+01 1.100118410516527367e-01 -3.030106390485295398e-01
7.227634086350261100e+01 6.491293967720347391e-01 -4.107012823456019923e+00
8.295603335299854564e+01 3.358377471553903315e-01 -5.917528967249447991e-01
8.492667204159778294e+01 7.728133679728599326e-01 -1.202101575333406752e-01
6.815704147473547891e+01 5.148113841148077574e-02 -3.512934709717365767e-01
6.375066973490471156e+01 5.248656049162259141e-01 -3.809063433716928238e-01
5.952374665613432114e+01 2.925267295051350303e-01 -3.346723425259900520e+00
8.564574330899232280e+01 4.322042170039683828e-01 -2.000491799611064936e-01
8.278293131510393721e+01 5.357194876407934681e-01 -1.067345469282723475e-01
7.313803280646035887e+01 4.444413398446221963e-01 -6.533911913917505032e+00
5.974468699537179361e+01 4.610336838305457707e-01 -3.431444682360723863e+00
6.099446049537734638e+01 4.866888283469921750e-01 -3.262417017682745168e+00
7.611576010651594970e+01 6.662858111638524372e-01 -1.557483248825780042e-01
8.613169726098419687e+01 4.092891393587894666e-01 -2.354538974594644896e-01
7.014134632152557458e+01 3.803747572784383912e-01 -3.099187156002291554e-01
7.068531053310030643e+01 7.987071200852043917e-01 -3.168170186927232734e-01
7.212789278899890633e+01 7.884535541592669894e-01 -2.847494791213501131e+00
6.272791875869695843e+01 4.947580441501541748e-01 -1.659110301609060700e+00
6.248634677748921007e+01 2.131313052079364390e-01 -1.451195016289853701e+00
7.956248538225732148e+01 1.873906518795271092e-01 -3.021795793225737992e+00
6.626397731472543740e+01 2.798282602378567852e-01 -6.066123330221564913e+00
7.555510323989609844e+01 5.891478558280413003e-01 -3.016709252814802067e-01
7.435448972275402468e+01 7.048088845050893836e-01 -3.357964769842132768e-01
7.591543574393033111e+01 7.158113237788092942e-01 -2.103776183920770537e-01
8.033943257518180303e+01 2.385847882492655170e-01 -3.681999620914465421e+00
8.174950217111984330e+01 3.156708956815221789e-01 -2.736665085883446036e+00
6.472478975917380239e+01 5.106222910097225620e-01 -2.988541539265601621e+00
7.824306967542594293e+01 1.197965529239502502e-01 -1.499987214856897122e+00
8.445726512714479384e+01 5.784144882572841428e-01 -1.550387028027235270e-01
