7.379609074936223578e+01 2.384256293635459711e-01 -1.030506783339411481e+00
6.941070435439898745e+01 5.060804577210350486e-01 -8.306210686290274037e-01
9.462245372226928453e+01 6.001604123478909703e-01 -2.853688921607618889e-01
8.433986923745410991e+01 2.677088246546213690e-01 -2.782104981599768379e-01
9.291356271909120323e+01 5.358659093890402181e-01 -1.256350493884382580e+00
8.918750352565946571e+01 1.742303414268357720e-01 -5.460169095077163082e-01
8.501023698652336691e+01 1.024418468572583923e-01 -2.443883948285556496e-01
8.292927090302136151e+01 3.508682373208468763e-01 -6.859346094495760715e-01
7.845041741666292978e+01 6.553529264745514560e-01 -1.036979738222174374e+00
8.659827428019143269e+01 7.250938467981373758e-01 -1.350530271049476427e+00
8.582821865200548928e+01 3.647158321291695260e-01 -1.251031962007589815e+00
7.555433579707448644e+01 7.109620107798446664e-01 -5.190403105532542805e-01
7.877412558439522172e+01 5.552728870284140417e-01 -5.159991217395026863e-01
9.606232045817627352e+01 7.873497378026184101e-01 -3.859246431392830412e-01
9.314433777037056927e+01 3.887358628623690526e-01 -1.091171978123731456e+00
9.651226074752676709e+01 3.599378953347101562e-01 -1.215536030200037310e+00
9.671158152103380701e+01 5.201532840453937379e-01 -6.271369618324557083e-01
8.566955268564744586e+01 1.886572772806226206e-01 -1.756912240282955784e+00
8.838416916857160288e+01 2.307872608883547727e-01 -7.266932057082695628e-01
9.411005533788463140e+01 2.825197331405343015e-01 -7.451834545224474138e-02
7.438440208955245225e+01 4.741673153728929169e-01 -6.038475844667555714e-01
8.901008579771406914e+01 1.341869795404725674e-01 -4.582067864294465109e-01
8.476734751371688503e+01 4.833368519952720432e-01 -4.771216779883613590e-01
7.557542413962391947e+01 4.594415311660069445e-01 -9.178190104660781390e-02
9.223839920103554846e+01 1.190079319052158857e-01 -1.313071603304132529e+00
6.610461056881584341e+01 7.726585674898974743e-01 -7.824050609417686486e-01
9.114105816906365476e+01 3.240915697468632617e-01 -1.065029216717269023e+00
7.469839318599377975e+01 4.675729258357536056e-01 -4.807373361567531811e-01
7.308430086203142650e+01 2.559621006930258846e-01 -1.037974317321998630e+00
7.888936896907074470e+01 3.927307252593642550e-01 -1.031120959477575261e-01
7.050212278875181937e+01 6.699015792022950944e-01 -2.709431050837822208e-01
7.225395237788198699e+01 6.370430956755028795e-01 -3.721418995936774943e-01
6.858393222699704950e+01 1.245444629099208972e-01 -3.911660041627091355e-01
7.141937237949487383e+01 3.353498853046950612e-01 -6.209238650300562545e-01
7.286985423121933536e+01 4.484041329553417055e-01 -1.072983285600849074e-01
7.496727805701465286e+01 2.916143153507850250e-01 -2.579175572352590429e+00
7.024142535603324689e+01 3.100585763525340322e-01 -1.294097484963848022e+00
6.671716810620927163e+01 7.925108968512034613e-01 -7.191603780499262744e-01
9.003793760264665025e+01 7.607889979613285947e-02 -1.384298989632783417e-01
7.116550537151441347e+01 1.832732210522940719e-01 -9.411442888425823883e-01
8.690678176296421498e+01 7.830106675046604181e-01 -1.092737677987188238e+00
9.030887654963608213e+01 5.418098881882003198e-02 -1.450172988080302927e+00
8.166487960783078393e+01 6.108044305209217040e-01 -2.554999440836039915e-01
9.200064887796359869e+01 1.938055041547953883e-01 -1.056840066108553911e-01
9.502779875777349616e+01 2.612923156193764362e-01 -9.877784096704434955e-03
8.546266391947121122e+01 5.629550942838457139e-01 -3.266265748865526120e-01
7.659371092375434387e+01 5.703448590812039143e-01 -7.442360485594099462e-01
7.612069776439230395e+01 3.428170413467212380e-02 -2.149449067123138768e+00
9.051180487848378675e+01 2.784707962512068535e-01 -4.833909162941151805e-01
9.722287683536585234e+01 1.483961645865561063e-01 -5.425531070395334110e-01
7.423252327043238097e+01 5.386629402251544851e-01 -4.907364114181102521e-01
9.102792356164171395e+01 2.136605928016104272e-01 -1.743536504178759272e-01
8.373560347899442036e+01 7.331150567461400813e-01 -1.227480884981546616e+00
6.654418621164619196e+01 7.454944774697113141e-01 -7.816084969502484769e-01
8.803641684618858676e+01 4.466693105236655414e-01 -2.951727960455350797e+00
8.616254378762084798e+01 6.613972719696786795e-02 -6.728247106249587439e-01
7.246605685592304269e+01 4.331660885218941992e-01 -6.590589680498080138e-01
6.795690335152994521e+01 4.161013806115879121e-02 -2.440966706331463565e-01
9.542436655755815877e+01 6.562716446917837843e-01 -9.609561391382363815e-02
6.702451860506141657e+01 7.006667756373269329e-01 -4.573107075192972548e-01
8.768727650174440669e+01 6.829508580295919895e-01 -2.376195953673923889e+00
8.265319035189794761e+01 5.820213677792457352e-01 -3.883908490781546430e+00
8.072525487472118755e+01 3.136930447176895509e-01 -2.487923262220112230e-01
7.759603456944742561e+01 4.969460186034730942e-01 -3.397770898469824608e-01
8.397882803858900047e+01 5.956968250749958838e-01 -1.006810076301723145e+00
7.967129661535780372e+01 1.601738850814437565e-01 -2.416534853088928347e+00
7.944617781665381528e+01 7.657151084436372157e-01 -2.651331980674254130e+00
8.196108223376526780e+01 4.077561786225438745e-01 -2.407156027348486549e-01
9.355875638752789314e+01 9.094826439204940771e-02 -2.168396780808939939e-01
8.849888143914515126e+01 1.422556735740623801e-01 -8.562227843964851370e-01
9.379124607731051810e+01 5.471841022201969773e-01 -4.367251179752599244e-01
9.891834210772893243e+01 7.527966645274375423e-01 -9.026436124895951263e-01
9.171090950209253378e+01 4.930010766804393540e-01 -7.796143460894128241e-01
8.047838550509831634e+01 8.735781632161040977e-02 -4.407829317787602119e-01
8.140623248386732769e+01 6.741608165804978681e-01 -1.708421103453535705e-01
9.849419552105723596e+01 9.508079295884817525e-03 -1.208681244354017581e+00
9.271942062754320091e+01 3.753896249576403887e-01 -2.084698495288561215e+00
8.328101685340614324e+01 3.782304092935516726e-01 -7.944582002648600261e-01
7.086742932377271131e+01 6.897037841361447486e-01 -7.506044434781271590e-01
8.729252594018875300e+01 2.455256052960980429e-01 -3.228572593235408683e-01
7.635252369414145335e+01 6.206650612887271157e-01 -1.170233476037196185e+00
7.704603201312397687e+01 1.637108624737871471e-02 -4.705435611447847943e-01
9.800145855110437765e+01 2.028902358284742358e-01 -2.273356886768712892e-01
7.724675572525153200e+01 5.882734246896020869e-01 -2.727820013890689399e-01
9.574995526397282219e+01 4.301991018469848438e-01 -2.807415899155930594e-01
7.192190119230770051e+01 7.390248083179478122e-01 -3.987479485046489525e-01
8.016610998825798617e+01 3.962075243907479082e-03 -1.568607515169904432e-01
8.108016312322733654e+01 6.289833525941288528e-01 -3.310785478701278040e-01
9.748775980660410312e+01 1.574070869378117465e-01 -3.302187759521155730e-01
7.354369085757861058e+01 3.395685936776502989e-01 -2.203523953109630396e-01
6.864071209551958930e+01 6.478708593972681840e-01 -5.244807950141407993e-01
6.744885128893591286e+01 1.077177898237860476e-01 -6.402907541922258083e-01
8.248769676512009141e+01 2.668920403620049855e-02 -6.814900413348640162e-01
6.815191011263657117e+01 2.220554449992649948e-01 -1.357182452635973258e+00
9.508597462675457734e+01 2.964925250296155390e-01 -5.178001645400071018e-02
6.971541489456490126e+01 4.237977615869001347e-01 -7.172423677493789951e-01
6.897551212655461939e+01 5.901049011689286916e-02 -6.610479535843623022e-01
8.972578718965891653e+01 5.134669223913775893e-01 -2.124875939917797441e-01
7.809994131989222410e+01 7.132831242036435926e-01 -1.284125579993730781e+00
9.818139672160288001e+01 4.144368332744512440e-01 -1.336051613541621441e-01
8.391247248519988489e+01 6.313724888453190465e-01 -1.065816632783370466e+00
9.139811329315264743e+01 1.950331472224112461e-01 -2.392436608899698447e-01
7.368297958578385476e+01 7.407958411266321042e-01 -1.068199721352950826e+00
9.755396077481142925e+01 3.637910707058771287e-01 -4.543577985141850628e-01
9.719363752347580032e+01 6.427879565824743402e-01 -4.010839886055015402e-01
7.955880005157527535e+01 2.404332239558085726e-01 -1.307581094069627303e+00
8.272509233347616942e+01 1.841637707153367942e-01 -8.951456239588114983e+00
8.887978186736503972e+01 3.480009524549700917e-01 -3.191082863957427351e-01
8.199748854734741599e+01 7.529176101943644284e-01 -9.239067958542911407e-01
8.765646051990489696e+01 3.847934978797669658e-01 -2.347651377887883140e+00
9.608342907001743072e+01 7.357243797589214651e-01 -3.175052607474704303e-01
8.818779010162631948e+01 4.335980154586787094e-01 -2.545638212194428984e+00
8.248176942099314601e+01 7.820143245163133638e-01 -3.104519323843908829e+00
9.087197342391800703e+01 2.027464163329047997e-01 -3.433761775551820161e-01
7.276322554305571089e+01 6.935249157378222673e-01 -4.017447776464371789e-01
9.563412096486615610e+01 7.506874565838561608e-01 -1.327571001057654410e-01
7.488445646478831463e+01 4.799203122688780465e-01 -3.065568778811628703e-01
8.593472325387858746e+01 3.392971953907760602e-02 -7.225339427771508838e-01
8.969717762446738618e+01 3.555915866346180398e-01 -1.921138910200230199e-01
8.846277524010392312e+01 4.047636392979288011e-01 -1.667345856378823710e+00
9.162093850997052868e+01 1.386538742285344517e-01 -1.861734290611591458e+00
9.241501181114463748e+01 1.473530051230314275e-01 -7.137818196309271279e-01
7.561973756465464191e+01 4.259766291891218248e-01 -1.648714001509762328e-01
6.865686835815533584e+01 1.835990877823652778e-01 -9.457704899011669664e-01
9.395864049830751696e+01 4.619683822257201200e-01 -3.801897133245663585e-01
9.316305801225045968e+01 3.247539223833769695e-01 -9.788018415404966532e-01
7.617422024688939075e+01 2.942397266486714291e-01 -5.759836195753951227e-01
9.225204642387764409e+01 4.915519252761864633e-01 -1.509470979120629552e+00
8.618502502403316612e+01 6.499150396026083243e-01 -1.566831111534892740e+00
9.836245598769609444e+01 3.172510562104488563e-01 -1.485964701697873036e-01
6.781758879013393937e+01 6.471229464157260587e-03 -3.783439620111945345e+00
8.077284894168607821e+01 3.777579473679537614e-01 -2.792189270805338075e-01
9.035740808520193923e+01 9.525579802060313295e-02 -1.373536163034849489e+00
6.665490227165854265e+01 4.460995517711882075e-01 -5.129999234966741151e-01
8.105183803643195972e+01 6.815387693736517649e-01 -3.928064179781174947e-01
7.155549126418738126e+01 4.688594738554660579e-01 -8.104752708888677271e-01
6.754667327671702992e+01 5.540689449783300358e-01 -2.640296753136245900e-01
7.941770742405097394e+01 7.027158141125928736e-01 -2.344160268795806523e+00
6.615779234783219920e+01 2.744376224274163723e-01 -8.623611139206238674e-01
7.523403869901736130e+01 3.961360799478407246e-01 -5.806873310228158891e-01
9.192236986278916788e+01 6.720927017166985484e-01 -1.654613898458369425e-01
8.553453749112719606e+01 5.630670968949835764e-01 -4.853159867464972854e-01
8.981863321162981606e+01 5.170885032081661281e-01 -2.400146252665081859e-01
7.246566659016181688e+01 5.402182644402064859e-01 -3.475891684872204901e-01
9.483379391872202291e+01 2.250019112912483021e-01 -5.950797882667163696e-02
7.315037030550836050e+01 2.339673782294303117e-01 -1.305448022887374382e+00
8.671035248216412583e+01 6.013730765532514511e-01 -2.530473802077805257e+00
6.694620430765392882e+01 5.517934407038541655e-01 -4.300808326309135121e-01
6.994308338315438789e+01 2.199915760668175180e-01 -3.139042055262389219e+00
7.539676885243065385e+01 6.685918963776215085e-01 -3.422594358404976722e-01
7.050672775593224628e+01 7.272468930159340372e-01 -3.912466239237707977e-01
9.526289057556866169e+01 5.059966875023559352e-01 -7.018961543763399535e-02
8.379242414438316189e+01 4.840610820850745899e-01 -7.252455577075593851e-01
6.850085206198832566e+01 5.284917941195124147e-01 -3.986403492233378532e-01
9.588418612656940354e+01 2.978515436907340774e-01 -5.204786644168329923e-01
6.934632925855673591e+01 1.306883978431816196e-01 -4.443329603175084630e-01
8.693756492495890598e+01 4.984429632426797818e-01 -3.240095559848451323e+00
7.792394572303702205e+01 1.092119438083530708e-01 -4.716743367985449242e-01
7.356116471046109950e+01 6.140982071631144734e-01 -5.996633887462479162e-01
7.217095081982928662e+01 7.697881861199794284e-02 -2.716701173991646012e+00
7.648718415847785934e+01 5.200477453787276660e-01 -5.813484903357281075e-01
8.806351896170022542e+01 3.439700744184200909e-01 -1.903186990029919645e+00
8.465522099469498585e+01 4.185316648972081666e-01 -4.630538177033494129e-01
7.709598057896452872e+01 3.296938260757165673e-01 -3.438159640764535535e-02
7.016574988595633044e+01 1.000463399520068464e-02 -2.624199326253780384e+00
7.743947251846537938e+01 6.036029740721104986e-02 -1.719001518841564158e+00
8.182885893860100168e+01 2.647028349505500255e-01 -1.648806950073614663e+00
9.689042257174881456e+01 1.763457161555672531e-02 -1.522475679343588739e+00
8.418879884323840201e+01 2.515356106165888561e-01 -3.054794207523502392e-01
7.782165175123358836e+01 3.754168343129300478e-01 -3.690571831460093821e-01
8.346124916776633995e+01 6.599391915212907689e-01 -1.622835689742135878e+00
8.528586114333383250e+01 6.377798144859081475e-01 -9.854203581335817252e-02
7.416803609427080346e+01 7.996249042616512259e-01 -4.721639221959831323e-01
8.483827210129643959e+01 8.685859594090608593e-02 -3.379559931314945476e-01
8.713066096266369698e+01 3.119837143512287359e-01 -1.118452371397764100e+00
9.646736954654456042e+01 6.804501450001788909e-02 -1.136742626349442231e+00
7.837342431639959273e+01 3.015152674145794159e-02 -1.754171995351915259e+00
9.888858367737799426e+01 2.810395544354741260e-01 -2.990614076693941525e-01
7.099104644137904074e+01 5.841142194136529353e-01 -6.808645807585949061e-01
7.890011820759438876e+01 7.680114864051872381e-01 -1.668305772246153840e+00
6.708828717874219194e+01 7.647833777950840961e-01 -5.214454516541782159e-01
7.435527398621228201e+01 7.060163570200411742e-01 -1.504108449825513616e-01
7.068688327673585547e+01 7.894252660717051562e-01 -6.828731725250721807e-01
7.191906241471571093e+01 7.150416264829884128e-01 -4.218770378820470568e-01
6.820810135982216593e+01 1.592040131854358664e-01 -7.851770546255928407e-01
8.313237005813826386e+01 5.712958244265328167e-01 -2.808158074491572176e+00
9.061538572136406344e+01 1.265726408092311683e-01 -3.391926529263124213e+00
6.928713063134900096e+01 2.619650730982041043e-01 -2.151696399035397889e+00
7.874373900058090214e+01 5.797906869582696299e-01 -6.658333721222591262e-01
9.355463996130889370e+01 1.003147774647654283e-01 -4.083773756605532101e-01
9.768227766844313464e+01 1.157698410474937711e-01 -9.400297779802745390e-01
8.928074980569155628e+01 6.170917195960132773e-01 -2.456318378063062080e-01
8.139494578441309613e+01 1.653775008939814828e-01 -3.342789622135404759e+00
9.451220056533901470e+01 5.489009551571216727e-02 -7.197243309509798737e-01
9.807697722504798321e+01 2.149486856954098135e-01 -2.045176477247617197e-01
9.287174776166571633e+01 1.758177922172615426e-01 -5.301773810089202010e-01
9.431171366303858861e+01 5.984600633059247166e-01 -3.923211519574920647e-01
8.040316380717504785e+01 4.150429006420633948e-01 -4.523579682881291308e-01
7.676152704721718578e+01 4.491072074560348293e-01 -2.068783196130280222e-01
8.013031732990792477e+01 4.129310967741473687e-02 -1.533196466484890941e+00
6.989065410429050473e+01 3.849231251081546290e-01 -8.682692668766278654e-01
6.783986238014307446e+01 1.978849135920655311e-01 -2.335559477452627153e+00
8.804626805413437296e+01 2.564398838462131347e-01 -6.330509735431210094e-01
9.506472759396135075e+01 5.047884637963045984e-01 -6.718795334237438743e-02
7.160188745585446668e+01 7.388772524524294116e-01 -4.688832580252406679e-01
8.400016771299853247e+01 3.055988989713669945e-01 -2.325454930862078662e-01
9.023948395251188970e+01 5.350878172291503310e-01 -2.766564654866273676e-01
6.737826224678848064e+01 4.116445725954318569e-01 -1.128191149539138349e+00
9.446837628973469236e+01 7.248162545979162097e-01 -5.875656229581126544e-01
8.016544777046637194e+01 6.843329276565298658e-01 -1.475210811813357337e+00
8.360725403916833898e+01 5.531111348429097740e-02 -5.145306704387527796e-01
8.837644797896238913e+01 6.635296806396770997e-01 -1.894004444831539180e+00
9.219331964197758111e+01 5.891524034167779922e-01 -6.838392339820489330e-01
9.330649225519084666e+01 2.553690596300754456e-01 -4.935783844766896689e-01
7.739030528746110349e+01 4.644168909513093912e-01 -2.390024263852696118e-01
6.839437729532106403e+01 1.809212231600466070e-01 -1.022061095016952637e+00
8.140505250294610562e+01 2.750400499481063243e-01 -7.243495106847765985e-01
7.312849845455639297e+01 7.690794987868020405e-01 -5.499140472457636486e-01
7.825789953429249124e+01 2.761329959162484027e-02 -1.296936890873250592e+00
8.310107148870660865e+01 7.357857998388044329e-01 -3.180640278374502916e+00
9.200910891560680227e+01 7.642554376749320921e-01 -1.356729358384155815e-01
6.626450369481821667e+01 3.255525154554770317e-01 -7.227339362358279340e-01
8.913778362516207210e+01 5.739822945896974060e-01 -2.588445857453225973e-01
7.181763661331112303e+01 6.552672242826782512e-01 -5.267071564458699617e-01
7.718127024591652230e+01 2.069929654277155237e-02 -7.643513436346921486e-01
9.078747100512872237e+01 6.197706846380832690e-01 -1.048051500702626704e-01
9.763934690799592886e+01 3.659067579724308850e-01 -4.508989324310275215e-01
8.888082534538007451e+01 4.393658702888036394e-01 -4.801586050260999716e-01
7.526891291837863207e+01 6.035844646060982699e-01 -2.016587219898946515e-01
7.389140456630023834e+01 2.185800819121123117e-01 -1.061011413543613058e+00
7.606480535425566814e+01 7.191094037701293296e-01 -1.457920052086022267e+00
9.163255980912055065e+01 5.393980747490423333e-01 -4.034113174740532326e-01
7.075765912245006461e+01 9.679075059783296894e-03 -1.686966654723413228e+00
9.856872714522054935e+01 2.933223098391736783e-01 -1.724508858901172836e-01
7.265171209042928524e+01 3.832332307218364598e-01 -6.133073820303794887e-01
8.329095262744073125e+01 3.125300167457302769e-01 -4.195380678279910236e-01
8.153163906236825653e+01 9.087622967212954928e-02 -4.362237994332147095e-01
8.526652291987196008e+01 4.053991573538208160e-01 -1.660784564992518753e-01
9.692578099123421964e+01 6.113411102323776380e-02 -1.009146982316525110e+00
7.566917392255645325e+01 5.931408317763324778e-01 -2.695291412699235001e-01
8.688346038669511984e+01 3.359822500378603083e-01 -1.976092438536921181e+00
7.766881370198511547e+01 5.507768548562449462e-01 -4.469089220298925746e-01
8.588394674927531014e+01 4.187725497215966652e-01 -2.078318881696458398e+00
8.444569487171906985e+01 3.002597235159447653e-01 -2.780381324937215015e-01
8.996660080631792766e+01 3.493767298511847308e-01 -4.301405951859255117e-01
9.825713750206662667e+01 4.869644250069240510e-01 -9.628318532852427059e-02
9.664411700718144971e+01 3.404269159775687448e-01 -1.359162049304688091e+00
8.641153623367119962e+01 7.965373455349734622e-01 -7.625059840268565425e-01
8.464688478447482112e+01 1.202242040814749946e-01 -6.294439807518547036e-01
9.490654437050913828e+01 2.045174046505356391e-01 -2.010327641978651436e-01
7.676977765909346374e+01 4.574329087026330898e-01 -2.277511564103789354e-01
7.931532640612863361e+01 6.914991813215197736e-01 -2.137172734118244044e+00
8.040832089630950463e+01 6.319527912588198681e-01 -8.196367791137887382e-01
9.568339800993751965e+01 7.788952675062370545e-01 -1.721926792624298708e-01
9.622907333756168669e+01 1.380179192293882195e-01 -1.655821677849423246e+00
8.225552954317214471e+01 4.970663099080341318e-01 -1.693581612414593929e+00
7.242302992183239496e+01 2.833716656387677002e-01 -2.367861030273911371e+00
9.779925962355089553e+01 1.509212455389506158e-01 -4.374710363326199114e-01
8.667113202928705107e+01 4.798574983111369985e-01 -3.619971524467930468e+00
7.800712619014015559e+01 7.447685441033180531e-01 -1.331134394361004114e+00
7.900139310505599610e+01 5.279376668303540354e-01 -5.209237529611222550e-01
6.681024816609199490e+01 9.726894528282126196e-02 -1.574192976934691179e+00
7.118297022606505209e+01 1.610450851724739285e-01 -7.987651110913734920e-01
9.394395642425303095e+01 2.661683474135582705e-01 -1.050741953048543870e-01
8.081863081788424097e+01 6.386409062152893501e-01 -5.331649731121390623e-01
6.813082037085169418e+01 6.696733664686520537e-01 -4.198093949043705808e-01
6.701536009950156370e+01 5.604985576845145090e-01 -4.189028720150815843e-01
7.032989639875872001e+01 4.460725842618409875e-01 -1.449387591987896795e-01
7.418855241558168245e+01 2.329873054384251907e-01 -1.300228068083295163e+00
9.704118556888482772e+01 1.151358643391207082e-01 -1.917513325063458618e+00
7.216678502121375516e+01 7.594632942423390487e-01 -4.821616905030086109e-01
9.111683763612359144e+01 8.619872607361256378e-02 -1.210198388896619237e+00
6.662097342353278862e+01 3.550768658166314484e-01 -9.634410419954657634e-01
8.109710917948937947e+01 4.249588981878652527e-01 -2.164253829577999777e-01
9.342591131215242228e+01 9.895702829301501746e-04 -1.896190507072050613e+00
7.642992491001885469e+01 1.847869237949668619e-01 -1.969794512685060228e+00
7.871258194203414860e+01 1.716972234079857662e-01 -6.017155213441701456e+00
9.417754469253944194e+01 4.500047337373212497e-01 -2.539608355613374169e-01
9.266702871431375854e+01 2.471484084326088237e-01 -9.869394717174084786e-01
8.874560987900811426e+01 3.699677264286286293e-01 -6.385232723491371942e-01
9.276806892949188921e+01 5.193812275577297521e-01 -1.529846745386463258e+00
7.479250236010604169e+01 5.553618587565672948e-01 -1.421277840126058123e-01
8.577751044775254741e+01 6.099794546798946726e-01 -9.593493251155441603e-01
9.889820992367678798e+01 6.720583970500695337e-01 -7.853889764087550462e-01
7.018934747777895211e+01 7.862359159480307724e-01 -3.645612278045868848e-01
8.944222168625334746e+01 6.967291858500954671e-01 -2.397806902240958715e-01
7.515984850946155404e+01 3.959720503211073828e-01 -6.333222837169517616e-01
6.952307560224792837e+01 6.420620123629219300e-01 -5.311904128671063319e-01
8.184255087884480417e+01 7.484976275343684093e-02 -5.630893151723942447e-01
8.512573316023660652e+01 1.111724088069050986e-01 -3.573425886962305342e-01
9.046324030071261291e+01 4.366303542393991377e-02 -1.934691139063970278e+00
7.448990668763374856e+01 3.506034863965983017e-02 -4.685037308633935860e-01
8.252533285736348034e+01 1.599895813862710625e-01 -1.098773957132090118e+01
6.890225054672048088e+01 2.083325627948248993e-01 -1.192745528671176114e+00
9.576968747961916506e+01 7.077615620821534614e-01 -1.507570769873531336e-01
7.973129168296966895e+01 4.886146150436804780e-01 -1.317003567074495951e+00
7.343305321037878741e+01 5.795159049198227441e-01 -3.826173151944018413e-01
8.719332746700924019e+01 6.814692246026653188e-02 -6.242123800111379905e-01
6.901157753407166240e+01 1.335615114162153894e-01 -4.907312333968825713e-01
8.776027141010064270e+01 2.251397503569443070e-01 -3.701179504332237635e-01
7.482368161381994298e+01 4.247124725432329106e-01 -7.047603079272447557e-01
7.665432576196739944e+01 2.208659833089459679e-01 -1.085923175451110723e+00
7.348768834644619119e+01 7.514729158108571783e-01 -8.972772866898256483e-01
8.712282162440968136e+01 2.390685523958479275e-01 -3.919758720736141733e-01
9.642633925010646578e+01 2.274683860386404743e-02 -1.562034508257227117e+00
6.889268187312192993e+01 6.141160145374290336e-01 -5.339903684103588510e-01
6.857488838284015742e+01 4.467506719407822735e-01 -5.137540696237632432e-01
7.569953685967050205e+01 5.665287601899975378e-01 -2.262193485981374153e-01
7.933729952146919118e+01 5.554692172874322598e-01 -1.284267836469750845e+00
7.789178633849546429e+01 1.481317935093892646e-01 -2.366775526175598721e+00
8.182107528556456089e+01 5.687861666149350848e-01 -4.313861606073878807e-01
9.202433135094585737e+01 4.865119611264949462e-03 -5.309556361010531189e-01
7.041788830376324881e+01 7.086596308816645040e-02 -2.252401382279809017e+00
8.650980704247118069e+01 6.263158593170824462e-01 -2.186615972211498171e+00
7.411339032082410938e+01 6.973943483459433823e-01 -5.365047637520603541e-01
9.259660068449039727e+01 1.722603056056737358e-01 -4.050670234870302755e-01
6.660590947819211749e+01 5.884149852397474456e-01 -4.726501860191691939e-01
7.438639788684074006e+01 3.375034271626788929e-01 -1.313908044242042550e+00
8.521751896453558572e+01 6.613900883166426992e-01 -7.436257896761296060e-02
9.047724522567315830e+01 4.577876029238014954e-01 -6.143946924685510513e-01
7.729592777359262357e+01 4.383169648066534418e-01 -1.887532867771014033e-01
7.599798287017736698e+01 3.671080642950505513e-01 -1.369874287306039606e-01
9.118860795568473065e+01 6.017066001341767612e-01 -1.495051150311947352e-01
9.426097903319275417e+01 6.537325553825183988e-01 -4.896394934547090849e-01
7.319060196000539520e+01 5.810327030444203400e-01 -2.421740464771760803e-01
8.124686004000140827e+01 7.388261589247153704e-01 -2.339681372668684922e-01
8.499146979171383975e+01 4.413566720715976499e-02 -4.550607552330024896e-01
6.674296495201643609e+01 5.219454542546098086e-01 -4.532719376855601223e-01
7.822981879608389022e+01 1.052941261782388560e-01 -8.247878488746531733e-01
8.830040589845138754e+01 5.963136394098541571e-01 -2.379610796519687987e+00
8.342348362794342620e+01 6.836838266449865031e-01 -1.844494921636314455e+00
6.928726483548588533e+01 1.266977616581001498e-01 -4.434626102590757957e-01
8.643070612367596084e+01 1.791578600028810864e-01 -2.699416460977671850e+00
7.631200782709998975e+01 7.095951901936053963e-01 -1.641673121885513176e+00
7.239410737752886860e+01 2.537987668635239280e-01 -2.996927886726296286e+00
9.024730731073952938e+01 3.194480118497288190e-01 -6.604289061826553731e-01
8.369219956130095284e+01 5.394627424574238717e-01 -1.009334062145450517e+00
6.961832201374846818e+01 3.089248977661493978e-01 -2.076515334015085035e+00
7.974904648596589141e+01 8.216142331369973018e-02 -3.999323250168560495e-01
8.197862724367460885e+01 1.606065909927971713e-01 -7.323814158802008478e+00
8.874396320276214567e+01 5.139098246211378784e-01 -8.965468471258103422e-01
9.078650069977830128e+01 7.280956454816309709e-01 -2.019680144420291437e-02
7.074667545021117121e+01 6.458930507450921787e-01 -5.338805979282569281e-01
7.285830142930680609e+01 2.871967400595495934e-01 -1.029562677151204753e+00
6.829137452932997121e+01 7.606931739251019398e-01 -8.430744744206731811e-01
9.775165478587538814e+01 7.575121111152274267e-01 -2.128908493077555364e-01
7.756971212388722847e+01 4.712047082946949073e-01 -2.805482513291479574e-01
7.539211921594362309e+01 7.598598699366151954e-02 -2.696254570897288705e+00
9.233282350399022675e+01 2.909776701326471371e-01 -1.771029346578486541e+00
8.772817133365026621e+01 5.300467804923656434e-01 -3.150195745151001425e+00
8.058977946479622290e+01 6.922733524312495446e-01 -7.086191901815683813e-01
9.466645835255977204e+01 4.877927038270934990e-01 -1.011002264336563067e-01
8.113549480275891312e+01 3.450864111143981394e-01 -2.157857902467413547e-01
8.947193690970361502e+01 1.231913950221726409e-02 -8.527517852337952453e-01
9.890719519263436155e+01 4.750534347771125931e-01 -6.809400540001657731e-01
7.698206080536952811e+01 3.283600663169438105e-01 -7.605441290383988667e-03
9.848041449547596926e+01 3.013905501115250463e-01 -1.533589845840759025e-01
8.684182648669373350e+01 6.759256231268124804e-01 -1.815324257440581901e+00
8.938391108023893139e+01 7.202193853922465028e-01 -2.653280787638045424e-01
7.191031785899852480e+01 7.860995883105091897e-01 -3.694169293655858444e-01
8.786757865396199918e+01 4.915809211311870097e-01 -3.215303199294399672e+00
8.048552095064189871e+01 4.105953565749186907e-01 -4.152319875354682499e-01
9.518717208078645342e+01 6.366435184918530776e-01 -1.372220599109619521e-01
8.298078384191566670e+01 3.864631603014275218e-01 -1.193420244843139022e+00
7.385926374747886314e+01 9.938543353745077358e-02 -2.959815005427249845e-01
9.305418610875021557e+01 1.572910894760910505e-01 -6.459181072279627234e-01
9.389823033813109987e+01 2.618000372016692778e-01 -1.062785638275213634e-01
6.709472977559801166e+01 2.684996008390043154e-01 -2.808925346229304232e+00
6.989529157170410656e+01 6.682906690551226880e-01 -2.500084311471112430e-01
9.335063322439017952e+01 2.409730497612227185e-01 -4.135161370797749147e-01
8.902764322714787681e+01 4.870781327387736781e-02 -5.008254554193327657e-01
6.793918757394625629e+01 4.483872957923650815e-01 -1.814333682829095407e-01
8.413636332301996390e+01 6.195197746039525777e-01 -1.127982589509293421e+00
7.099174684376401956e+01 2.123966324984717380e-01 -1.092612784910421020e+00
9.673777197319158461e+01 3.753887817229584201e-01 -1.237006586870627256e+00
6.737249156619944301e+01 5.471996393449217733e-01 -3.884479071228243985e-01
8.976256759217643832e+01 3.165442509762361051e-02 -4.881700923078390320e-01
9.719131402087364791e+01 3.985576011824030207e-01 -7.904012368549128142e-01
9.823948084728893093e+01 1.907327822548115781e-01 -3.058827789798830854e-01
9.342843818091253638e+01 9.250934207796421282e-02 -2.527577068326127829e-01
8.229314278403074923e+01 5.095717532181182063e-01 -1.831009524808743683e+00
7.127999213462855721e+01 7.169404245097804607e-01 -7.110195319649786905e-01
6.620146829711669056e+01 3.762803636248945871e-01 -4.993773859544847760e-01
8.605171759965142542e+01 7.829834962831276890e-01 -5.882517904424278132e-01
9.488827588832295135e+01 7.942956704759623898e-01 -5.075830879343947721e-01
9.591611479022975573e+01 5.027180617086023373e-01 -2.388515818962635151e-01
7.918582884658344767e+01 1.986767914358509302e-01 -4.286451859144215781e+00
7.522137766362017430e+01 1.374980708189197931e-01 -1.371739057581975896e+00
7.990244197658887515e+01 3.579175622118225819e-01 -2.875306619993575619e-01
7.010225228152530974e+01 2.076276434483501632e-01 -2.684800953441403681e+00
9.750989142904899154e+01 3.203805082657809056e-01 -6.567873459415354276e-01
8.458643211519736838e+01 1.306185276129688544e-01 -7.426266598309307909e-01
8.562009790497542383e+01 2.753905726226710260e-01 -1.005159721900733966e-01
9.142370876859510531e+01 2.292424888545831763e-01 -1.253799945178530884e-01
9.565443056577259995e+01 4.002244755269426246e-01 -2.565985839411942804e-01
7.215950823971343198e+01 1.171794889210012319e-01 -4.024369480969755553e-02
8.278714887935942102e+01 5.678841441472377849e-02 -1.284919736781222399e+00
8.418273386065679631e+01 3.297354133518808073e-02 -3.708238396320277519e-01
9.603149694659933289e+01 7.727424808850931193e-01 -3.048715646195347406e-01
7.864401395505821313e+01 4.177532362483917239e-01 -1.082966202330791217e-01
8.230308086513687726e+01 1.669738338406207001e-01 -1.011971207615171231e+01
8.150232234290676558e+01 1.929995103862725547e-01 -3.133021267811009647e+00
8.293751546648479689e+01 1.906183906362310942e-01 -6.775502013214858898e+00
8.346592849008675330e+01 1.620964557255476779e-01 -3.379118975798444779e+00
8.034510940114492428e+01 1.568797566873757210e-01 -2.498982329159230020e-01
8.181911675325643785e+01 2.184998323707939838e-01 -3.935356799229357438e+00
8.489378958747593629e+01 1.841449187081619920e-01 -6.337676978424433560e-01
8.338160962909438467e+01 1.727818483638145775e-01 -3.660416298230624310e+00
8.072046173204316233e+01 2.138526206689399245e-01 -4.694556146473637948e-01
8.358297587119616878e+01 1.691626287326950251e-01 -2.012609183398708979e+00
8.101164980287428818e+01 1.341543972225539838e-01 -1.362734903077425175e+00
8.886775765076211542e+01 1.641993095883434450e-01 -6.094232097129678172e-01
8.165780496534186739e+01 1.687336594572804715e-01 -4.943906543549450916e+00
7.489478464332219687e+01 9.396516250204278720e-02 -1.142395452217918272e+00
8.110834260779925842e+01 1.349582640483808771e-01 -1.650429839291288170e+00
8.248696228105923467e+01 1.407598734880779190e-01 -1.045227264118439692e+01
7.760501922970638589e+01 4.574166899642467463e-04 -7.049444767786738897e-02
8.384824612197073179e+01 2.231542471621325019e-01 -4.899496208427391308e-01
8.213136532924737310e+01 1.934530241288668073e-01 -7.290186092144079311e+00
8.261794667640180023e+01 1.826940146930350894e-01 -9.384380055732565395e+00
7.222842744281739158e+01 3.042931853068366332e-01 -2.590918280251116812e+00
8.045905463997844720e+01 1.919841515473162119e-01 -1.356144676364456902e-01
8.331311641064007745e+01 1.367664591031435006e-01 -4.695387874962328567e+00
8.064729135284281369e+01 2.411889264162966340e-01 -2.861384705098889980e-01
7.893413005246290481e+01 1.453347833826272584e-01 -4.597175951215045409e+00
8.229740614063638304e+01 1.501341680885278640e-01 -1.016158294665869555e+01
8.274928865751758167e+01 1.424174541616294032e-01 -1.054153444513684157e+01
8.233871246149655576e+01 5.953973344117017424e-02 -1.395843126380814203e+00
8.245510103365484156e+01 1.652909326840634185e-01 -1.072355763061662515e+01
8.189437322553007448e+01 1.642602286803468981e-01 -6.686263621220179587e+00
8.236331922870436983e+01 1.579796705226396702e-01 -1.028022376439107610e+01
8.203786633650388183e+01 1.689346596029539516e-01 -7.900423652719401169e+00
8.721048069413529902e+01 6.166322835647905509e-02 -3.997321135438041684e-01
8.333880878661271652e+01 2.200010224627723110e-01 -1.964894697004180069e+00
8.190059704814518682e+01 5.336975053953724180e-03 -1.374208775908132063e+00
7.823069560912321663e+01 3.912652852091461075e-01 -3.521714749433206837e-01
8.256810899117823510e+01 1.899674287953387886e-01 -8.867438727111890628e+00
8.274326597740166278e+01 1.820950646544934326e-01 -8.710803965279419359e+00
7.530083429045106413e+01 2.103335001695208484e-02 -1.551685023763452187e-01
7.842377776031865722e+01 2.601267719982511828e-01 -3.359186002245508007e+00
8.288166215949742366e+01 4.514447558670491717e-02 -2.092494424160605604e+00
8.135028696014643401e+01 9.094977384196750725e-02 -3.225348807424812669e-01
7.897221554905492269e+01 2.840372336851367252e-01 -1.923784955810772024e+00
7.868266179824880169e+01 2.289101115905982364e-01 -4.819070706399017467e+00
8.315239228968249563e+01 1.529752070078772286e-01 -7.110784222868930193e+00
8.363679840956052658e+01 2.115149816458915810e-01 -1.018686614235303267e+00
8.031637996892159492e+01 2.878695390475136673e-01 -1.008792578394142464e-01
8.220853401457119958e+01 1.087317305956451707e-01 -4.558525250793149297e+00
8.282925581484524002e+01 1.073405992762056366e-01 -6.199843336151982243e+00
9.144634251774995448e+01 4.107930519027271909e-01 -1.119556009351163395e+00
8.234285173791896284e+01 1.492350752132459712e-01 -1.012432687451367386e+01
8.246728631590058001e+01 1.539359297782906255e-01 -1.093947655201638369e+01
8.265350268449857651e+01 1.414566701304664220e-01 -1.073855583500195010e+01
8.261203687172978505e+01 1.432793464188654164e-01 -1.089563176325395588e+01
8.277709225344997890e+01 1.682087645375237583e-01 -9.887541465315448974e+00
8.269464354423072905e+01 1.707391621659091752e-01 -1.010467276931580294e+01
8.252229172569809634e+01 1.919302385998036264e-01 -8.746511113749322774e+00
8.308648261942869340e+01 2.494309082891187634e-01 -1.612012625577672997e+00
8.257711170707472093e+01 1.235194393490459119e-01 -8.969567418261163994e+00
8.280438289264306206e+01 1.258565274469377326e-01 -9.081682473331625260e+00
8.261433862240592418e+01 1.856316998809104113e-01 -9.102674547925607484e+00
8.213709837611398257e+01 1.807221542718150664e-01 -8.066267281936040590e+00
8.240854970055850970e+01 1.217669600745016761e-01 -7.753284597350697638e+00
8.218206318840324798e+01 1.745076024973114814e-01 -8.896956324436031238e+00
7.514732708018323137e+01 1.168437046050956746e-02 -4.845357956322652870e-01
8.097489168323849640e+01 5.465117325138428850e-01 -3.493292288182472394e-01
8.614733929974197224e+01 3.908487813676844169e-01 -2.728520725674960179e+00
7.277897215822730459e+01 5.765552184021832671e-03 -1.465988466996790640e+00
8.230934966230091732e+01 1.296425232441506814e-01 -8.472121918140313568e+00
8.633721313034435241e+01 4.628067980394006131e-01 -3.488544974077677274e+00
8.221577717878466274e+01 1.365133435492808800e-01 -8.729075441519762890e+00
8.302604012878413187e+01 1.522492667886889139e-01 -8.004058667198703958e+00
7.800256024039057934e+01 6.473679667525720216e-01 -1.056788313702738069e+00
8.294592160363171729e+01 1.881785557584933488e-01 -7.009786203361791479e+00
8.816778826836728911e+01 5.697376552083903700e-01 -2.701283311327632219e+00
8.266806210268248378e+01 1.508481110811687731e-01 -1.092413650269294578e+01
8.253767294451041892e+01 1.420137662976109216e-01 -1.076062478210707596e+01
8.271853175254867097e+01 1.613545771441682319e-01 -1.067132776928323601e+01
8.242372320651267614e+01 1.652847143397682128e-01 -1.051614154195655715e+01
8.235946095867858219e+01 1.359937948464893243e-01 -9.692623688959951522e+00
8.239150960222039544e+01 1.469938327549653312e-01 -1.047067982564690247e+01
8.271090486147122078e+01 1.539379472493906942e-01 -1.089824771652660473e+01
8.256309402441959833e+01 1.442733931815316228e-01 -1.087418399825782700e+01
8.247379477111655888e+01 1.710087105278890740e-01 -1.043852937037650896e+01
8.234502291772042781e+01 1.522643963414898050e-01 -1.021616474478175540e+01
8.261191238163615935e+01 1.245062311750981671e-01 -9.105287004189831279e+00
8.248962510971983875e+01 1.448453373434894498e-01 -1.069709533990208072e+01
8.261442055837278531e+01 1.680717982156854085e-01 -1.054292974712437392e+01
8.232646602866124397e+01 1.630023441334850498e-01 -1.022835072786563693e+01
8.257527999252363315e+01 1.715373356823729489e-01 -1.043926670721408811e+01
8.285726969272640474e+01 1.533523435989975203e-01 -1.011751271355297455e+01
8.281272072715972854e+01 1.475636050624790918e-01 -1.019820106998194831e+01
8.237215318064716030e+01 1.664694018366379147e-01 -1.046965002859959704e+01
8.252187112793779988e+01 1.381248732504820331e-01 -1.049802126424789250e+01
8.279211158625659550e+01 1.770914886357775053e-01 -9.184778258295111186e+00
8.269322876385417942e+01 1.354561786363265019e-01 -1.036851351279668165e+01
8.225332675746990674e+01 1.743504733772323068e-01 -9.391730025143310456e+00
8.224364939370049399e+01 1.503473995277820885e-01 -9.646368707664468189e+00
8.267831379896023236e+01 1.803911217260996680e-01 -9.295897470654560735e+00
8.261681915623708505e+01 1.304047464892519881e-01 -9.878708687582093972e+00
8.264560473986843192e+01 1.500177284026963653e-01 -1.106639040883726466e+01
8.254705270881389367e+01 1.423737120914693455e-01 -1.077980551580303725e+01
8.257813669652873045e+01 1.592661435156043082e-01 -1.101002488298800053e+01
8.239258161405972203e+01 1.452667456414435121e-01 -1.038820278138163467e+01
8.273919234106931242e+01 1.570279539380169398e-01 -1.047932290810142497e+01
8.263479492300454865e+01 1.702526459468034492e-01 -1.040528240413065575e+01
8.267629544721492607e+01 1.521026398638846699e-01 -1.091791591639556458e+01
8.252170458771645656e+01 1.569039272137421059e-01 -1.105381247902658082e+01
8.250574565731412235e+01 1.488709012810815746e-01 -1.103165974227360202e+01
8.228711698568470467e+01 1.439965285885003998e-01 -9.873831076493116754e+00
8.247566130713981636e+01 1.554039429406685047e-01 -1.094166387562370524e+01
8.248547422589976463e+01 1.600428008432340787e-01 -1.088885379606574411e+01
8.256967252226235132e+01 1.512205049742610385e-01 -1.106687345057305372e+01
8.254143971734276874e+01 1.626574274899026951e-01 -1.090179826343328173e+01
8.253891606843721718e+01 1.533067639714910113e-01 -1.107993625004118243e+01
8.242828908591344828e+01 1.501585048356355867e-01 -1.058048245360624762e+01
8.241980476537365519e+01 1.581752288688650920e-01 -1.066431894870162189e+01
8.272196014335918335e+01 1.555446906152165853e-01 -1.086849302231473047e+01
8.263017152221195261e+01 1.582635430870658333e-01 -1.098906423597838256e+01
8.269587089051549356e+01 1.429045539896308392e-01 -1.079441636965789897e+01
8.245189538189956124e+01 1.728504653680253966e-01 -1.032259907594861836e+01
8.244154824446482621e+01 1.637530811086665150e-01 -1.078120420860223128e+01
8.230669779371530126e+01 1.531656835212741041e-01 -1.023901068737481168e+01
8.264290508216066655e+01 1.543072437489698689e-01 -1.106431561372139782e+01
8.235733413927013657e+01 1.685630370592798577e-01 -1.006468487892728092e+01
8.261685576682192789e+01 1.656570346879812083e-01 -1.068338198331905708e+01
8.270635757148808409e+01 1.540806868240260641e-01 -1.089563547008214783e+01
8.251745421841921768e+01 1.543855423714259878e-01 -1.107803826268494873e+01
8.255736715857429431e+01 1.505113078058481768e-01 -1.105837509910938365e+01
8.272695670960186476e+01 1.461744880311136308e-01 -1.061826072480613981e+01
8.245800292797892439e+01 1.447901845620786776e-01 -1.069865104604903472e+01
8.279697611153929415e+01 1.371248708302932329e-01 -9.969967559121117873e+00
8.261319220770313621e+01 1.550002115458421481e-01 -1.105465579771519380e+01
8.246956127332511244e+01 1.509664820330643142e-01 -1.090471444164020731e+01
8.271033856520567440e+01 1.644734650838300116e-01 -1.051336065734136405e+01
8.233918807310017485e+01 1.490032795414591715e-01 -1.011602322073453841e+01
8.247859641011254439e+01 1.685076811559213794e-01 -1.057716364818738342e+01
8.254245082281155987e+01 1.573451982313499309e-01 -1.104759104102310197e+01
8.279237838209515132e+01 1.510071605857391253e-01 -1.062188647333267255e+01
8.259126974515515940e+01 1.602513486513927610e-01 -1.092310711941565593e+01
8.259434257504534571e+01 1.387766693295227616e-01 -1.064818168012997823e+01
8.264976511663644487e+01 1.369381064452040719e-01 -1.048369525499947486e+01
8.276978985564596769e+01 1.495912603343564073e-01 -1.063021957750015289e+01
8.235362682839239312e+01 1.590016069806037269e-01 -1.027800241454262142e+01
8.255370359945550263e+01 1.443016830324625188e-01 -1.087652964720997417e+01
8.232068610829605859e+01 1.518926698026695776e-01 -1.020965252835336479e+01
8.241863724763780397e+01 1.454252872170866961e-01 -1.039238821167297999e+01
8.260145336661841498e+01 1.419525626033655563e-01 -1.083461976836364293e+01
8.253713192739127180e+01 1.769412016735958659e-01 -1.004001526413115108e+01
8.250544555209461350e+01 1.578185601261282434e-01 -1.092556393905985423e+01
8.259749124090271266e+01 1.591052508589891890e-01 -1.096159821866199380e+01
8.256978367661686491e+01 1.647559649544383664e-01 -1.081796010381123807e+01
8.260529625983735968e+01 1.544675266201253616e-01 -1.106093667974962358e+01
8.250327071775767251e+01 1.612056832818756780e-01 -1.086271196571541253e+01
8.240663233119539655e+01 1.590456546121625792e-01 -1.065680397967997450e+01
8.251757650284785939e+01 1.522811989439835367e-01 -1.107687192870600157e+01
8.255195611076777595e+01 1.628927548217222188e-01 -1.089386933764841814e+01
8.251345793374945004e+01 1.668637424157847216e-01 -1.070789501666610910e+01
8.268716247924139395e+01 1.463231188443276654e-01 -1.088924080843615094e+01
8.259506119141815361e+01 1.494463809494764317e-01 -1.106120305526840752e+01
8.265502538549083056e+01 1.515991587992907286e-01 -1.092035768428265285e+01
8.261866824274608234e+01 1.578296197472578155e-01 -1.099950265594902810e+01
8.262668727446188655e+01 1.474160631731978588e-01 -1.102707598093723540e+01
8.260941557457395845e+01 1.396216447760590673e-01 -1.070116557353640907e+01
8.243772982255336501e+01 1.557340947081457816e-01 -1.094123603109245657e+01
8.246688291612497324e+01 1.599167092181823235e-01 -1.089074060945908684e+01
8.257340961279679448e+01 1.522384718288817274e-01 -1.107564528076964017e+01
8.244410115469116818e+01 1.622107146770294106e-01 -1.083173466090248382e+01
8.253171209236586492e+01 1.570131257066751662e-01 -1.105251641062311840e+01
8.263426076542808119e+01 1.625980231256195507e-01 -1.083569604886915272e+01
8.236848624891690918e+01 1.573490449464994556e-01 -1.066972630647463305e+01
8.245657319616454117e+01 1.503737100968839391e-01 -1.089385780202599641e+01
8.250705084021919333e+01 1.641263824970864704e-01 -1.077287839896971100e+01
8.233879011143696403e+01 1.595389569372608618e-01 -1.027537949381910742e+01
8.254014602056366812e+01 1.480474257599581345e-01 -1.101000858956857442e+01
8.257090258601347443e+01 1.502596643714475266e-01 -1.105407247203371668e+01
8.259455993919281980e+01 1.474343697429429667e-01 -1.102874640691760888e+01
8.246683352865785821e+01 1.573513204518292574e-01 -1.093020383154163255e+01
8.248241169419119956e+01 1.459815580660661360e-01 -1.075019095461174068e+01
8.261971941798189789e+01 1.519451618887101285e-01 -1.107565410399991990e+01
8.254256020052326903e+01 1.575957844140939701e-01 -1.104325969916759931e+01
8.259076901064756271e+01 1.585491448084872246e-01 -1.097753009257358059e+01
8.260271002017307751e+01 1.554265473491324157e-01 -1.104781525265166309e+01
8.256107288969576530e+01 1.555664145481335803e-01 -1.107105214610054666e+01
8.249196128492097557e+01 1.564387937598985534e-01 -1.093774785156803375e+01
8.257592193884906351e+01 1.612445336335102397e-01 -1.095419073314056568e+01
8.265700034730002699e+01 1.557996179103637024e-01 -1.085642767246744889e+01
8.249577981527332327e+01 1.453497848643856283e-01 -1.072028111391210992e+01
8.249655546958395291e+01 1.562611813553135276e-01 -1.093871784037441763e+01
8.262157962188668137e+01 1.471363367457486360e-01 -1.102109844188345811e+01
8.258863681716333360e+01 1.550417226242173929e-01 -1.105278915598857203e+01
8.251959488463242565e+01 1.576131703674237272e-01 -1.104185471990711598e+01
8.253402816542659082e+01 1.580507120596407189e-01 -1.103425452455632261e+01
8.251463883666313848e+01 1.531293357843243053e-01 -1.107986210144909833e+01
8.249358247975359859e+01 1.542708794852400145e-01 -1.094016117054739645e+01
8.263740306426421967e+01 1.529483076610851366e-01 -1.107396630472111454e+01
8.249788543251881379e+01 1.501567032205181340e-01 -1.088600627965096912e+01
8.244473202537542988e+01 1.611211169010028643e-01 -1.086196498230063057e+01
8.259756314270936173e+01 1.453951286350344263e-01 -1.097537394346427497e+01
8.251855821948839775e+01 1.538314380198625986e-01 -1.107972924706474238e+01
6.962257838183047909e+01 2.895578255317585170e-01 -2.429147049422661464e+00
7.978495973271654407e+01 6.818331082765091145e-01 -2.489346827789566063e+00
8.561215366229164658e+01 6.967977876759092748e-01 -3.816014026909069212e-01
7.887152083609133513e+01 1.804745975818871084e-01 -5.899829244603806977e+00
8.847575631356275494e+01 7.697281205295256612e-01 -1.364546557362351198e+00
9.212953446947366842e+01 2.633634031762143723e-01 -1.211346048784030183e+00
8.523166665264658093e+01 6.647063206440869676e-01 -7.317155776121131439e-02
7.857540477974322357e+01 2.412080963569021019e-01 -4.290358792886552308e+00
7.314331064622453482e+01 7.525991180627691346e-01 -5.188995077865452554e-01
7.167280675771178267e+01 5.924261733592371959e-01 -7.030646521680655736e-01
6.826732406743236936e+01 1.131596955564242030e-01 -5.021997746784527816e-01
9.677321528705860487e+01 1.259102472544456897e-01 -1.945459610691461005e+00
8.789766788452351420e+01 1.301915082032606696e-01 -2.380091243310973326e+00
9.093201885879825852e+01 6.349195824732213334e-01 -9.347669708898173613e-02
7.146103640712219374e+01 1.697471444344731961e-01 -6.915701458685900027e-01
9.122197475832432190e+01 4.884986383991462566e-01 -5.720448905979078624e-01
7.117885877318141752e+01 3.299708314760822492e-01 -3.995614090994508150e-01
9.595628927242285044e+01 7.342766338187846076e-01 -2.602963178491131124e-01
6.777058488107627454e+01 4.853562139633343375e-01 -2.524945558034139559e-01
7.591172969034683149e+01 2.092473814525799003e-01 -2.017264146867377317e+00
9.850976450951878860e+01 6.520623384521186949e-01 -1.904405733642158260e-01
7.028834661063154954e+01 8.926757698518954232e-02 -1.396888112252197223e+00
8.001773276579918104e+01 1.573859761909382204e-01 -1.049189529035356561e+00
7.766325419014512477e+01 6.932720844082150835e-01 -7.944983315530903534e-01
8.953062184279431790e+01 8.703315449260778935e-02 -5.061309177635960575e-03
7.535105100786871901e+01 2.792493468001919221e-02 -7.512933964867392067e-01
6.633812280692414731e+01 6.309780760659959575e-02 -1.378842509059642119e+00
9.722837368122497992e+01 3.990038663379325001e-01 -7.899663952867191918e-01
7.399224074778604177e+01 5.176107940598750901e-01 -5.537276520406648750e-01
6.966056241476513833e+01 1.841733810179005393e-01 -2.733733922410618966e+00
9.382111347171984050e+01 7.405719347684945886e-01 -3.840930668563075634e-01
7.281464687370453248e+01 6.253475657783439390e-01 -2.685723234243710955e-01
7.449635799559253257e+01 6.450053515548983540e-01 -1.036341474483762765e-01
7.795240858257666616e+01 6.781612026501100399e-01 -1.107943495858027871e+00
8.988015411592303394e+01 6.203606352844075467e-01 -1.866189960960538685e-01
7.022601318825701355e+01 2.241958770794005851e-01 -2.101498234230218198e+00
7.837458273871028780e+01 5.514596091304921344e-02 -4.061228165511441723e+00
7.736154035298952181e+01 1.822737012383991370e-02 -6.685498565653825720e-01
9.191328231886848243e+01 1.391718343044327511e-01 -1.343018429480234088e+00
9.521992522368651635e+01 1.708478963621432143e-04 -2.153897387360570181e-01
6.609429927455384757e+01 1.039447077467881009e-01 -4.465887913720432145e-01
9.255759889401855389e+01 3.025807303223520539e-01 -1.847708857808535887e+00
9.641354929857401146e+01 3.392812451009635799e-02 -2.166460655814751668e+00
8.333216315048952083e+01 5.323665719103486405e-01 -2.053596718533021281e+00
8.223133417971075687e+01 4.972105668520700461e-01 -1.697371255678922219e+00
7.656346855881383817e+01 4.058748590431482950e-01 -1.115213648968638727e-01
8.085919076165204444e+01 5.061992294355762700e-01 -3.979268365635291738e-01
8.490953769736859158e+01 6.038167864105619120e-01 -4.088871664473611167e-01
9.899522861532220475e+01 5.783934648553692437e-01 -8.146803734702930955e-01
9.783116745876654363e+01 3.141677401751917786e-01 -2.736199199628219780e-01
8.044222242756241315e+01 7.442887648625237107e-01 -8.321274784717929140e-01
7.506359239040855869e+01 7.815435785539496250e-01 -4.552145739525439438e-01
9.164514140225581684e+01 2.740524752750658766e-01 -8.767510909465282554e-01
8.651214359258307240e+01 2.041065975833204760e-01 -1.091780754294999323e+00
6.734381420868983525e+01 6.782220793834349559e-02 -2.935543266376068772e+00
8.172170744475189963e+01 4.512492569703420442e-02 -4.245470702286704423e-01
8.387432488500127192e+01 7.159512994580328193e-01 -1.181989737452801226e+00
8.208467969127966057e+01 5.494378037668542492e-01 -1.219582794807452242e+00
9.317280152660765680e+01 1.314055046061998570e-02 -9.516097553033526779e-01
6.841436010910767607e+01 4.083810798365649086e-01 -4.555016581917553098e-01
7.331942252272477845e+01 4.773210101979734610e-01 -7.478577979290729205e-02
8.827876050859252643e+01 5.749454586125299915e-01 -2.455126178406007664e+00
8.307151254149542297e+01 2.179956892687021641e-01 -3.335556943676097230e+00
9.367551397842026972e+01 1.507340638305150748e-01 -1.174014837827420665e+00
7.088798636311527446e+01 7.653681008547201514e-02 -1.996803101338826325e+00
7.223845799813770441e+01 5.635888407594809024e-01 -4.526286287783201079e-01
6.886664948713540468e+01 1.640051144887717804e-01 -7.840837754619537359e-01
7.233587195632784983e+01 3.239546898116048013e-01 -2.064718087773922406e+00
8.580636842791150798e+01 3.789181797260132711e-01 -1.417934771237312042e+00
8.933826455343734096e+01 6.587841805722449706e-01 -2.702576946196287855e-01
9.433783297259024891e+01 2.519671103983715521e-01 -4.336036808781879720e-02
8.474322874436542463e+01 4.498362915904379200e-01 -4.390608331520041152e-01
9.041287495989240597e+01 3.475198900807223712e-01 -9.073155383678496166e-01
9.055440304843538968e+01 5.535818714918201433e-01 -2.364234391386871581e-01
8.056510174689356063e+01 1.947919205190964675e-01 -2.645291515330291388e-01
8.727544086187772621e+01 7.649683822151973622e-01 -1.365707832500588248e+00
9.475465168032009444e+01 4.381425046558619640e-01 -6.166124124804930884e-02
7.556709677534739455e+01 4.715266830400705600e-01 -1.002911697293328713e-01
8.416005931708122034e+01 5.881600987471166109e-01 -1.048847680902096347e+00
8.889967829336904970e+01 1.044857557297790840e-01 -8.537004275212921323e-02
7.375490585318192416e+01 3.057684810689468846e-01 -4.497786386119842494e-01
8.683534122129270827e+01 2.695798101087539256e-01 -5.583912658520358008e-01
6.704698641538837478e+01 4.459359311035305251e-01 -7.443644677933133336e-01
6.695444927730216023e+01 3.618055887679505478e-01 -1.414370550177328267e+00
7.946791202073707439e+01 5.266277265628034332e-01 -1.305967865294244357e+00
9.296772083982708068e+01 6.085712661424916847e-01 -9.679378548369825808e-01
9.747486018453940915e+01 7.200423336024824872e-01 -3.609747286545181844e-01
9.816341098588725345e+01 3.571063251301641039e-01 -1.513793385267174774e-01
8.380586296856284889e+01 3.879752443768876291e-01 -4.036047048584181507e-01
7.688709034401199460e+01 3.689119031777532975e-01 -3.449518054654829996e-02
6.904357640350283987e+01 7.970557302854723858e-01 -3.455149152474516483e-01
8.136554191878443021e+01 2.859743191483622993e-01 -5.908938919706697712e-01
7.488284713728525332e+01 7.888827291322826341e-01 -4.210312385558431791e-01
9.446831386658729457e+01 4.249042996907771985e-01 -1.224571681126710582e-01
9.564061981917251387e+01 4.567600921818113502e-01 -1.893209375342051193e-01
8.249771747276729172e+01 3.401654724366784954e-01 -3.508739055608591784e-01
9.627728764252094606e+01 2.381330366095003592e-01 -4.043026187991236586e-01
8.629991446336462957e+01 5.388240795909179370e-01 -2.852035301379682419e+00
7.629517996666470481e+01 4.202859240992822265e-01 -1.122404021954255676e-01
8.767273791404834071e+01 7.071553661452246731e-01 -2.145284898009280905e+00
8.278606716700400625e+01 1.540820571163717678e-01 -1.057073795102254898e+01
8.258133887511613125e+01 1.614760519949320072e-01 -1.094713631446939495e+01
8.245028331074347250e+01 1.516162239849449533e-01 -1.091680379349344854e+01
8.310033710375226690e+01 3.641794879566537246e-01 -8.396789254469037012e-01
8.237102143723754466e+01 1.536119138471329915e-01 -1.065503972318408898e+01
8.221748446749955974e+01 1.450116183336499220e-01 -9.398694925795549437e+00
8.258875860068532404e+01 1.405673510874472232e-01 -1.076129220423125865e+01
8.301014972811834980e+01 1.364913105627605372e-01 -8.122576376850275892e+00
8.280750955133244418e+01 1.872401018239092940e-01 -8.227720402967081625e+00
8.257210292564857923e+01 2.061879554204846254e-01 -7.172512254444183277e+00
8.350228876916392551e+01 3.303064526328631234e-01 -3.533167508742277585e-01
8.208464617194923107e+01 1.274488600470826405e-01 -6.510244122238374231e+00
8.305242131253847049e+01 1.262161855034833191e-01 -7.657314114365076918e+00
8.213777236749763233e+01 1.873273631318964627e-01 -7.692471773059551765e+00
8.206089525176474808e+01 2.009011904800264703e-01 -6.312422695163711239e+00
7.729076395109655095e+01 1.461580025593277321e-01 -3.210410951877547547e-01
7.938932001428281637e+01 1.485068887880528488e-01 -3.395017636207497524e+00
8.643870990429896040e+01 1.568763145994402086e-01 -4.410262353427845561e+00
8.346511348605753255e+01 1.252618447345167640e-01 -3.082945048689088807e+00
8.287940261144504461e+01 1.139937746388103579e-01 -7.215198191983276388e+00
8.136859023169341754e+01 1.981859853756789969e-02 -8.830987577446833825e-01
8.327993405053513243e+01 1.810288491106467890e-01 -3.946603501751497767e+00
8.265971807769213342e+01 1.977609836945876665e-01 -7.867001186908140653e+00
8.196067643368688493e+01 1.772548707252161737e-01 -7.044382027852294392e+00
7.776409966782534866e+01 1.806444239662563789e-01 -2.655934032505079312e+00
8.240644559637981104e+01 1.445146790150377281e-01 -1.034550160719788536e+01
8.247802990499491216e+01 1.605847747489822230e-01 -1.087658074076840897e+01
8.261128838656486550e+01 1.315816065509221866e-01 -1.001157774144790302e+01
8.257620847937246822e+01 1.779227804733203300e-01 -9.969753487571875183e+00
8.473744610172870750e+01 1.371276851801649099e-01 -7.276983095632741927e-01
8.286436380142345115e+01 1.593583801551016199e-01 -9.897289225755763198e+00
8.254676530748527341e+01 1.821459078254155095e-01 -9.602818003950149617e+00
8.270122560032926629e+01 1.285025778671674279e-01 -9.688079882703307888e+00
8.268796230504079858e+01 1.843418049050898899e-01 -8.923066783846254069e+00
8.303169323980586114e+01 1.551336457127448221e-01 -7.897056928171680035e+00
8.250561055328721238e+01 1.184154202071980022e-01 -7.905684647840577561e+00
8.233051241746305493e+01 1.877547116996712839e-01 -8.854654809918036662e+00
8.221625469791030127e+01 1.748218038058908519e-01 -8.885149301549153833e+00
8.294917013468729294e+01 1.335726360640628330e-01 -8.736474010812903757e+00
8.209767261354966195e+01 1.701781226615786680e-01 -8.486459306045828654e+00
8.216130585825774801e+01 1.563602953906447768e-01 -9.209217633424339411e+00
8.189678152700994929e+01 4.208777440442665885e-01 -2.333812703437355973e-01
8.202090351234770083e+01 1.392891429940968928e-01 -7.127770614754215472e+00
8.283678315313115093e+01 1.152931835819739209e-01 -7.619686618194285721e+00
8.289236480441822152e+01 1.846754197033804168e-01 -7.320207074899271582e+00
8.266649071560415507e+01 1.023602674596767043e-01 -5.084872065296333510e+00
8.217994455518800123e+01 1.962899997735807200e-01 -7.506785422727928037e+00
6.892635643548013036e+01 1.455265918149533690e-02 -8.909307735041041010e-01
8.287780454118851026e+01 1.155530172816046364e-01 -7.453364903791782403e+00
8.308155405507720559e+01 1.717427422080690658e-01 -6.931557878515549831e+00
8.236987661054367038e+01 1.688947012690488192e-01 -1.036593216805591489e+01
8.259926890801395416e+01 1.479829309705444074e-01 -1.103938125674236304e+01
8.246923241711911601e+01 1.608904607278286436e-01 -1.086892125862141789e+01
8.242763081765707511e+01 1.439493592060355487e-01 -1.030953108400241369e+01
8.265832350887222901e+01 1.533345850962800350e-01 -1.090331368293679226e+01
8.252944312526125259e+01 1.660750965756191411e-01 -1.075042569391082559e+01
8.233682149725521526e+01 1.582169188821365147e-01 -1.028097536838177462e+01
8.272399967427460865e+01 1.668124648111027619e-01 -1.037807604276715523e+01
8.277359408005783337e+01 1.468349404661723201e-01 -1.062583710609710863e+01
8.248968590406609280e+01 1.521693122967822109e-01 -1.092268538742502848e+01
8.252150203525538075e+01 1.693445878171266628e-01 -1.056881742912587718e+01
8.283052187071280059e+01 1.573591995736810523e-01 -9.979081430495526206e+00
8.229951255705559277e+01 1.500820536409587513e-01 -1.015961709402727742e+01
8.267855309014525744e+01 1.620542230828337649e-01 -1.063286331455955747e+01
8.243497319360704978e+01 1.368109107170203953e-01 -1.014222088829605539e+01
8.279098282271186804e+01 1.491068472991506633e-01 -1.063307860795216619e+01
8.224072292637478654e+01 1.541147823666809691e-01 -9.749281266948516489e+00
8.260586005452883285e+01 1.327864367460838135e-01 -1.013950910935793992e+01
8.272848229324256408e+01 1.702769160496369061e-01 -1.014586065604042631e+01
8.235117730947544601e+01 1.418644189068753170e-01 -9.717855500652065714e+00
8.245477295928986905e+01 1.831564411122280911e-01 -9.541252811875954976e+00
8.224000496097086454e+01 1.759182674365872279e-01 -9.310668265861414383e+00
8.265179387901281416e+01 1.277392601287825613e-01 -9.609433648227707181e+00
8.275273875905490684e+01 1.768335097061116135e-01 -9.196202096530916137e+00
8.225723058979201596e+01 1.635581691515481939e-01 -9.755714490335908096e+00
8.265029526409713867e+01 1.658206684675774534e-01 -1.067974942059865739e+01
8.250038681673399310e+01 1.623635052693887248e-01 -1.083069366062657402e+01
8.243892095334075520e+01 1.541283616646071664e-01 -1.094102881701916274e+01
8.258221531259282244e+01 1.517734233676723832e-01 -1.107507180240756917e+01
8.259473228883362594e+01 1.481699917315079940e-01 -1.104286769880974717e+01
8.240849213016068120e+01 1.318610360901115719e-01 -9.221207224709770500e+00
8.257299375742688596e+01 1.608700354824067480e-01 -1.096566870209795574e+01
8.241695427788341988e+01 1.477180733522452383e-01 -1.049760189766800877e+01
8.250637349553895206e+01 1.485709891521514725e-01 -1.102489812971927385e+01
8.243122876171963753e+01 1.449190908955737822e-01 -1.070842707879325673e+01
8.267941985256774728e+01 1.423815644162859939e-01 -1.077550142145274847e+01
8.268467004746391069e+01 1.655515071563247731e-01 -1.044701822972609051e+01
8.267369700447470393e+01 1.516271722557524793e-01 -1.092108985863263548e+01
8.275313560820806913e+01 1.562809491844346921e-01 -1.050625457673302243e+01
8.258804043992982713e+01 1.389637833428294111e-01 -1.066167220469266042e+01
8.243325233616067749e+01 1.436009706370486028e-01 -1.064043329104427116e+01
8.248542324491391753e+01 1.741756483408671285e-01 -1.024135752118750098e+01
8.277421302685667115e+01 1.402296664116176317e-01 -1.046086164664556506e+01
8.262551557044514539e+01 1.390033929298519488e-01 -1.065866570683474457e+01
8.280817955004236808e+01 1.460781087323057559e-01 -1.019794033891268725e+01
8.279990604454457070e+01 1.553201257467169139e-01 -1.005016161170364342e+01
8.252228119340102808e+01 1.624191188067810321e-01 -1.090883976699241131e+01
8.233442211092260266e+01 1.598335199558685027e-01 -1.027330254692322598e+01
8.237947353038273945e+01 1.672151907171652019e-01 -1.044042314953222217e+01
8.219833955825873772e+01 1.587609858463118195e-01 -9.228572464532835085e+00
8.256385949254166690e+01 1.625550265531066074e-01 -1.090779412801983383e+01
8.232365797148429465e+01 1.469580494044590291e-01 -1.002973713898872532e+01
8.260220923406723159e+01 1.588955662738329444e-01 -1.096842453539233553e+01
8.239500645136125456e+01 1.389251425291648523e-01 -9.954398595125329763e+00
8.262560297649075380e+01 1.544521765884551701e-01 -1.106202937424682986e+01
8.250530311428049401e+01 1.588303751020412324e-01 -1.091163595740489356e+01
8.276986415989519230e+01 1.502527914485601856e-01 -1.062643779732671412e+01
8.270785600119852177e+01 1.475027219016391278e-01 -1.090768710344970138e+01
8.257211581111376120e+01 1.613359370851786267e-01 -1.095092449886945296e+01
8.265688460147455885e+01 1.392529413615576084e-01 -1.062739503568714028e+01
8.276138120415693322e+01 1.516750617809750068e-01 -1.061172105368287966e+01
8.267457522609333864e+01 1.564360807670544806e-01 -1.084201028936789335e+01
8.261440448248865209e+01 1.379244464834438466e-01 -1.058520866111404324e+01
8.266893295746491788e+01 1.670470399138987705e-01 -1.035236745339678599e+01
8.254331139388906990e+01 1.662804143373443622e-01 -1.074192063928917840e+01
8.240438795947167705e+01 1.549116980698961310e-01 -1.066551225166431571e+01
8.268416436618274190e+01 1.484142060463247148e-01 -1.091737548111083811e+01
8.247727557837131940e+01 1.630302654007405039e-01 -1.080834957310775479e+01
8.268952276344904817e+01 1.535944222347946642e-01 -1.090183755914286756e+01
8.266077949645641354e+01 1.617774415991036496e-01 -1.064311313376918555e+01
8.253387591029306236e+01 1.693865844527177034e-01 -1.056824936598845710e+01
8.252868184979644184e+01 1.542389995730533148e-01 -1.107871766763009802e+01
8.231808039937841670e+01 1.526394055424562246e-01 -1.022719249912779915e+01
8.246235641191648824e+01 1.551854488409073474e-01 -1.094206500998579124e+01
8.264052060939297917e+01 1.648830723076181726e-01 -1.072783327453057289e+01
8.270922846755665603e+01 1.558518737809184151e-01 -1.086018431911137405e+01
8.239245778767943307e+01 1.525857793355873682e-01 -1.063872880946414057e+01
8.261660518909252460e+01 1.422058135871046292e-01 -1.084559157913707139e+01
8.250449824962024081e+01 1.583646370331076580e-01 -1.091851526271654826e+01
8.271161245668278639e+01 1.534602474172707953e-01 -1.090528067022721004e+01
8.257370582147444793e+01 1.454972133783604960e-01 -1.092470766366442270e+01
8.256775279199189299e+01 1.648741482304787453e-01 -1.081238543790345474e+01
8.254895119491833100e+01 1.713872876906066267e-01 -1.044457242954925213e+01
8.252873220987272873e+01 1.542634094149605284e-01 -1.107863090462085154e+01
8.274738896872736404e+01 1.639745072365632605e-01 -1.015351839929049937e+01
8.276972798471410897e+01 1.463009135193096555e-01 -1.062076636089837933e+01
8.252444341469305300e+01 1.536135177819830389e-01 -1.108000724011064619e+01
8.236987461905275154e+01 1.451657856101153665e-01 -1.038647514248410175e+01
8.248916380158595985e+01 1.494627553208630333e-01 -1.086975634432658033e+01
8.259717562473331043e+01 1.506186912463158556e-01 -1.107133263665766698e+01
8.270241942831675885e+01 1.606483614689997452e-01 -1.069966743086628114e+01
8.268002168679255703e+01 1.414608887802689396e-01 -1.073672598420419178e+01
8.258431328201622534e+01 1.610445610352505275e-01 -1.089314914265275824e+01
8.230469367099441058e+01 1.668390059681946758e-01 -1.012436357907575513e+01
8.260582680814590617e+01 1.524334694043830707e-01 -1.107488072799173828e+01
8.260309831547665738e+01 1.685673749688660072e-01 -1.050988135657723177e+01
8.256468361582564341e+01 1.449911842383820038e-01 -1.090524941396460612e+01
8.266743949333285002e+01 1.294979208626416689e-01 -9.809845073267306148e+00
8.263659395664654994e+01 1.483084485400431862e-01 -1.104402022669169803e+01
8.243934948798948881e+01 1.620578553630064866e-01 -1.083594919245124011e+01
8.262375563600105011e+01 1.512554683807944000e-01 -1.107447340478330489e+01
8.260891319091902574e+01 1.503784362272493069e-01 -1.106970806201550417e+01
8.268000121685656723e+01 1.463678047800207882e-01 -1.089015030847742160e+01
8.253304341639643837e+01 1.618824523072302235e-01 -1.092910693259084987e+01
8.254849054570496492e+01 1.587172681759071169e-01 -1.102097615770943584e+01
8.243003676862990403e+01 1.589388482429776039e-01 -1.065785010297394209e+01
8.245327890061200549e+01 1.543369509105759207e-01 -1.094132191485683414e+01
8.258805195965402390e+01 1.552834603001016223e-01 -1.104920094917328832e+01
8.257846810331494680e+01 1.438134865744485902e-01 -1.092069982959656116e+01
8.235425142372925222e+01 1.669255045036477370e-01 -1.012374853411034437e+01
8.250392390423294842e+01 1.571905229301570339e-01 -1.093211042457407878e+01
8.273212337663396454e+01 1.492378725535133677e-01 -1.062926152010945202e+01
8.259127795911162195e+01 1.535180028616226489e-01 -1.106927581337548716e+01
8.271874070668087597e+01 1.409364059317009532e-01 -1.070924060877351280e+01
8.227414759867605198e+01 1.552117446396201472e-01 -9.765221763829618595e+00
8.269102992792375062e+01 1.566316013681634534e-01 -1.083848751273548849e+01
8.245480807447003713e+01 1.611673139592348369e-01 -1.086129148238802777e+01
8.246047484708371655e+01 1.646299748468617319e-01 -1.075028145670518320e+01
8.253899434856496953e+01 1.567911559863674476e-01 -1.105613282782401008e+01
8.246481415089483846e+01 1.627062679605898454e-01 -1.081788805564514355e+01
8.262463890456123750e+01 1.593859635343636283e-01 -1.095549177065125512e+01
8.265562513844074033e+01 1.537258905379023100e-01 -1.089742692308847616e+01
8.254507244599328430e+01 1.415851621811769767e-01 -1.073428686304147561e+01
8.247900198523194604e+01 1.428335843053772647e-01 -1.058931413365597152e+01
8.270202828241298221e+01 1.382530678158857551e-01 -1.056307597863409597e+01
8.260769537291116649e+01 1.470763132170305743e-01 -1.102031155187939859e+01
8.262723309409688000e+01 1.479467238829452747e-01 -1.103778746581544823e+01
8.262978671893260696e+01 1.592396464421994007e-01 -1.096056636624916791e+01
8.255192835938544249e+01 1.485299433839671612e-01 -1.102107644119985430e+01
8.257377488842678304e+01 1.494426208853017468e-01 -1.103960103872458021e+01
8.253503617234483158e+01 1.515671684474416692e-01 -1.107134751438263720e+01
8.262852805785490773e+01 1.478031850389052992e-01 -1.103497390489940599e+01
8.254120240241350359e+01 1.465252872082976887e-01 -1.096482140916930526e+01
8.263897056463130752e+01 1.557508406384570665e-01 -1.104466493904275559e+01
8.251726790769836839e+01 1.546516121294536916e-01 -1.107673855832854315e+01
8.252026862666872375e+01 1.529580488931602811e-01 -1.107950233024224573e+01
8.257546742159028952e+01 1.405348221555348665e-01 -1.076112077137287315e+01
8.246610795058533938e+01 1.464171949021041974e-01 -1.077043588952153286e+01
8.265739456572315191e+01 1.521793285330299006e-01 -1.091623244694831918e+01
8.257250570790353095e+01 1.551660299305734902e-01 -1.107446140004523905e+01
8.255563591248672139e+01 1.461084630625018033e-01 -1.094914628551270219e+01
8.242649935595885324e+01 1.377082182624875806e-01 -1.022409507367622084e+01
8.243662237083435684e+01 1.469773752501510600e-01 -1.079572730341150333e+01
8.247462870229263388e+01 1.498433025560424736e-01 -1.088049177912405696e+01
8.259327674325757584e+01 1.474850790882521190e-01 -1.102985920198032410e+01
8.249444540487537836e+01 1.556319132132052419e-01 -1.094103547726406589e+01
8.249749315051536769e+01 1.542055942917217037e-01 -1.093981897777301349e+01
8.249601084489808045e+01 1.497227930140566377e-01 -1.087582518024126266e+01
8.265059918498806724e+01 1.557366579324133138e-01 -1.104558435444429065e+01
8.264359963117674113e+01 1.552525515081590313e-01 -1.105269984496617042e+01
8.471253549462575450e+01 7.094208960153389754e-01 -8.613669291478432966e-01
9.755091691616352989e+01 6.694661752063797433e-01 -2.859140835676272641e-01
7.581070238628623770e+01 1.043822026628369593e-01 -2.306085454953741010e-01
6.779109882614963567e+01 7.854781181422043623e-01 -3.278302373954734561e-01
9.655516091265614875e+01 3.114570103579245575e-01 -1.312124414618000889e+00
7.403117189632021677e+01 5.997439194212051961e-01 -6.387076506490977357e-01
6.924253973873381085e+01 1.721150109224223734e-01 -1.513205704263663964e+00
8.010094618028050206e+01 3.247040458631430537e-01 -1.480149935432174269e-01
8.989549699632399893e+01 3.778055556278692162e-01 -3.784137167627167342e-01
6.951679911266715806e+01 7.816017870989723226e-01 -3.397560562902527947e-01
8.796768379049559883e+01 6.621651972006163678e-02 -3.003806817461014411e-01
8.041962808382295691e+01 7.377497811498607838e-01 -8.325396257081635332e-01
7.484671078556701218e+01 4.940059335002913166e-01 -2.778551919517809332e-01
8.245882525454513257e+01 1.163298874039941089e-01 -7.191384784495314264e+00
7.926155379783803312e+01 4.826957652570271762e-01 -5.289150799469461983e-01
8.380516176725009814e+01 1.278481197650635504e-01 -1.244108678492686915e+00
7.495348448855250467e+01 3.278748984655475984e-02 -1.311511424289818484e+00
9.130083224523184526e+01 1.521288062179694256e-01 -1.993549806910316136e+00
8.141272950870234126e+01 3.996533842070926767e-01 -1.400966823511106685e-01
8.766857666015489770e+01 5.175438662541386181e-01 -3.087800777791191997e+00
6.757220183633575061e+01 6.607141584352980157e-01 -2.031465031081390871e-01
9.551830853902573892e+01 3.332473148202355628e-01 -2.321033425763049107e-01
9.354515564640915670e+01 4.600346181882688512e-01 -5.465909310433006985e-01
8.209615591789531663e+01 7.034690716019821322e-01 -1.579094617518709276e+00
6.704218502593974449e+01 2.368297647888824020e-01 -2.809767770959637812e+00
6.805041074826243630e+01 4.788748751902098810e-01 -6.369974439344452954e-02
7.608520094072135009e+01 1.620940685148793137e-01 -1.720451559305774536e+00
9.231571456144143895e+01 3.682474009802608750e-01 -2.264839572176426508e+00
9.569646058006571820e+01 2.201902590615670285e-01 -1.287941067675982786e-02
9.870990693021616380e+01 2.286647693505451384e-01 -2.034616093970116057e-01
9.422906369567121487e+01 5.474268036819321948e-01 -3.313762695240377032e-01
8.339560723778654960e+01 2.908301063977858925e-01 -3.844424176291724726e-01
8.942806466959928002e+01 2.985450132391261335e-01 -2.191202343992024182e-02
8.849272362467799269e+01 6.292374756683214443e-01 -1.515572033682765829e+00
9.725350384512282176e+01 5.389776240884632807e-01 -3.894088073775734959e-01
8.382817025486491502e+01 6.455618394484829992e-01 -1.087002392615623148e+00
8.743409665518966278e+01 7.569421097927393483e-01 -1.570277468474561955e+00
8.700874709126783557e+01 4.178297355846619793e-02 -1.239300407151090022e+00
7.630224216996029440e+01 5.290848847349644002e-01 -6.365165657347591210e-01
8.911749834476050580e+01 5.873886292025404243e-01 -3.360260043854776946e-01
7.912048542116269800e+01 3.621385294105491370e-01 -1.395625077350829968e-01
6.895635674899692447e+01 6.955482173757814301e-01 -4.466721492807080307e-01
8.816230317278046869e+01 4.412581383105808053e-01 -2.569189539591397953e+00
8.083316371134436906e+01 1.992581924148457140e-01 -8.816463265122532755e-01
6.862733935587608869e+01 5.835242117392001049e-01 -4.857833192645320541e-01
9.776181633267782445e+01 2.551856724045246105e-01 -2.971971682564708006e-01
7.378315905191688273e+01 7.970003823210086713e-01 -1.221508143391858203e+00
8.903106039889931367e+01 5.757689210881669073e-01 -4.215849601143026870e-01
9.327238759227728337e+01 7.765652127374331193e-02 -3.780707074236723253e-01
7.736212551046001806e+01 7.670438111239268331e-01 -4.336888305331643156e-01
8.291663857970875995e+01 4.505752237696893925e-01 -2.402389040275335841e+00
9.489091132984887622e+01 5.103618174149715525e-01 -8.398849577688537182e-02
7.829024712947486364e+01 5.534856556106730885e-01 -6.542301897853304293e-01
9.605869056733583022e+01 1.410707687768360252e-01 -1.513708530211619330e+00
9.379858011788613226e+01 6.866396130808988252e-01 -3.831317026048784435e-01
7.524712034053959542e+01 2.775870082722124432e-01 -2.357493776685012588e+00
9.527545873713661706e+01 4.115122043853735589e-01 -7.843993080369096593e-02
7.777415381780214432e+01 1.285153124053863283e-01 -9.958001600364346784e-01
7.449489954307451001e+01 7.688297882439193431e-01 -1.202758319266691855e-01
7.882145910255711385e+01 3.862864381474484521e-01 -1.801798113097586584e-01
8.636101965706417616e+01 4.077479554673892892e-01 -3.489423873541164234e+00
7.269684168735112451e+01 7.146287010903746850e-01 -4.796033174697807988e-01
7.324225914247234925e+01 3.327492132028821506e-03 -1.500038958913474385e+00
8.096376041289141767e+01 2.675316496461220828e-01 -4.495228775370533891e-01
7.125310511122228263e+01 5.211047801875733354e-01 -6.413028061282329828e-01
8.182481077324054297e+01 1.854838077134871588e-01 -5.572954268368314423e+00
9.696816018723362163e+01 6.769045343584587648e-01 -5.084989923286764579e-01
9.205878533460702329e+01 1.817504829056608429e-02 -1.765111180592320750e+00
7.016831741468539008e+01 2.045842933753589110e-01 -2.242523746052336620e+00
7.720110350391448151e+01 6.271829773987899759e-02 -8.320728642515133888e-01
7.326194867079954065e+01 1.198984101148831312e-02 -1.217080487246608111e+00
7.819582342081673687e+01 2.420810993423260227e-01 -3.467921842985878911e+00
7.197319906655340560e+01 6.074515577990701187e-01 -5.395710797558700422e-01
7.137138165667988687e+01 7.352871964016315376e-01 -6.392961857681309645e-01
8.414709246045681823e+01 3.417925706172317279e-01 -3.005914658363850744e-01
8.505818773928072574e+01 5.335950273782887054e-02 -7.509360755444918212e-01
7.170241275322513275e+01 1.509093378212607028e-01 -5.058154512409125392e-01
7.959914336956116188e+01 2.834646802884050465e-01 -4.431238318942912757e-01
7.073030311930469338e+01 6.339592376728372392e-01 -5.060965516183435486e-01
7.686760936447944914e+01 2.774984099785183372e-02 -9.677611822224733151e-01
9.808324038199543793e+01 1.839374547877565547e-01 -3.195742637820697674e-01
6.987151628395544378e+01 4.362538916648108778e-01 -5.067217371837713369e-01
9.165901815306483513e+01 7.482408940348493909e-01 -1.212675396288787760e-02
9.065748128579222964e+01 4.231992352293756365e-01 -8.305362687364997720e-01
6.668499162239619693e+01 7.235604213431665599e-01 -6.520263179364660378e-01
8.259278589109371183e+01 4.319254939285839257e-01 -1.806274504537694892e+00
7.030822181797496739e+01 6.557082525009239049e-01 -1.572583344587585585e-01
9.265808788304994437e+01 6.145436229609906320e-01 -1.090113945633803594e+00
8.595251118779953003e+01 5.646544015562308116e-01 -1.844132443957372303e+00
9.040854114747413917e+01 6.191084565799958028e-01 -1.033122408915790602e-01
8.526741737654367626e+01 4.983061063859605122e-01 -1.496320568110829086e-01
6.645749921025227991e+01 1.001129535193173159e-01 -1.016037285546136371e+00
9.305481274109645540e+01 3.440550479665436256e-01 -1.243179423450357479e+00
6.611149782130449637e+01 3.196595041917841273e-01 -6.109124290562363280e-01
9.438236090242160969e+01 2.142709835418150632e-01 -2.470991389400512273e-01
8.555882873548699763e+01 8.689955076038946569e-02 -6.664080290657446726e-02
9.086817076374831004e+01 2.618631369995045310e-01 -3.912418767810549869e-01
9.843601759778185567e+01 4.647849926021682676e-01 -1.788027322991575518e-01
8.676114401172279145e+01 9.220701619743004729e-02 -2.451469800265341448e+00
7.254978446298365213e+01 3.546548419191881130e-01 -9.924724352868871113e-01
