8.817151802399467897e+01 5.428525293359723891e-01 -1.129519153694737987e+00
7.221601252626615519e+01 7.800774590080792326e-01 -3.832923233510142358e-02
7.530532846372668132e+01 4.882929414197312856e-01 -7.190026770844444304e-01
7.267246714461960266e+01 6.793386629313803715e-02 -1.884656589066860954e-01
9.456175757953356253e+01 7.998988966411992863e-01 -9.454544916783741426e-02
8.754991235979470332e+01 6.886614682275329358e-01 -2.054942523723763959e+00
6.898127881539230088e+01 3.198020620115791801e-01 -8.770509530481238603e-01
7.849506722628568411e+01 2.835011506014450608e-02 -2.868913703608278604e-02
8.461087092165587364e+01 7.833549401810879775e-02 -9.278900578877942174e-01
8.079932110445348314e+01 1.056055000655252568e-01 -4.260718306337335726e+00
6.692985701598092874e+01 7.220917246835448777e-01 -8.221665446402615096e-02
8.944292393001934727e+01 2.827136280567137394e-01 -1.522043717761220605e-01
9.244795394969595748e+01 6.227768746760267149e-01 -7.507878840417759880e-01
9.357042218691648827e+01 1.972155930498286081e-01 -3.051184700469128028e-02
8.874126955126097016e+01 7.340949899590201166e-01 -7.171605660758921807e-01
7.357413721284270025e+01 3.451301639010562194e-01 -2.672991156916316655e-02
8.768992023557404991e+01 1.157134105333641472e-01 -2.538122601880805629e+00
6.840505083018886978e+01 9.880411350073287080e-02 -7.240275014570358991e-02
8.093889062624526787e+01 1.391408309525020426e-01 -4.778096368786044046e+00
9.656908178204713522e+01 2.214569285802950871e-01 -2.965292401558401389e-02
9.586981614678232688e+01 4.645077893994600804e-01 -3.508725234611466681e-01
7.472147730677207278e+01 4.095633146666287638e-01 -8.417163805826631817e-01
7.121632667014935691e+01 3.212815931231438604e-01 -1.130231302997806608e+00
6.477490722908559917e+01 8.832786431073078037e-02 -3.567735827964769735e-01
9.401075438555723451e+01 3.760962406056568286e-01 -1.907615922266059638e-01
9.609897042974252201e+01 4.026692371770344003e-01 -3.919072632780174481e-01
7.147641375908430916e+01 1.730365482150181267e-01 -4.816497195386199581e-01
7.671819839548957987e+01 5.996266454056885520e-01 -2.770277649623954092e-02
6.619248632870205995e+01 2.244331922198660179e-01 -1.104477926733850257e+00
8.297868447859734431e+01 7.366768150176061791e-01 -2.875185249209261888e-03
8.606994444742326777e+01 2.548034151035683537e-01 -1.150677620329347908e-03
6.877274841494218549e+01 7.855738153212545871e-01 -1.005213689190667392e-01
7.807260863200671963e+01 7.664809340022602502e-01 -2.497623284542515795e-02
7.428260842931398145e+01 2.890451352552877440e-01 -2.466303090771324147e+00
8.235918897021184648e+01 6.507309775515790484e-01 -1.480482877384058267e-02
8.550408208219340622e+01 5.574584809349576453e-01 -8.251884433406487807e-01
8.049593975796334178e+01 1.760933554052038219e-01 -5.349977739035642443e+00
7.027350250502672679e+01 6.662665807788733519e-01 -4.538887591505374464e-01
8.847092339585192633e+01 5.757475708004524684e-01 -8.966057911549834003e-01
9.306094813217073636e+01 7.095040540154926578e-01 -2.707469527685608668e-01
9.005148186300232283e+01 6.284015116915661059e-01 -2.753663069971032940e-01
6.653276250727344632e+01 1.647272901738833506e-01 -5.913510379278892337e-01
8.911930636829572450e+01 9.402477422366382551e-03 -3.498738195098251014e-01
7.620704475920697973e+01 2.389467685446892420e-01 -1.530540205231501139e+00
8.513748797641559918e+01 4.981872372275553129e-01 -6.306302333998051735e-01
8.269825312914335314e+01 1.219803163991755035e-01 -1.419732224615801064e+00
9.089721099851684016e+01 2.449120351312113475e-01 -3.569234168627593573e-01
7.735136823809928330e+01 3.590653210962118091e-01 -7.286792104596626074e-02
9.269003350726167412e+01 4.592170809488465011e-01 -7.048956235584339369e-01
9.178519380936045025e+01 3.740184919031209199e-01 -2.479469569256630423e-01
9.345545006589360071e+01 3.327415399982259214e-01 -1.986296964788870911e-01
6.818797754366028130e+01 7.190151410149672184e-01 -2.699138661055756061e-01
7.563200780360214992e+01 3.018405416452623613e-01 -2.812988802289889012e+00
8.167385178696697778e+01 8.029680413143742979e-02 -2.932400285365464487e+00
8.135952445219209039e+01 2.326284869343572120e-02 -3.754637069807695293e-02
7.796520742647922475e+01 7.591459729404969048e-01 -2.172349962637998635e-02
8.389083699949506467e+01 6.732365370128489124e-01 -1.946139106405417318e-01
9.495931769676184331e+01 2.602746109404009967e-01 -8.998667238773915000e-02
7.410419430289790910e+01 7.035685610095695486e-01 -1.667130558959379824e-03
6.563488091214743747e+01 6.384488822324557722e-01 -8.988734879253291732e-01
7.331320445826253263e+01 4.833056482805937470e-01 -2.581482702242031690e-01
9.545588175557051613e+01 4.479330410439303356e-01 -4.318319080118630526e-01
6.715964376419258031e+01 2.076174137613054360e-01 -6.333412084861613778e-01
6.992752153334107845e+01 5.345694125403744890e-01 -8.810655920843349920e-01
7.924824739171077681e+01 5.827781166153606085e-01 -9.231448466709510359e-02
8.965721015716630404e+01 6.421714503774609284e-01 -3.329827411003656867e-01
7.292263258370049073e+01 6.107651069465478422e-01 -2.620309146887184748e-01
9.069041829640725894e+01 2.719251131911765151e-01 -4.775565310527012386e-01
7.481777222033086616e+01 3.629015961319143613e-01 -1.400087099643392285e+00
9.435857799495872200e+01 6.610161595028057890e-01 -9.472995757755635349e-02
7.577346895014254358e+01 5.209301074805389176e-01 -4.544900203536085814e-01
8.498920014212052365e+01 5.187211511970842848e-01 -5.645623685926770552e-01
8.356335755348840166e+01 2.776380134832061031e-01 -2.816614346176836772e-02
9.207513240513580399e+01 3.363093272579521509e-01 -2.578156203140117286e-01
7.941058831196778556e+01 3.856273126336109414e-01 -1.334737889464090305e-02
8.005616372665816982e+01 4.320941056479359332e-01 -7.780399600654877568e-02
7.159479414094158756e+01 1.444018069017474204e-01 -2.245387994961730582e-01
8.421618682875261186e+01 3.943751444153807406e-01 -1.419588951213526518e-01
9.531789962419297524e+01 5.069274521879875151e-01 -4.537687993563711553e-01
6.739959756582420880e+01 4.497418567272988277e-01 -2.213743049066339563e-01
7.209410584499943297e+01 4.206502849085164697e-01 -6.611654764737337486e-02
7.664988251257919671e+01 4.259592679707506768e-01 -1.433291362028077387e-01
7.722973272489204533e+01 4.565739142904416898e-04 -1.246184016722105825e-01
8.647408484530211581e+01 1.299110196304445741e-01 -1.392126317730571161e+00
6.958917342603844247e+01 4.577542132233684835e-02 -7.145864425850064761e-01
8.602651114979916258e+01 1.533020339001644472e-01 -6.291245615796636770e-01
8.697138487324046707e+01 5.313054936538676165e-02 -1.386159589656609681e+00
8.328174731438926415e+01 3.042513616521744235e-01 -1.962964478301590029e-02
6.799536083571405243e+01 7.442054972910047139e-01 -4.219656246556326429e-01
6.484509589280195030e+01 6.032662817841635272e-01 -4.576426047083240189e-01
9.029929641546618768e+01 1.895213584695113473e-01 -8.390353587616264930e-01
8.709902680828501786e+01 6.871356832412840454e-01 -1.625838436088455019e+00
8.187327362441965306e+01 5.890233762343544122e-01 -8.439471536448814315e-02
7.884910655932978329e+01 4.758657665280178195e-01 -5.724176492308233333e-02
9.152382251031349369e+01 3.527111805230088298e-02 -1.922077017104051599e-01
6.589978832630498573e+01 5.620605948378525341e-01 -1.183616971334513712e+00
6.516729216726587026e+01 2.156978759972704163e-01 -6.827191275949376914e-01
7.969862366584847280e+01 6.004059187988002727e-02 -1.176113726349323541e+00
7.025373631709015854e+01 5.451395518699115872e-01 -9.471529644254285119e-01
7.060447070671864367e+01 7.754813564690992145e-01 -1.594081173181295108e-01
8.956011945525501972e+01 4.028408838764427902e-01 -2.599983825745389998e-01
7.757127278024859152e+01 4.856902178047529661e-01 -7.850091372327398093e-03
9.167080444429032582e+01 2.598252471065282121e-01 -1.053807307281150185e-01
7.233479406646867460e+01 1.221875250052302173e-02 -6.908395008233815249e-01
6.588041596652821852e+01 5.239871816323671272e-02 -2.610716853357364364e-01
8.329858306132881296e+01 6.901240018280465627e-01 -2.574204438252437888e-03
8.538735727766933792e+01 7.791412790119445209e-01 -7.307113061166131684e-01
9.367760095711557256e+01 5.410892736011376769e-01 -1.201684660356429485e-01
6.708165642578822485e+01 2.370959134180191663e-01 -7.284572305550155447e-01
7.440071422361674536e+01 1.701130173421330216e-01 -3.119257847587599386e+00
7.930500470267557489e+01 1.845920035561138262e-02 -3.355347169105395433e-01
9.096005508060213174e+01 1.278152694799551126e-01 -6.766232365258668946e-02
8.024746731351886808e+01 2.733587703201273422e-01 -2.035365867907636961e+00
8.970495118955648195e+01 4.467062002820857969e-01 -3.326070666461196645e-01
8.271961807318143656e+01 6.391306065642332612e-01 -1.907456045240886857e-03
9.013563165519317977e+01 7.403589494197192478e-01 -1.913059938916378544e-01
9.141448553744237415e+01 6.411593418897960639e-01 -2.307451080428520318e-01
7.790707620861846294e+01 5.632699739889437396e-01 -1.039262719127667309e-02
9.065178889280448971e+01 6.025724448124262361e-02 -6.069521783235162227e-01
8.084354187400649039e+01 3.628208605054217273e-01 -3.066677859693827668e-01
7.884756253298357365e+01 6.576644841165553146e-01 -1.220242665104845775e-01
7.675178791213041052e+01 6.781506512707516920e-01 -1.465174779293741854e-02
7.022708499545005623e+01 3.608092875840865354e-02 -1.785159805072458195e+00
9.413516728990509819e+01 2.161163686238172787e-01 -1.230628862824077914e-02
7.493622365216199910e+01 7.304288655277865194e-01 -4.680500925797802941e-02
6.503163153293019150e+01 1.408597836530125214e-01 -1.585310528654325923e-01
6.896279621567185814e+01 6.098130576020293070e-01 -2.556771716209554901e-01
8.848092462336406072e+01 3.746923852797179322e-01 -1.829169141875724991e-01
8.248884829627701265e+01 3.379885409515995809e-01 -5.613510110409728471e-01
7.279305137921912205e+01 5.141576704534287501e-01 -2.463196471704118262e-01
7.133714150136124488e+01 3.124879003442487257e-01 -1.137056704623579773e+00
8.124624359208738156e+01 3.251032342060518054e-01 -7.258886466738232457e-01
7.207442132483689079e+01 1.138061978894009396e-01 -1.128822156242708097e-01
7.290537209097612958e+01 3.898466706792697578e-01 -3.026819297407449261e-01
6.913307536427454636e+01 5.297264661507147254e-01 -3.385350149895822169e-01
8.443126638721409449e+01 5.509545287242016975e-01 -3.680500509730647019e-01
8.595019542659987621e+01 9.406684682300225919e-02 -9.227871920897129376e-01
6.695804351970592450e+01 1.016898256169758430e-01 -2.930446183528818693e-01
8.636913516467225804e+01 4.751770640075786978e-01 -5.856344429758006953e-01
7.051246379854340773e+01 2.006517284034811943e-01 -1.846333170485576325e+00
8.696632122603411119e+01 1.323629889565892392e-01 -1.834631491644537871e+00
7.602093945707225942e+01 6.026424365515591353e-01 -1.393042215159459862e-01
9.224525579814419984e+01 6.510465643704254068e-01 -7.208265718979632863e-01
6.615250510744158419e+01 4.617060375249595339e-01 -1.779627381859653967e+00
7.407079841122755681e+01 4.929950412801646920e-01 -3.007371200507018560e-01
8.739900663906878719e+01 5.209431365050347651e-01 -1.690817020476387045e+00
8.473147446762995116e+01 1.909531267202593252e-01 -4.194207268762139007e-01
7.904479292284314340e+01 5.748162094470816719e-01 -9.829048846231357162e-02
8.899223386548854364e+01 7.052205362729111263e-03 -3.220370980218426604e-01
8.553193749999338991e+01 7.218245598181899370e-01 -8.041543497133493146e-01
7.164023419263961046e+01 2.309820220143172786e-01 -4.379286856653297200e-01
8.485644093627189477e+01 7.690422843807381836e-01 -6.079346853028270159e-01
8.642206466455256475e+01 4.963770924779921656e-01 -6.351056738791822642e-01
6.563257255054185180e+01 3.999471620585715037e-01 -1.253922250361278135e+00
8.167347487380018833e+01 5.100965976681334224e-01 -8.392232888101835986e-02
6.834852673889785990e+01 7.071372295992566226e-01 -6.534345227863544436e-02
6.661004827438837594e+01 3.522658796592255115e-01 -1.105945051317711814e+00
8.720473842684143051e+01 2.872363741429295736e-01 -2.778447917382950716e-02
6.786727456303255224e+01 3.504105568841716645e-01 -2.838862019923564795e-01
6.743729645843933440e+01 4.081633714948884606e-01 -2.133759954857953056e-01
8.201724654383423285e+01 6.642018487397196580e-01 -1.203052824238835666e-01
7.812870308298923305e+01 7.579308492119017915e-01 -2.970184533393919329e-02
7.116906301820995395e+01 7.803667465027781802e-02 -1.078619156056342815e-01
7.524154980021228312e+01 2.142333852366845037e-01 -4.137808858933668787e+00
9.472779323997312417e+01 1.677818916976713259e-01 -2.094970221815372624e-01
8.299046832099281801e+01 3.780627244418815480e-01 -4.504951438247017242e-02
7.718224418549345955e+01 4.094271913467203289e-02 -4.281679636097034808e-02
7.070466276118629878e+01 4.191083195316394061e-01 -9.254196260627822745e-01
6.813048725106241932e+01 1.077810164311821250e-01 -5.812640121851142538e-02
7.562212457684742617e+01 3.330184589815310958e-01 -2.404890385943850184e+00
7.622417264817568139e+01 6.208360973215414358e-01 -7.167230432033504239e-02
9.209384024632181820e+01 2.599667738854842883e-02 -5.788891255153091331e-01
6.472363608259409773e+01 1.770201262439023149e-01 -5.048502004338508709e-01
9.531569431338886034e+01 6.868156994576399832e-01 -3.015594401925307810e-01
9.384218788653350884e+01 7.509368452399778349e-01 -2.775680078610366988e-02
8.784473029698699520e+01 4.548838291869145012e-01 -1.121175784536698750e+00
7.329845541929023511e+01 2.663045130246262659e-01 -1.883927695182916751e-01
8.028663109850442936e+01 2.436125287305080378e-01 -3.028345334959000823e+00
9.332244984955077882e+01 5.874786082475135229e-01 -2.094032553217422821e-01
8.375017553212113341e+01 3.006769488654031375e-01 -4.472026289768314677e-02
9.643754748352299089e+01 7.183452581905178658e-01 -6.259838830082214978e-02
7.644805815096364654e+01 6.274654657677453118e-01 -3.217970389945754711e-02
9.495983870284175055e+01 1.447204701454744835e-01 -4.726706662558147198e-01
7.979789872674703588e+01 4.266380819899615040e-01 -5.327464668926492480e-02
9.038532103054980382e+01 7.023027195188241700e-01 -1.994784910563212887e-01
6.540094297637652687e+01 1.552036724154237657e-01 -7.710661354812804735e-02
9.291668197920604655e+01 2.506370116592167574e-01 -1.045275172800530505e-01
8.865163903972896264e+01 1.965420717394574801e-01 -1.063005338249956910e+00
8.100922495721663097e+01 5.983866224917308019e-01 -6.170292008366770053e-01
9.546023941015164382e+01 5.826810016262879977e-01 -3.633038202682441487e-01
8.812589209584068328e+01 5.587915905180310672e-01 -1.177845824986394563e+00
9.590730842288587610e+01 6.449880037172221747e-02 -1.579833731480434711e+00
7.351336121290758285e+01 4.389898654811809076e-01 -8.404205022623761900e-02
7.464316943292364215e+01 3.061492942501702896e-01 -2.219950605361797003e+00
6.959749084681085662e+01 8.123692500208787304e-02 -9.437250318197179522e-02
7.858716020137271130e+01 7.949281551397220369e-01 -1.124085517433192766e-01
9.620464195990369660e+01 2.895322402001544448e-01 -1.726542858294088656e-01
8.411235370197357497e+01 7.602801429628427421e-01 -3.545135045415153119e-01
9.262149229726635724e+01 7.869790079840145447e-01 -5.633342649140523628e-01
6.977462760412939247e+01 4.699576787368104913e-01 -1.179543790692361815e+00
8.575988876155790308e+01 5.110448316813475111e-01 -7.943047192960983605e-01
8.672350521321901340e+01 1.258696255181600832e-01 -1.754016220144072991e+00
8.659010811242015393e+01 5.212797576671042155e-01 -7.529164568006413427e-01
7.614829290263305950e+01 2.579997843957632653e-01 -1.747280017538240360e+00
8.382833533202257570e+01 7.383823381778137351e-01 -1.487463776920064373e-01
8.117995918973441860e+01 2.446348800725236527e-01 -2.234196566504277559e+00
8.629740189853805532e+01 2.437610061867511585e-02 -2.560484076627415895e-02
6.988177812926547006e+01 7.555411925746239321e-01 -1.802536395344885578e-01
7.470984291426429991e+01 6.278833251775712831e-01 -4.909522269643962905e-03
9.434169844067717747e+01 7.472410160224332021e-01 -5.654639643240680358e-02
8.724222561928093000e+01 6.979350459827623476e-01 -1.904317594772859668e+00
8.854096515427143288e+01 9.030557344914949547e-02 -2.649740653902145304e+00
6.481234578896649623e+01 3.184277355925325681e-01 -8.342132703249384162e-01
7.425935668658658528e+01 8.316357394810686143e-02 -5.698713893231706074e-01
6.890934822088500766e+01 1.594832174503874600e-01 -5.913306109599268945e-01
6.636353378068720588e+01 3.720436734420391467e-01 -1.625703532983623800e+00
7.850515609469681522e+01 5.610545924409990892e-01 -4.391982558950825039e-02
6.550705161060220405e+01 3.462304317630942596e-01 -1.208955406938299948e+00
7.916344457426575332e+01 2.663563178153395827e-01 -1.445373483967546113e-01
7.251972183793441218e+01 2.034925292977448064e-01 -5.710742503582323659e-02
7.065302974956706805e+01 1.840170735116030687e-01 -1.407596155028197460e+00
7.875495292641039669e+01 7.349160348114547325e-01 -1.268284716636110809e-01
8.756806183445515046e+01 4.233003032547117406e-01 -1.017716054775084533e+00
9.179003086222698471e+01 4.085475800738812002e-01 -2.782841905059329490e-01
8.356340741473400158e+01 6.430793274872163012e-01 -4.853408557005738783e-02
9.301611939417293229e+01 3.270545658436849190e-01 -3.605737962205180502e-01
6.685195188287789847e+01 1.284835288789741570e-01 -4.918555142206712527e-01
8.826441776180254806e+01 4.899403257211821239e-01 -8.149114841691359468e-01
7.492074208938184654e+01 5.847407395989900891e-02 -1.486899326398729779e-02
9.133340807476329815e+01 5.700515828902781301e-01 -2.096245635973452426e-01
9.108123634307862915e+01 5.005931680884446733e-01 -2.096737807544229171e-01
7.091831217472142157e+01 7.703374837845960998e-01 -3.155448407937944677e-01
8.170975065797280479e+01 6.949385701900805401e-01 -4.411753911718176435e-01
9.032260344560278043e+01 4.486452219250766094e-01 -3.398118662709400661e-01
6.739253206136960728e+01 4.698187277595136102e-01 -2.080508363004633099e-01
9.516426295492632903e+01 1.043865529689366745e-01 -1.146791615507974260e+00
8.423799140375726324e+01 7.628824559320333820e-02 -8.461806391326541776e-01
6.477289941803427098e+01 1.454986378565560068e-01 -2.391715328239361338e-01
8.146760919963843151e+01 3.111403247578393150e-01 -1.204516070375420522e+00
8.541517150661283608e+01 2.282203898071667736e-01 -6.482928039503756124e-02
8.296137854671816569e+01 6.828035114520922821e-01 -2.518867553345030541e-03
7.977162334317299042e+01 6.715674099009132370e-01 -1.845999473644179545e-01
9.200868063871084246e+01 5.831204631925311910e-01 -5.450168764846855529e-01
6.791508163079053872e+01 4.732000381709041692e-01 -4.463127959897074670e-01
9.460029516412598127e+01 4.867247409009680670e-01 -3.610151471947302126e-01
8.448732147504368584e+01 5.393495909604978378e-02 -7.622933844198839237e-01
9.562037163435905995e+01 4.068590412549333846e-01 -3.836468502396204738e-01
7.295967711056256633e+01 3.287143719290713806e-01 -3.060644281353329665e-01
8.273336630413515991e+01 4.348234943051701440e-01 -8.441441529852637682e-02
7.345824978307761910e+01 6.026393882972473914e-01 -1.410990390550863893e-01
7.401037391466866211e+01 5.561604820404261185e-01 -8.223696979728049861e-02
6.590639449525353655e+01 6.486576838751340057e-01 -1.003387338161859654e+00
7.221126789831656367e+01 2.826532527765379110e-01 -6.959915180584320960e-02
7.824132693527238303e+01 4.259114607276937026e-02 -9.903030068596412050e-02
6.643938940371522506e+01 7.860147712413021459e-01 -4.840861726273737453e-01
9.067542654804651647e+01 2.185898553707102399e-01 -4.707560745300249372e-01
7.673550288626985605e+01 3.999065130532210299e-02 -1.271552099922904633e-01
8.190397538830238489e+01 2.501092732353912274e-01 -2.985706037085487541e+00
8.243596479371721841e+01 2.751588378045249916e-01 -1.239246626590711831e+00
9.628917824469657205e+01 3.621676907535127388e-01 -3.882121043921556991e-01
6.924798497495392269e+01 1.986187047455683363e-01 -1.200946662982318669e+00
9.262771837692429244e+01 7.983671560492764385e-01 -5.562600556344085012e-01
7.036729690483302591e+01 3.912261232957863211e-01 -1.889770547853429239e+00
7.939452749272498977e+01 4.296957407622898351e-01 -1.608889039394697422e-03
7.547131173842976182e+01 7.514390351930352180e-03 -3.817901030377179428e+00
7.372777911401180972e+01 1.415093917339087237e-01 -1.253759523777667195e-01
6.720574606026936237e+01 5.463450282946891168e-01 -1.944650424321035520e-01
6.950043872527419353e+01 6.194492393406179076e-01 -3.038951588739665088e-01
7.760340763116609253e+01 1.808698182384588238e-01 -1.382288078576313917e-01
7.003943943336585676e+01 2.103558152834174300e-01 -2.091850717341678045e+00
7.665154288320434262e+01 4.449175850411218325e-01 -1.262888469849934026e-01
7.536256185688507969e+01 6.483885641996457727e-02 -3.472573488070646724e-02
7.788575677662684882e+01 7.054017121383424627e-01 -1.721055459628265463e-02
8.984777729330376417e+01 3.549817374687886939e-01 -2.523971569975423934e-01
8.327374288865723884e+01 7.823936043202001089e-01 -6.898592579400948709e-04
8.915500600168245171e+01 3.418336294714772183e-01 -6.166073639177568205e-02
9.013857339797245061e+01 6.349342746630064482e-01 -2.582900912587289266e-01
6.859267000791118107e+01 3.773690347823454583e-01 -2.280813419481730331e-01
8.024888796001114599e+01 1.728249956185021474e-01 -4.986944183861836244e+00
8.518981536039350999e+01 2.153750221497422249e-02 -1.166363002197996629e-01
9.346008469292968357e+01 1.648945813776064584e-01 -1.398955940691555266e-01
8.070643312749800202e+01 4.622544574164315079e-01 -4.437551474839451261e-03
8.947404699005377893e+01 2.887628580839504133e-01 -1.355184432189503740e-01
6.540711431281060584e+01 7.195688681431378075e-01 -1.014418089403375189e+00
9.221183215744387951e+01 2.371657330694080523e-01 -5.636282184940295814e-02
9.592883219243054782e+01 5.354685135773878946e-01 -2.806901128250611777e-01
8.010438715586781200e+01 5.130069138101278625e-01 -9.815439420554097211e-03
7.124493922341365248e+01 5.958393572605079624e-01 -8.044302658478227341e-01
9.388956135858664709e+01 7.617685959792581674e-01 -2.951909829638951072e-02
7.734660036727629517e+01 3.017039842617283973e-01 -1.373256119867551361e-01
8.770304634886848305e+01 6.757183815188884113e-01 -2.007429305569816691e+00
7.187533129403225018e+01 3.930406294723511329e-01 -2.288256633836882048e-01
9.376175991359129114e+01 6.145994375749910255e-01 -5.915771060129776382e-02
7.580798140507607741e+01 1.121769887292566326e-01 -1.621219538012916628e+00
7.175683475281266510e+01 1.020198471535090079e-01 -1.137480547978339390e-01
6.816270697808575108e+01 6.622997767948316516e-01 -2.621158499322709945e-01
8.883893883603705888e+01 1.033578027678455809e-02 -3.557644225922513281e-01
8.478210793768167264e+01 7.233706648421595053e-01 -5.826085210961251537e-01
9.490969585808693409e+01 5.360545119225671451e-01 -4.328988925939138421e-01
9.666094553182909976e+01 5.886607747451250150e-01 -1.955465125669701709e-01
8.512793737272454564e+01 5.048503078906961816e-01 -5.934306993530884533e-01
9.534435456092892025e+01 3.317529902126708508e-01 -3.094084643240565535e-01
7.907690266750516628e+01 3.245822524482205318e-01 -2.036527017898857872e-02
8.286587630119127823e+01 3.882695522573162417e-01 -6.827298767858895612e-02
7.757912785058391592e+01 7.511580564952586858e-01 -2.490725283303993690e-02
8.020303504376224168e+01 5.683983936239610513e-01 -1.119291816347645768e-01
7.630714667909496995e+01 3.705956932424185890e-01 -6.895218080637556257e-01
8.066818308261893833e+01 5.644119231709215923e-01 -2.727082418435664013e-01
9.565305824710110016e+01 4.726314006892011754e-01 -3.671770581502769026e-01
7.393133835457514635e+01 5.858627034007927170e-01 -2.164588659642620663e-02
8.349675032045405487e+01 6.120713053200539377e-01 -2.976461450496694500e-02
8.382877729145967294e+01 7.165927118308386135e-01 -1.495197862514528186e-01
8.652661574968561808e+01 4.148040108512995316e-01 -4.269428373900354678e-01
8.343491556760051253e+01 3.117983730375746831e-01 -2.437177750949532165e-02
6.566122631862177172e+01 6.282191055065737828e-01 -8.705570725115079345e-01
8.802726737224827502e+01 1.551285933619981072e-01 -1.963694918027799829e+00
6.851469412223136146e+01 2.420204047824946469e-01 -2.551013338306505895e-01
8.577293612511779486e+01 2.162419033470268370e-01 -5.286095200567642732e-02
8.028318278488276860e+01 7.788586463403421867e-01 -7.388932171134890980e-01
8.872408333399002345e+01 2.787780527552967125e-01 -9.195451632289280974e-02
8.090731466461889454e+01 7.889386616356331983e-01 -1.453850501755952429e+00
7.313509084497023593e+01 4.054698510822476454e-01 -3.374883437449071599e-01
7.429148984738813510e+01 7.288916293391121126e-01 -8.546380224785181043e-03
8.629042991568512377e+01 1.737974714329424408e-01 -5.580749198031085268e-01
8.448106598037340120e+01 9.697268060644768928e-02 -8.905621600588923270e-01
9.404300914837193659e+01 7.939802094910848318e-01 -3.694301852889460974e-02
7.480531664695715222e+01 4.967300651037678816e-01 -2.869487994499858030e-01
7.168321850615176061e+01 6.018818629683723165e-01 -3.684674044605676935e-01
9.016939054618383409e+01 7.719007292473401005e-01 -1.720655953891969958e-01
8.432858218880090817e+01 1.984897518963039120e-01 -2.097218931853250812e-01
7.929529038163258292e+01 3.436254675639369704e-01 -4.585622048921417226e-02
6.954702952187906817e+01 2.001606946120254235e-02 -1.422073507785025281e+00
8.137862347728209045e+01 2.356837330436131195e-01 -2.578684449043629812e+00
8.160434809783669152e+01 3.674722738142999212e-01 -6.036748217014482609e-01
8.927212790311227764e+01 3.129145749182897854e-03 -6.543210766556113722e-02
6.584599545063252890e+01 5.494356730595643112e-01 -1.138076355034549403e+00
7.991240154223565639e+01 7.572304579965847271e-01 -3.729523202624113187e-01
9.199663162257952820e+01 4.233282200681276475e-01 -3.873357344022578252e-01
8.696720971929588018e+01 6.776062139305123466e-01 -1.466819374228060857e+00
8.757892156678283868e+01 2.865468114360161800e-01 -9.972639793578893727e-03
7.146874023722762104e+01 4.460964289875993249e-01 -9.339848545574057637e-01
6.983761476569750926e+01 2.493554119833283067e-01 -2.120047038098035852e+00
7.665465426389671677e+01 5.359658166518042055e-01 -5.964924060392456928e-02
9.616612619558111419e+01 2.597111910636383525e-02 -3.246364667835479612e-01
9.576902122301495979e+01 1.793647931724794697e-01 -1.838450916771926791e-01
9.301743276582359954e+01 6.703838852556398553e-01 -3.862536810924337982e-01
7.110460471741677679e+01 3.536722328781733427e-01 -1.062586782941304486e+00
7.526477037758274946e+01 4.504716510810474056e-02 -3.727365249845189243e-01
6.634545465675486753e+01 6.534096141716307926e-01 -8.902092085243560327e-01
9.240219983544959348e+01 1.632826980149517659e-01 -6.888608001976301298e-02
6.508748289302204171e+01 4.304972035409062592e-01 -1.098437275650967937e+00
9.665655593453365668e+01 4.661622110903966831e-01 -3.447208692563296650e-01
6.787763629437567658e+01 4.347126262815781406e-01 -4.026398222604659627e-01
7.718209907301067574e+01 6.931515435697919170e-01 -2.808169180117697783e-03
7.037570117643356582e+01 1.151645510012899998e-01 -4.158340158842832590e-01
9.109610108863444111e+01 6.190370249004060188e-01 -1.872826217278536765e-01
9.367448379873789577e+01 5.789691197596802397e-01 -9.481149103124619781e-02
9.131620704975250646e+01 7.761065116781784567e-02 -5.667439141720273521e-02
9.485637318765397197e+01 3.514600058037208319e-01 -4.181648587466076372e-01
7.802902194226891197e+01 6.820978724525410541e-01 -1.454365076593360125e-02
8.247758616367337936e+01 7.614979669704959875e-01 -3.948413017597277724e-02
7.089491202968821426e+01 9.592348103324055408e-02 -2.728128532589601529e-01
9.321188758186204382e+01 2.097320108414966744e-01 -2.128971266190806885e-02
8.774170433658312618e+01 3.002568482811716066e-01 -2.962008035408561502e-02
6.913222692408670866e+01 1.040593477959744773e-01 -2.408731606814374093e-01
6.762375980310652324e+01 5.127614078691818955e-01 -2.027824961708351581e-01
7.232416340967262158e+01 2.656921819934989770e-01 -7.890260212165506326e-02
9.185029841605447132e+01 8.737229262347312453e-02 -1.705215501992403127e-01
7.212696756351482463e+01 2.283411557628311772e-01 -6.457565311413338005e-02
9.061988493399367428e+01 6.439309226047635892e-01 -1.941427519712740357e-01
7.344645399656434392e+01 4.890236924520251494e-01 -1.631853313284164220e-01
8.208777153276307104e+01 6.974726472884031914e-01 -1.685961467311066220e-01
8.843487063712261431e+01 6.625356965742378312e-01 -9.834093614084650214e-01
8.492692709115749494e+01 5.354591012988649257e-02 -4.147520468762014856e-01
8.925440778189698676e+01 2.959078498573077254e-01 -7.139206096560135606e-02
8.728714125156852788e+01 2.055618680348149374e-01 -5.566305780266714853e-01
8.964430541815394804e+01 5.416730702320751156e-01 -3.948035700628960698e-01
6.462626215973041610e+01 1.278872629580626863e-01 -1.424554625584172340e-01
8.557533306038341436e+01 7.266748538683868164e-01 -8.003408767713715566e-01
7.270017462869439839e+01 7.436086399611782083e-01 -1.695534123935467652e-01
8.261264015404701411e+01 1.851678305064781427e-01 -1.642208479448290293e+00
7.882515042669253091e+01 7.080112153217209270e-02 -5.575074905311678819e-01
6.510624542986003860e+01 3.987382787731422740e-01 -1.150312076999191246e+00
7.360682088449239302e+01 1.384180049841066129e-01 -1.666240070364114617e-02
6.682461910376959224e+01 1.462103658907308590e-01 -6.067414368989672013e-01
9.262512066310988246e+01 1.286890163904196027e-01 -2.330503941636399567e-01
6.884402552030286415e+01 4.603174907988903941e-01 -4.721852404491223010e-01
7.556400294623887248e+01 2.633260694900307897e-01 -3.406426672168067604e+00
7.773170068622114570e+01 5.924997682522087361e-01 -1.344618210838684907e-02
6.814102674623222811e+01 6.362501937091692428e-01 -3.355312896183951232e-01
7.698294724412807000e+01 4.814360531376236096e-01 -5.316737401210103880e-02
7.025291668257807487e+01 3.817346672579515210e-01 -2.075282916766183483e+00
9.053324320861821661e+01 4.550706659723280367e-01 -3.135768671027442944e-01
6.671010092897599009e+01 7.093985939917586414e-01 -1.730690584613950866e-01
9.453983049124579452e+01 3.141557463566826414e-01 -2.502550134586475350e-01
7.459541338199559846e+01 5.545607937924360575e-01 -1.036009791752792453e-01
7.863222237732099984e+01 1.024700944732963998e-02 -3.998401623083164269e-01
6.715836449311390766e+01 6.070869469924683459e-02 -3.176326832896717023e-02
7.574907497283993507e+01 5.204044341521715245e-01 -4.898301848484393206e-01
9.433635951087616434e+01 3.240668436570697669e-02 -2.863922151662981475e-01
7.645231912270045882e+01 2.545659505295260194e-01 -6.347809369335425389e-01
8.041135553933736446e+01 1.238495128196617223e-01 -5.224515505192262488e+00
7.850184945980885232e+01 2.434400295724095664e-01 -5.899656898184883758e-02
8.071070070247857586e+01 1.468917607359341571e-01 -5.511507606210148680e+00
8.118956650981328949e+01 1.711296671834061645e-01 -3.876496969746072718e+00
7.959116714033115159e+01 2.284859691696125295e-01 -1.190014638045927331e+00
8.052472128423951858e+01 1.990999407732833570e-01 -4.698779013856084319e+00
7.907757550214219577e+01 1.390492855003748196e-01 -7.534702566209310337e-01
6.858008340958123483e+01 1.493176706104195652e-02 -7.777381592249699160e-02
7.806445411221419306e+01 2.124860902094386772e-01 -1.115578224880414415e-01
8.024131732019441188e+01 1.731427139385922354e-01 -4.980259079505993114e+00
6.997543614480785834e+01 2.820425419758071373e-02 -2.316891227402496423e+00
8.958183725225782723e+01 1.159480032210125355e-01 -1.823303829808067489e+00
7.999975225340492102e+01 1.413116093559206587e-01 -3.948322640281045626e+00
8.258036427188812922e+01 1.873817303265795653e-01 -1.628058740808459692e+00
9.021172518031227128e+01 6.462143026310031291e-02 -9.995787600870095213e-01
8.105230638051402536e+01 2.060575797094239270e-01 -3.357190748885969800e+00
7.656616452973270270e+01 2.718956334395524199e-01 -4.891107201976282459e-01
7.939445080705606017e+01 2.093251644090979302e-01 -8.590373676123193025e-01
7.991805708558938193e+01 1.183091608985436249e-01 -3.462311844269577055e+00
7.370065885410478757e+01 3.897466213817096879e-03 -4.069273791753650893e-01
7.661893949595955178e+01 1.899692826324965722e-01 -3.921452616566324378e-01
8.196234218722742071e+01 2.218404283948576250e-01 -3.664030757748930167e+00
7.578462175765648112e+01 2.003473821298131785e-01 -3.052213774838281157e+00
9.148740732723987890e+01 5.265694242037147199e-02 -1.148775499217470492e-01
7.573540750903956109e+01 3.758788166190826230e-01 -1.675341692950968353e+00
7.960276215525570365e+01 1.364132203876332050e-01 -2.212897461500162422e+00
8.069555406788438745e+01 1.604015271746426219e-01 -5.446438007729877739e+00
8.116247133005192893e+01 1.047528932064783896e-01 -3.615590114030831081e+00
8.068490489293220946e+01 1.665308958349298596e-01 -5.364772290515669617e+00
8.064104922344623105e+01 1.485765162837386355e-01 -5.650465017106182763e+00
8.005375702179132702e+01 1.634380775238514216e-01 -4.122264098586095216e+00
8.078736003647017583e+01 1.840979876077107613e-01 -4.568441008973400663e+00
8.463592937354194135e+01 3.700009841104652808e-01 -2.092881656203550156e-01
8.041400042911705270e+01 1.061756816441353363e-01 -4.494601391226612286e+00
7.159310571932942935e+01 5.260353931107264458e-02 -9.494413771369257515e-02
8.167972550074550497e+01 1.938463670812631476e-02 -1.533717430909377691e-02
8.654576414883860025e+01 3.489196453929752639e-01 -1.701812932695119518e-01
7.483556826076436153e+01 4.735022758631287632e-01 -4.063782421030612824e-01
8.126934344442263125e+01 1.675553881270653300e-01 -3.929749078262347872e+00
8.095352110611618457e+01 1.124479589320344641e-01 -4.231458871978428071e+00
7.848579384137094905e+01 1.296742842359035475e-01 -1.936610379227879097e-01
8.017795221960827234e+01 1.364457696620171023e-01 -4.683968569633787382e+00
8.215457553030441318e+01 8.153469748580409460e-02 -2.930995600170934967e+00
7.474958736785920621e+01 2.250161848023003452e-01 -3.483842484814839491e+00
6.884271632454174039e+01 2.877363807435556198e-01 -8.349640686030482817e-01
7.383677168497361265e+01 2.062510717777101543e-01 -5.003275566920254436e-01
7.268696642949531395e+01 2.030779135665806701e-01 -7.833267781813288422e-02
7.713673631715843726e+01 4.990905042637587379e-03 -7.530066460145516949e-01
8.325689159059956523e+01 2.453490437883172337e-01 -4.902639411375377815e-02
8.169902112335964262e+01 1.335073240091289859e-01 -4.411195218509208260e+00
8.123503948507212158e+01 1.267737050236597829e-01 -4.020400606681667988e+00
8.048550385316656275e+01 1.325947761470822606e-01 -5.534003765380685280e+00
8.050339316432507530e+01 1.608429038132852540e-01 -5.626544019748463299e+00
8.062436035866733164e+01 1.582521555245237632e-01 -5.603920650441335916e+00
8.297297011186057603e+01 2.089511749928222306e-01 -2.911678404022353672e-01
8.068627674875568800e+01 1.943737511932421835e-01 -4.706279580587822586e+00
8.211550818452344913e+01 1.708414258964671972e-01 -4.077178889416138929e+00
8.238410826960560485e+01 1.547367785255860939e-01 -3.000526483793375387e+00
7.969985476210700881e+01 1.773703576716279540e-01 -2.347760799291396250e+00
8.024913991581401262e+01 1.445854515011379127e-01 -5.032924348253415836e+00
8.051100024040766812e+01 1.405490911854328784e-01 -5.676304417170491057e+00
8.115853543757498301e+01 1.630028554592189982e-01 -4.069469560383400797e+00
8.089586152476707070e+01 1.428233367862166148e-01 -4.798664352386526666e+00
8.089365237293350219e+01 1.478480209060696604e-01 -4.803746235479819937e+00
8.063510025140956827e+01 1.016361384364060511e-01 -4.250906485104132493e+00
7.956301099582633185e+01 1.659392680108048301e-01 -1.902057330787472633e+00
8.057931842028939684e+01 1.124808200071767406e-01 -4.891980368298177950e+00
8.102694645559392939e+01 9.663916060328414659e-02 -3.448632450688196904e+00
8.030813497842540016e+01 1.558132418225784965e-01 -5.264101501781940584e+00
8.217431840395455822e+01 1.161136111418340500e-01 -3.782881121613744124e+00
8.148961898936566683e+01 1.790650205789039995e-01 -3.951564752702889205e+00
8.015979974510587169e+01 1.493421953314060802e-01 -4.674220908680040587e+00
8.184427560555914738e+01 1.345870265757631301e-01 -4.548992697286499798e+00
8.089117877187577221e+01 1.577384637541599521e-01 -4.753356655574512146e+00
8.042132894409486710e+01 1.668635198704979117e-01 -5.486206355657844647e+00
8.061234591083147905e+01 1.280560146048543846e-01 -5.406466281395855056e+00
8.054678257321054957e+01 1.570169634135125669e-01 -5.665147372997929587e+00
8.023575033779437149e+01 1.617368936770052501e-01 -4.887841124179659325e+00
8.091942909840817322e+01 1.293491066632606878e-01 -4.667476927521685859e+00
8.081312656686003493e+01 1.742032135068384557e-01 -4.784121783268373562e+00
8.072626663319348950e+01 1.430809745300852254e-01 -5.495800400375044248e+00
8.064068686316474555e+01 1.172714666768651243e-01 -5.050824544132212601e+00
8.033106160826864084e+01 1.753375109649752683e-01 -5.163485451584058694e+00
8.024222848399402608e+01 1.230188594135459834e-01 -4.798831609145638666e+00
8.109032858972061319e+01 1.471092947977817311e-01 -4.342452916087678361e+00
8.087460341365594729e+01 1.656201344881390591e-01 -4.663546755813722910e+00
8.012998691962559406e+01 1.204766262510501423e-01 -4.465335774284344694e+00
8.044402183136487849e+01 1.838596452740807186e-01 -5.096033477392374778e+00
8.059008557525390870e+01 1.062150311807966291e-01 -4.563088135159232728e+00
8.061369944088156103e+01 1.958008410619092865e-01 -4.661673302046702716e+00
8.081778465314411619e+01 1.990015655018173846e-01 -4.176932437035337564e+00
8.013053226484215941e+01 1.409422462498168549e-01 -4.702641775671468238e+00
8.045501056364103931e+01 1.001041019220838407e-01 -4.202046262496331508e+00
8.003524490331494690e+01 1.562861438003740611e-01 -4.228396678047716684e+00
8.188235763299364578e+01 1.407204348376501213e-01 -4.585986537365539739e+00
8.207490385017374024e+01 1.178766749316952911e-01 -4.023612860553832604e+00
8.271336826887640825e+01 7.266552113222937009e-03 -1.182589402206378343e-01
8.112268943844188129e+01 1.372623383541976827e-01 -4.326493641018556602e+00
8.114670760295112473e+01 1.880382416049994898e-01 -3.647048230115850220e+00
7.539775366060231931e+01 7.165322303771973211e-02 -1.407972685224817000e-01
8.059301620128459831e+01 1.425444943536213760e-01 -5.634591141703484851e+00
8.043235022199314699e+01 1.734037009305717802e-01 -5.355543115638195850e+00
8.071565737472462843e+01 1.479186193333036081e-01 -5.512487655520081908e+00
8.075237028050301547e+01 1.319816732433478634e-01 -5.172114912462284053e+00
8.056794239066979912e+01 1.865869061883946300e-01 -5.044256343712035573e+00
8.034860442105701850e+01 1.778486490249633900e-01 -5.102864743952059357e+00
7.495884035388621669e+01 1.146795392036438072e-01 -2.118069565555943168e+00
8.051639045668227368e+01 1.694786761917285722e-01 -5.489430226325333173e+00
8.079590749485397794e+01 1.501850141007927963e-01 -5.306797194645546334e+00
7.513117514804065422e+01 6.182263791561126882e-03 -3.919799266920981573e+00
8.092480816057988591e+01 1.658486754358050319e-01 -4.660549417293990970e+00
8.037848278639127386e+01 1.291746449036953182e-01 -5.360567005203625612e+00
8.026936286574623125e+01 1.661800145061226031e-01 -5.119069499547976854e+00
8.088859876397172854e+01 1.609053703823870585e-01 -4.722158653834832798e+00
8.035223936024100055e+01 1.238467204521967874e-01 -5.233079334077914702e+00
8.054020865176890709e+01 2.000922544910342937e-01 -4.637803357625374545e+00
8.081853530189597734e+01 1.182936549186706654e-01 -4.805958631392919678e+00
8.558704048669011399e+01 2.718957185745239369e-01 -6.340913470581485689e-02
8.021154964585588232e+01 1.577028017645984437e-01 -4.945484745160497297e+00
8.018311402461299053e+01 1.536782786753631835e-01 -4.991292180019836877e+00
8.020169587173383263e+01 1.785594502885609058e-01 -4.551050087186890636e+00
8.048337504408058862e+01 1.114938397212953264e-01 -4.837784002452005794e+00
8.015960498375294208e+01 1.975163835420177538e-01 -4.037532586942846002e+00
8.098552512682203997e+01 1.549951604083954493e-01 -4.520875000334443783e+00
8.051155826767030987e+01 1.684032011868114298e-01 -5.509654223752743718e+00
8.051947356839616532e+01 1.603010799988411061e-01 -5.632328544139342696e+00
8.065097770772332808e+01 1.378580357599140382e-01 -5.584570197964398908e+00
8.061422182668786718e+01 1.347758105295452646e-01 -5.544053038521950860e+00
8.047950906893805723e+01 1.599763665038878013e-01 -5.586662682682033143e+00
8.059087429301825978e+01 1.441491262479506763e-01 -5.643887760843946388e+00
8.072666726267775061e+01 1.783022729870792078e-01 -4.939867252312080126e+00
8.043488644294613721e+01 1.483818981286157690e-01 -5.669019562657611644e+00
8.062162538391794442e+01 1.381312842101619920e-01 -5.590843911405054989e+00
8.059942304842979865e+01 1.324353878364227244e-01 -5.504292956150670157e+00
8.079615161193024164e+01 1.239093212761141621e-01 -4.984976477528952010e+00
8.030238291400247874e+01 1.471493824709581844e-01 -5.318080278428086949e+00
8.064267462811757525e+01 1.659987049874616094e-01 -5.373926668407767337e+00
8.065980471413618602e+01 1.476161368242376593e-01 -5.515836790927666655e+00
8.055881681430318508e+01 1.496020035697634698e-01 -5.703711146098410900e+00
8.073893618302514597e+01 1.718669832583131496e-01 -5.072271333310268027e+00
8.049093555416519052e+01 1.414474394570646998e-01 -5.643881256821706494e+00
8.027433458117535281e+01 1.539647644802378812e-01 -5.283893502707768697e+00
8.070382905590400924e+01 1.811290590333939354e-01 -4.874581224503937271e+00
8.086047901766248458e+01 1.301343334820108943e-01 -4.912069177276235266e+00
8.066263080300635124e+01 1.196089418876240124e-01 -5.137976200487577749e+00
8.079312837112658485e+01 1.552599150694722319e-01 -5.285784835642008517e+00
8.039201160346868846e+01 1.565885215553563803e-01 -5.482826696602250749e+00
8.060765901659591748e+01 1.606171910735066655e-01 -5.579684841821157093e+00
8.054651199721516264e+01 1.780128793104401030e-01 -5.265845816891940423e+00
8.038591174213183876e+01 1.304192673926234114e-01 -5.384755120872056544e+00
8.048133744596053418e+01 1.554976037418918655e-01 -5.632270825375457868e+00
8.065072316309456824e+01 1.456785967635831625e-01 -5.512743885851524972e+00
8.073343895908730872e+01 1.290441046829685912e-01 -5.294956344027146322e+00
8.084373595533330104e+01 1.592298878886141411e-01 -5.005151161140790173e+00
8.070156864267354990e+01 1.635099802148489712e-01 -5.408425272754303847e+00
8.026761669370989694e+01 1.647042009969342802e-01 -5.144982423729847376e+00
8.072549182315664495e+01 1.504624751358389634e-01 -5.309664192125341131e+00
8.063812493602935660e+01 1.554385742657924396e-01 -5.626451261929040548e+00
8.060075290739810328e+01 1.499417590353860630e-01 -5.652218878430104176e+00
8.052179813288520904e+01 1.688396832702964145e-01 -5.501288457650639785e+00
8.057421956698424026e+01 1.300490179446208150e-01 -5.506827253802738298e+00
8.041455803938207225e+01 1.614116126828825104e-01 -5.571834982174561191e+00
8.033350663058567420e+01 1.434985503633720294e-01 -5.535610274787593710e+00
8.043053115981695100e+01 1.335801163924257851e-01 -5.557972092149634058e+00
8.029063060257138318e+01 1.526094357468146812e-01 -5.293328218092401727e+00
8.056831773396589824e+01 1.790451956089730290e-01 -5.240957646358005206e+00
8.046537068676386184e+01 1.464595633388232898e-01 -5.666381168068907570e+00
8.066054267013016954e+01 1.361769240995219510e-01 -5.433129200844747153e+00
8.043005628914966110e+01 1.342203911603205291e-01 -5.568450160785288539e+00
8.055821521558996778e+01 1.379645592981204316e-01 -5.644668274799184537e+00
8.068895092149125503e+01 1.352491141212670278e-01 -5.416913025267555248e+00
8.055106579945044132e+01 1.786928935542489438e-01 -5.249546152292506207e+00
8.051535981029954314e+01 1.663831230120623728e-01 -5.545025538301670665e+00
8.085635285571065367e+01 1.313324030360598638e-01 -4.933006532754796503e+00
8.045558661982924775e+01 1.585759436240196940e-01 -5.604311022275695997e+00
8.051110160600266852e+01 1.648647989548590043e-01 -5.569826180453346431e+00
8.036325697844046090e+01 1.420493428616899090e-01 -5.526740869189030292e+00
8.043393253087890571e+01 1.560806566243773674e-01 -5.630479121432943934e+00
8.039187082488696490e+01 1.512817468676266042e-01 -5.522618896354756224e+00
8.051743159088697155e+01 1.616766846465119700e-01 -5.615265232661497130e+00
8.058740561226923660e+01 1.305819763567433733e-01 -5.468157185009628662e+00
8.052026769888678359e+01 1.450120777810882944e-01 -5.702531043287837775e+00
8.056157537121548273e+01 1.461550503979339444e-01 -5.702204634446461640e+00
8.054095915128957017e+01 1.734186037310256334e-01 -5.408897797146718922e+00
8.077588859690425238e+01 1.536988910217308713e-01 -5.295505190599241629e+00
8.063004819500304166e+01 1.412805137121949384e-01 -5.621898708641808184e+00
8.064530391002521981e+01 1.517148577332132209e-01 -5.511680520033435116e+00
8.058019026107049854e+01 1.393901405760294698e-01 -5.608956690642810550e+00
8.058393180963770419e+01 1.603897064641329751e-01 -5.583308429540186246e+00
8.042521640369355396e+01 1.471590889455831330e-01 -5.670375386076958790e+00
8.071580040302909254e+01 1.654799006254167593e-01 -5.179060697328403684e+00
8.056516454565998231e+01 1.523294482979390130e-01 -5.647797927993964073e+00
8.057872286046909949e+01 1.572317851266042121e-01 -5.615479395090190451e+00
8.050160082723471078e+01 1.504202019009406033e-01 -5.706318213575650056e+00
8.075837814045706864e+01 1.455996803474318979e-01 -5.307223298361976482e+00
8.037241322683787814e+01 1.306267325258173850e-01 -5.390531190910961001e+00
8.052324737684043043e+01 1.536254753040049992e-01 -5.691580053090884661e+00
8.069545949926714457e+01 1.320845635388259443e-01 -5.362580461317975278e+00
8.038903005439772187e+01 1.358935781516852626e-01 -5.471159647381855784e+00
8.050252586714110237e+01 1.442736688608469986e-01 -5.701248555351261516e+00
8.053468888605337384e+01 1.562272425156573386e-01 -5.672652724512823319e+00
8.042822818676097540e+01 1.282756578069680353e-01 -5.450983025520393710e+00
8.037256496000676975e+01 1.490068758705673790e-01 -5.532928156968258904e+00
8.066734190662053550e+01 1.622633217840232789e-01 -5.425531025363834914e+00
8.038041634007799985e+01 1.525539333818117516e-01 -5.516426996141092332e+00
8.060724976882865178e+01 1.357870750968639406e-01 -5.560582633498428073e+00
8.049252253033547788e+01 1.428098449461897013e-01 -5.694660385939911862e+00
8.055529656199553301e+01 1.379825160620173630e-01 -5.645193767329687695e+00
8.066135550847975821e+01 1.533274541045115957e-01 -5.504326311197520027e+00
8.055147378533092706e+01 1.653691272563930781e-01 -5.560298533394387732e+00
8.060283927856195874e+01 1.430706581053098059e-01 -5.637089407841790134e+00
8.070980042198067395e+01 1.643630619379575775e-01 -5.396502359741607080e+00
8.060231652837657634e+01 1.715176641045499384e-01 -5.406957517183198725e+00
8.041390116598661564e+01 1.524033522794369100e-01 -5.657861620248405998e+00
8.048603478767975616e+01 1.409048294036160665e-01 -5.640434267591365014e+00
8.037550431702680953e+01 1.557276528956356154e-01 -5.492254568243008173e+00
8.045538899744035177e+01 1.462469200422240323e-01 -5.667018520110761237e+00
8.034626027649333935e+01 1.467107590142700535e-01 -5.538846958503376605e+00
8.043962450961697641e+01 1.431721924995931483e-01 -5.659137573492157181e+00
8.067646394366848028e+01 1.519043616960885357e-01 -5.509361968547624500e+00
8.066358207813621561e+01 1.423413878407855104e-01 -5.496001054418646170e+00
8.056238771219005912e+01 1.544012116918605237e-01 -5.684322485036114259e+00
8.067685648251762132e+01 1.497772369738976650e-01 -5.514354313025577881e+00
8.060436293498486293e+01 1.478843457585581611e-01 -5.652856123683211109e+00
8.059904497263700307e+01 1.586624382594000737e-01 -5.601114428069795537e+00
8.059225231441536152e+01 1.600888444565616020e-01 -5.586356404426184419e+00
8.050807949900681137e+01 1.513653836915860584e-01 -5.703003012151319773e+00
8.056017289266642933e+01 1.554981244183419042e-01 -5.676836127273446664e+00
8.043248845772599509e+01 1.545130420095383039e-01 -5.643245596698220901e+00
8.045691010569711921e+01 1.576730208196417682e-01 -5.613823665182056999e+00
8.050632119462460423e+01 1.550255294618285151e-01 -5.683645145394822684e+00
8.054822970216538636e+01 1.443917858455830983e-01 -5.697671063048777462e+00
8.042576652847976959e+01 1.533539526649674301e-01 -5.651554787755465270e+00
8.040874112711327371e+01 1.652994160724781392e-01 -5.513584733626479384e+00
8.045054120907164474e+01 1.468088341494113436e-01 -5.668000606432861410e+00
8.055823547934447504e+01 1.523203844764597914e-01 -5.695765124249998479e+00
8.047081567450432260e+01 1.420557402381757151e-01 -5.649909190244309265e+00
8.050321373280065984e+01 1.417019047948588628e-01 -5.686285536710552257e+00
8.044176126302937746e+01 1.415212120084626546e-01 -5.649339886901312724e+00
8.076321675980895520e+01 1.496720684831840675e-01 -5.309271614483997759e+00
8.058244523333067377e+01 1.420459405850900969e-01 -5.632051792491093778e+00
8.040713148404223887e+01 1.472331337887311242e-01 -5.532996044020738857e+00
8.058226236237291573e+01 1.485880427241554058e-01 -5.654649449677997985e+00
8.053750638026625097e+01 1.591499117337948077e-01 -5.644493408578101779e+00
8.052821687476800605e+01 1.492972368636732161e-01 -5.706462385485894018e+00
8.043865581037924528e+01 1.596609481248973395e-01 -5.592829740023991469e+00
8.049110912099754955e+01 1.435281257856725334e-01 -5.698772879978511341e+00
8.057499475277533918e+01 1.559317470288502372e-01 -5.626276010139098283e+00
8.055528789701043024e+01 1.507376524118364258e-01 -5.701546458781973747e+00
8.071376041214148245e+01 2.762004328793272734e-01 -2.014032785475973419e+00
6.492925849861150311e+01 6.014270922322467738e-01 -5.836880126735208840e-01
7.667831027658979792e+01 3.081879103120262475e-01 -2.901599842610084745e-01
8.139185292973675701e+01 4.745140515617272681e-01 -1.157036678533800711e-01
6.634530294118439997e+01 3.528729473745499945e-01 -1.740318637193872808e+00
8.307905825818511403e+01 1.826103030607008626e-01 -2.091680046253057423e-01
8.399377780446639008e+01 5.369373302656011981e-01 -2.042680683968099153e-01
6.844736222274092086e+01 4.023223952268598080e-01 -4.098847034969052561e-02
8.764283687376932619e+01 5.084544698947698338e-01 -1.619461181897577040e+00
9.251960149063165773e+01 5.855696586844792995e-01 -7.603688147408358411e-01
9.076017517198616247e+01 2.083303230268832573e-01 -3.714329369630872124e-01
8.703003149400183247e+01 4.655471254435040729e-01 -9.651644024749479467e-01
6.518892495637996376e+01 2.376677493619043791e-01 -8.192908661125120062e-01
9.040733998150339801e+01 6.988700753746696082e-01 -1.920253645424285227e-01
7.109862036009262454e+01 5.611017377288965990e-01 -7.619924862868409088e-01
7.982041540154601478e+01 7.762198477543214015e-01 -3.549294999000635054e-01
6.696624304884457501e+01 2.317157079946791098e-01 -8.159539209891899514e-01
8.219173252312558020e+01 7.734806652401300386e-01 -1.555111576774030613e-01
7.712487184891298853e+01 7.953660441842300699e-01 -1.059616508294970900e-02
8.000073725547939318e+01 7.659050575287874862e-02 -2.162680948164438455e+00
7.395085752504786569e+01 5.647867218462190864e-02 -3.324000983665290065e-01
9.666970885367410915e+01 7.580743217278138602e-01 -4.049446416110345087e-02
8.894558121401530570e+01 8.327121629741326969e-02 -2.456033801823300333e+00
8.509753567752409253e+01 6.182346502183884152e-01 -7.054260070341262789e-01
7.062448796085368485e+01 3.308510129719506310e-01 -1.548517276896930639e+00
7.823526593289419395e+01 6.135812661657873424e-01 -1.882836979517045137e-02
8.441016863176751883e+01 5.950137141984787048e-01 -4.010701751122778824e-01
7.051981343308216310e+01 6.578844715360366857e-01 -3.710491977263299379e-01
9.302332405888911637e+01 4.156668278514035197e-01 -5.211152521725458397e-01
7.508969879434128814e+01 5.837262740126980542e-01 -1.482939898698255876e-01
7.144037412489382177e+01 4.241335644864305809e-01 -9.477424821630135998e-01
9.443657146098337307e+01 5.294607461367129009e-01 -2.462198391640117168e-01
8.472768927157727603e+01 3.438885705666634429e-01 -2.017196042250079535e-01
6.564475082579733112e+01 6.773745943710905992e-01 -7.846565498843618425e-01
7.685762259764061355e+01 4.362936521503512077e-01 -9.998652315716667627e-02
9.612162085712982673e+01 2.927676337446020183e-01 -1.788118839407332739e-01
9.430457841352162518e+01 6.241851050482769558e-01 -9.370238734620640886e-02
8.486637140572301519e+01 1.100954784200076919e-01 -8.562618291648980140e-01
6.956213710693550922e+01 5.249800069451023843e-01 -6.542569579711822181e-01
8.699618636984101272e+01 1.172952895317210809e-01 -2.133340377581791181e+00
9.147261299615695407e+01 2.583214257210534881e-01 -1.228495424611801279e-01
7.591530626600710718e+01 3.813167284729792467e-02 -1.352607289498610477e-01
9.600227580209647726e+01 4.414084551018054303e-01 -3.775052185130907678e-01
8.583038732182031083e+01 3.000891662111729308e-01 -1.174722599340004420e-01
8.905142944282118833e+01 3.917144972746251508e-01 -1.805605682319933458e-01
7.774514112748639150e+01 2.485689701804919827e-01 -1.152869458140525771e-01
8.026446646915709948e+01 1.931785524688967581e-01 -4.451787999665446804e+00
6.651390265818992020e+01 7.505263565648467861e-01 -4.218104724327702004e-01
7.242527794369146932e+01 2.537948247025798715e-02 -1.219901964470166550e-01
7.370149414957217004e+01 7.649190740937523714e-01 -6.492512587116891498e-02
7.210463461849644773e+01 1.301563828974704184e-01 -7.384831653312086408e-02
6.458921066147451029e+01 3.441578989518854770e-01 -6.893322902291618703e-01
8.825590784179371440e+01 7.182710691992747476e-01 -1.195887993535130756e+00
9.208767057279197843e+01 4.595918203811461544e-01 -4.850095662112762773e-01
7.268815110212860020e+01 5.687862649060584364e-01 -2.006630668395333605e-01
7.933357764149006641e+01 7.360935969721121852e-01 -1.723193038252861520e-01
9.218366754507206906e+01 1.725927406796464725e-01 -7.848811772923613983e-02
6.829569529058545641e+01 1.421856307087029092e-01 -3.580430603575802256e-02
8.945196934781044718e+01 4.823180583272217437e-01 -3.870566769897311188e-01
7.413753365907621173e+01 7.040421470729203712e-02 -3.225841483526019626e-01
8.794666069052382795e+01 5.400972199308674837e-02 -1.352363875992783182e+00
8.278482659967875179e+01 9.694417729516935367e-02 -1.477160461756534149e+00
7.301616582968026137e+01 7.256693768473340134e-01 -2.216157482605456142e-01
7.891845095397250986e+01 6.863106650911228179e-01 -1.319333285757930962e-01
9.108296500785731098e+01 1.265735401827092488e-01 -1.895602524276331080e-02
6.893530937912638024e+01 2.189184141109372372e-01 -9.753302062215308821e-01
9.022192086597711125e+01 5.542479574038362555e-01 -3.036637519787632744e-01
6.708135351055204865e+01 6.482509831722866878e-01 -1.185742131126031745e-01
8.566074467759486311e+01 3.155081277456759370e-01 -1.962261172367390782e-01
8.200188924073376029e+01 3.725288999577007765e-01 -6.871259942028729029e-01
7.558943608128517155e+01 2.709486130559066730e-01 -3.169715379791231413e+00
7.853236959596436861e+01 4.949310004812724206e-01 -3.879068836354278293e-02
7.764818524841415126e+01 1.913042719902345867e-01 -1.331775424112091044e-01
7.320431812383067438e+01 5.148515328699531102e-01 -2.851301317461020779e-01
9.336289890362270683e+01 6.450847011944186304e-01 -1.711821158539116594e-01
9.569547851255083515e+01 4.506755435284791611e-01 -3.746659776764155736e-01
6.603976487472168344e+01 2.003225780976132797e-01 -7.467037613058062906e-01
8.364204598037041194e+01 4.209850353477329610e-01 -6.343860953283325665e-02
8.321208605658080160e+01 1.116730579341764125e-02 -1.762912457840966896e-01
6.924594012365335516e+01 3.203208020286315016e-01 -1.213333760798476213e+00
7.896026150020134082e+01 5.508974102758301683e-01 -9.273151766609880053e-02
9.507157175544571714e+01 3.643651196046395757e-01 -4.484136734292729076e-01
8.838630405178254534e+01 1.679782768110573421e-01 -1.721510667147544194e+00
9.172729042765072904e+01 7.868734265970415143e-01 -4.323157668404449261e-01
8.960717295799790350e+01 3.990941315164628911e-01 -2.533907582305313655e-01
8.621116601836381221e+01 4.997752021091491637e-01 -6.497889908453015062e-01
6.799326231223139416e+01 6.390397859099797850e-01 -4.396302173642514521e-01
6.984933591319716584e+01 9.247840520705102874e-02 -9.216589783442483141e-02
7.527153237879744552e+01 1.453085421614380146e-01 -3.165555416792555476e+00
7.184822899799608820e+01 6.920783920871503847e-01 -1.227052011013326643e-01
9.513118260224183587e+01 6.662165782399913638e-01 -3.226562371863326284e-01
7.468237526208611143e+01 2.879163436990557212e-01 -2.509712914257221428e+00
9.353687625101514413e+01 3.808077081941052544e-01 -2.261052232258861650e-01
8.164216808224296074e+01 7.111799478725548962e-01 -5.861119526325082596e-01
7.608851513976249237e+01 7.302695605491068553e-01 -2.078121476276411847e-02
7.025378791325876193e+01 2.457171132071173936e-01 -2.580909829994192606e+00
8.104797969187185913e+01 4.470967144265716731e-02 -5.429393367979061802e-01
8.653738914206168431e+01 1.913156089927092393e-02 -3.996205675063085189e-02
9.400824594710802273e+01 1.560308657441146218e-01 -2.907746471100283725e-01
6.742557495751246677e+01 8.638197401738546258e-05 -1.072775595667762705e+00
8.060223120008004116e+01 1.339172270534763620e-01 -5.530971837389753176e+00
8.060537948657086815e+01 1.540792628995345526e-01 -5.636878109054546115e+00
8.067791925734215397e+01 1.628563456810874777e-01 -5.417688029165395491e+00
8.057471011452646792e+01 1.494305679434231038e-01 -5.654672511391763301e+00
8.039637591765615809e+01 1.581650178095276582e-01 -5.465726928051151567e+00
8.060620038379946095e+01 1.417993897350136590e-01 -5.628138194295657648e+00
8.066019542965645428e+01 1.350144192295942014e-01 -5.416160806033046171e+00
8.052310184093629175e+01 1.604556579139546635e-01 -5.630300172850438933e+00
8.046420179839176967e+01 1.756154587418924662e-01 -5.304718355840967625e+00
8.043752495849668094e+01 1.293797766362606294e-01 -5.475159595678126934e+00
8.068498578552356548e+01 1.578436611915799981e-01 -5.472210914900274226e+00
8.080261616257460844e+01 1.817885889224404028e-01 -4.622934772247636381e+00
8.044679835756488728e+01 1.425076876109689639e-01 -5.654960540583462425e+00
8.052599314661100038e+01 1.415066792816898900e-01 -5.682652465210154880e+00
8.066389489705254334e+01 1.553284676298865852e-01 -5.492706721474492682e+00
8.047828978685501511e+01 1.537201258176683627e-01 -5.645471901785077407e+00
8.050524680790881860e+01 1.374970443056613978e-01 -5.644520051738854960e+00
8.050837041318411025e+01 1.578052358990164883e-01 -5.659955525836411816e+00
8.054813772553551132e+01 1.370836001264397752e-01 -5.634584713603907780e+00
8.056538293508961601e+01 1.759451192682898180e-01 -5.313625017735406963e+00
8.078958675144552615e+01 1.492533189299898866e-01 -5.308427270193851299e+00
8.063668593015059116e+01 1.311951664317033972e-01 -5.475340535748840054e+00
8.042239302866006767e+01 1.330426909611299446e-01 -5.549796997395888276e+00
7.472940860652968809e+01 2.190069256036549783e-01 -3.550426487091568717e+00
8.042581419066982562e+01 1.554429827025571864e-01 -5.636461186077004193e+00
8.062823422672835250e+01 1.345558734350600361e-01 -5.538924922911797388e+00
8.051301556475972632e+01 1.610600351805635544e-01 -5.623368575544060555e+00
8.043204959831226120e+01 1.584583555917804532e-01 -5.607027398118333394e+00
8.052426496647143495e+01 1.515018410746254152e-01 -5.701371014162893047e+00
8.065999897443845157e+01 1.547871205274446715e-01 -5.496375893017047431e+00
8.041338519444795452e+01 1.542037443778162542e-01 -5.646801211585468216e+00
8.059793985349699597e+01 1.477029391924049306e-01 -5.653179680460198142e+00
8.051050000148256913e+01 1.392570833219777815e-01 -5.664095400048361206e+00
8.068258543171243957e+01 1.415472642243545687e-01 -5.488833253172212601e+00
8.054398118003038576e+01 1.551445852656253288e-01 -5.680438502348593488e+00
8.042139106899222156e+01 1.672158042244710485e-01 -5.479918819105249916e+00
8.052157976706968157e+01 1.588926685457651422e-01 -5.648112110463684665e+00
8.040693714133000469e+01 1.637523709690829055e-01 -5.538401827107879427e+00
8.051502604128334895e+01 1.451770330027579992e-01 -5.703536974971461504e+00
8.051091523147704265e+01 1.529629473232982650e-01 -5.695983375429098494e+00
8.057203545091211083e+01 1.457537109513578066e-01 -5.651516446422394147e+00
8.054883716927426462e+01 1.613932354032905081e-01 -5.617432836490890757e+00
8.056956585661490067e+01 1.535443690469945333e-01 -5.641885212847618902e+00
8.037856624799302097e+01 1.410882116718376045e-01 -5.519934081397460446e+00
8.046682327560623094e+01 1.465271273881051939e-01 -5.666322937176929919e+00
8.040415403420803386e+01 1.475803642302881413e-01 -5.532923880802106176e+00
8.038792514649853160e+01 1.544926090009679509e-01 -5.502038364529962422e+00
8.071744033669300222e+01 1.400231012805349395e-01 -5.472935490256011448e+00
8.044465421318385268e+01 1.435933022536514947e-01 -5.660585182105677404e+00
8.033841211732217857e+01 1.361065710623610980e-01 -5.270854713219249810e+00
8.044122659442588485e+01 1.433827807353282857e-01 -5.659974779724279870e+00
8.047906693850271154e+01 1.532372438068142217e-01 -5.648406079407411795e+00
8.053845705463514548e+01 1.551016942254116460e-01 -5.681091922880357359e+00
8.058226846970146084e+01 1.566875434525142330e-01 -5.619927078095052764e+00
8.046774282944622314e+01 1.537476903171800802e-01 -5.646048723679773396e+00
8.049549592717283986e+01 1.441494369340291237e-01 -5.701335722052566446e+00
8.049669867082909036e+01 1.518699415797385432e-01 -5.701923281783991548e+00
8.054565232370937622e+01 1.502653260060152207e-01 -5.703441898829177070e+00
8.057544031649594274e+01 1.450657156896891509e-01 -5.648995758697060943e+00
8.057016631065525303e+01 1.477034255857977152e-01 -5.655207029819542264e+00
8.050268272883440090e+01 1.551914084677197270e-01 -5.682669827938272356e+00
8.048993439427617602e+01 1.489105885962090647e-01 -5.709809955731276254e+00
8.046085835152260302e+01 1.429344548085967892e-01 -5.655892591081952858e+00
8.054126645943034646e+01 1.402031906688534779e-01 -5.670213200281628119e+00
8.055827170054595854e+01 1.471360430009222287e-01 -5.704129916637240783e+00
8.055211288657909563e+01 1.545343122287491378e-01 -5.684121354509921176e+00
8.045298272401572603e+01 1.500452884743202764e-01 -5.664368103873999694e+00
8.049622514659128569e+01 1.495333926071943098e-01 -5.708551548693793443e+00
8.043834331495284573e+01 1.452980209911033382e-01 -5.666846366570559290e+00
8.056549052265313549e+01 1.487647276611981650e-01 -5.704076767983070617e+00
8.049183938572173247e+01 1.398592048631859541e-01 -5.631230856318505396e+00
8.061882990598840593e+01 1.563163657743953661e-01 -5.621015156300585680e+00
8.056110099646143397e+01 1.409882157292600136e-01 -5.675122172201572113e+00
8.059789476346634274e+01 1.457490703438897028e-01 -5.649470747851879970e+00
8.042845996094943928e+01 1.497425070240213374e-01 -5.667135242051235089e+00
8.078128317045168671e+01 5.151685845402653730e-01 -1.609165729249358023e-01
8.238557454879283171e+01 1.888260057535929570e-01 -2.847668651140988771e+00
8.138016937185862787e+01 3.294609793254497654e-01 -8.162267961823506113e-01
9.574471611227889412e+01 4.537608315752831856e-01 -3.740435927852245879e-01
9.251288976718061008e+01 4.476310852552134456e-01 -6.849552717082589837e-01
9.364381569953749818e+01 6.924719995720627352e-01 -4.501912520856009292e-02
8.727772066758328151e+01 1.524438739453087832e-01 -1.678924073130015460e+00
7.021501984515521144e+01 1.269001826036599834e-01 -6.046925384525367875e-01
6.910687524509089030e+01 1.438325697387585755e-01 -6.189445590588428248e-01
8.735578406401357654e+01 3.880409955553684731e-02 -9.581630571482447900e-01
9.388379731486919866e+01 4.361030646708248248e-01 -1.776224375209548012e-01
8.900825420683547406e+01 5.280799919973789835e-01 -5.378227435562376035e-01
7.708372049725565489e+01 4.226344192217164064e-01 -6.617401089244441537e-02
8.859185057412993558e+01 3.950952637105963339e-01 -2.227151645591084472e-01
8.576004899452408381e+01 5.412332746034911324e-01 -8.300562003136430222e-01
7.392262768353943159e+01 1.102631410471765494e-01 -3.889231280158051418e-01
6.855156460112263517e+01 1.173982692208535711e-01 -4.548269292142408105e-02
7.927986111469370201e+01 7.516076074103923421e-01 -1.696109527222789959e-01
8.283509951116610637e+01 7.698516377501508218e-03 -1.370290566353912221e-01
9.115646696971725760e+01 4.636303317820260617e-01 -2.184378136973209039e-01
6.751114906242415259e+01 7.521946817993184486e-02 -3.751847784432821298e-02
6.957590319376022592e+01 2.248424692196176466e-01 -1.643579528000722823e+00
8.871496664444298119e+01 1.929808522051069120e-01 -1.095507444647032091e+00
8.335669738434046394e+01 5.850866922393134217e-01 -6.347095636838573710e-03
7.128998235748791501e+01 6.983757323093185976e-01 -6.412023348944249079e-01
8.955555145676706275e+01 4.928535354633866716e-01 -3.867663660491406641e-01
9.329816789063235660e+01 5.524898786298210185e-01 -3.025414725024432872e-01
7.035847846415001072e+01 2.777764807801777480e-01 -2.535038909746285984e+00
7.953631068403109339e+01 7.888682446282210270e-01 -2.578061929831689247e-01
9.290088736299438210e+01 2.381064388784736863e-01 -6.868026973186218409e-02
7.985932167463330700e+01 6.323126052192077351e-01 -1.454564552719637416e-01
6.533557481249120258e+01 3.279201460707833471e-01 -1.243872002133525223e+00
6.612611384133928993e+01 4.126045272128835428e-01 -1.880476174861535732e+00
9.656588325796536765e+01 4.832430360905233258e-01 -3.505527993344240145e-01
8.990070021499802522e+01 3.919755450733565794e-01 -3.024419818605843524e-01
8.278345016896354025e+01 5.223585976428635202e-01 -1.870352793584211665e-02
9.185311123738043193e+01 6.874963867502743575e-01 -4.872407195152260728e-01
9.499159524881541472e+01 4.989562793554667142e-01 -5.019119940373719668e-01
8.382704369175922920e+01 3.105014439691705652e-01 -5.339620078693532029e-02
8.428053221517778582e+01 2.064068799942727073e-01 -1.861936647380730281e-01
7.512709878035239797e+01 2.052179527446309701e-02 -2.429995990268718042e+00
7.093251652430484455e+01 7.141387059447302788e-01 -3.757979364156263102e-01
8.532091454295891708e+01 7.332392041124237148e-01 -7.407853707740469362e-01
8.026086132958752728e+01 5.646514171131212789e-01 -1.027555616487494938e-01
7.339041157939622906e+01 1.653301116884595967e-01 -6.266193616296028557e-02
7.159353703336273611e+01 4.650515023932138003e-01 -6.808625329178096264e-01
6.557726187547734753e+01 2.488910086685383605e-01 -6.956904545980441279e-01
6.731699445917796254e+01 7.962516742149098325e-01 -1.207396055073925861e-01
7.694074352508306447e+01 7.244936399987730313e-01 -8.548676113657989115e-03
6.990236833077938172e+01 1.285949714651638265e-01 -4.221918187283473789e-01
7.466186711684481736e+01 2.089459074724461518e-01 -3.601960545085888921e+00
6.792853392292924752e+01 1.718344651534073619e-01 -8.670986633304731891e-03
6.672299944163363250e+01 6.049433004036214312e-01 -2.444897338373122897e-01
8.551788705729882167e+01 2.940830702183704903e-01 -1.260656805617174081e-01
9.041015818306426866e+01 7.599535561200663203e-01 -1.669835588915975777e-01
8.644485775028412888e+01 7.826234155943624371e-01 -7.101859450964651543e-01
8.680278869058955138e+01 6.532385423181299444e-01 -1.158201835045545636e+00
6.468381347351231625e+01 2.873311361691412436e-01 -7.912459434875179776e-01
7.863942964504494171e+01 6.407901245487172825e-02 -4.154326373507072900e-01
7.763228190749242685e+01 5.314438403456781673e-02 -8.812541344974732238e-02
6.876272348269563395e+01 3.443985333246558089e-01 -6.119285884525536012e-01
6.821774582040923463e+01 6.773197856997326127e-01 -1.864831949579009440e-01
7.376127836210682176e+01 4.078281109630443324e-01 -7.702411989133095549e-02
9.612175840984011188e+01 3.708577262913007044e-01 -3.736395418855620876e-01
8.772205739262619772e+01 7.689887053710940945e-01 -1.851709697240360164e+00
9.523433182550738252e+01 5.939568830722746773e-01 -3.969419241715052560e-01
8.181946384753058510e+01 3.130040940877236166e-01 -1.548031591024952469e+00
9.218269673771682449e+01 6.713372767581706757e-01 -6.755464822836112493e-01
8.105956951791299048e+01 1.444925283333818589e-01 -4.346221669060997606e+00
8.451337818070899743e+01 7.631194978063750023e-01 -5.123148167012243626e-01
9.077433258876554589e+01 3.439508379282671946e-01 -3.614718295786220059e-01
7.286876729984984991e+01 2.470634631299026551e-01 -1.860290858970711780e-01
9.452362660686250706e+01 5.834418910090578558e-01 -2.194046107858547978e-01
7.219549328669391741e+01 7.439146966172507369e-01 -3.764901385107093101e-02
6.478795626989082734e+01 9.030409221504304140e-02 -3.393602720939614681e-01
7.549003410641343237e+01 5.096151813677056719e-01 -6.082260605511717877e-01
9.416777739269036829e+01 1.399415517616143037e-02 -1.923710916245162106e-01
7.212797131685844931e+01 5.507501643981944639e-01 -4.249514035879915080e-02
7.417721085519642088e+01 7.118265059123816130e-01 -3.118309905874963681e-03
7.627150935549525457e+01 3.116859491153034512e-02 -1.711304169698454891e-02
8.611716051123097770e+01 3.791325461555126175e-01 -3.486198664076890497e-01
8.506103287198465068e+01 9.847910809929565079e-02 -7.506222497852542697e-01
8.998803765886979988e+01 5.690588366922887387e-01 -3.237437082446493752e-01
9.134427109838890146e+01 2.974082632899889278e-01 -1.776949812149284103e-01
7.815165470993981955e+01 6.624006091421795750e-01 -1.801406619431813322e-02
8.003253708466237981e+01 2.187906311546807536e-01 -2.792325563659754373e+00
7.603511851084330431e+01 6.441267714222920215e-01 -7.059586163529872616e-02
9.154178581006958382e+01 6.124148556482547079e-01 -3.001835460344141060e-01
7.502300960134380148e+01 4.774933720596435949e-01 -5.617661753056339968e-01
7.083648179119010990e+01 3.656630424967252657e-01 -9.257544033495036517e-01
7.658963698891201943e+01 8.476247557638805219e-02 -3.814132799897111958e-01
9.549634076969734053e+01 2.633120408675026503e-01 -5.893069409515563212e-02
7.277309846474008737e+01 1.784154292599604841e-01 -5.912240452117322603e-02
6.597199356508879475e+01 3.558580735133922701e-01 -1.641983485675731158e+00
7.773375980049846135e+01 4.286097484528719193e-01 -1.805679974630176529e-02
8.358600777823525618e+01 6.164409219751328939e-01 -5.096222521178944004e-02
8.803402374890113435e+01 6.312412798154766191e-01 -1.462875624466891011e+00
7.844766479689418759e+01 6.277857080401411105e-02 -2.999664699166366688e-01
6.658591601407567850e+01 2.677089962067011331e-01 -1.208822897309019373e+00
8.216258054936146493e+01 4.373682991611183013e-02 -1.232928448910707742e+00
8.074457924592374525e+01 1.812682794162508992e-01 -4.871924288971484884e+00
8.056872307479416406e+01 1.683034874407483006e-01 -5.467884491798296054e+00
8.037236452519425711e+01 1.352484025322578942e-01 -5.464894269193147025e+00
7.636940391633302738e+01 1.993450592379113762e-01 -9.766219935684166131e-01
8.031993392727680714e+01 1.833205517752361791e-01 -4.962027701357833998e+00
8.046923977048172105e+01 1.060398647608131184e-01 -4.555425376610510391e+00
7.967325334883987864e+01 1.768380614395314299e-01 -2.033096134809292188e+00
8.049454142863736195e+01 1.999623317272540557e-01 -4.670412461796754400e+00
8.079723046267066877e+01 1.300733390531311762e-01 -5.131902882714692637e+00
8.049397520420427554e+01 1.611158118162307196e-01 -5.623579034005147470e+00
8.108352041335041349e+01 2.096660318657994349e-01 -3.142107776425109300e+00
7.715328640162751128e+01 2.239513729465885672e-01 -1.883595444831926424e-01
7.394376786820204472e+01 2.494888365072019110e-02 -2.424665152180389138e-01
8.179563974522216085e+01 1.384363516388538995e-01 -4.585442928131999274e+00
8.078311185438815301e+01 1.651779525613098487e-01 -5.182467969908917560e+00
7.501205906695955150e+01 1.867767977778612976e-01 -3.979333016042575277e+00
9.041507760786593906e+01 1.603106262566920959e-02 -1.372121279337015776e-01
8.213539643325604800e+01 1.260559666266918288e-01 -3.931134010318823258e+00
8.032695093064764080e+01 1.920407387269104094e-01 -4.712191513296266621e+00
7.681969775560389735e+01 1.886856969746872059e-01 -1.556236923969153696e-01
7.519732225667166858e+01 2.281132499990868312e-01 -4.059047470674709501e+00
8.003344910022480008e+01 1.159510874678516545e-01 -3.739406648950420298e+00
7.566927025331489176e+01 1.764101944156028501e-01 -3.259010269814261118e+00
7.099052488737041244e+01 1.351651068811417222e-02 -1.735326337851755385e+00
7.737556166550511705e+01 1.808261826657897309e-01 -1.592887101740436406e-01
8.034666689881197499e+01 1.673998068316261412e-01 -5.329550190570880197e+00
8.076274489173076176e+01 1.696438540541921336e-01 -5.112238374247317196e+00
8.060666243467241543e+01 1.705250303149873359e-01 -5.426195000536382373e+00
8.065139043740758495e+01 1.419202110495768887e-01 -5.494061293382271671e+00
8.053489137739802572e+01 1.273433543272346202e-01 -5.446525386576104744e+00
8.028284954215196478e+01 1.332241946368797614e-01 -5.243209685931536690e+00
8.013954725521533362e+01 1.730856382449265651e-01 -4.323706995951614118e+00
8.061983384418253706e+01 1.875030861300880092e-01 -4.900486492911522163e+00
8.057295232538916707e+01 9.472600972813283171e-02 -3.833823019403646004e+00
8.011485207778653717e+01 1.496798169265746437e-01 -4.675858202306813816e+00
8.743746339808157586e+01 4.895195292077523241e-01 -1.517598993265494300e+00
8.164563277857541834e+01 1.130860142624100506e-01 -4.069863470598382271e+00
8.079487510200124234e+01 1.342194404402246299e-01 -5.204708690349702849e+00
8.039418575989398619e+01 1.957539284119073075e-01 -4.745142736563336072e+00
8.134218685767210388e+01 1.911013598294270810e-01 -3.601002614865225215e+00
8.081138873434952075e+01 1.634966775367826808e-01 -4.957548161976626844e+00
8.111429937151365266e+01 1.341985648555074351e-01 -4.306789748451554267e+00
8.019305620717534566e+01 1.587806497031523933e-01 -4.932946161504314198e+00
8.085253217934369729e+01 1.826345211061908280e-01 -4.604610376239751446e+00
8.091562337990959008e+01 1.584479865641983953e-01 -4.746684891376557580e+00
8.037189111422883059e+01 1.105728738071397460e-01 -4.725391885188884089e+00
7.896308420426251473e+01 1.541497257728854375e-01 -5.358924857054315760e-01
7.988355251726959239e+01 1.127017756428296685e-01 -3.058397938945180972e+00
8.051306540241949961e+01 2.019114735764796498e-01 -4.607276260287473946e+00
8.022591238455981966e+01 1.842156808184196581e-01 -4.407629236151551666e+00
8.037651029845673634e+01 1.469272459287519206e-01 -5.535985877080739748e+00
8.063190935992784603e+01 1.640870906259579431e-01 -5.533785469492586095e+00
8.044777127075811052e+01 1.742005149430324862e-01 -5.337412923098012740e+00
8.063877625057985199e+01 1.555686613756990244e-01 -5.625505736294511117e+00
8.067043893267631915e+01 1.412231447000732720e-01 -5.487286360607201097e+00
8.037565089191929246e+01 1.621108047299217869e-01 -5.415736691346634935e+00
8.035720208546140952e+01 1.363238073985058862e-01 -5.480069559785378353e+00
8.048630232702470266e+01 1.539772320120676719e-01 -5.691903817284824640e+00
8.058993281036998724e+01 1.309458355707866228e-01 -5.475585594151911373e+00
8.050247384327138889e+01 1.392815836591905221e-01 -5.665164102524673062e+00
8.047798397124353187e+01 1.651546519716137196e-01 -5.566520569754484171e+00
8.042792620402684634e+01 1.288196526067442726e-01 -5.463751555025607942e+00
8.028741456133030852e+01 1.626043795524158841e-01 -5.177916745602983539e+00
8.034786639589657398e+01 1.718825633678768006e-01 -5.240059602475077405e+00
8.022540759518744835e+01 1.427053158242760078e-01 -5.035302738163950131e+00
8.069544502405186392e+01 1.505216632114081132e-01 -5.512016546610555956e+00
8.027623769092394923e+01 1.564224944724879052e-01 -5.260104691011256328e+00
8.056862058918164848e+01 1.707337039896189845e-01 -5.422897740985318293e+00
8.075958110841513360e+01 1.682973506932977925e-01 -5.134916243223853982e+00
8.069308802845850437e+01 1.577049301858912678e-01 -5.473104205640477282e+00
8.079343112557913287e+01 1.670124546446972724e-01 -4.908438564414064231e+00
8.064166056942916327e+01 1.811388130148925968e-01 -5.066252997770687827e+00
8.065851429153104846e+01 1.655634339253231613e-01 -5.380226179396088604e+00
8.052681585799415132e+01 1.844511577063622509e-01 -5.137707630063880870e+00
8.020128545583084190e+01 1.595610213214463668e-01 -4.921806818428956731e+00
