2.333820159576101787e+02 6.062826307185926744e-01 -3.085399194813748469e+00
2.264198103963265680e+02 7.564446210308194418e-01 -5.928747634844054870e-01
2.195541123275268660e+02 4.773997336555524384e-02 -7.065151533578104548e-01
2.353689911219092892e+02 7.313774156421325445e-01 -8.894544783914346553e+00
2.079812091528581277e+02 5.406529854572517113e-01 -7.790215634128798250e+00
2.601714938212566040e+02 4.296989311603511275e-01 -2.645726965948023146e-01
2.623011654757937094e+02 8.543254877945481718e-02 -2.757597335388844773e+00
2.069285341349493592e+02 7.207890577051555558e-01 -8.223055800456041453e+00
2.120205730993054658e+02 5.667799450144518358e-01 -7.342953302678452587e+00
2.220929168834863106e+02 3.645579781027711852e-01 -1.917259231519193641e+00
2.720975088047559325e+02 7.804279643799066912e-01 -4.673919953447855935e-01
2.549983177574860349e+02 1.817811136012654483e-01 -1.985057389315995291e+00
1.958896142550563013e+02 7.072133054848374067e-01 -2.234779888135316916e+00
2.127154390396442523e+02 5.460555051921215514e-02 -6.324136051015113447e-01
2.109352977926369590e+02 1.646627847599765881e-01 -2.676297090522885114e+00
2.396984802992438972e+02 1.087742416319257138e-01 -8.992615334655724268e+00
2.016723733706994608e+02 1.791529636739184334e-02 -2.409874482084367386e+00
2.054299350072481332e+02 3.097369866552633910e-01 -2.185493924199804372e+00
2.480432120494340325e+02 6.461471096754561882e-01 -3.083229836013268166e-01
2.756001822247347377e+02 4.006018871299534823e-01 -1.491481353356162387e+00
2.183819112822823172e+02 7.361460966872805933e-01 -2.605310562175723543e+00
2.492780898746514424e+02 3.301718233425789961e-01 -1.840573360382034007e-01
2.487266988308092834e+02 2.995277135671982061e-01 -2.666800073065907495e-01
2.574431991461473785e+02 2.646241535891594721e-01 -9.764681004641185824e-01
2.870281056862170317e+02 2.838024878107814342e-01 -2.238067740001149719e+00
1.991636150747383738e+02 6.850402198533451781e-01 -3.698297468264504229e+00
2.820420610541124233e+02 5.220781378046955856e-01 -1.617643340214725223e+00
2.530623517803068125e+02 3.123458193609925937e-01 -7.560494279267110374e-01
2.777782047129930447e+02 4.410771409108952823e-01 -2.940163352013653864e+00
2.696582415562668302e+02 3.853108697483815792e-01 -4.262505264588750009e+00
1.955314596260348594e+02 2.576301807928038090e-01 -1.441312084048106179e+00
2.151443737536990852e+02 3.340528408614869965e-02 -7.562901342080827760e-01
2.695922318512230618e+02 5.490485514499213737e-01 -1.948193807647894404e+00
2.436980703315547601e+02 7.517700964586420120e-01 -8.212661499311264546e-01
2.146274926384644743e+02 6.929340320037093992e-01 -5.527311692702631341e+00
2.741876312658658321e+02 7.903746862673770579e-01 -2.193603958503902163e-01
2.000369503699027689e+02 2.755795495214714008e-01 -3.714983639501003410e+00
2.450088013871558985e+02 2.314045937779345141e-01 -2.760817059838739373e-01
2.564331657746450333e+02 6.981532702241102228e-01 -1.177051260184621279e-01
2.665558194884482646e+02 6.452857600637910973e-02 -7.058851491871342532e+00
2.250607773897980053e+02 4.520638364275645360e-01 -4.487496498193154770e-01
2.853327193285757630e+02 9.323670693164130829e-02 -1.351449681847052942e+00
2.462554683211719180e+02 6.796676807969083134e-01 -9.305180842689719789e-01
1.974524773058168989e+02 3.449289291346619990e-01 -1.469388679872187131e+00
2.315820191056571673e+02 6.329905091260991101e-01 -1.338090106965613479e+00
2.214328832522476773e+02 7.931796559342028097e-01 -2.174112403637287638e+00
1.979752894011881210e+02 2.389539471745960320e-01 -1.356776774730279467e+00
2.675353717809044269e+02 4.150770706157567713e-01 -4.517118867210747624e+00
2.046021868808878423e+02 4.867774159245839560e-01 -1.601624500598482603e+00
2.101836396803846299e+02 5.824980673792140573e-02 -4.191764574244348229e-01
2.236687136498512984e+02 5.009750903512344422e-01 -4.945968239519049070e-01
2.797450281658564677e+02 7.734857406246328226e-01 -1.098470899682583601e+00
2.803627111234501399e+02 2.892281611971008193e-01 -3.082154138848733016e+00
2.553289620665648840e+02 5.108893052328992157e-01 -5.608798832424964909e-01
2.680591900948122088e+02 7.130985288907707442e-01 -1.231641179753300230e+00
2.897249774617280877e+02 1.849031973058078704e-01 -4.884960647409694268e+00
2.655491875744517642e+02 1.208689847173559928e-01 -8.635734345258740063e+00
2.133786909814294006e+02 3.806369124815225935e-01 -6.514845239276196409e+00
2.582991085690499062e+02 6.510133795008360424e-01 -6.430198820345849227e-03
2.507245167841192028e+02 5.699128788022697067e-01 -3.876812844235948824e-02
2.304487862916743950e+02 1.030269963400491512e-01 -7.725258796750736900e-01
2.275575733501212028e+02 2.462628150278684813e-01 -1.468875487743381392e+00
2.173864091675812347e+02 5.592384428282018947e-03 -2.032161583732130516e-01
2.768364951328509278e+02 2.508418371601138785e-01 -4.795694876771540827e+00
2.419655336461029833e+02 6.632898208305637588e-01 -6.772464910209038402e-01
2.747524028630447788e+02 1.114156847535499248e-02 -9.962150348242391207e-01
2.851174490637998815e+02 6.309978423488762367e-01 -5.267763850381239621e-01
2.904457513713017534e+02 5.283689180676705011e-01 -2.531988348580607173e-01
2.871607128006270955e+02 1.550736673614396544e-01 -3.677157428996800537e+00
2.325851064966091144e+02 5.944876275124892917e-01 -1.363023548774650484e+00
2.387406774938498017e+02 1.123964651958620220e-01 -1.656401752261393767e+01
2.791519904093117930e+02 1.383079079097206399e-01 -5.548322696890709338e+00
2.031058251895486251e+02 1.972885560730693877e-01 -2.328708369211536233e+00
2.432798848008505956e+02 7.318816307112709085e-02 -1.766167148422494171e-01
2.890798632612383017e+02 4.228721174941662553e-01 -6.879607116788928334e-01
2.709180507271029228e+02 6.103253872820973980e-01 -1.441718101515286232e+00
2.381389953787891045e+02 7.612934754790821046e-01 -1.383730771846704322e+01
2.161453073217718952e+02 3.234191161722063113e-01 -8.120650421483249559e+00
2.092238027093867458e+02 3.724735898529283329e-01 -4.665826264211935026e+00
2.633235658944366264e+02 2.139204650771268090e-01 -5.043868216922778203e+00
2.242114162945265150e+02 5.195698648798309227e-01 -1.814862338303513956e-01
2.339815536450473417e+02 3.944213011605943175e-01 -5.459644937855562041e+00
2.038713947330403187e+02 2.766048617236873189e-02 -2.484938437964246891e-02
2.011620468196832121e+02 5.795602642341818322e-01 -8.007495261889033600e+00
2.535219262875795039e+02 2.074035551750635364e-01 -1.237441378142257520e+00
2.208414754185538129e+02 1.748852831521034989e-01 -1.592670740696076948e+00
2.512146827677515262e+02 6.693709333587160026e-01 -6.651786689301898703e-02
2.911422117896937038e+02 6.175987478748807824e-01 -1.205075573135720585e-01
2.279748407807405499e+02 5.578938055274960117e-01 -1.633671978224215504e+00
2.598647734202046991e+02 4.796216527179011924e-01 -1.421338019262124441e-01
2.408599918125019599e+02 2.234290170729945069e-01 -6.269020373243378685e+00
2.828763737638052476e+02 4.330335868511445696e-01 -1.625322228068087238e+00
2.465418648374028123e+02 4.582890059489886925e-01 -7.008718829074198631e-01
2.370179114920487677e+02 3.544593150041344121e-01 -2.829687862490535721e+01
2.729839513554642281e+02 5.882604729989814318e-01 -7.769211033670522237e-01
2.645431149597325202e+02 4.682917718630840165e-01 -2.928488723702315610e+00
2.360145249102968990e+02 3.376548296357119172e-01 -2.303825628373918732e+01
2.834255863137162237e+02 1.485899603784558709e-01 -2.699642844159826360e-01
2.616558927963196197e+02 4.938943139262862991e-01 -1.033916372820816498e+00
2.294855534593167476e+02 1.312877700911650736e-01 -1.492170173865958738e+00
2.067497002918860005e+02 6.553194521507125225e-01 -7.841223141472283054e+00
2.342829678475304149e+02 1.113679765945970318e-01 -4.519408955517141280e+00
2.536427942810199738e+02 6.098908821116364454e-01 -2.191658806860737052e-01
2.036230430038125689e+02 2.297424622153826368e-01 -1.147548468000307631e+00
2.269685190774051193e+02 2.391238460307585079e-01 -1.386010528070877657e+00
2.837339643005088305e+02 1.553992631833082776e-02 -3.197346108495411343e-01
1.947606842829195557e+02 7.411671013137426378e-01 -3.362549935058372519e+00
2.583509566113104370e+02 5.428316726750826993e-01 -4.650037448548961956e-03
2.497663502091789098e+02 6.455067891520064327e-01 -3.037906037304318602e-02
2.348601073412293943e+02 5.925057208252035856e-01 -7.901430087443733541e+00
2.374640887020378557e+02 1.457221329160865164e-01 -2.508352175706702880e+01
1.987925428146900799e+02 4.506559762393845259e-01 -2.834141602339451005e+00
2.396164447559028190e+02 6.762970901201716956e-01 -6.691395424319984464e+00
2.520298909622534893e+02 1.196775609275620988e-01 -7.872954201816679820e-01
2.001025105137010769e+02 2.475211212623654178e-01 -3.501603791810402377e+00
2.853609324237733631e+02 1.973837612231480187e-01 -1.274162583594542486e+00
2.161972591733335776e+02 5.096637754435365819e-01 -7.771435996861918660e+00
2.159015423105609557e+02 2.865043745670320385e-01 -7.686648996744622764e+00
2.241341530369796544e+02 4.020683005026405299e-01 -3.140631722326604480e-01
2.742757570566698178e+02 2.965075687005899185e-01 -2.669138156990408017e+00
2.813514204206883278e+02 2.164171214075940319e-01 -2.266088378859280716e+00
2.056251490619943070e+02 6.189553651058226080e-01 -5.721952310996521796e+00
2.129762691957101310e+02 7.394235833447375394e-02 -6.652585683176885922e-01
2.458112529067570335e+02 6.697209476828107633e-01 -9.634718569213327477e-01
1.964816021166151643e+02 1.206985202966392168e-01 -1.928398897197275141e-01
2.708166690811007697e+02 6.594985262661556824e-01 -1.175920204721953910e+00
2.442286962799068704e+02 7.315382499810598738e-01 -7.830471190125508629e-01
2.701957896440650302e+02 1.617473801993399851e-01 -9.817487363276516277e+00
2.528058911341284443e+02 6.799113485089032516e-02 -9.265395209654299080e-01
2.696211625048682663e+02 4.177766040260513236e-01 -3.645001668891933555e+00
2.629581860050340083e+02 3.336751530023407408e-02 -1.824930639512529540e+00
2.873908994530046925e+02 8.247969662065193774e-02 -3.863846209797810349e+00
2.384601877198363127e+02 2.785384274049956810e-01 -2.528600783481381953e+01
2.197775894548451561e+02 7.024223368497732878e-01 -2.080534153848009993e+00
2.308881624407885909e+02 5.840754640285164001e-01 -1.443712397062457020e+00
2.205494722388214939e+02 3.626811556360398647e-01 -2.179807905814195479e+00
2.485697259690280703e+02 4.760701559564177732e-01 -2.172468665121797537e-01
2.783824980055779861e+02 4.269839583443222897e-01 -2.964676456275372463e+00
2.798963802188010277e+02 7.688872282746452846e-01 -1.137445889350288564e+00
2.674967292880077139e+02 3.201595793315905603e-01 -6.746616896906511229e+00
2.825113403020036458e+02 7.523505545705680975e-01 -1.295342025480132886e+00
2.601918574047299444e+02 2.119467605292629786e-01 -8.064956929486847281e-01
1.966742411570773186e+02 3.838609065386233699e-01 -1.146768494892600687e+00
2.481049064401267117e+02 4.844302799337266707e-01 -2.786439348189804766e-01
2.849697863292523721e+02 7.257911788308686329e-01 -6.238669020511505847e-01
2.804970500857344291e+02 2.709568295465169530e-01 -3.242423625312809143e+00
2.049606729638114473e+02 5.270972410836158861e-01 -2.279719320535701588e+00
2.360135281975230441e+02 3.702930054297371432e-01 -2.054205037860495509e+01
2.507442631034718374e+02 4.673850540966311140e-01 -4.416550015227393988e-02
2.298542198964529462e+02 5.654430062906616872e-01 -1.641558635874449390e+00
2.645949945277764073e+02 5.143732638764112464e-01 -2.483566007151688293e+00
2.574202242015535376e+02 2.025907834392637052e-01 -1.428197081037673177e+00
2.179765114557043262e+02 1.424834292004526493e-01 -3.366879539208859740e+00
2.621698433019304275e+02 8.986304323435045927e-02 -2.424863739173718891e+00
2.910608609154004967e+02 4.443015669368712839e-01 -7.162516832142666878e-01
2.871445562519220971e+02 6.061268767672119973e-01 -5.875881228366376385e-01
2.265274352058277714e+02 7.761129861165946275e-01 -5.935146255894573342e-01
2.732863403470822163e+02 7.098216083379883523e-01 -3.841614307431163722e-01
2.448572012424869797e+02 6.372107713119928851e-01 -6.982980798775231257e-01
2.418513977969796258e+02 2.933529373870604195e-01 -1.815614025921568508e+00
2.238141816663095085e+02 1.585431406760696993e-01 -8.997879426012831416e-01
2.224941031707336663e+02 3.393087139705174282e-01 -1.617735992998178496e+00
2.596520542437152130e+02 9.876746544246342574e-02 -8.451845242959690196e-01
2.121810724415674940e+02 6.927175343879286018e-01 -7.147303123362398480e+00
2.010201961222750811e+02 3.052124053739764253e-01 -5.581390238213409738e+00
2.908244003822204036e+02 5.516505907867674113e-02 -4.421545329421397774e+00
2.100373869979463279e+02 4.594525478775781102e-01 -4.725227210651238963e+00
2.212077355727022905e+02 3.159719503233375804e-01 -2.178118622420297967e+00
2.661335013805561402e+02 2.550162721795183329e-01 -7.812803023007955261e+00
2.559596392832188485e+02 5.783760684049776835e-01 -3.864992678375467339e-01
2.142555597276517005e+02 1.890848676752352464e-01 -3.540802116294387680e+00
2.284157292534995065e+02 7.125463569643734063e-01 -1.621679998562657543e+00
2.464658821699620717e+02 4.097441203819778832e-01 -6.679576141014021973e-01
2.083284919582038697e+02 4.332790930479241687e-01 -6.351086800421124501e+00
2.679361235112299937e+02 3.349537606442521964e-01 -6.126868170466646113e+00
2.567787798857547159e+02 6.253775002093496793e-01 -1.172902139927790299e-01
2.408380955322166415e+02 3.928040230688195633e-01 -4.392816687902635131e+00
2.079986919045178695e+02 5.702651707165184991e-01 -7.899145995590123981e+00
2.425700785515312248e+02 3.585233490666938083e-01 -3.968639945387536505e-01
2.019059728647726786e+02 1.796246282537186656e-01 -3.705195109803887110e+00
1.976740174190599078e+02 5.524662741956983814e-01 -1.942010937455933783e+00
2.185044389386482067e+02 6.219093185379417910e-02 -9.817563371586000009e-01
2.649677648912459063e+02 2.625237581723217084e-01 -6.540645371449874901e+00
2.136604761959493430e+02 3.896031311850208234e-01 -6.306119597224967066e+00
2.749886362471085590e+02 3.078786149275294579e-02 -1.742658679609700778e+00
2.295260975623899071e+02 5.303921332387258047e-01 -1.786645771946586247e+00
2.716711002171263090e+02 4.960191770195926941e-01 -1.788142298073627234e+00
2.884978181511616526e+02 7.679320651607804971e-01 -3.225381724219115176e-01
2.320667788295302785e+02 7.939874614180830736e-01 -1.074309469666775207e+00
2.613650536298477505e+02 1.718475704339073734e-02 -2.782835339037944000e-01
2.111372635142528225e+02 7.497209487354130619e-01 -5.768839820909187566e+00
2.258188561004707537e+02 1.047347636608145227e-03 -1.534442686238188580e+00
2.756834617714149545e+02 7.853699558980363760e-01 -2.288726544617908087e-01
2.390543998301705813e+02 4.556741961446781480e-02 -4.464640188851499936e+00
2.546202937615772441e+02 5.464309510124794045e-01 -4.050117956696478450e-01
2.897929288786724555e+02 1.689183339830782060e-01 -5.263891141277703412e+00
2.026183665601041355e+02 6.834616454485198389e-01 -8.209835791349805234e+00
2.766474188850239102e+02 3.446561308621302055e-01 -3.193004808600492961e+00
2.333294957929945497e+02 4.887764344677822392e-01 -3.415747082156385783e+00
2.784656580014247425e+02 1.298340427765527771e-01 -5.951990918096822014e+00
2.701939888011501125e+02 3.601416901233309154e-01 -4.710782451209823307e+00
2.067800788533316734e+02 6.155745367397158496e-01 -7.584989401272958176e+00
2.903064951876749546e+02 3.164241271762481267e-01 -2.102436053120031012e+00
2.428682551490630317e+02 2.909153874496802628e-01 -2.164174537715319036e-01
2.801308137022995197e+02 1.307715039199776053e-01 -4.130449054192670388e+00
2.180272529101461032e+02 3.947785438562004257e-02 -5.268033744147201380e-01
2.402088656199178160e+02 5.338784783993772987e-01 -5.581679330998840172e+00
2.641121685075744381e+02 6.818274290241523039e-02 -5.151188928018537894e+00
1.992463650802481823e+02 3.430281670660009219e-01 -3.196572518341616043e+00
2.187963873117899425e+02 1.250640892017000350e-01 -2.068872177699236037e+00
2.492365794802258279e+02 3.905984132204250447e-01 -1.342723883483909197e-01
2.231195913723655053e+02 5.453563463193916716e-01 -8.556283329225012890e-01
2.058156950536833847e+02 6.062655085511965414e-01 -6.179959893656326919e+00
2.792517322940954045e+02 7.767501052251363225e-01 -1.058505476186937910e+00
2.330982024708036704e+02 2.840087681342388093e-01 -2.988477774005551701e+00
2.340015062824130041e+02 2.993629576176046192e-01 -6.305401986680982063e+00
2.373608594426274294e+02 6.605264524133156456e-01 -1.853210807413039518e+01
2.850509479432924991e+02 1.872770116330338963e-01 -9.309093525446003881e-01
1.960363490874603940e+02 7.399796074894536835e-01 -2.074541686045292543e+00
2.821344008314851521e+02 4.407751607050875986e-01 -1.727408419119691230e+00
2.637232944295142261e+02 4.826831996450902662e-01 -2.152512699430087384e+00
2.725332639291239047e+02 9.891321186311469171e-02 -6.542008697489071878e+00
2.459539922364022289e+02 6.464443233905617925e-01 -9.626090087754456404e-01
2.192434844612077427e+02 3.323315133497862228e-01 -2.699169472113505108e+00
2.413016924729971038e+02 4.188991176180325571e-01 -2.888247555439424019e+00
2.626438947992553494e+02 4.933737913270319075e-01 -1.246665298163405211e+00
2.858228082163574868e+02 4.737384408517387735e-01 -6.694998615454068602e-01
2.000209022235536622e+02 5.280373445335047322e-02 -1.469997668298455296e-01
2.608591649638580066e+02 3.579660704581861252e-01 -7.516546879708564388e-01
2.361324714157778999e+02 7.532358924308395209e-02 -8.689031708285000377e+00
2.435077357020152249e+02 1.513404873357616642e-01 -2.155101778572726667e-02
2.744180120238509630e+02 6.874725705766286943e-01 -3.653638629566171581e-01
2.659758161075959038e+02 2.040635069373276933e-01 -8.973493121387495108e+00
2.672575109135178764e+02 7.845290549587040640e-01 -1.003549479945254896e+00
2.878839873661313504e+02 7.295189642852732970e-01 -4.143594027757243614e-01
2.094331919556733226e+02 6.701889841247197221e-01 -4.596976623662591521e+00
2.316931898508340169e+02 7.607563122710879755e-01 -1.176642827089963816e+00
2.889215586501009625e+02 3.686229339424673124e-01 -1.153901760937507959e+00
2.015813071814686168e+02 1.184890231397390803e-01 -1.149892858959970843e+00
2.656869909107139733e+02 7.474597456023540643e-01 -1.230349629527758726e+00
1.970066657272573707e+02 3.252368390491588435e-01 -1.023058977830360927e+00
2.892839786159083815e+02 4.609059743035711504e-02 -4.495079576067432470e+00
2.830080775868632372e+02 5.729048923714909203e-02 -1.477565606359359240e-01
2.040956355723790239e+02 3.829946327644335735e-01 -1.175722512217042937e+00
2.130419913310629454e+02 1.077366982753979185e-01 -1.374048756830269502e+00
1.946770046500842284e+02 3.989647203581260793e-01 -2.749707453515241262e+00
2.528388070348146641e+02 2.747946449060110763e-01 -8.340151652055933784e-01
2.005822181606360459e+02 7.182863821041294283e-01 -6.477488795594623205e+00
2.346889631500001769e+02 2.304637556132734244e-01 -9.115856215469424484e+00
2.584410294499605243e+02 5.194320907980251034e-01 -1.267480168168591895e-02
2.262033312466032271e+02 4.354301245831011524e-01 -1.005795555705443656e+00
2.288279844588095671e+02 1.786909549539645869e-01 -2.057762136099741124e+00
2.144050134025757188e+02 9.167037835085173336e-02 -9.855825264389951323e-01
2.111857689755374281e+02 6.228491906103197362e-01 -6.292551454796861066e+00
2.388857317135833398e+02 6.391286425674347349e-01 -1.267847361787396743e+01
2.779303090485381631e+02 6.255676836503409888e-01 -1.625020830624115176e+00
2.610713922098852322e+02 3.448589802458952303e-01 -9.419879580462932056e-01
2.565248451450810308e+02 5.743963837189627331e-01 -2.529551254367267132e-01
2.273323137878396096e+02 1.419868689630159331e-01 -1.155509539814418396e+00
2.768588401331008413e+02 2.468923758569676330e-01 -4.847178915947270461e+00
2.514222740915470808e+02 4.114222612864775197e-01 -1.715755565539866523e-01
2.747662943605485566e+02 7.078589636876375657e-01 -2.696957667942823655e-01
2.734140589119507467e+02 1.997999250177349140e-01 -4.768895520475376237e+00
2.485314678665256451e+02 1.666630959036660975e-01 -4.778442264157963248e-01
2.550462121916002616e+02 5.380613670249233538e-01 -4.754497520025801616e-01
2.420271436440567641e+02 7.266048332048504754e-01 -6.172959664512341904e-01
2.870947266970238161e+02 4.269882378401997913e-01 -1.141438265157491694e+00
2.247838260031014102e+02 2.162429030118512285e-01 -7.675220676208641679e-01
2.151598119456484994e+02 6.798905889835775707e-01 -6.204321614534796581e+00
2.916721149337459451e+02 4.965783783750102320e-01 -4.197484145304545278e-01
1.976218676530410789e+02 2.570062417354099793e-01 -1.126158037627569497e+00
2.137950567550087442e+02 7.713297617299877951e-01 -6.013735652985361391e+00
2.809790232177197140e+02 4.518898701655481576e-01 -1.901791089291731573e+00
2.508169608913628679e+02 5.607421191172432540e-01 -3.850101610245423855e-02
2.029059287369347260e+02 4.035565547955947685e-01 -5.377864027423448157e+00
2.074165695647891710e+02 7.525214377233591101e-01 -8.695666205984718289e+00
2.693725785010594223e+02 4.662294110220631116e-01 -2.936082876037417133e+00
2.049528122646032671e+02 2.129605745174119047e-01 -8.568047039274436782e-01
2.228290609883126479e+02 6.962877852115740840e-01 -9.312810772210970978e-01
2.205845476220733872e+02 1.055384726487938046e-02 -8.305312956506952782e-01
2.214744751065086632e+02 4.603850361083016707e-01 -2.233830240870526396e+00
2.761037830423631476e+02 2.037142705894124523e-02 -1.176819893433269648e+00
2.833530332685356825e+02 6.914086861099805192e-01 -1.352406430502748336e+00
2.452704604559081929e+02 2.830704370050853361e-02 -1.032521248344514309e+00
2.684471794786841201e+02 1.545011342696984424e-01 -1.067357027958892957e+01
2.251592079608639665e+02 2.541870476436162707e-01 -9.441795895172331310e-01
2.712231151363617982e+02 2.692042613984354515e-01 -6.091807461014145275e+00
2.571688752344190334e+02 5.565542079335249886e-03 -4.505233347431497060e-01
2.593990049167267671e+02 5.256414198236235569e-01 -2.937055770579899416e-02
2.544353444439306031e+02 7.950533772612158323e-01 -1.620272104573166061e-01
2.282986040364010591e+02 2.336300999787545019e-01 -2.022546887917517910e+00
2.480594917189052637e+02 5.867514250145652310e-01 -2.979270188977388156e-01
2.470838798003296120e+02 8.583698812330116390e-02 -3.946981747222587655e-01
2.091718252857440632e+02 5.811130871987040258e-01 -4.846153260676450358e+00
2.538478156259414504e+02 6.495034158758383747e-01 -2.022609630142409298e-01
2.162534674130464225e+02 5.067036605323234078e-01 -7.789768406233936737e+00
2.114476046895375134e+02 3.086647437436965125e-01 -6.338289478190789694e+00
2.309320228694318189e+02 5.595481344373278709e-01 -1.472995416113319411e+00
2.301283983096678298e+02 1.759460581332757956e-01 -1.448168480661926827e+00
2.382434063227700278e+02 5.984272690223280122e-01 -1.715869177532619005e+01
2.088905138959042631e+02 6.568945483660740825e-01 -5.252023965668954020e+00
2.160650685742774328e+02 6.296931170007000755e-01 -7.411868432821850483e+00
2.079701212762104774e+02 1.721252047411278227e-02 -2.069277868424121980e+00
2.398689029139417812e+02 4.839691294711858521e-02 -2.780561544709161836e+00
2.568913612362971435e+02 3.176781450796858919e-01 -1.090291563484306447e+00
2.433758806517051028e+02 3.300618775968160445e-01 -3.711384786534469571e-01
2.419976515721700991e+02 2.644864700886368492e-01 -1.366340545940402551e+00
2.818856655189949265e+02 7.933598950880477174e-01 -1.201621198232376564e+00
2.576927605938728334e+02 7.235750474117488285e-01 -9.797496354313935119e-03
2.705570846490295480e+02 5.328683717859319380e-01 -2.068645246241421987e+00
2.015961084785114394e+02 3.778626760652007421e-01 -8.095604618903863070e+00
2.043119640173249536e+02 7.512704709111353019e-01 -1.421987728827161401e+00
2.327903339634080453e+02 2.871609600851116606e-01 -1.929270766449203478e+00
2.411921678258909481e+02 1.037111964434912353e-01 -3.710399351405217150e+00
2.582774916362670865e+02 7.647845240910093878e-01 -4.900664224619087628e-02
1.995378947346948451e+02 4.725618305525171592e-01 -4.248541623391399291e+00
1.981186567159585934e+02 3.954309671547071581e-01 -2.016131238016015015e+00
2.466569147876284376e+02 7.159344768533228986e-01 -7.613458119732098295e-01
2.304223988750032106e+02 6.733364151374331419e-01 -1.337283004074204529e+00
2.617339782055369710e+02 2.233144832160555981e-01 -2.113405195764693101e+00
2.025046413742028903e+02 5.463357752236154274e-01 -8.209020429589420687e+00
2.269186858189010252e+02 5.552646940985883628e-01 -9.539472774259311061e-01
2.212354860080609740e+02 6.010106799502673569e-01 -2.286019102628930710e+00
2.706995288587906430e+02 7.814721862621853976e-01 -7.427046105774931517e-01
1.960581024090187157e+02 4.708822391535190111e-01 -1.596099522443255037e+00
2.608589035710180042e+02 7.550459532982221056e-01 -4.155469953877738987e-01
2.894010606976338522e+02 1.353844640462133486e-01 -5.809555708924926343e+00
2.681773461381864081e+02 9.242288332080796087e-02 -9.483678177329821324e+00
2.859812787591776555e+02 5.901419992514299606e-01 -4.658636218315230226e-01
2.780534202821155532e+02 1.911794562109033757e-01 -6.283217287825696218e+00
1.971167541767108844e+02 6.150386878710406569e-01 -1.810683726135031035e+00
2.433078283244533395e+02 4.891653659184743153e-01 -5.886123570713379660e-01
2.798042485222366054e+02 6.142493262032381468e-02 -2.738463278947736779e+00
2.864910008296276374e+02 3.489810842511426037e-01 -1.389814673697177039e+00
2.769908748718106040e+02 5.391163839261375879e-01 -1.792503612354086728e+00
2.914159704194906340e+02 1.782147713803818867e-01 -4.014701746403443572e+00
2.742295986116478161e+02 2.028836306846279747e-01 -3.869648379512995451e+00
2.283699290790977443e+02 1.510853531907770109e-01 -1.522107039554773111e+00
2.809412386230552556e+02 2.498912385548602844e-01 -2.781711228946958769e+00
2.450177860144826241e+02 3.722069600607648132e-01 -5.629933710265471181e-01
2.461708882586621314e+02 7.400035821883363951e-01 -9.694099611069048050e-01
2.843486609436736217e+02 1.454471393301991905e-02 -4.606601404503347097e-01
2.150208185087847141e+02 1.630744676081863909e-01 -3.422894776504012082e+00
2.057462029526751337e+02 7.745238411985589932e-01 -6.663048374404564989e+00
2.068415203356445033e+02 5.815150296847265698e-01 -7.425473416962098838e+00
2.385067154321627072e+02 3.228045666928198165e-01 -2.407782840900263466e+01
2.128787515623776017e+02 7.851292118767531081e-01 -6.684126033365989095e+00
2.295183791150072352e+02 6.964028959891208626e-01 -1.570781269206300346e+00
2.671055122426513435e+02 6.809642457574182073e-01 -1.509888815164586395e+00
2.487211188318669315e+02 5.730968603770085767e-01 -2.258175829851005456e-01
2.349012786015326810e+02 7.506284243658602195e-02 -3.914563586331683886e+00
2.180001179838773737e+02 7.131686570717277185e-02 -1.471508402842182983e+00
2.000177024346972416e+02 4.116943016502550012e-01 -4.605473687783198322e+00
2.197940819654332358e+02 2.634934818463315342e-01 -2.136389002667997694e+00
2.589569789271278069e+02 4.806318743195192589e-01 -2.659775348092111025e-02
2.499631069671082741e+02 3.600557914778615420e-01 -3.381266778123748207e-02
2.367737435987994274e+02 2.770588059266971825e-01 -2.903008466774918261e+01
2.261760449993823272e+02 5.992430295823676367e-01 -7.438137610203372496e-01
2.753744142001901878e+02 3.097844283478186078e-01 -2.135514233872856771e+00
2.225430017892670662e+02 2.785898057184550691e-02 -5.054636333340997156e-01
2.246380172859317099e+02 1.984068943642170180e-01 -7.155747901189718485e-01
2.234168899412293285e+02 2.095755781088196046e-01 -1.061473217362614241e+00
2.140976106910493399e+02 8.172606159872851384e-02 -8.262469508983046884e-01
2.315577635552828895e+02 6.554214590068434543e-01 -1.309017344927063009e+00
2.760907602108184165e+02 1.134876782967545461e-01 -4.113834428929319387e+00
2.836654641189053336e+02 2.437958536487692118e-01 -7.992031297384609712e-01
2.529031703527949446e+02 2.368285053842849597e-01 -1.012371141538307429e+00
2.106742570185801924e+02 6.209862708777367235e-01 -5.434103477267082205e+00
2.475502432303912883e+02 2.887388876651059699e-01 -2.573368878574846530e-01
2.875008698486794856e+02 2.277703841089478431e-01 -2.965180014782781814e+00
2.183501051457621998e+02 6.423930609824090032e-01 -2.884195082601881399e+00
2.513408390108249080e+02 1.394091095737482189e-01 -4.059503764940617376e-01
2.099158010988046783e+02 3.862204939533584458e-01 -4.513168031142871683e+00
2.664432088878389777e+02 1.242860874810833294e-01 -1.002050290553753875e+01
2.510552848107638511e+02 4.435370284816847475e-01 -1.168470307842974787e-01
2.633330114091775158e+02 6.885835161240878577e-01 -6.565714403499046670e-01
2.890078838555454013e+02 1.092546895719490041e-01 -5.650387395571577542e+00
1.956037229111334455e+02 5.018894036583910756e-01 -2.475942236921859774e+00
2.551444177493968652e+02 5.130851070609934172e-01 -5.291093300763634044e-01
2.537759748749364235e+02 5.085020054056310634e-01 -3.588587190268963667e-01
2.343980161881835329e+02 6.640450990117868768e-01 -5.202256457018576086e+00
2.907507152711048093e+02 3.461750308271340643e-02 -3.550505816413517479e+00
2.114805587672514378e+02 4.385611792935586450e-01 -6.885126245850625715e+00
2.728246259472987276e+02 4.543763272462336797e-04 -8.653089965513256765e-02
2.722906766979306212e+02 1.733916789989450313e-01 -6.442776164624102186e+00
2.250382541797679039e+02 4.534477651647376151e-01 -4.483319959620348238e-01
2.048207025520764262e+02 7.091393856232786064e-01 -2.400612237619883516e+00
2.650509792499489095e+02 4.189204353052449620e-02 -3.812772198928792378e+00
2.200092964083012248e+02 4.218265426849909794e-01 -2.183706048014339540e+00
2.785577961933209963e+02 5.654936106770247495e-01 -1.866669474578297461e+00
2.006161817078138370e+02 7.292213973472012611e-01 -6.486593996007242957e+00
2.690655649862517294e+02 4.313410205382187113e-01 -3.536188784870335500e+00
2.167364872180582154e+02 4.614318706912671764e-01 -7.002871908250938304e+00
2.625128601127970569e+02 1.550635054265663004e-01 -3.344467845813073215e+00
2.832284176183744648e+02 3.557659542216698445e-01 -1.485601183866267494e+00
2.325828720508720266e+02 5.211127959040791069e-01 -1.626399003796867193e+00
2.361507978386985087e+02 6.364675188846488085e-01 -1.576012085540588714e+01
2.640657144921540862e+02 4.058688689316924947e-01 -3.158496177668295601e+00
2.383725485047926043e+02 3.028259018142250847e-01 -2.622215607262447179e+01
2.540561741297827609e+02 3.439289698480992308e-01 -8.188208900681879232e-01
2.356129952867130726e+02 3.138453774287211506e-01 -1.890281775191788327e+01
2.373293994039156587e+02 3.012497765474080880e-01 -2.972678403426887428e+01
2.345488686568092476e+02 2.482887431973978820e-01 -8.281957307890158049e+00
2.411823546697732752e+02 3.350388611272954176e-01 -4.386754461262944993e+00
2.400677624652725513e+02 1.942776837192010664e-01 -1.063512177031170758e+01
2.379787462427281923e+02 2.565007424198001984e-01 -2.922852187411382729e+01
2.434949358770017227e+02 1.563676991092139978e-01 -2.513946876745325187e-02
2.360350555404449437e+02 1.652754755926996444e-01 -1.899192131774008629e+01
2.391432530305111186e+02 2.597948207522109976e-01 -1.988325878959032522e+01
2.349272750375130272e+02 3.452080318048354468e-01 -1.092566258033470561e+01
2.377493875806017343e+02 1.391942133425683736e-01 -2.435529961410381006e+01
2.366287105411075515e+02 2.210256789510122999e-01 -2.714487867440755409e+01
2.307993796483405333e+02 3.236722843667779181e-01 -1.644022121051661900e+00
2.691493561908885113e+02 2.873455197425476837e-01 -6.807177868187005210e+00
2.332293145345019809e+02 6.666631327876467727e-01 -2.472793919697694687e+00
2.342562914014395687e+02 1.798891502028612255e-01 -6.613411104740328561e+00
2.389700064076367312e+02 6.130724830717131368e-01 -1.335436294494786047e+01
2.319061670878712391e+02 2.161902536180903278e-01 -1.225287393244396394e+00
2.365385408789579742e+02 5.845589873065263342e-01 -2.020645413523476819e+01
2.355359047833216266e+02 3.509283954500642677e-01 -1.647644869916004140e+01
2.390816941449091928e+02 1.953971788213519079e-01 -2.004880268054638393e+01
2.055805001309324780e+02 6.501100233010848051e-01 -5.263802194373035093e+00
2.424180330871230353e+02 3.285953834265746831e-01 -4.188601131754973173e-01
2.346866584846672481e+02 1.127401784263896700e-01 -5.377256809866461928e+00
2.433931506090044365e+02 1.844499772427169448e-01 -6.707665389499950503e-02
2.476164807702354267e+02 3.730207068657503261e-02 -9.922522217304415859e-01
2.370229572205608406e+02 2.714228526982118694e-01 -2.968330755430392642e+01
2.023018826382167106e+02 5.679926049739930649e-02 -1.177265997223783806e-01
2.370658048378706724e+02 2.760405673338923171e-01 -2.965696074696332118e+01
2.422856173170733030e+02 2.936917797325276375e-03 -5.813945720005714302e-01
2.057643796773781162e+02 5.172929715489671398e-02 -1.167148453257843776e+00
2.431047307975010767e+02 5.656608870847023018e-01 -5.626528610024031929e-01
2.717974589139706723e+02 2.038993450950770114e-01 -6.526878715710392242e+00
2.181994045871400658e+02 1.765496585168249352e-02 -3.058323302661027782e-02
2.211326888390179022e+02 5.199185850638776696e-01 -2.295581216017410942e+00
2.384139101137236878e+02 2.500208174997063382e-01 -2.732754892905185429e+01
2.098135973289548133e+02 3.449011368843711844e-01 -4.343738564539879832e+00
2.123726181744247867e+02 2.230076187545773636e-02 -1.524595765382718238e+00
2.683291879933817654e+02 1.995437667502700796e-01 -9.805631504859089631e+00
2.365721590349163534e+02 1.477488246791437698e-01 -2.201585212114065371e+01
2.166230365099608832e+02 4.523062634990113740e-01 -7.468057011803181489e+00
2.383886139205092434e+02 3.919179446702671932e-01 -2.315795301059952038e+01
2.581318068706559643e+02 3.110115640808539528e-01 -4.840231157468655732e-01
2.701398356422876077e+02 8.629415142846112718e-02 -8.701423018495244577e+00
2.349080680672282710e+02 5.341288279409450723e-01 -8.339415105618627422e+00
2.194887961493532202e+02 2.188986873929283650e-01 -2.228001674007884958e+00
2.581014541065890739e+02 4.344969463572613266e-01 -1.117155574509290650e-01
2.540194501158418916e+02 2.776714813034578677e-01 -1.066961968331981092e+00
2.121933954491159398e+02 3.005464345302071294e-01 -6.303952545978975586e+00
2.565469639829116204e+02 4.248345085294177870e-02 -1.138704843396449062e+00
2.367094448952860262e+02 2.734957668538940956e-01 -2.798881842188198732e+01
2.378676941935499940e+02 4.406690697856328054e-01 -2.428893999457686448e+01
2.387401699213466486e+02 4.536478519439697266e-01 -1.788421398842774224e+01
2.376817082815965136e+02 2.370247125625610518e-01 -2.980250993873337251e+01
2.726782798656128080e+02 5.753834522733413115e-01 -8.682827163897238743e-01
2.519144618583205215e+02 7.439288139343261941e-01 -7.273761542130839641e-02
2.347719462461870137e+02 4.016308513465144947e-01 -9.334445257658190442e+00
2.366965146480916360e+02 2.777388811111450306e-01 -2.800190045716439968e+01
2.401259868853634885e+02 3.850803515599023896e-01 -8.011745092948897806e+00
2.377519538891152138e+02 3.753913630197852624e-01 -2.670311507210554325e+01
2.385757904446147109e+02 3.681987077414308196e-01 -2.256456768814896563e+01
2.358742051542939464e+02 3.676073462211548182e-01 -2.067557690603858589e+01
2.293882657777245413e+02 8.975642387215081175e-02 -1.023800101200718959e+00
2.404819608719821247e+02 3.972408934814041226e-01 -5.809338233328994683e+00
2.365310121125932028e+02 3.334850072860717773e-01 -2.631474790804644570e+01
2.026703030831500882e+02 4.541368843788986531e-01 -7.247307453174514080e+00
2.270932986783991510e+02 4.454910173998916090e-01 -1.149816719209928451e+00
2.678777125792757374e+02 5.513330931366988708e-01 -2.438744793046854209e+00
2.519806986544192853e+02 1.511684918454488102e-02 -3.433408611904093521e-01
2.152486883327518115e+02 5.562625950476844938e-01 -6.491328494466313437e+00
2.272839420942475499e+02 4.650294877933081050e-02 -4.336796948794227613e-01
2.344711684277955897e+02 3.579559699994688815e-01 -7.546977410905972405e+00
2.387947247552055501e+02 3.279632806777954546e-01 -2.223634376116048017e+01
2.365329277253478040e+02 3.403721005084041074e-01 -2.621350629228446394e+01
2.352914003734352377e+02 3.267766582217550980e-02 -9.543168723596924252e-01
2.373409471854341461e+02 4.050448102600222033e-01 -2.682260846678831712e+01
2.374130563507516740e+02 2.678007125854492410e-01 -3.018947808935680044e+01
2.363509348050503434e+02 2.915911782579556077e-01 -2.677500904602475273e+01
2.363534547596142374e+02 4.270098666399311793e-01 -2.312927028271948160e+01
2.372114905165440746e+02 3.426264294540707911e-01 -2.876908961720559432e+01
2.374172309868239950e+02 4.411957065315839088e-01 -2.530682797272777407e+01
2.372734969929183535e+02 3.021907773286561794e-01 -2.968824427825185097e+01
2.377849483673470843e+02 3.284907720877769943e-01 -2.831228995909380330e+01
2.383171099377819075e+02 3.097743922348797363e-01 -2.598478325477358553e+01
2.347205630938181571e+02 2.606094080481754505e-01 -9.417322754377833505e+00
2.378057138902305780e+02 3.532846620469516363e-01 -2.750625334784313836e+01
2.360785688477345445e+02 2.673074506783839621e-01 -2.303314779634348497e+01
2.383779782946628529e+02 1.522909988732915054e-01 -2.329335956661734031e+01
2.367065725734437933e+02 3.238326481806264034e-01 -2.764294078097724494e+01
2.379831613916562958e+02 3.553793551040725918e-01 -2.668579606892001976e+01
2.375453463527669555e+02 3.882311407075931253e-01 -2.721888310624931151e+01
2.374779066274982426e+02 3.204267636627282645e-01 -2.930003578777023421e+01
2.381481655433111655e+02 2.640841548110176573e-01 -2.826602998873612904e+01
2.365251056491397890e+02 3.453445669392027906e-01 -2.613934465974161370e+01
2.370712271627055543e+02 2.385127122697875413e-01 -2.996139837004999507e+01
2.368589555040786365e+02 3.927983351516723953e-01 -2.685162234898185218e+01
2.387300813071988728e+02 2.913981437683105802e-01 -2.326431544654571937e+01
2.345207691413697830e+02 4.737363619579708640e-01 -6.971094420509078127e+00
2.364993804670407940e+02 2.121433258056640847e-01 -2.688323109639358321e+01
2.376073438572151701e+02 3.806540160055782995e-01 -2.709114816171300788e+01
2.371484651658903999e+02 1.702167363441672576e-01 -2.686794806918380374e+01
2.371181955265498971e+02 1.471898725026770938e-01 -2.455215623486103382e+01
2.370582536986774471e+02 2.299517869949340987e-01 -2.928051243789881752e+01
2.374619825764091843e+02 2.236063380714680970e-01 -2.990519973299011269e+01
2.370462196818729694e+02 3.158250466431924419e-01 -2.918053701903571095e+01
2.376306575051328878e+02 2.460874691275699022e-01 -3.014642352841751816e+01
2.375795152676667215e+02 1.941482463174338535e-01 -2.894733165087149374e+01
2.374241439073122706e+02 2.000736713409423939e-01 -2.921421168178191508e+01
2.374485122535187998e+02 3.610819148839632398e-01 -2.811748682145123368e+01
2.367407122511453395e+02 2.984846158624079315e-01 -2.890402850963001669e+01
2.378219845404254897e+02 4.060227094247885749e-01 -2.558657809480196477e+01
2.373739429362100282e+02 2.532838803549829487e-01 -3.023095978316571930e+01
2.368698225909106441e+02 3.485313691195318642e-01 -2.799810795587933043e+01
2.375053150951147245e+02 2.968340575719197738e-01 -2.959551823873064436e+01
2.372040671334493993e+02 3.191959137318852724e-01 -2.935395302249661498e+01
2.376436405569443195e+02 4.284282837972850366e-01 -2.534495515512500674e+01
2.373171119473263957e+02 3.292278206126674767e-01 -2.911262096688783174e+01
2.372213170372182560e+02 4.579525353976310331e-01 -2.498360785946551843e+01
2.372779150034741633e+02 2.009073799232231061e-01 -2.917432192195157725e+01
2.369991086205085651e+02 2.050471069348723252e-01 -2.846279439830463431e+01
2.378047420195517532e+02 2.687818052542192415e-01 -2.969369133367930758e+01
2.375660523276714855e+02 3.326701571427281845e-01 -2.867745337031520236e+01
2.369472199031295645e+02 4.129974164097116596e-01 -2.624431215270602635e+01
2.375526761366941173e+02 8.111709973011692332e-02 -1.408977304417778775e+01
2.370634699317150194e+02 4.588061196503327999e-01 -2.502934540578343103e+01
2.372209147559401288e+02 2.259962224439457934e-01 -2.970091186622372703e+01
2.371098029993804630e+02 3.238485329240908817e-01 -2.901172534554501681e+01
2.371329824925267076e+02 2.700239175762161881e-01 -3.007395914160884587e+01
2.367408613289921959e+02 2.131729364395141824e-01 -2.800782425290921651e+01
2.374146236915416921e+02 3.047082090198193760e-01 -2.965969433468379179e+01
2.377668380506427752e+02 2.835762363626296856e-01 -2.945143601600508276e+01
2.374292790251032557e+02 2.891915632801981828e-01 -2.994631712290852477e+01
2.372691958348117396e+02 2.510466553871154027e-01 -3.023045399575661207e+01
2.376496574865730054e+02 2.125163272485474930e-01 -2.943836125345113430e+01
2.375654258082178671e+02 2.322295398636470276e-01 -3.004202900510141205e+01
2.380570685271709976e+02 2.394856956592559261e-01 -2.844139462272953622e+01
2.368952531821149421e+02 3.024119285371935639e-01 -2.880901499903572827e+01
2.373541406196077048e+02 2.590887766502127376e-01 -3.022874014181077484e+01
2.367745755101358043e+02 2.776138374910186446e-01 -2.902857887577069107e+01
2.375917088192184110e+02 4.333255902098820389e-01 -2.514901952861216472e+01
2.369150069743358813e+02 3.199668095046534488e-01 -2.855391955917590963e+01
2.370535666584005696e+02 3.769218802564671122e-01 -2.765960992502501981e+01
2.379165689315366308e+02 3.577629434893047078e-01 -2.657223136934596042e+01
2.366360158260711160e+02 2.586226699724429867e-01 -2.793693031905639401e+01
2.374741820950535498e+02 2.068500865464953375e-01 -2.946756929127489855e+01
2.366248486909236135e+02 3.542374355022754884e-01 -2.713025879157581954e+01
2.376728994772079773e+02 3.801803986752187448e-01 -2.712304031405353655e+01
2.368726220159928175e+02 1.937056212128839272e-01 -2.793462681504624356e+01
2.377779426883014935e+02 3.387740573138460221e-01 -2.798413747648312011e+01
2.379288168670716743e+02 4.263289281408806364e-01 -2.485372753508413268e+01
2.369900539462271922e+02 2.760526180267334206e-01 -2.967568714455839185e+01
2.370826230419118872e+02 2.792253466133284845e-01 -2.963658124890397616e+01
2.373303074233585619e+02 2.928961264051803126e-01 -2.988257115516365658e+01
2.375361796478950112e+02 2.478437349584975413e-01 -3.014276184646371703e+01
2.370532578133595223e+02 3.046297899263325504e-01 -2.936913566139498144e+01
2.376986981960524190e+02 3.373853009299160322e-01 -2.856049521003270897e+01
2.372508253146098980e+02 3.235884103976052195e-01 -2.925106734084329574e+01
2.378663942491492662e+02 2.289399268533945930e-01 -2.922177987590133341e+01
2.370237051407593754e+02 3.647810229307834051e-01 -2.801324160334499780e+01
2.371404896206189790e+02 3.879591948819895997e-01 -2.731893266023267586e+01
2.375434433058670152e+02 2.984738649745634076e-01 -2.956654449318497413e+01
2.374777645472998699e+02 2.950505732434935413e-01 -2.984924999779830301e+01
2.373689180144797319e+02 2.330719518671914570e-01 -3.007564995630568916e+01
2.373840055172847485e+02 3.186423603621149625e-01 -2.933866873776899808e+01
2.376698489749520604e+02 2.653190583149976911e-01 -2.970323221256352042e+01
2.380473502926252820e+02 3.341759559049685135e-01 -2.744149241054359933e+01
2.378537427144846106e+02 3.169183654654667004e-01 -2.867569615165386310e+01
2.377340862378412680e+02 3.639761590950788550e-01 -2.710855919223237365e+01
2.381786591386656653e+02 2.914582122376656037e-01 -2.772887258337952332e+01
2.375679338494956312e+02 2.853826746296184158e-01 -2.982393042805290406e+01
2.377464983053604897e+02 2.488972094473091978e-01 -2.983230789595914345e+01
2.365819015983649365e+02 2.064794327212355896e-01 -2.658683806381597492e+01
2.371241341218483569e+02 3.002902557965676511e-01 -2.973316064138894887e+01
2.372003380380030251e+02 3.325690549959028353e-01 -2.903454064141300606e+01
2.378766701517404556e+02 3.282377329202450511e-01 -2.834752912755634568e+01
2.372717809608666357e+02 2.913516952261598347e-01 -2.985708583446955444e+01
2.373995356293972350e+02 3.114634487258461926e-01 -2.951075308389972207e+01
2.369760842294422787e+02 3.079684538847107800e-01 -2.933166774611754590e+01
2.377041239923946137e+02 2.948414299444473419e-01 -2.920108744128942035e+01
2.371018311014439348e+02 3.082787909386989766e-01 -2.930151851767976368e+01
2.372807839454020211e+02 3.317732723552500040e-01 -2.905118970482926244e+01
2.377507119007566416e+02 2.774805066194332426e-01 -2.955451011999985411e+01
2.372337448921668113e+02 2.812296489852205705e-01 -2.997985240457455447e+01
2.370203580994268862e+02 2.251467288829893665e-01 -2.917245227803146790e+01
2.376597830901316968e+02 2.409459054240105369e-01 -2.981382925315481458e+01
2.373230401302397183e+02 2.321855734853152942e-01 -3.006562584120343473e+01
2.377454612651091566e+02 3.028508538615168888e-01 -2.902144241598301733e+01
2.374718735668304816e+02 2.430447148283862713e-01 -3.012417135680284730e+01
2.373550161892391372e+02 2.641976260547101996e-01 -3.021081354061140800e+01
2.371413960895689570e+02 2.983757941546495984e-01 -2.976364560415909466e+01
2.371840930387752167e+02 3.130696517031328896e-01 -2.948712290994388852e+01
2.372094449449626268e+02 2.788915753495221916e-01 -3.000424498244612437e+01
2.374163129673665651e+02 3.212489082687405295e-01 -2.927544342574926972e+01
2.368514254488912343e+02 3.103801386581699351e-01 -2.872136581654803322e+01
2.376765448912672696e+02 2.967864521137783540e-01 -2.962282909385817931e+01
2.373150348275391366e+02 2.542695519408046390e-01 -3.023368402572171121e+01
2.373063127950933904e+02 3.047226930426213953e-01 -2.965430019411402185e+01
2.368424342484336194e+02 2.699487956420869028e-01 -2.900687220553550105e+01
2.368093976722591378e+02 2.598769856131522005e-01 -2.898102982882146605e+01
2.375660123280143239e+02 2.734893986026435964e-01 -2.999802623522334954e+01
2.372540877541994178e+02 2.665449546238622403e-01 -3.007118116452710410e+01
2.372655722569945738e+02 2.834845056569236799e-01 -2.995334042101733019e+01
2.372344266877842642e+02 2.487123904024291510e-01 -3.003886301969680162e+01
2.370313854155786260e+02 2.491333885255104519e-01 -2.960229379479785194e+01
2.373641393036436966e+02 2.580843945478338286e-01 -3.023035401995079141e+01
2.375770199671870273e+02 2.589492621182795107e-01 -3.012549677767251666e+01
2.373890886076446236e+02 2.553569282990891809e-01 -3.023174557296284704e+01
2.372476526115501940e+02 2.509118088689896720e-01 -3.005098620242536356e+01
2.371309681198630699e+02 2.822390221453339731e-01 -2.998113794011458566e+01
2.372020011475540855e+02 2.812975417213390839e-01 -2.998279243649408699e+01
2.370296087560922160e+02 2.575436641297108586e-01 -2.966481041891633907e+01
2.374775109868489835e+02 2.853088891504331759e-01 -3.000527367650069621e+01
2.374220396066098999e+02 2.602001136999967934e-01 -3.022448237537397020e+01
2.372594449636805507e+02 2.773346944763629418e-01 -3.001130074745553955e+01
2.375360987574608203e+02 2.786410313230630043e-01 -2.992575453819490860e+01
2.372567728485063299e+02 2.428520089368316204e-01 -2.998161093809272160e+01
2.373737726512507606e+02 2.438764840843385684e-01 -3.019238574187512114e+01
2.370679641439415946e+02 2.536395108261960130e-01 -2.963026492640448595e+01
2.375284885854515267e+02 2.629537461224890071e-01 -3.009613078741973169e+01
2.371377103273007094e+02 2.680976955205178203e-01 -3.008167998925983966e+01
2.372172345559821451e+02 2.557756935280333654e-01 -3.007712048208955480e+01
2.371230309368161784e+02 2.642063819919163170e-01 -3.009482618075161042e+01
2.370616951312054539e+02 2.633282640576240508e-01 -2.967539313638403797e+01
2.373080447203736583e+02 2.145582910124350373e-01 -2.967126748975661599e+01
2.371840807857843743e+02 2.500466726415876972e-01 -3.005625071290960548e+01
2.373333175427872561e+02 2.618840031744751884e-01 -3.022102151161979933e+01
2.372130903463873608e+02 2.336866704480243251e-01 -2.985965880662641325e+01
2.373203041566202955e+02 2.510020878686338164e-01 -3.022861624635157440e+01
2.372233157997884234e+02 2.693849718665439763e-01 -3.006512939217622105e+01
2.373801770266622100e+02 2.565822425740486579e-01 -3.023161017420533980e+01
2.372301103666293898e+02 2.353977910908934545e-01 -2.988518185334136135e+01
2.374363809621751216e+02 2.665025324461459122e-01 -3.019725831978295005e+01
2.372403780555233084e+02 2.433164385119120920e-01 -2.998962171754296335e+01
2.373469729050154342e+02 2.468001681979977990e-01 -3.021156464008457121e+01
2.374445542268974236e+02 2.735724151546025107e-01 -3.014346584787087480e+01
2.374576821622050034e+02 2.555802889045332149e-01 -3.022947961252911853e+01
2.374099872826657247e+02 2.649905726305705755e-01 -3.020601817900048047e+01
2.372017035284278563e+02 2.553373341533943797e-01 -3.007822015732884324e+01
2.372797549529904586e+02 2.705370620918643998e-01 -3.005231615968062187e+01
2.372780569652463782e+02 2.715329575798642314e-01 -3.004751857550382965e+01
2.372444553265197555e+02 2.538793712826338811e-01 -3.006620599432063301e+01
2.374521446426755631e+02 2.602006578070302223e-01 -3.022371036615080442e+01
2.373359407832895727e+02 2.448282565751120632e-01 -3.020068613151973480e+01
2.372897373582617604e+02 2.678801387303888504e-01 -3.018990856138632495e+01
2.372832757866988516e+02 2.551573124168100004e-01 -3.023477133432592368e+01
2.373655152169532982e+02 2.654983208187943755e-01 -3.020394253539857843e+01
2.372578323521755692e+02 2.545148150506241769e-01 -3.006652575438451080e+01
2.373325583245313908e+02 2.630112105028383773e-01 -3.021655197561571526e+01
2.374285752907567257e+02 2.697956933889134601e-01 -3.017526870242161863e+01
2.372907134788661097e+02 2.630992431379817198e-01 -3.021674072473916794e+01
2.463545748210319175e+02 3.585695078819968462e-02 -9.130749329979336304e-01
2.034664983780853333e+02 5.740886720712594649e-01 -2.395792954442431011e+00
2.487797829908988092e+02 7.565388265995864892e-01 -2.565767847772546517e-01
2.666822814872045910e+02 6.748907294419089764e-01 -1.552597631142154544e+00
2.009420125643490849e+02 2.187870951838097044e-01 -3.775578856626377267e+00
2.084401812123763875e+02 4.222297986005070780e-01 -6.304727489349886582e+00
2.643906867524292466e+02 5.353229570629318701e-01 -2.142099315354424771e+00
1.966767746676457875e+02 2.642007512406701064e-01 -5.920065462427976932e-01
2.778390683064985751e+02 2.764815858522883807e-01 -5.167323383683457116e+00
1.949398008937810403e+02 4.884514626695590778e-01 -3.086179804580044816e+00
2.729922163255294549e+02 5.199935988878413573e-01 -1.121059992422434481e+00
2.884074617296858491e+02 1.063506825925470134e-01 -5.139245122129308285e+00
2.453005666858420568e+02 3.933919669668607955e-01 -6.718985097038767673e-01
2.620720501922413632e+02 3.797628770063287140e-01 -1.609768023792353508e+00
2.152947990218263783e+02 4.362529509589374022e-01 -6.954927366731163296e+00
2.700279218497029206e+02 6.914612159208459730e-01 -1.028891405419434024e+00
2.237838639939433278e+02 6.813308062593330383e-02 -7.225906515848729006e-01
1.964938529668150977e+02 7.287003119787467398e-01 -1.781289882370845845e+00
2.573297988397960694e+02 7.827247390227463075e-01 -4.002950525051538616e-03
2.292057448381363542e+02 7.506311341860175679e-01 -1.579219059113543544e+00
2.750497204603969408e+02 5.867625561792780969e-02 -2.461462002331024745e+00
1.979087432232959145e+02 4.988583656341625261e-01 -2.003694294167852608e+00
2.803748472078269742e+02 7.270829984838028670e-01 -1.264925592649520203e+00
1.990570996703113167e+02 6.364439100216882084e-01 -3.641585050671254820e+00
2.186496853114888381e+02 2.336198100301658254e-01 -3.302897499873441056e+00
2.379900614417213944e+02 3.888309258969848137e-01 -2.545637998595972107e+01
2.100833650796455743e+02 6.659485416022907778e-01 -4.761193221495904737e+00
2.208327688436699532e+02 2.921405424543540574e-01 -2.124049861457680155e+00
2.682569558371286575e+02 3.311705117509095020e-01 -6.079261987729114303e+00
2.628247692210625246e+02 1.310283158936539349e-01 -4.354640246349969601e+00
2.828194881568915662e+02 3.433897057414175280e-01 -1.572055123490866624e+00
2.892724131813536133e+02 2.409606191528461394e-01 -3.323770535535091497e+00
2.054156396621088732e+02 2.818357539338135487e-01 -1.861935050135745673e+00
2.252583473135332213e+02 1.382499734636991606e-01 -1.035875240375492723e+00
2.354576889170853065e+02 5.952163877715413998e-01 -1.180139015007785552e+01
2.904979703127985999e+02 9.241666658630565134e-02 -5.716809403124329059e+00
2.002417722987515845e+02 7.039791406697591958e-01 -5.653969103948955244e+00
2.504483196655106667e+02 4.139577314277709252e-01 -2.586076704619312203e-02
2.224995357202683977e+02 5.046831810946500463e-01 -1.516932774734890410e+00
2.147667838816983021e+02 6.144557493712721197e-01 -5.728993576282286782e+00
2.556086924692983189e+02 5.426378442568268179e-01 -4.958296422037033468e-01
2.590942358056512376e+02 3.451890533299561969e-01 -2.210174195747704184e-01
2.817795382058534983e+02 4.154302398742316937e-02 -4.834038359886057568e-01
2.304612845198298601e+02 1.820856205083277723e-01 -1.361553449617749934e+00
2.138948602108957004e+02 1.976612704874423088e-01 -3.841393743913228409e+00
2.540863211300789999e+02 2.011906390571716052e-02 -4.699640618448418516e-01
2.653206540013229642e+02 6.069007877603387335e-01 -2.008358429735708217e+00
2.796657424937434371e+02 3.213980251612921224e-01 -3.449809500267565721e+00
2.913210954078588770e+02 3.146618858997193291e-01 -1.894934238297355522e+00
2.442541864438247501e+02 1.901102452580027968e-01 -5.102041036005127567e-02
2.049263876593744271e+02 7.663646692677761330e-01 -2.496260410910476235e+00
2.765704449916117937e+02 4.576298646310301699e-01 -1.824654662626355117e+00
2.600130162391303088e+02 8.744243513561955616e-02 -8.248492713605549698e-01
2.525986168541286929e+02 5.539253361377868279e-01 -2.227870913337532399e-01
2.394121188020580462e+02 3.710100247851783051e-01 -1.494917877045187105e+01
2.865363433721912543e+02 3.017457072240937177e-01 -1.871660776388049507e+00
2.586222234529440129e+02 1.756228943847304158e-01 -9.575474524645364305e-01
2.845037486221744416e+02 2.280563985213321099e-01 -4.389225814212510124e-01
2.110930073704640790e+02 1.522622931667761970e-01 -2.538904008548424240e+00
2.840197608746292985e+02 4.540499279226213325e-01 -1.130339829410307972e+00
2.064191294299683079e+02 2.804714846159327146e-02 -2.965343854706600890e+00
2.535983483253312443e+02 4.873981603951927366e-01 -3.732766707286431784e-01
2.481976202629476234e+02 7.377814476974666746e-01 -3.265422552291112890e-01
2.500433376177539913e+02 5.837236649575578973e-01 -7.822285288074298792e-03
2.216860631765321727e+02 2.546197181746805982e-01 -1.979393752082374558e+00
2.405994476840709240e+02 7.739711654678063102e-01 -2.808770182077795052e+00
2.669029053197333496e+02 6.430614787049766523e-01 -1.767606316080935214e+00
2.190888019140095082e+02 4.272822633920325686e-01 -2.710255999618809586e+00
2.115317546336701753e+02 7.189836716070755473e-01 -6.648266913297532277e+00
2.717734258002525394e+02 5.866273324791323462e-01 -1.188262032002883606e+00
2.247753458063127709e+02 6.521241557972254910e-01 -1.564751655176778167e-01
2.284040291625430257e+02 7.056175125115002889e-01 -1.631642547972523616e+00
2.854152119683175783e+02 7.885262538178184830e-03 -8.397714440943018221e-01
2.611313004807519178e+02 7.949452767653397700e-02 -1.240406317117235258e+00
2.443377020850066117e+02 4.747794318801857871e-01 -6.241171416758103385e-01
2.167303207950436388e+02 2.628433066079811087e-01 -6.938262532905743463e+00
2.129262593066240186e+02 3.552131579906668279e-01 -6.536841263048684070e+00
2.340570085115725476e+02 6.181872699164913110e-01 -4.461644254001483567e+00
2.020257539468943264e+02 3.101430069343320550e-01 -7.444131558656036596e+00
2.419047910211173473e+02 1.507382036462077690e-01 -1.770611477288871694e+00
2.428166282767642770e+02 3.607431442505376618e-01 -2.627490563858474459e-01
2.515997653344480227e+02 5.029170974299282393e-02 -4.373152070872538544e-01
2.308050642594240287e+02 7.957640174948285017e-01 -1.188781104666106092e+00
2.692687583425430375e+02 2.004608241004430524e-01 -9.376935401218108979e+00
2.878066273949867764e+02 4.065279833112572239e-01 -1.120487765761837284e+00
2.394546593642519952e+02 5.616532006084641315e-01 -1.004543826594320954e+01
2.370845366671925945e+02 5.273153093510740685e-01 -2.276592135011794582e+01
2.755239366183267862e+02 1.609441918576155484e-01 -3.673305544360398578e+00
2.711360970438303752e+02 6.592112750574881108e-01 -1.132785447007897295e+00
2.735634247775685708e+02 5.440216038821850120e-01 -9.401069380172394352e-01
2.025253101676229335e+02 6.241341736309483634e-01 -8.229497846453313059e+00
2.080839817815367780e+02 4.461560317238633111e-01 -7.048974415186647136e+00
2.785033042464604591e+02 7.865423308330762309e-01 -1.073717061106127080e+00
2.265990040948438207e+02 2.122498985980618424e-01 -1.422438024553406066e+00
2.359053117951492595e+02 4.663842476027548756e-01 -1.910741290153848126e+01
2.329577058881735354e+02 1.176394364073032189e-01 -1.948450590822306205e+00
2.177544240857861553e+02 1.269734131823601342e-01 -3.218957150446974946e+00
2.565862743319981973e+02 6.853083213510262617e-01 -9.310233084866302578e-02
2.324073765259752804e+02 9.546315961900753155e-03 -1.259998563853575310e-02
2.269249517456376282e+02 9.881476670813750529e-02 -1.029876049080904243e+00
2.372135529637556601e+02 2.658545732498169278e-01 -3.007870058387049994e+01
2.376109486268250919e+02 3.046792507171631192e-01 -2.943783131308106249e+01
2.334640873072092973e+02 4.232035041598338765e-01 -4.196518395961936321e+00
2.381548963629546449e+02 2.395347356796264648e-01 -2.848341258446556523e+01
2.411635699003006721e+02 1.393715335584600479e-01 -4.414678526666999225e+00
2.382063458950905783e+02 2.739572870488795608e-01 -2.812647328951210213e+01
2.325309140803993841e+02 5.412522650798721191e-01 -1.408812114461627907e+00
2.357150927557107138e+02 3.848221718857376406e-01 -1.835561516258758274e+01
2.386326190303432497e+02 1.536866782891274097e-01 -2.203869754541386428e+01
2.391653593929371766e+02 1.214041019145901956e-01 -1.445746271102084357e+01
2.360349232336870671e+02 3.343159198760986550e-01 -2.305398547193789938e+01
2.368850410660031116e+02 1.766807079315185769e-01 -2.679615997849346698e+01
2.380754335009659144e+02 4.107392311096191850e-01 -2.466045526072950977e+01
2.321533057589675764e+02 3.562839604472093913e-01 -1.390921383499378106e+00
2.620821824454285434e+02 2.645743561456585513e-01 -2.195091489586192157e+00
2.361769705768012670e+02 2.223002195358276534e-01 -2.411011697413993105e+01
2.363038064805513443e+02 4.278774261474609375e-01 -2.313583812041865784e+01
2.398050616928291561e+02 4.165196773540761344e-01 -1.016610641292019501e+01
2.390151702806310254e+02 2.856277481607409352e-01 -2.151075467647003592e+01
2.387863146609059584e+02 2.955896615982055997e-01 -2.319613216326145633e+01
2.382931754223309042e+02 1.599000008073856172e-01 -2.502225296299548774e+01
2.305347587943367955e+02 4.512254910836872579e-01 -1.568773141134998994e+00
2.317005790999331509e+02 4.758187614305147140e-01 -1.473385030316443745e+00
2.371285678957651726e+02 1.550039997476172493e-01 -2.542793098916714811e+01
2.291206713017265599e+02 3.917373447297514133e-01 -2.212520366972384966e+00
2.374661917130515576e+02 2.661133370551783672e-01 -3.019902459828674424e+01
2.369812111927090825e+02 2.835163095340988981e-01 -2.963180527623977767e+01
2.375917358864577977e+02 3.481942891919809768e-01 -2.819828644904062287e+01
2.377411712572224474e+02 2.146136649222463166e-01 -2.950121191050781988e+01
2.368875816585243683e+02 2.436967661031075316e-01 -2.958194572939045841e+01
2.373973747691486835e+02 3.836590811965438497e-01 -2.735812001067587929e+01
2.370641761728642791e+02 2.116721668116977040e-01 -2.931332567257623367e+01
2.373714730489310512e+02 2.513998939497213425e-01 -3.022771136777433298e+01
2.391383503137015509e+02 4.910635511154778365e-01 -1.515957084765080687e+01
2.616622964262114124e+02 4.309233399150995680e-01 -1.196835869509898842e+00
2.380941232763192943e+02 2.686644367452574178e-01 -2.816796593502260038e+01
2.154740954442087570e+02 4.716300452785649466e-01 -7.315211636914330740e+00
2.379448669057991310e+02 2.241518845687810735e-01 -2.919693213455471792e+01
2.365464458106314396e+02 2.936052339850765414e-01 -2.803132675686896746e+01
2.367111711166579653e+02 2.883622441795397062e-01 -2.797832547410977355e+01
2.364518827093489222e+02 2.676876984324531583e-01 -2.665913634651808195e+01
2.491089052494995997e+02 2.649365446888177766e-01 -2.749576873978043512e-01
2.380394173001165541e+02 2.354058396274505416e-01 -2.843687798628132057e+01
2.383253476708279095e+02 1.866048212526123795e-01 -2.653701884230833841e+01
2.374231930683000655e+02 3.977641486693409556e-01 -2.686999396761338232e+01
2.360097562029450273e+02 2.592433835983760093e-01 -2.298768737951300878e+01
2.378031222617384799e+02 2.946914258495235694e-01 -2.923118359827276436e+01
2.367965716360752708e+02 1.751973982301385235e-01 -2.576719247621735676e+01
2.386824976972824572e+02 3.095855529011867779e-01 -2.271804738738144280e+01
2.386573409159290122e+02 3.585701024256064962e-01 -2.296547934499880839e+01
2.375014424845531096e+02 3.068250974155817823e-01 -2.936864528322362133e+01
2.374092920538651867e+02 2.465776330269047190e-01 -3.020749290168360091e+01
2.373153568731990504e+02 2.852413780445240410e-01 -3.000343019657501031e+01
2.369521764259925476e+02 2.841756185236220533e-01 -2.963332811962502689e+01
2.380904456559581490e+02 2.739269481675151718e-01 -2.807180677534496738e+01
2.375782179011249582e+02 1.901673330691294739e-01 -2.874762121061801423e+01
2.370809261496422664e+02 3.086077887147725685e-01 -2.930033859673822150e+01
2.375758267214047237e+02 2.671780134298004650e-01 -3.006667916353337944e+01
2.377541457752983263e+02 2.834863182580915075e-01 -2.944987702498350401e+01
2.367458455836130327e+02 2.920140640326348569e-01 -2.896253250615028918e+01
2.373030772618426738e+02 3.144521944902010091e-01 -2.945034574759697676e+01
2.371679284360034217e+02 2.488452074027572292e-01 -3.005094714829837343e+01
2.379066599430863391e+02 2.241028582850565776e-01 -2.918569924377857916e+01
2.368311175412778482e+02 2.542596657919236613e-01 -2.892731818690828760e+01
2.374341194352256821e+02 2.327798884004993463e-01 -3.006646861706398965e+01
2.379786853415362202e+02 2.615293009036844252e-01 -2.917663119511404801e+01
2.373889267898548781e+02 2.804317352105369365e-01 -3.006900798015054832e+01
2.374817604701335938e+02 2.644344004832325234e-01 -3.007976551372900786e+01
2.372984290774543297e+02 2.762594538794011512e-01 -3.011625566107993990e+01
2.378785979101295709e+02 2.838348321327886503e-01 -2.877250028037730800e+01
2.375075336212575223e+02 2.582425536298996738e-01 -3.012204422581143604e+01
2.377029407094611031e+02 2.441114673967901827e-01 -2.982740101037061109e+01
2.375581711211610525e+02 2.956417935553162235e-01 -2.962867683283155174e+01
2.369043176278006513e+02 2.793838613757606004e-01 -2.897605261226773621e+01
2.372658257412653029e+02 2.404627777417107370e-01 -3.017015792066104041e+01
2.373379294383524325e+02 2.944761910248400172e-01 -2.985517485238317548e+01
2.374824814233786583e+02 2.316091713593838586e-01 -3.003024096415271771e+01
2.376180978793989311e+02 2.417994750427025774e-01 -3.012830957436077384e+01
2.370841708453816068e+02 2.213511419792467960e-01 -2.961243534241775066e+01
2.377266198616397332e+02 2.899797009021974348e-01 -2.931346692377260510e+01
2.372928035478276456e+02 2.331355387627450093e-01 -3.008189071264763115e+01
2.369622383644071704e+02 2.957231400559334200e-01 -2.951196853563079259e+01
2.373990007021638462e+02 2.714119583710642436e-01 -3.016266051507050605e+01
2.372635755381858758e+02 2.423206911249436990e-01 -3.018618511233582069e+01
2.369160277956803782e+02 2.402730835813639276e-01 -2.952445831101257312e+01
2.367776368575875381e+02 2.585855318771538847e-01 -2.898491537819508324e+01
2.376161381565345039e+02 2.873308454070211404e-01 -2.979681902111309455e+01
2.375708501764503637e+02 2.611044748706035645e-01 -3.011287684599525960e+01
2.374948438732522504e+02 2.905216342369376648e-01 -2.972064711493349876e+01
2.381088841487357683e+02 2.918479772743469702e-01 -2.768468758504041816e+01
2.377129821821943949e+02 2.641064828550964139e-01 -2.972636738675770118e+01
2.382372964785964768e+02 2.649273410469296652e-01 -2.702502058069762469e+01
2.375319896668257513e+02 2.107022906605036106e-01 -2.959170349789099674e+01
2.372356575222163713e+02 2.453400309550920477e-01 -3.001075925749456275e+01
2.374804333853423088e+02 2.755665244886824627e-01 -2.996092469625169841e+01
2.369417192311621818e+02 2.625784765020190425e-01 -2.970609854706194497e+01
2.373858877390329383e+02 2.136718846681391892e-01 -2.963565399033051762e+01
2.374250325190374440e+02 2.369575484503226859e-01 -3.012356743010847637e+01
2.368610766738752318e+02 2.677247392285420635e-01 -2.899545081037770444e+01
2.368894067890014696e+02 2.421641788198575229e-01 -2.956047842638124479e+01
2.373001561924093608e+02 2.813974072596011622e-01 -3.005561865292081691e+01
2.372797881674030691e+02 2.840095457601487516e-01 -2.994612551971298231e+01
2.368121715202921678e+02 2.942703570672716151e-01 -2.892050014326954255e+01
2.373466847513530240e+02 2.672815032470102214e-01 -3.019350820450763351e+01
2.371411377136164162e+02 2.896553714961815906e-01 -2.989274020771856755e+01
2.372923250433921680e+02 2.775272814463647930e-01 -3.010226962931784556e+01
2.374543347930405730e+02 2.739995917145687243e-01 -3.013943697348867445e+01
2.372120155559827879e+02 2.847132940712049365e-01 -2.994585930711268773e+01
2.372236792716562661e+02 2.694108999300479090e-01 -3.006496839717863878e+01
2.379152205381391525e+02 2.989199229798719104e-01 -2.843396336924119439e+01
2.372059564155822500e+02 2.642953814790532374e-01 -3.008317884843701151e+01
2.376323564288009038e+02 2.772689034299362643e-01 -2.995732970965346098e+01
2.373762314880888482e+02 2.431771913948747310e-01 -3.018712727228260206e+01
2.370906485295303696e+02 2.594789301482954835e-01 -3.010246341943440740e+01
2.371259564645645810e+02 2.768259663706453266e-01 -3.003121450314284857e+01
2.371141175824946288e+02 2.434510302072073751e-01 -3.001326162516491891e+01
2.374204933564398061e+02 2.558625991391261789e-01 -3.023070189817212139e+01
2.373558134740540595e+02 2.610330802788159987e-01 -3.022353184185387320e+01
2.375269987703910601e+02 2.804407835730975407e-01 -2.989793108596087379e+01
2.370105829077232897e+02 2.320188701834004219e-01 -2.934229743587571804e+01
2.370569940933209807e+02 2.784426701523521341e-01 -2.964728379386324519e+01
2.376151668309662455e+02 2.868822076105707053e-01 -2.980458589363883704e+01
2.376118742202892804e+02 2.422665646790359562e-01 -3.013036228849679077e+01
2.374761136257237126e+02 2.834607351022350730e-01 -3.003080591763365703e+01
2.374830600465077168e+02 2.888987134097206200e-01 -2.995195475063587409e+01
2.371219366649550295e+02 2.390609181571779485e-01 -2.995970186126794843e+01
2.374761508213278489e+02 2.639593698566067848e-01 -3.008288368536681645e+01
2.372870865965555538e+02 2.611678289199756420e-01 -3.022429448133858898e+01
2.374197872691951261e+02 2.438047526238603102e-01 -3.018943987171570953e+01
2.372743657307681246e+02 2.372594916425219136e-01 -3.013660179118537030e+01
2.372698874345542208e+02 2.683078893775067697e-01 -3.006317303127933371e+01
2.375571633537052776e+02 2.702613760353393402e-01 -3.003385477045667074e+01
2.372861217555503117e+02 2.490310355867769720e-01 -3.022383145977029884e+01
2.372691618368022262e+02 2.710506589067606664e-01 -3.005119606320283410e+01
2.376371893517187459e+02 2.154639570285451777e-01 -2.950615715757961155e+01
2.371420922947498298e+02 2.720283628480562044e-01 -3.006224339066118745e+01
2.374662062799343971e+02 2.497331726822262510e-01 -3.013825259525341593e+01
2.373332316384289129e+02 2.396336348533936733e-01 -3.015855916222043831e+01
2.371997530833812675e+02 2.206560404080945281e-01 -2.956834438784862940e+01
2.373806946805583777e+02 2.581628646038647834e-01 -3.022980779058970668e+01
2.376001439202373149e+02 2.433418091288465090e-01 -3.013466456110561253e+01
2.374621504667268255e+02 2.439400194863485805e-01 -3.012702729790447620e+01
2.373636947696148525e+02 2.709663212106364627e-01 -3.016647927168622800e+01
2.375235735371739452e+02 2.488907629371046593e-01 -3.014281856006842730e+01
2.375597460149291180e+02 2.320694576281219779e-01 -3.003980477685278672e+01
2.372755459669890286e+02 2.533284637967294084e-01 -3.023410101293297103e+01
2.375437929437131857e+02 2.504234640569330539e-01 -3.014490635436842680e+01
2.375407903011777364e+02 2.575354459291903653e-01 -3.012851745574208451e+01
2.375807439725199970e+02 2.612541937038121986e-01 -3.011295705421539637e+01
2.375391790790806681e+02 2.548666753530852147e-01 -3.013781645749808291e+01
2.455250403247847544e+02 1.289037840784326705e-01 -3.725108068401193351e-01
2.405279638301441310e+02 4.989490763297467213e-01 -4.499174924924487229e+00
2.543250109820479565e+02 4.391404416799060684e-01 -5.862132152171197763e-01
2.169407407262161769e+02 7.103172451901658135e-01 -5.082768866932749319e+00
2.592541665376867286e+02 9.572575480010857285e-02 -8.748893836761925114e-01
2.805902888690355894e+02 4.359096562767768822e-03 -6.926005573965123840e-01
2.536362569200766188e+02 1.290143125613490288e-02 -5.511540186696401999e-01
2.516118478053834906e+02 1.174249105565750018e-01 -5.190956719347652459e-01
2.485130039177964250e+02 6.595008928932567516e-01 -2.705592707655617990e-01
2.509129433355761876e+02 1.625754178132862993e-01 -2.278810142336078204e-01
2.636513560473732696e+02 3.684076023440167602e-01 -3.328125769446091731e+00
2.189010472173791015e+02 5.198283879951263176e-01 -2.820026041202833511e+00
2.832548641489506167e+02 3.944684227637684781e-01 -1.531538535689458636e+00
2.075612735009107155e+02 6.701130843555255234e-01 -8.522263787387982958e+00
2.234494260340194387e+02 3.219614635682240822e-01 -9.808519491303503424e-01
2.013795701881693958e+02 5.988003397420280649e-01 -9.174421242795716580e+00
2.651419099317488985e+02 4.950334193816608996e-01 -3.002267002219903169e+00
2.068136989981642841e+02 2.848129184980732753e-01 -3.796088364830767503e+00
2.287328317238171849e+02 3.572452397548850356e-01 -2.289160892560741178e+00
2.577244694816951665e+02 7.612889269512215229e-01 -2.079222452245438682e-02
2.878513470895306341e+02 4.293467459168143902e-02 -3.242600615722740276e+00
2.090964645800647759e+02 6.885529665461880278e-01 -4.884294987575254154e+00
2.567721490969547062e+02 4.686247946495468719e-01 -4.585919914266890496e-01
2.217917598026025416e+02 4.141498325302670480e-01 -2.093180170539107099e+00
2.470181548325105894e+02 3.846752439429261816e-01 -4.693564817598646077e-01
2.845667476844242856e+02 5.797019157755127772e-01 -7.978227979232912492e-01
2.683207957342279997e+02 5.411657264214303487e-01 -2.350372965384756263e+00
2.529510458455850426e+02 1.976758873787671233e-01 -1.132072519334623939e+00
2.104012052477128520e+02 5.293430815446893423e-01 -5.031769794839695109e+00
2.228945670642307562e+02 1.549891230902643302e-01 -1.312961245641835584e+00
2.616222041443512580e+02 6.377453597851689970e-01 -7.121067108669276724e-01
2.258507294286563081e+02 3.194141657974813309e-01 -1.144635469996627908e+00
2.583437035503851007e+02 5.369560752774910073e-02 -7.305042606821813278e-01
2.721299213616832162e+02 7.913007694674025760e-01 -4.483363229593693156e-01
2.813269737506529964e+02 1.416666629829328727e-01 -2.143996788524533681e+00
2.202007662227437947e+02 1.223060269411979095e-01 -1.186852494617167686e+00
2.421324246370423623e+02 4.813787623024510243e-01 -6.735981166290406774e-01
2.602938910457583574e+02 2.919624780686215226e-01 -6.003347744889960813e-01
2.142608815400419076e+02 6.466919401378641297e-01 -5.761758152109319298e+00
2.749282346544684970e+02 5.048617191531916681e-01 -7.741975455093209613e-01
2.328958053643612516e+02 1.718326314815994127e-01 -1.968471487215634363e+00
2.302774098524001261e+02 9.857567368344491432e-02 -7.577674820932528421e-01
2.858346750586929943e+02 5.571398797026828609e-01 -5.112040087429275959e-01
1.948710111743741606e+02 6.520558815864783142e-01 -3.328017818850647735e+00
2.795074635381558892e+02 6.065176806302023937e-01 -1.537213817280197015e+00
2.729233883670377168e+02 4.279932481255033228e-01 -1.824723453849550037e+00
2.313651343884231437e+02 2.598437103963763262e-01 -1.570775906220567952e+00
2.179687258164001662e+02 6.096739830744545285e-01 -3.523500710599731356e+00
2.790604896122951004e+02 7.233339679004910927e-01 -1.180120901113930865e+00
2.827874694301433465e+02 6.179406597757751696e-01 -1.486274317852102955e+00
2.295874111796311752e+02 7.329311875612386507e-01 -1.450212483092910842e+00
2.886126499953802522e+02 2.066348082305734801e-01 -3.799739841704518728e+00
2.125816256300543614e+02 6.993948090756907376e-01 -7.008471895578977318e+00
2.095232639317401606e+02 2.645775563390909829e-02 -1.957881853112641568e-01
2.905450588172448647e+02 5.268383953162248945e-01 -2.914500241091131927e-01
2.758134160894090883e+02 6.858030727493339418e-01 -4.215377088874667777e-01
2.429226258917218786e+02 1.854447495843068727e-01 -1.280844160464880976e-01
1.996515212496080380e+02 2.132378367476331360e-01 -2.354412980937973465e+00
1.993611641078144601e+02 2.267257343083021459e-01 -2.293223312842286088e+00
2.444462067043520790e+02 4.513671726003320450e-01 -5.737885292526159198e-01
2.019065358974470428e+02 3.620867413002743507e-01 -8.287163498538170359e+00
1.982467025602705064e+02 3.099309137801133374e-01 -1.987514762158501869e+00
2.192952945952834511e+02 7.744956952639432401e-01 -2.137378384151977784e+00
2.154702837058757723e+02 4.025324098299001285e-01 -7.305033603911428308e+00
2.919125072793829645e+02 7.729522836380875450e-02 -3.516822423421200661e+00
2.706108224538900799e+02 6.317327489673632002e-01 -1.344537638867417284e+00
2.395064353313658785e+02 4.169383602579772585e-01 -1.174421980011154965e+01
2.701505596430530431e+02 3.376463304076402494e-01 -5.229920098909831339e+00
1.973871104725543546e+02 2.338712679383924964e-01 -8.689005740701771785e-01
2.137603655770925286e+02 1.466141880428584177e-01 -2.506944160568576940e+00
2.780628585260811860e+02 2.390825539287552703e-02 -2.016855489713779370e+00
2.062248003968372814e+02 1.792797404483638946e-01 -1.098302729663706234e+00
2.320068069993267272e+02 4.620506851171522489e-01 -1.369771027909484129e+00
2.693507319623164449e+02 7.810430859904398115e-01 -6.666148813583858690e-01
2.365772342399479271e+02 7.946269438078180647e-01 -1.488002009188913277e+01
2.354781166207176568e+02 3.439163368673026772e-02 -1.269320552248139222e+00
2.498871404535782403e+02 5.714576182477738575e-01 -6.855312617504914947e-03
2.442807621298320839e+02 4.458628392880791269e-01 -5.872534465453581598e-01
2.895890045480985009e+02 2.785663764435736822e-01 -2.650108078965591751e+00
2.273271890575030625e+02 7.398577069379143056e-01 -9.819178584990609915e-01
2.375812677973165705e+02 6.946066662663383240e-02 -1.137248478524831619e+01
2.050879012124821656e+02 2.985284692220239733e-01 -1.572326845773764248e+00
2.356323324023353791e+02 7.190237890783064412e-01 -1.171909364298824663e+01
1.961840138659730712e+02 2.482680265774321049e-01 -6.448494601293858208e-01
2.646022449370723280e+02 2.649728813970149699e-01 -6.247725100345268956e+00
2.736097342404265191e+02 3.301730982218705202e-01 -2.756803682899800823e+00
2.476473669495845797e+02 2.400029282896722627e-01 -2.453127412758543124e-01
2.387457977306516170e+02 2.175581384619037495e-01 -2.426073330843325948e+01
2.664082764015232669e+02 6.179061945732926969e-02 -6.539985053346570432e+00
2.669075140732786622e+02 8.497753624124004812e-02 -8.937886921273127783e+00
2.244803470887290757e+02 7.591076722165079893e-01 -5.083989463469580639e-02
2.551868019899271758e+02 3.767962335809741381e-01 -1.015596120526942370e+00
2.252951605864364808e+02 4.725023978966104155e-01 -6.607573704802794934e-01
2.864831209298645263e+02 7.453361845401538233e-01 -3.798212929861072840e-01
2.342819684814758716e+02 5.635060899391582945e-01 -5.804949484697922379e+00
2.112261188919303834e+02 6.776987875781942394e-01 -6.198602324158992261e+00
2.772061794656727898e+02 1.100764923903638781e-01 -5.875790608839564833e+00
2.625784367270396729e+02 3.515112860774232129e-01 -2.095722130788061133e+00
2.030360367266185619e+02 5.857667759878183444e-01 -5.498561432959477635e+00
2.035680234385754659e+02 5.517604768219075417e-01 -2.422059071615429993e+00
