8.722268527094706769e+01 6.965956337769837470e-01 -4.135181656174159032e-02
7.232678193855872451e+01 3.886759248944680056e-01 -2.689374018461350602e+00
8.010971485898099331e+01 7.921023716571199413e-01 -1.076869014977598626e-01
7.779288562998267764e+01 5.133649103344450904e-01 -1.447235619085198932e+00
6.125270544757783142e+01 4.941644639078226486e-01 -1.358886133751885605e+00
6.459253761467203958e+01 7.083026113842050275e-01 -1.350145882331758695e+00
6.552055222864196082e+01 6.630765358612368265e-01 -3.695023826578754278e+00
7.688961587870095116e+01 7.372870237311914821e-01 -2.923056895457568860e+00
7.409194755454586812e+01 4.239100318351359253e-01 -1.110732658876198098e+00
7.800089492514267420e+01 7.761550537226132862e-01 -7.282180294672111476e-01
6.986500415035395406e+01 2.369071438023299114e-01 -4.050793136701384967e+00
6.813325007297194702e+01 4.433308636002094016e-01 -2.581332511038119559e+00
8.629623663708707682e+01 6.700277038022707521e-02 -2.550694499947849248e-01
7.440381907029349406e+01 2.107364212322382913e-01 -1.849943093051406695e+00
7.844184211430307130e+01 6.473284291106634614e-01 -4.403891380328971428e-01
7.143690292088402316e+01 5.945067747388071977e-01 -4.872518726430364211e+00
7.884536683447713301e+01 6.675555377103782780e-03 -1.206195681977046026e-02
7.206223145833550348e+01 4.712270765303834819e-01 -3.383753935628361909e+00
7.648575963045738035e+01 9.269350720438170044e-02 -8.024793295997900699e+00
8.423542420852479040e+01 1.740767119426058773e-01 -2.706124003412084367e+00
7.362859587766071456e+01 4.376159254141231414e-01 -8.131487697590792374e-01
8.911128347719915155e+01 6.749550413803693250e-01 -1.381882317187307363e-01
6.584673784475290859e+01 1.498749521306546630e-02 -7.662327888595972247e-01
6.957165119297077638e+01 2.422124384589840751e-01 -3.332643366393237105e+00
8.880385119432125407e+01 1.387446035820824874e-01 -5.997594100059082667e-01
8.016450189621704681e+01 2.261859147778961798e-01 -3.445261296413087426e-01
6.438048011214604571e+01 2.552770431587096378e-01 -1.079336858658852982e+00
7.909133874352383486e+01 3.331071066012599724e-01 -4.587945154078079679e-01
7.088171609596459177e+01 1.118096163944762717e-01 -3.465364389637789699e+00
8.299979354820385424e+01 6.156357898566260367e-01 -4.642618968011514857e-01
8.135044908560112731e+01 4.272218642012207690e-01 -1.532555772555929396e-01
8.675025950887541626e+01 4.508857244024460503e-02 -6.537088530847502688e-02
6.369274852509985863e+01 2.200865106825959649e-01 -1.529092424153156715e+00
8.817666636610893249e+01 6.649461420228507391e-01 -3.354763143476646031e-02
6.869158946335532789e+01 1.024905144553200503e-01 -7.741028328319464746e-01
9.095383276213514989e+01 7.293343023713796391e-01 -1.043123980120277614e-02
7.551086798836774960e+01 5.348244225445720756e-01 -1.818301779494268855e+00
7.283388049916031548e+01 1.623577097391133428e-01 -1.518694736994451233e+00
8.323951849050195051e+01 5.541537525731436986e-01 -6.724657822613234748e-01
6.297742679029350654e+01 6.861390993447274989e-01 -2.103301467048808604e+00
6.761618093207006552e+01 2.074839780141465584e-01 -2.077716955999452164e+00
7.628356951951212750e+01 5.574686629717058584e-02 -5.394059253472484272e+00
6.824490075466201233e+01 4.159116177719848761e-01 -2.297015157958329112e+00
9.019938787559109983e+01 7.656017568974754495e-02 -2.235678025173780004e+00
7.267741833167254129e+01 6.883084761105671134e-01 -1.071404804776571629e+00
7.582785046026447162e+01 2.379920987945319949e-02 -1.527174935881739470e+00
6.747158956577717959e+01 3.612593706312474118e-01 -2.633897401268049165e+00
7.605449068527779843e+01 6.503279235763815835e-01 -2.679475928995050715e+00
8.447357234542843685e+01 4.044238115832417546e-01 -8.972878010380818115e-01
8.490186028337404878e+01 1.839405769981917738e-01 -2.029215552517237953e+00
8.567188036628959935e+01 4.529687467537254486e-01 -4.797583649117864169e-01
8.178654951894318970e+01 5.084627144002887844e-01 -1.473967460307043786e-01
6.340384532652818450e+01 5.020894759969727339e-01 -3.109208942165516021e+00
7.960871062936897147e+01 8.740891633680224204e-02 -5.470109968407663725e-01
7.158255824236660203e+01 3.174190197447712691e-01 -5.626658402271634607e+00
7.042903069803547567e+01 7.684790247871902125e-01 -3.326942754461392759e+00
6.524828108028445683e+01 2.840029883922218779e-01 -1.988091389524502928e+00
8.138020600386074932e+01 5.376521337967771208e-01 -5.018527378664618122e-02
6.152871769783063627e+01 7.537018158879238428e-01 -2.460699184831985242e+00
6.689115870981093792e+01 5.217750086920830421e-01 -2.693998277531967744e+00
7.520142252184730580e+01 6.251713554248249372e-01 -1.161100645136851961e+00
7.106061715264159773e+01 7.610577806522510480e-01 -3.926978958579170342e+00
6.701416824839522235e+01 2.603599694484653448e-01 -2.327794583789445149e+00
8.613691302621688806e+01 5.791267307244100104e-01 -2.792356132578818206e-01
8.539978180331684143e+01 5.737996644729483064e-02 -1.400907700193328553e+00
8.968264221147514093e+01 5.647290299917763212e-01 -9.406055712284243364e-02
8.055810764734010831e+01 7.868740594874505945e-01 -4.681583917540116380e-02
6.322704891902067459e+01 3.500696395407021377e-01 -2.107941643370452756e+00
7.746813839643715482e+01 1.303263747744419498e-01 -5.053665265036625165e+00
9.083936227080992865e+01 2.560675102918236190e-02 -1.226398342047148704e+00
6.897581634635844239e+01 5.516433174306452081e-01 -1.958429027708000092e+00
9.125056274502807696e+01 2.981185502343458027e-01 -3.679633122122658584e-01
8.937583724459901191e+01 5.860378018279689405e-01 -1.092334761299916662e-01
8.748572289353825226e+01 6.231731412643993773e-01 -1.052310667073981347e-02
9.163480019649148289e+01 3.562754064976731416e-01 -2.099996824586193855e-01
6.191826782589985356e+01 7.272977530096184084e-01 -2.663985759521374064e+00
6.500500904709532790e+01 4.577315005019508831e-01 -1.709450782470868235e+00
6.666392298761228119e+01 2.748819910074395412e-01 -2.477000459258952514e+00
7.484202214821139876e+01 6.018071411956854577e-01 -1.168927364485586207e+00
7.734402995247438639e+01 1.215247984617891519e-01 -6.196255849084720602e+00
8.207451860017000911e+01 1.854979859053049462e-01 -2.804713043142069040e+00
6.632777397383922846e+01 3.772526197957112859e-01 -2.824144462557808044e+00
7.006967357707364386e+01 1.492533416346792374e-01 -3.330256391309617925e+00
8.709001089634105597e+01 3.092387887570138827e-01 -2.781129935226651917e-02
7.327295985033701697e+01 1.160938351825776399e-01 -1.146398612040234521e+00
6.926528884147836607e+01 6.331901458414299633e-01 -2.727262523708188446e+00
6.214408934218629099e+01 2.668923348111729155e-01 -1.263282371110318048e+00
8.098044516056096143e+01 3.971276152649382829e-01 -1.204699271730235305e-01
6.411403550902807069e+01 3.735887890847876952e-02 -1.051406923472591598e-01
9.042378619554084196e+01 7.198467056758635074e-01 -3.922493090462046694e-02
7.935407544729727647e+01 1.535890291166069899e-01 -5.858787109730099196e-01
7.390111824808953145e+01 7.456967965380981722e-01 -5.795059788615594121e-01
8.374463965709477975e+01 3.241759225620446383e-01 -1.693095364291843152e+00
6.265872862905720808e+01 5.698443559429716698e-01 -1.449101643847248155e+00
8.386764322266468241e+01 1.922050898303280242e-01 -2.937883156604212953e+00
8.261304917008416737e+01 3.759727813284670095e-01 -1.359951684145966899e+00
8.847216980760556737e+01 4.738948221805748817e-01 -3.402764811161948511e-02
8.781503364855598193e+01 4.809142040359848380e-01 -2.841572766550691520e-03
8.506976580661216758e+01 3.402958354030028998e-01 -9.838752245302686550e-01
8.228479406780013505e+01 2.886053894761483329e-01 -1.767803729344597619e+00
8.194290991744476571e+01 6.986175959703038174e-01 -2.569755447469282764e-02
9.156918015800704325e+01 3.827391694984833004e-01 -1.583647706331320903e-01
8.023995549089582369e+01 3.310167444383910751e-01 -2.497409198558663557e-01
6.790851111776198934e+01 6.622556067785692058e-01 -2.857803679486031978e+00
6.476529213564607801e+01 6.753929315063315064e-01 -1.212723845926104937e+00
7.253276364478186622e+01 6.069882928068499606e-01 -1.560936394986295106e+00
8.376015532996379420e+01 9.328467145316549081e-02 -3.807482219245577504e+00
8.738562375164983109e+01 6.441303604349736256e-01 -2.247838134283032530e-02
6.833276930094481827e+01 1.719016570048800818e-01 -1.502246216171978066e+00
6.934574277651510954e+01 7.579921608645160402e-01 -2.715756952236909605e+00
6.905320410589845892e+01 2.797853075302486059e-01 -1.978062094530763426e+00
8.637353589801919895e+01 2.906574475227021725e-01 -2.463610973202491894e-01
7.820846874403096649e+01 1.247301344643561224e-03 -8.672096964901734872e-02
7.790439702705779723e+01 4.263260883564598536e-01 -1.437235752619205442e+00
8.531168244855544458e+01 3.623106952357907362e-01 -8.194455090713115286e-01
8.200380810325881953e+01 6.490169749615786188e-01 -6.839368325263847637e-02
9.139838278432381458e+01 3.427843297196688788e-01 -2.314386967606076317e-01
8.812566983853045599e+01 7.237440868227955626e-01 -2.451884260525849513e-02
6.753044424706941129e+01 3.185148576257357811e-01 -2.561094072710209613e+00
6.426988137521803424e+01 2.073776588550662048e-01 -1.078453153247870944e+00
7.648528702969450421e+01 1.099271234890273896e-01 -8.640146846288512705e+00
8.657712083442869755e+01 4.808862208510960023e-01 -1.782533674819843650e-01
8.490820903288307875e+01 3.206401785329472953e-01 -1.111732969755354405e+00
6.606340700368869534e+01 1.355515352171695054e-01 -1.260934992315648984e+00
8.414176266238510493e+01 1.475358314041708696e-01 -3.052592717728147775e+00
7.918802472807925596e+01 2.323723548229801594e-02 -1.714429926754771905e-01
8.969734959613234082e+01 1.793048855920078566e-01 -9.382082870789316686e-01
6.156830844385086721e+01 2.142924678662868621e-01 -7.396888474659329971e-01
8.409601459012239388e+01 4.426767151067984019e-01 -8.791391551423413109e-01
9.010606233220087802e+01 4.686046288819038508e-01 -7.944684620148631526e-02
7.376603253633342661e+01 3.567693709104793331e-01 -9.436215444794943119e-01
6.575192563156720382e+01 7.191511769660196007e-01 -3.775775857454374496e+00
6.508258857617411763e+01 6.655998998975742875e-01 -2.269452593443503918e+00
7.423987997247790815e+01 7.883464900548431409e-01 -6.370907658542225294e-01
7.161067088330571551e+01 5.449306346323929962e-01 -4.944912224736851769e+00
6.772724715189883682e+01 4.398294387116469806e-01 -2.841387665734732337e+00
7.198997591536175378e+01 5.332276864062199251e-02 -1.137577956989530126e+00
6.230728338766932239e+01 5.065011077983336829e-01 -1.625406846547847728e+00
8.840569893994121742e+01 7.374774174930095461e-01 -7.942255190843600099e-02
6.133216161079096196e+01 3.074272075847552799e-01 -1.005980315078954579e+00
7.517328527128285032e+01 6.922187126999057583e-01 -9.815414009089497016e-01
6.301200463028626331e+01 3.576671032661909305e-02 -5.988199158779029113e-02
6.672005682824143946e+01 5.377437484578720950e-01 -2.718783242675631762e+00
9.079558880068789506e+01 4.654441517949003265e-02 -2.157312999835209411e+00
7.861066678151942710e+01 6.815801967893420077e-01 -3.789528717545760372e-01
8.609116125708399636e+01 1.142643165481458944e-01 -4.753719119584369213e-01
8.469564349258834568e+01 5.023626720587660577e-01 -5.723163910507962360e-01
7.156046893145079935e+01 3.459819351102279561e-01 -5.600231499262580570e+00
8.806489292941074609e+01 4.607325106290023342e-01 -8.343265467842980385e-03
7.342122209699961388e+01 2.243748403441820083e-01 -9.947669893570446620e-01
7.932935188962672157e+01 8.023194557358731202e-03 -8.389420589804977291e-03
6.667821638731980727e+01 1.392083217792739469e-01 -1.660577991737583803e+00
8.878883442797989289e+01 6.764567621043494905e-02 -8.142721292878364325e-01
8.234720600759962394e+01 7.713201266791065436e-01 -5.725006110869552273e-02
8.339437187388689665e+01 2.350949928419211465e-01 -3.019628353065157533e+00
7.953256841517162457e+01 5.925848355194579531e-01 -2.469148593767392930e-01
9.026626777251136957e+01 5.345612571535325319e-01 -4.905671612168940876e-02
7.863576414725390862e+01 6.399619137735098606e-01 -3.958053001451170005e-01
8.936835089434774204e+01 2.632556162554723911e-01 -3.195485733568324549e-01
8.263630598333702437e+01 2.995688507054825589e-01 -2.161759214521903782e+00
7.087151345688251070e+01 1.940054494679081809e-01 -4.694014840460319249e+00
6.343805334717274036e+01 3.888776880267104108e-01 -2.660718350999047743e+00
9.098084130897464661e+01 2.406237264861746383e-01 -6.820424024041799038e-01
8.046914698797883148e+01 7.517654960818691279e-02 -4.125548875260617310e-01
6.261462597444643308e+01 5.903208266427868722e-02 -1.224189784505293477e-01
8.145065509498311940e+01 6.091381224013444617e-01 -2.256213305471992114e-02
7.557512430644528933e+01 1.204991212080228913e-01 -4.403922496204937254e+00
7.682249326151587354e+01 4.497738573837642417e-01 -5.284320571436707858e+00
8.536519940096729897e+01 2.198380089645798341e-01 -1.341184456754080490e+00
7.985736875447587124e+01 1.864024551311961320e-01 -4.985979592822772366e-01
8.908017067900031805e+01 7.984404341679302020e-01 -1.857262335177834456e-01
7.292779761526476534e+01 5.911835132052003505e-01 -7.787595143035709322e-01
6.856028309437263601e+01 7.351533590945801278e-01 -1.680675474598692709e+00
8.710339055176568479e+01 5.273374085836546321e-01 -4.638374413558987719e-02
6.538643529410215649e+01 5.594686886623105870e-01 -3.333098710952146604e+00
6.182863203093597804e+01 4.129203829427171013e-01 -2.011968033937840072e+00
7.749316661341849510e+01 2.858307274914572704e-01 -3.971110959634007731e+00
7.483549817523973502e+01 7.116880354180099566e-01 -9.373682186380086767e-01
7.224414383114104510e+01 4.744477686008595763e-01 -2.622886985631166290e+00
7.616285789939739459e+01 2.556939966919870577e-01 -7.590853190003314488e+00
6.950683769809637624e+01 7.494399864259847499e-01 -3.141217875393007564e+00
6.282670919201408566e+01 5.625163750465688173e-01 -1.597186307963546437e+00
7.551563346119500864e+01 2.676031972595027328e-02 -1.222598896354256670e+00
7.027302632400636639e+01 4.950880963642070864e-01 -4.115341144289131670e+00
6.714345581177421707e+01 8.264217800970219407e-02 -8.125726720743039477e-01
6.979377427094074449e+01 3.710789075691569572e-01 -4.352092017628577558e+00
6.422149863077608245e+01 9.763375042349625721e-02 -2.957443811419491198e-01
8.304073632603910937e+01 6.268849527269826361e-01 -4.403931589596666862e-01
7.727858326289498336e+01 3.967151559520803450e-01 -4.181934785707043467e+00
8.573294918146348209e+01 4.011939965628511517e-01 -5.371103878950493904e-01
7.112398666682646819e+01 5.179368965154312887e-01 -4.766887186210730931e+00
8.778804448534634730e+01 5.786569739848530514e-01 -1.800191019153945388e-03
6.609067168010663806e+01 4.204798965848491332e-01 -3.065335094409757044e+00
8.092409666781610156e+01 6.161976732906537801e-01 -2.045460608303164424e-02
7.458329585161291675e+01 5.735879451110865723e-01 -1.177046771786151025e+00
6.390706302972416353e+01 1.604166540067114566e-01 -9.153888619189690656e-01
7.333082101782208895e+01 1.579170888543940665e-01 -1.077701801851754571e+00
7.051809216725656881e+01 7.621161797422609796e-01 -3.332717426854346243e+00
7.644367953195373389e+01 2.676684671005616356e-01 -8.379912578055046524e+00
8.124616641650746374e+01 7.803710128950325231e-01 -1.060644611104394515e-02
6.650246022517761446e+01 3.903704584032094416e-01 -2.750087909743032633e+00
8.306757162801137895e+01 1.549702584970514552e-01 -4.413011494364064369e+00
6.246046020030580337e+01 6.586550426978408090e-01 -1.486405328976082352e+00
6.670582036467942544e+01 6.846879760718149743e-01 -2.656717913947265863e+00
8.453396395845359734e+01 6.288714014696649146e-01 -3.904511677483664678e-01
7.772342876188356797e+01 5.622307849535655988e-01 -1.555350636218922000e+00
7.540663264220981432e+01 6.124574190054032918e-01 -1.338523714313440971e+00
6.514886003732526376e+01 7.558469386600026318e-01 -2.544991533765396774e+00
6.722271667796502470e+01 6.507012226829685941e-01 -2.791106599335502203e+00
7.630060835787087115e+01 1.265222927322519064e-01 -8.407487513271881596e+00
9.060532399636319667e+01 6.812469985154715434e-03 -1.766511590685337640e-01
8.236162308021766876e+01 3.137672561370835611e-01 -1.630584053768014297e+00
6.782758961391948560e+01 9.957470449688997360e-02 -9.746586477169303375e-01
8.326800611592618395e+01 3.278855216884009605e-01 -1.992731514880986987e+00
7.223058063024421926e+01 7.644152576668231669e-01 -2.319269851832884477e+00
7.108982390499691917e+01 2.241243816133283162e-01 -5.332983464674170726e+00
7.852285726619813033e+01 6.438804566310267763e-01 -4.433095444078513081e-01
8.268721358266370203e+01 6.682966369103292559e-01 -2.496993879853998122e-01
6.408078761293182879e+01 7.414298732477657694e-01 -3.223904264519875440e+00
7.734571897233497850e+01 4.610598729528642137e-02 -3.476989234649966232e+00
8.362961911632532974e+01 9.373514653347529701e-02 -3.992797816408606870e+00
6.564751507849940992e+01 3.429095767374034098e-01 -3.011758525982129786e+00
6.458759021416130963e+01 4.582828012628739067e-01 -1.118536018523334619e+00
7.342034192087156441e+01 5.262221321793453255e-01 -6.913632772783614433e-01
8.172111159922195611e+01 7.874434904993283801e-01 -9.712794333430434593e-03
8.205724410916806733e+01 2.943982736096579234e-01 -1.383311481254392517e+00
6.978496016833864246e+01 6.203765472334727971e-01 -3.844656934448955177e+00
7.029895761286664424e+01 4.160198363747801276e-01 -4.317622159269652649e+00
7.651923952762331282e+01 7.776044591112074578e-01 -2.851635350897732568e+00
6.373181011303611854e+01 4.899137437439693432e-01 -3.432621462038485394e+00
9.096476550157404972e+01 1.198029147651832882e-01 -2.005753460418137735e+00
7.331715393278260251e+01 5.448085173971375927e-02 -9.259130389772403102e-01
8.971988297934414902e+01 5.122238009071770071e-01 -8.507486907002594079e-02
8.960076653067162056e+01 5.969155384212503357e-01 -1.026819928142648775e-01
7.492612629301683569e+01 7.270748307756925710e-01 -9.115095876864501845e-01
7.701009485273389998e+01 1.678310696017757120e-01 -8.240746775494301346e+00
7.453729360018087391e+01 7.445250324707571865e-01 -8.328414215363757478e-01
8.657283675077054852e+01 1.418320536045056257e-01 -1.142565846599301466e-01
8.823082919410386182e+01 4.374696769996911927e-01 -1.945121396587163112e-02
9.138788680060665115e+01 4.531706895796118184e-01 -7.057874990611179289e-02
8.739051558611174642e+01 2.078394739457114226e-01 -3.256890302404005094e-02
7.398704742010687596e+01 3.504905793891153198e-01 -1.079894153701381310e+00
8.521655602435016874e+01 5.538831463755580220e-01 -4.483305439758249467e-01
8.030072514944532713e+01 5.043823532950578725e-01 -1.493390482884000003e-01
8.426510930807967270e+01 3.082524694729310566e-01 -1.484606035122761680e+00
7.281689244081941581e+01 7.056914527312628804e-01 -7.858642310642229845e-01
8.119737402975445661e+01 1.690940834353023836e-01 -1.063183275475128697e+00
6.314327278524488207e+01 6.032005094274873747e-01 -2.495617345181412094e+00
6.282395894655507362e+01 4.292235505871375700e-01 -1.531530194933987898e+00
6.936921808265617528e+01 7.311416437958498937e-01 -2.768028387178965932e+00
6.912635691106078184e+01 2.725239627424811406e-01 -2.174989662667146106e+00
7.986370936738804005e+01 2.495848265157833978e-01 -4.605730132788298792e-01
6.534943932293953139e+01 3.984079509204134784e-01 -2.857056555600676173e+00
7.750293318512285623e+01 5.477380495837935737e-01 -2.143740521750436834e+00
8.912191825981460624e+01 1.289031390069157179e-01 -8.654193915236580992e-01
7.875935544338545924e+01 2.107571872514386324e-01 -6.983075163350459524e-01
7.510742906335367763e+01 3.585259810075620557e-01 -2.074125887161161419e+00
7.560547837785534853e+01 1.937437126046840097e-01 -4.785001844271826954e+00
7.599826943109920308e+01 5.300111455233630364e-01 -3.324481126408697751e+00
6.827068193011020014e+01 7.028491021236517033e-01 -2.243920940460695679e+00
7.255495808025411009e+01 4.676223715058479558e-01 -1.682647210172371066e+00
6.188569533381888732e+01 1.888293086454900238e-01 -7.786623417238439648e-01
7.085043069396776616e+01 8.042888498975929445e-02 -2.402342420910706267e+00
8.150833791488979330e+01 5.819706348867099699e-01 -3.414203492598776035e-02
8.767402427766914741e+01 2.379983395141271052e-01 -3.574547687226391213e-02
8.534792215838446339e+01 2.628478028240320286e-01 -1.164579123005764494e+00
6.156290738012253883e+01 1.907773535160058737e-02 -8.449840784880878752e-01
7.159822365838162739e+01 6.168957724906959372e-02 -1.768359440504739366e+00
6.743585233312680316e+01 1.106255339740503385e-01 -1.133414570417413447e+00
8.843489839570722211e+01 3.614293400979975979e-02 -5.429162040492127028e-01
8.611484448375475154e+01 7.759788944569800950e-01 -2.488223753363422441e-01
8.058702968009799861e+01 4.966519976551684312e-01 -8.302996232396531173e-02
6.139465058310036483e+01 1.276011081395033581e-02 -8.306492455556813148e-01
6.436840741807438349e+01 6.737171891796511769e-01 -1.976669515973176861e+00
8.496847636285208694e+01 3.668343778602938254e-01 -9.193429036840408131e-01
7.935850049266983319e+01 7.083436999643252796e-02 -5.183157095857425789e-01
7.976928146080604165e+01 2.453497234883434894e-02 -1.835386854630361719e-01
7.213475760590402786e+01 4.464373150671875345e-01 -3.413276430945450635e+00
8.877503874569222830e+01 7.987483388425442588e-01 -1.570875663712713033e-01
8.577444984717409682e+01 2.472982817693950841e-01 -7.493403903839449542e-01
6.590162693425918405e+01 5.721437546603750368e-01 -3.484808198300668902e+00
8.085394122090980318e+01 2.679051909525446695e-01 -2.625198054677723714e-01
7.420525895979281472e+01 1.794172528861255056e-01 -1.549453104190425146e+00
6.951992473445878318e+01 5.411252686592201711e-01 -3.622019443402007433e+00
6.333650905150332733e+01 1.486027291698124031e-01 -6.682636696290705780e-01
7.897851113901798215e+01 2.873652261197423008e-01 -5.141730723620353549e-01
9.027014791129799676e+01 7.546600327414565434e-02 -2.240754880636659951e+00
8.711579953990857916e+01 3.807577579880044305e-01 -4.101906592496297466e-02
6.224581499680619601e+01 4.141430285090722530e-01 -1.574796105439862925e+00
7.822048364917895924e+01 6.908393515609502211e-01 -6.187151007891965593e-01
7.046410734909343887e+01 6.342199328790565360e-01 -3.644198162681901110e+00
7.153422952752987385e+01 3.349102343697138440e-01 -5.612603439612341205e+00
8.792760090700717512e+01 7.120061972656813731e-01 -1.241369103691631302e-02
6.809039190758099380e+01 2.239836684341043327e-01 -2.082711756342088272e+00
6.872250667074780495e+01 4.838112915949865367e-01 -1.687755023538653143e+00
8.408213943827266235e+01 3.719698655883416083e-01 -1.176933117562040554e+00
9.164133722292844197e+01 4.050312885766934601e-01 -1.382041698691444664e-01
6.617271570706547834e+01 2.999622602772653579e-01 -2.659334404821678266e+00
8.649874593585674631e+01 5.893377611721816178e-01 -1.884602719709177754e-01
9.002385438486351177e+01 4.781071563550838843e-01 -7.564873005270456030e-02
7.466942968176323348e+01 1.947707427413559178e-01 -2.244006535973126937e+00
8.307228647842204339e+01 5.271241366960619512e-01 -7.130213680856686276e-01
6.246891540487237648e+01 6.435957358967892006e-01 -1.481236064265565533e+00
6.541813864794659139e+01 5.194530277960606179e-01 -3.289800903169435298e+00
8.271837053321165456e+01 6.904967967159859887e-02 -4.169601865805778296e+00
8.818519672487624916e+01 4.146484644226524074e-01 -1.548907308483667838e-02
8.197757951453510827e+01 7.100842334317667426e-01 -3.380873379196581291e-02
7.780340583652336761e+01 1.874998830542695394e-01 -2.859164344718018835e+00
7.075690980502531602e+01 1.539671936639767369e-01 -3.993931040035146207e+00
8.968968791301378474e+01 3.433697511326863627e-01 -1.875320531098515764e-01
7.531057775111219144e+01 6.904017747378281555e-01 -1.038482205432176508e+00
6.580955826391573282e+01 7.331419235716518656e-01 -3.705664167860285740e+00
7.347759145444825890e+01 9.951176366916290872e-02 -9.938084800243333072e-01
8.542889426250189899e+01 1.115695322945987195e-01 -1.609435330968371325e+00
8.582779416209208989e+01 4.604521318631036308e-01 -4.327788322792759379e-01
6.363912334864497922e+01 3.569548213960811456e-01 -2.701326347928700855e+00
8.948986323126415243e+01 2.167243954543402185e-01 -5.914283087539573547e-01
6.649324020943780056e+01 3.487810909170522833e-01 -2.695776963990226260e+00
6.124929118830375074e+01 5.768050932867787584e-01 -1.454527380139045478e+00
8.843158797285630612e+01 7.719751172887562296e-01 -8.627754641416615633e-02
7.909115574708553709e+01 7.554719581002906637e-01 -2.333700784465763123e-01
7.834327859809553729e+01 4.416184812483484601e-01 -7.559550067171806331e-01
8.699166323459576233e+01 1.517962038208430786e-01 -3.301326308461448311e-02
8.907084025170445329e+01 6.993316104624796026e-01 -1.477786174333196312e-01
6.459859881272872428e+01 2.558154406246984092e-01 -7.229009990733321622e-01
8.518078041951977752e+01 2.105310343463808465e-01 -1.635613199198476364e+00
8.373325336942529873e+01 2.707204691545948005e-01 -2.260885064262553978e+00
9.114155930889477020e+01 5.667216954641477455e-01 -2.214035836914605287e-02
6.234163089677840475e+01 2.890036069095864302e-01 -1.255974682020768896e+00
7.373802808605221060e+01 2.637000898568994112e-01 -9.963194542612231475e-01
7.727020687582248115e+01 3.192947300677400485e-02 -2.382867259950742778e+00
7.010569717657568845e+01 2.795922001303298154e-01 -4.434974281325957612e+00
6.910032251749495913e+01 3.213206153126056397e-01 -2.044333583780758357e+00
6.803951699619639726e+01 3.533701790680087579e-02 -8.478376082616279064e-02
6.763565648315164935e+01 3.940264663337398332e-01 -2.746017374376172882e+00
7.763136491086586943e+01 6.035958050243128703e-01 -1.687581627796947314e+00
8.731119201257793350e+01 7.487263576540182930e-01 -2.587561726490927513e-02
7.324198202889816400e+01 2.802639946479190125e-01 -9.621005650431684320e-01
7.053636207020760196e+01 6.177046566292041657e-02 -1.487330682751425437e+00
8.142885361298016278e+01 1.297886303208366232e-01 -1.619390538434283489e+00
6.987764791800951514e+01 5.468089198098929904e-01 -4.089550970213695180e+00
6.503145586902439845e+01 5.339512829703355612e-01 -1.997485545919621019e+00
7.952895082928181125e+01 3.759167716127770342e-01 -3.893131367237488982e-01
6.272342597565867095e+01 7.933215332113073837e-01 -1.527751701638800030e+00
7.657402758672948551e+01 1.423004991423276189e-01 -9.354407014366891815e+00
8.066308511980363960e+01 3.849886930059900347e-01 -1.095303235593290264e-01
8.996697020666398714e+01 3.177679077331583279e-01 -2.800540014792476384e-01
7.678380236798517444e+01 4.213896267552157404e-01 -5.858576869573724366e+00
7.572674968196281498e+01 4.657499947274716667e-02 -2.790809206869858894e+00
7.520185540010402292e+01 4.857948719727475662e-02 -1.735206077098679023e+00
6.880591639073826116e+01 4.783334883031917784e-01 -1.693536240030814932e+00
7.885293938275644621e+01 1.204793289862158556e-01 -6.257709283469057304e-01
6.679804386831042962e+01 5.983701887004567732e-01 -2.687126869748172275e+00
6.757785833260200548e+01 5.402761912448657000e-01 -2.888633511913432983e+00
7.249607408176339618e+01 8.412910325923328436e-02 -1.572732368992392216e+00
7.802125475297287949e+01 6.089360150389092619e-01 -9.176961384288808699e-01
8.430211791981766112e+01 4.383313894307675485e-01 -8.124684723069024450e-01
9.126010160543161476e+01 4.891922059124486077e-01 -4.717333649096029646e-02
8.609439558743818566e+01 5.523325273084279674e-01 -3.158338089557359840e-01
8.629978286544398713e+01 4.509107050731261390e-01 -2.568977064642244401e-01
6.622706584611525216e+01 3.110610176657560011e-01 -2.684487214823530810e+00
7.981759098165109378e+01 2.248243424077145114e-01 -4.783659861413038783e-01
6.826186873065786642e+01 1.751235409176448710e-01 -1.609625097550233752e+00
6.356916624828984652e+01 6.303562724486680979e-01 -3.820582400112634947e+00
7.601675919969942186e+01 2.033872381719799005e-01 -7.210721100544092543e+00
8.344077253796571370e+01 5.031717901219469047e-01 -8.483275308067455001e-01
7.125832161805148246e+01 2.471172893776434065e-01 -5.639867177679515287e+00
8.796818234858289998e+01 6.608400766757712708e-01 -1.047954929125926096e-02
6.573681922141999223e+01 6.342925498409186513e-01 -3.718153512163123509e+00
6.702949057535296618e+01 7.154270924375891738e-01 -2.693984741180008413e+00
8.135969223651495952e+01 3.350465437285923276e-01 -3.876674790494286649e-01
8.494504776538467183e+01 2.382061556338673780e-01 -1.564881217716779460e+00
8.663185565512249298e+01 3.679235407613912212e-01 -1.562997885016290667e-01
6.913621176361789367e+01 7.389802914669006961e-01 -2.087985904845015561e+00
7.300017886601685291e+01 4.308450298416718893e-01 -9.263266297686358897e-01
6.423613436499529428e+01 4.823957554053063257e-01 -2.149876951521140445e+00
7.429006087982972417e+01 5.884991735424166537e-01 -9.855101554588894253e-01
6.169388339178173908e+01 6.762441629390785192e-01 -2.667863329945177497e+00
6.202900579914879842e+01 1.899359322202268975e-03 -2.014275644596616566e+00
7.193012695899093956e+01 7.634552365598519241e-01 -3.302070585681489590e+00
8.087038452251651677e+01 2.362720675416176211e-02 -6.754788789318192377e-01
8.765743122034585610e+01 4.686911159456803588e-01 -3.842013840679513442e-03
8.448542668646646803e+01 1.833042751614213095e-01 -2.423412976893426052e+00
9.038762660078079136e+01 3.804999173727455219e-01 -1.634634588887181883e-01
9.071569809994801403e+01 7.822138971685765885e-02 -2.420944803863850581e+00
7.185417887065284503e+01 7.852408228382202759e-01 -3.555532539441943030e+00
7.131500944392757901e+01 6.666952668403749449e-01 -4.574704754261498252e+00
7.227140086243701944e+01 4.028338296880519254e-01 -2.679039352681362285e+00
8.032031717838469831e+01 6.821138425296804364e-01 -8.946724785910636912e-02
8.873392914740071546e+01 6.224514955100092228e-01 -8.537814954486568075e-02
7.440339046073266616e+01 7.768459111315366705e-01 -7.190157024830794441e-01
7.622109196439490120e+01 2.975575923795341082e-01 -7.322044533849966896e+00
8.391682470527328519e+01 9.404367871793983813e-02 -3.472582507334891933e+00
6.967050744390137140e+01 5.715674323992193662e-01 -3.872097786672356712e+00
6.317591628141258298e+01 6.485600731696596899e-01 -2.774388734114788146e+00
6.408258861835794562e+01 1.669196666200257473e-01 -9.694203753625562081e-01
9.161841765787640668e+01 5.091138363508677100e-01 -5.148578823029423962e-02
7.984231874244008509e+01 1.189942625042613167e-01 -5.316889355031497733e-01
8.237627723379172551e+01 7.247898249636175461e-01 -8.469151323699886103e-02
8.168667553391468061e+01 1.440537392935163120e-02 -8.948927261560736257e-01
7.599009975257081351e+01 2.937893766267287710e-01 -5.894230428826530144e+00
7.625953969849560110e+01 1.210974475393551408e-01 -8.324853017228246443e+00
7.701347936581203157e+01 1.022533316716137258e-01 -7.364820046697817979e+00
7.673493518360601229e+01 1.550598694084550644e-01 -9.312848795810356961e+00
7.665556594530869461e+01 3.446768329562399646e-01 -7.214695557452839303e+00
7.681415322484441788e+01 1.743301574301945323e-01 -9.083146065915405742e+00
7.747730518745827055e+01 1.616125596133115572e-01 -5.169580057942630091e+00
7.616840572768199991e+01 8.517839522684569897e-02 -6.884430348697083701e+00
7.578761806378908261e+01 1.283932365283385335e-01 -5.598933454619240635e+00
7.587832959850837256e+01 3.434739943057785183e-01 -4.614816726217816800e+00
7.719702403357422327e+01 7.445487099546609089e-02 -5.765174036650877909e+00
7.644604741656004876e+01 2.201246701215077151e-01 -9.072174036326620339e+00
7.035493555893346240e+01 3.630477691070844171e-01 -4.403105450796711118e+00
7.012216751678398907e+01 7.124314318296463833e-02 -1.578557256951923282e+00
7.640180936188806982e+01 3.622913278765635958e-01 -6.800378402023006252e+00
7.076946910586048034e+01 2.766387100910041585e-01 -4.763187277887175775e+00
7.759621618647328489e+01 1.264750511619258666e-01 -4.420715355874123453e+00
7.544036609415684325e+01 1.724620450953140982e-01 -3.887693346603371847e+00
7.645937079325719310e+01 2.161171285313163715e-01 -9.120572041498073546e+00
8.458529024181439127e+01 4.606214716107398521e-02 -2.033466609049898732e+00
7.754103290166939644e+01 8.241867218777552961e-02 -4.224923933361420580e+00
7.675434371639482833e+01 9.674042981091458826e-02 -8.128803115405872859e+00
7.676960088499104984e+01 2.438499310312491064e-01 -8.528582150454528943e+00
7.802661855613078501e+01 4.327871766786403618e-01 -1.214245778341152437e+00
7.815335591404436855e+01 1.908917845674698022e-01 -1.716647196204609260e+00
7.649654762271754294e+01 1.603053333631774269e-01 -9.454969115138011304e+00
7.646284416255386418e+01 1.572379112243652566e-01 -9.299504390658880126e+00
7.653477007789277309e+01 2.052972555160522683e-01 -9.239794356006163056e+00
8.217100391723073471e+01 1.746320839517635087e-02 -1.037549100776311128e+00
7.645840500708587228e+01 2.333009004592895563e-01 -8.900557891800712440e+00
7.674529347885930974e+01 1.386910200119018666e-01 -9.177976282057334956e+00
7.703822755615576057e+01 1.250732779502868597e-01 -7.907707107847373074e+00
7.632943503788703765e+01 1.531872391700744851e-01 -9.011254027828881519e+00
7.689502526274013405e+01 2.199926376342773438e-01 -8.448746935426036941e+00
7.618382038320170579e+01 2.491993904113769531e-01 -7.695170798616226548e+00
7.688230177754846295e+01 1.061224432306142884e-01 -8.231185086025185171e+00
7.281144617872914182e+01 2.820102407581148718e-01 -1.292302327535634454e+00
7.200517638887230021e+01 2.332578186716019464e-01 -3.998635437481805610e+00
7.693444013202550025e+01 1.470610797405243024e-02 -8.858298232225928492e-01
7.554448830274718318e+01 3.497056722640991544e-01 -3.174451468077931882e+00
7.709344342169207209e+01 1.819106459617614857e-01 -7.677814240088614461e+00
7.577038775613655730e+01 8.971457058790016648e-02 -4.570562080000111216e+00
7.619759292447375287e+01 2.981301546096801758e-01 -6.880620676665357927e+00
7.635522363116734823e+01 3.031513452529907560e-01 -7.564376676677114553e+00
7.622710090781851022e+01 1.208797527270430577e-01 -8.323675535126866976e+00
7.101330680776146664e+01 2.922482872167238566e-01 -5.227339668531783445e+00
6.951062156418164761e+01 1.878781139601918559e-01 -2.647345245522319424e+00
7.125384822112701499e+01 2.757752759258109698e-01 -5.671905637376743137e+00
7.630137725565592177e+01 2.701540626275361623e-01 -7.791765254619792636e+00
7.656040062503799959e+01 7.992175579071045810e-01 -2.737249443998774900e+00
7.653919422963991792e+01 1.899499786418838709e-01 -9.370005113842641009e+00
7.681136206037430725e+01 2.339670433178465125e-01 -8.301931399254296906e+00
7.642089319274951720e+01 1.899026882073940881e-01 -9.199414376703686003e+00
7.649961755164028432e+01 1.894786715507507380e-01 -9.372656453372604446e+00
7.671191636873118114e+01 1.941551522779279837e-01 -9.256382315205964773e+00
7.677277880170930757e+01 1.482826972200669280e-01 -9.008536399924496507e+00
7.601518081006533123e+01 1.605936487118760636e-01 -7.534069879747923970e+00
7.642211166562947255e+01 2.036429615179095320e-01 -9.076007592335155749e+00
7.630951554780571655e+01 1.930295944213867299e-01 -8.867100003695799870e+00
7.658312036792851529e+01 2.764362096786499023e-01 -8.324417742397834274e+00
7.639903073501095321e+01 2.373629965551129484e-01 -8.645967038694468698e+00
7.680231665477671754e+01 1.292598303861719200e-01 -8.784491978267830348e+00
7.679122100593060907e+01 1.489750504493713434e-01 -9.014134356690339800e+00
7.623543104875621168e+01 2.273987761541096386e-01 -8.025706102916286611e+00
7.656210626568119437e+01 2.724148538228418626e-01 -8.386680763597501809e+00
7.684078734121824539e+01 2.358853340148925892e-01 -8.283884624692214871e+00
7.533287974199069481e+01 4.905953168165430589e-02 -1.910994750284142008e+00
7.667500600459295867e+01 8.855186104774476208e-02 -7.888666403864359467e+00
7.708549662810771963e+01 1.739066123962402510e-01 -7.691875471156266464e+00
7.689173667792209699e+01 2.446479087656570073e-01 -8.190294310130958877e+00
7.632826467346114896e+01 1.240322282434693779e-01 -8.732423453546033443e+00
7.653235737670705419e+01 3.094679093459000718e-01 -7.786886271689994032e+00
8.430285769126417961e+01 1.835895314407302165e-02 -6.798893275916652046e-01
7.656903233536442599e+01 4.439855814831795700e-01 -5.779962104381150212e+00
7.062670558368257900e+01 3.545295936939504844e-01 -4.526670156660404842e+00
7.649655934179892824e+01 1.983625971990362058e-01 -9.303638469043903569e+00
7.654138490218957713e+01 2.067591435927357280e-01 -9.260949713942189021e+00
7.666104734849250235e+01 1.414617234764099507e-01 -9.344898172468012021e+00
7.647293865586807726e+01 1.874539202815200534e-01 -9.385573235330035402e+00
7.655342269672655675e+01 1.895943059834133415e-01 -9.397598986886949390e+00
7.685400614799085872e+01 1.619304104407462142e-01 -8.698630242930034839e+00
7.677294801904156429e+01 1.539122429551843807e-01 -9.044238075129520382e+00
7.668997538819897386e+01 2.667501405691110605e-01 -8.419279511868001720e+00
7.629244044347643694e+01 1.461491283380258188e-01 -8.982643850043665168e+00
7.695715753315413110e+01 2.451259928727815840e-01 -7.749344285069104998e+00
7.653534313332173156e+01 2.626557588577270730e-01 -8.536327788385174031e+00
7.683198638481972864e+01 2.349940433622214331e-01 -8.292739328396566023e+00
7.636622657044472362e+01 1.074135692208919024e-01 -8.349863012304739485e+00
7.657617076157686142e+01 2.690652915468232931e-01 -8.439696234031650590e+00
7.704838934196371270e+01 2.580045543922521167e-01 -7.104763868801668103e+00
7.617923902006251069e+01 1.637987792101219808e-01 -8.104818011444455905e+00
7.588841856952588216e+01 3.499285900208580768e-01 -4.527385831606657085e+00
7.629234268867718072e+01 2.110152898908295716e-01 -8.678000673100910944e+00
7.675662126145607544e+01 2.090896543988185197e-01 -8.897474904998293965e+00
7.681121411845677471e+01 3.005233429643381360e-01 -7.465689045343872010e+00
7.642875838959625412e+01 2.793766788221207498e-01 -8.187935928669142882e+00
7.699767949985540838e+01 3.549440374155732325e-01 -5.996897305502602471e+00
7.623241923261453223e+01 2.178721972860280243e-01 -8.156525460071858191e+00
7.689388518158600050e+01 1.203627748143863557e-01 -8.259139909625780263e+00
7.675322449435492445e+01 9.791529806304728745e-02 -8.176352810357581546e+00
7.665415514294474519e+01 2.161526831681930827e-01 -9.066944120048708200e+00
7.654449045423231723e+01 2.349960756984030841e-01 -8.934443230963443838e+00
7.636072508617814947e+01 1.935842179887042880e-01 -9.169821825271837312e+00
7.665134327991052032e+01 1.707470880061150165e-01 -9.470431068789199713e+00
7.679636819078102405e+01 1.836956633233380598e-01 -9.058659976028996752e+00
7.675605023601953292e+01 1.719734518928140721e-01 -9.082631866121598563e+00
7.657374355678311417e+01 2.031986040900321810e-01 -9.294951637961492708e+00
8.520467313706754453e+01 7.608097076416016069e-01 -2.900819581163612826e-01
7.656255459306589728e+01 1.833414531453010365e-01 -9.431763179540631370e+00
7.653691181826492596e+01 2.549771477727224012e-01 -8.651982564866584013e+00
7.661397143065960336e+01 2.291763276646796299e-01 -9.013106639610143134e+00
7.653587768323869511e+01 1.472782736060409547e-01 -9.396848518153181118e+00
7.669509858876668318e+01 1.391685926984693733e-01 -9.183635458581715483e+00
7.668222533276123443e+01 1.939842939376831277e-01 -9.256134604104659047e+00
7.661674918487859998e+01 2.329243329106327476e-01 -8.965113710468227026e+00
7.676238894569539184e+01 2.265561877114051770e-01 -8.728815859833250812e+00
7.671657571829521771e+01 1.250838963679385685e-01 -8.965857559795825438e+00
7.663425825216059195e+01 1.519243796305786987e-01 -9.429166168720160002e+00
7.642402832998621420e+01 1.581520106636638834e-01 -9.302335143825620989e+00
7.652703056471645482e+01 1.142417607324813233e-01 -8.869303034599528957e+00
7.636566406480014280e+01 1.454715108237087662e-01 -8.975323894612255771e+00
7.681712914508554491e+01 1.353687055579711473e-01 -8.876129636733342210e+00
7.667491219074733522e+01 2.757563416520645294e-01 -8.284812578046691911e+00
7.651198631143165585e+01 2.032152757867561332e-01 -9.259607664317275777e+00
7.639918121714052290e+01 1.596605114698577133e-01 -9.305291461456510760e+00
7.660918038183837098e+01 1.415964369883386254e-01 -9.347019078631596756e+00
7.650837289132587671e+01 2.547971803653549805e-01 -8.586095066750024429e+00
7.662659824050761870e+01 2.101863600387945397e-01 -9.230585043654201627e+00
7.659420274776346105e+01 1.922952359872237560e-01 -9.381358871074166217e+00
7.669116779938043749e+01 1.486902381336747125e-01 -9.273714384576441816e+00
7.640270827701901624e+01 1.674648683863664556e-01 -9.304583088299711591e+00
7.664876489021115447e+01 2.134004772618925960e-01 -9.094305613326442383e+00
7.659754093841465306e+01 1.609721246578105502e-01 -9.464634803735574309e+00
7.655167272085878949e+01 1.357826748417568508e-01 -9.282371430774222887e+00
7.646284986296564057e+01 1.799404590178470265e-01 -9.426078768243941752e+00
7.676478718983673843e+01 1.237091925608274218e-01 -8.937542224476791475e+00
7.670858579304672276e+01 1.881099086839761181e-01 -9.291503033006049961e+00
7.660540761943580890e+01 1.636330638200077514e-01 -9.469273128679606799e+00
7.679975148306564847e+01 1.940560263889002934e-01 -9.009083905489237765e+00
7.650515064687076006e+01 1.576837089607951992e-01 -9.448768673711343880e+00
7.642065413183118494e+01 2.067943591410612292e-01 -9.042710753793231859e+00
7.694057148585410744e+01 1.769809281789403721e-01 -8.229960822271413790e+00
7.604778040278254991e+01 2.429216773632599247e-01 -7.267599828273858087e+00
7.655674955471121734e+01 1.677652316126519993e-01 -9.458633773919141063e+00
7.658919751182514801e+01 1.533537065382759301e-01 -9.436988414496303434e+00
7.673771565780396031e+01 1.332067610579570904e-01 -9.104589779099612201e+00
7.677556565665051380e+01 1.765500809282229966e-01 -9.077626137247305493e+00
7.657122684025868864e+01 1.915840187351117163e-01 -9.385418430631546016e+00
7.647537699038359449e+01 1.810257437408633319e-01 -9.421210954078260258e+00
7.629035731574674628e+01 1.495577685889634967e-01 -8.999843038115848515e+00
7.658596102825339358e+01 2.309010120238883246e-01 -8.989867610183909008e+00
7.663165766040383176e+01 2.223460810604032112e-01 -8.999583250630838194e+00
7.647410107422240344e+01 1.779307226796565111e-01 -9.434535484535979677e+00
7.669809804762282113e+01 2.127389216891680812e-01 -9.103448926796314566e+00
7.657391178850087954e+01 2.036444831890271701e-01 -9.290972130843993426e+00
7.656690327498030513e+01 2.068568843453559014e-01 -9.260968544059497987e+00
7.660270741239463632e+01 1.482282921580486690e-01 -9.405315431681927407e+00
7.653046785225680537e+01 1.748347315932554658e-01 -9.445440008607807414e+00
7.646103948211980139e+01 2.166724945532665925e-01 -9.114100350678874918e+00
7.646759966659702457e+01 1.447366904245412367e-01 -9.239164066810486631e+00
7.650683772365970015e+01 2.081812153082316375e-01 -9.209754238432312334e+00
7.669865916747859558e+01 1.537262676844040887e-01 -9.305515099283818259e+00
7.649990629161563049e+01 2.150359156954256834e-01 -9.134242590761775915e+00
7.661163027064694120e+01 2.201260547974707993e-01 -9.122459189884869701e+00
7.665467938531645586e+01 1.313029564385002901e-01 -9.212212012411068685e+00
7.664601930612668923e+01 1.728782536586510599e-01 -9.467386978812971421e+00
7.650896372278705826e+01 1.478890542250418105e-01 -9.401710875627308894e+00
7.645611330452283028e+01 2.043983298456802378e-01 -9.246897902140382541e+00
7.657794293639871341e+01 1.302006433452454759e-01 -9.201071790326684763e+00
7.652504687736663413e+01 1.953272682811877936e-01 -9.329601443340242994e+00
7.654136642576204963e+01 1.866722213769468619e-01 -9.391299655106873701e+00
7.656026867414564663e+01 2.214429573128347539e-01 -9.104944839143421120e+00
7.655627880264592022e+01 1.512420030802923976e-01 -9.421422917806612674e+00
7.666195316752902045e+01 1.911769728994124895e-01 -9.272533513870275357e+00
7.664971648646169911e+01 1.834177134172296775e-01 -9.310872843017426348e+00
7.663604251983792892e+01 2.015849539528190570e-01 -9.199073762651632791e+00
7.667140957323506711e+01 1.579711764159311693e-01 -9.323976004232370940e+00
7.672557853509614745e+01 2.005870830777886360e-01 -9.211275767103797918e+00
7.662785867373796123e+01 1.684687502259843983e-01 -9.471685990320652948e+00
7.658672288272929052e+01 1.396539219160649048e-01 -9.326349475621450225e+00
7.648934634286329981e+01 1.611768895803886437e-01 -9.456480577410449229e+00
7.647801175978530352e+01 1.789462114562769546e-01 -9.430477289023647458e+00
7.657579879679499868e+01 1.545689371950949020e-01 -9.442882398569622637e+00
7.665359923474701986e+01 1.746244695542149838e-01 -9.337190854293513809e+00
7.656124910818854801e+01 2.163639108498003061e-01 -9.162799001338097327e+00
7.658861661885529770e+01 1.534709817969073797e-01 -9.437584512658766300e+00
7.662319341591705779e+01 2.164708399177943388e-01 -9.164169212707600209e+00
7.662174311376216451e+01 1.593054253041981116e-01 -9.460575224937283423e+00
7.658139541774221470e+01 1.676613221630551820e-01 -9.471281947657974598e+00
7.675355180011230516e+01 1.624215238132863393e-01 -9.075270547445878577e+00
7.675102097857231342e+01 1.945270408863412348e-01 -9.003311987647412806e+00
7.665311094433975825e+01 1.514817166373397805e-01 -9.426540326065691033e+00
7.663074844126262519e+01 1.833857870417502367e-01 -9.433225196060373463e+00
7.657218509624159708e+01 1.371692720755007255e-01 -9.298950499421945182e+00
7.639267429757923367e+01 1.997334323645335030e-01 -9.114621687449988130e+00
7.638048958210582384e+01 1.921461751075121127e-01 -9.181764322245758336e+00
7.661315387872224392e+01 1.943446194008609518e-01 -9.367682669288241115e+00
7.660687101331815541e+01 1.961313100906869888e-01 -9.354333909579812811e+00
7.667109627015722140e+01 2.159860311175897385e-01 -9.069584896693223541e+00
7.652361394757579660e+01 1.549622489597823893e-01 -9.439365428826485882e+00
7.669433599895270959e+01 1.775982158686041368e-01 -9.332079649758274087e+00
7.658962359221685290e+01 1.731400776262338459e-01 -9.465971574928888188e+00
7.668733792513575054e+01 1.940496938779554537e-01 -9.255945321316479735e+00
7.653970471616938198e+01 1.865653471800404750e-01 -9.391929837238985002e+00
7.660586762509385039e+01 1.792209568066282233e-01 -9.449738825456025282e+00
7.665332450818441146e+01 1.580280189029480975e-01 -9.456752856366097859e+00
7.665784338815717547e+01 1.656611363971608464e-01 -9.341246391218598788e+00
7.654897874078457676e+01 1.786025136835741878e-01 -9.432381363970272048e+00
7.665163698628974487e+01 1.722266401606292463e-01 -9.340595095234142775e+00
7.657535119468781204e+01 1.766222296226921396e-01 -9.457455514534240493e+00
7.664298817970320954e+01 1.810425784916461778e-01 -9.443653641750803018e+00
7.660393782633643411e+01 1.838812921227908903e-01 -9.430238316017636180e+00
7.665447672476621221e+01 1.763255370757049745e-01 -9.333754279942958476e+00
7.663771191816785233e+01 1.697442713575786633e-01 -9.471133226447841835e+00
7.669820161567804462e+01 1.960372309588281903e-01 -9.243200345159996445e+00
7.671802615789636093e+01 1.390318649429569120e-01 -9.182033732159682771e+00
7.660196071958110053e+01 1.467848765607668582e-01 -9.394369784902441012e+00
7.655351001998043614e+01 1.684665571524734951e-01 -9.458064086677145710e+00
7.671985450997641465e+01 1.752870193785009967e-01 -9.338212844870698248e+00
7.657592398555541990e+01 1.703912821423166635e-01 -9.469685872966890017e+00
7.656050230174987803e+01 1.695575931890181964e-01 -9.470194266304650554e+00
7.651004503428355008e+01 1.905978286350075990e-01 -9.365075588784815608e+00
7.657637550586201769e+01 1.508173426858615551e-01 -9.422760742382793708e+00
7.668321337944327354e+01 1.615267814293815662e-01 -9.334984282533513422e+00
7.664619311952986891e+01 1.375035008904615941e-01 -9.299828518516202180e+00
7.661996648046654457e+01 1.711046986477965381e-01 -9.469561432796758993e+00
7.661431452085977867e+01 1.662854874006352013e-01 -9.471493659380920249e+00
7.660493828444803910e+01 1.784901183606500963e-01 -9.452245032293838278e+00
7.662377774054945689e+01 1.682594001497975666e-01 -9.471698311932588155e+00
7.669116651650151084e+01 1.822908191685107815e-01 -9.316962342153592758e+00
7.664700932981585879e+01 1.701055140897120288e-01 -9.470977263858531003e+00
7.670109998521675720e+01 1.799493267626778303e-01 -9.325537726507590719e+00
7.666186318974114045e+01 1.773099853977846418e-01 -9.331651016355664296e+00
7.663102067407372431e+01 1.606054464171875473e-01 -9.464006949069432295e+00
7.662613407881937633e+01 1.627003254628668349e-01 -9.468120205907712972e+00
7.663664660304353049e+01 1.829545797431132714e-01 -9.435338839264085564e+00
7.657009233677557347e+01 1.745908540639414808e-01 -9.462610776006856739e+00
7.657211740118427201e+01 1.717528352923660684e-01 -9.467960264968541040e+00
7.659920719935507805e+01 1.670605904743694137e-01 -9.471503853365019765e+00
7.667517049958841824e+01 1.737055849320806034e-01 -9.339436556866225203e+00
7.665962449959363312e+01 1.801513947942168514e-01 -9.323327405148626568e+00
7.669297599682931832e+01 1.716270613423604152e-01 -9.342497049571056422e+00
7.665251056553803721e+01 1.733553823438264974e-01 -9.339201888862215029e+00
7.659837051161473198e+01 1.695891523854080596e-01 -9.470703494370008357e+00
7.659500808824839169e+01 1.795358703303819581e-01 -9.448368827600297948e+00
7.659667971820228161e+01 1.631770187097355829e-01 -9.468591331108301645e+00
7.664995456304214372e+01 1.661501410204644646e-01 -9.471830113607019541e+00
7.667339438621350212e+01 1.656578738082936653e-01 -9.341658903915353918e+00
7.665500311151282631e+01 1.627240790187399755e-01 -9.468385201034779541e+00
7.667729857138351690e+01 1.565106715661622183e-01 -9.318354371823325266e+00
6.992374797071813930e+01 1.296772660275631039e-01 -2.765374554660752437e+00
7.832473043662329815e+01 3.530666083012796719e-01 -8.616245818260688250e-01
8.807094264089526803e+01 1.171366196771068124e-01 -2.528343767285071708e-01
6.360779702363454646e+01 3.004498533499509461e-01 -2.288689639081157523e+00
7.427699207752753807e+01 7.915360162211271255e-01 -6.659718000301100282e-01
7.647201727033591112e+01 3.319221742260990426e-01 -7.304848681175345249e+00
7.700808511915832355e+01 9.771840815943487468e-02 -7.214213615330907992e+00
6.469923484437067884e+01 5.123443280281949619e-01 -1.116703250309946771e+00
6.948473084432552582e+01 4.581806328171055265e-01 -3.561560116906777651e+00
6.686943513078229273e+01 7.826059217189887951e-01 -2.624795797570938394e+00
8.157334789626702332e+01 6.541865068694063812e-01 -1.506087327542120907e-02
6.122519268530322734e+01 2.002623492414856432e-01 -3.649629254210076668e-01
6.180504451329717597e+01 6.908663989403739103e-02 -4.565344734578125063e-02
6.276493494703940002e+01 4.243472903175578570e-01 -1.449418243005425211e+00
7.756675786482085755e+01 6.762401884048450107e-01 -1.499635515757757220e+00
7.048275271996607216e+01 3.436048059016539313e-01 -4.443838595270434233e+00
7.154869908230256215e+01 6.395952769305174312e-01 -4.651686930567883849e+00
7.603741220828234759e+01 4.427644662284897503e-01 -4.257067400565272663e+00
6.940710233345951963e+01 6.197769027108931406e-01 -2.996895262763210610e+00
7.571661822649691942e+01 3.736158214804223832e-01 -3.751097662945686473e+00
8.589351314028570528e+01 3.073733109490495163e-01 -5.715802284080352402e-01
7.718127847541273923e+01 4.334870123036976830e-01 -4.341078837968789905e+00
8.760910969382560154e+01 7.186300642446545872e-01 -4.640586235495449893e-03
9.036955246950545018e+01 5.814928108556361996e-01 -3.543727615658513047e-02
6.798402300507808604e+01 2.343137664983390156e-01 -2.246237402296467955e+00
7.874981287817449527e+01 6.713995421626505200e-01 -3.124325449340837335e-01
7.342339990285412910e+01 7.020831614258097320e-01 -5.473787753657145538e-01
9.106523315492032111e+01 6.464982630853386425e-01 -1.191424073590823147e-02
6.510324013291031520e+01 5.229107090477796982e-01 -2.282179491933730819e+00
7.514313917644015817e+01 4.678180131858120649e-01 -1.642280499653647086e+00
8.737992468025163362e+01 2.095778687873130208e-01 -3.180198585000848510e-02
6.262960562216375848e+01 5.682354098392223829e-01 -1.419643829276807878e+00
8.961835081555987870e+01 5.412194610744876233e-02 -1.602595280049839976e+00
7.472684678870680841e+01 5.564976645211738848e-01 -1.253907201635886981e+00
8.202183466262640366e+01 2.248485844864899288e-02 -1.404468544867033764e+00
7.018969008026530787e+01 6.822554929850106475e-01 -3.668582317974536267e+00
9.154672027479810481e+01 1.089417604795266947e-01 -2.073620613768773602e+00
8.690732730667161832e+01 5.494668160394825529e-01 -9.546116686315182787e-02
7.099100507612888578e+01 1.545178291862470132e-01 -4.442164058677676053e+00
8.843148350253940748e+01 7.077820955725740992e-01 -7.333938589632996163e-02
8.197219338569351521e+01 7.586583438367626719e-01 -1.959180277539940632e-02
7.306929161589764021e+01 1.444689849275456461e-01 -1.269181138659727592e+00
6.736784050066560781e+01 2.583491531122105722e-01 -2.293749746092576203e+00
6.585284392664593156e+01 1.837258077894246000e-01 -1.704138411718262303e+00
6.826427610948758229e+01 7.691117604433096444e-01 -2.231527761741911586e+00
8.638585500710726706e+01 6.766548385441587335e-03 -5.197104486812862724e-03
8.349070733794094679e+01 8.720765576957145715e-02 -4.093304555366946929e+00
7.646847538527309496e+01 6.889877805126805033e-01 -3.288104090816533986e+00
8.453320647979307978e+01 1.842218364709812817e-01 -2.320249025595156223e+00
8.659128902017866380e+01 1.239124962420252579e-01 -1.029184161233387546e-01
8.237823641640729022e+01 4.221419994996895020e-01 -8.521070416474942899e-01
9.081504624457143393e+01 4.212817627217636807e-02 -2.025154944891537134e+00
8.390521389919413764e+01 3.523132701674903250e-02 -1.847553865584755428e+00
7.252782347335539725e+01 5.008546431407521204e-01 -1.652339805863384026e+00
8.057754500185004076e+01 7.414396863690594364e-01 -3.737575793022327592e-02
6.564695133940342942e+01 3.675381104561301626e-01 -3.136487596679708112e+00
6.864180626772052563e+01 4.886787130913810007e-01 -1.732387976377962824e+00
8.986558305323066520e+01 7.977622801260408902e-01 -1.350328089320311509e-01
8.527142969494339297e+01 4.097445670838724685e-01 -6.951878929486359215e-01
7.085422755111707716e+01 2.879180961659295601e-01 -4.901467261268813047e+00
6.621277405131498028e+01 5.069763198822690997e-01 -3.022010136582420348e+00
8.903547134744188440e+01 3.811964488346729074e-01 -7.648788158808718374e-02
7.209296730646400420e+01 4.749143613963716648e-01 -3.381373505534768231e+00
6.213284776972371048e+01 3.443729171782172749e-01 -1.540913022923840581e+00
9.143614804981582722e+01 2.206654362139840730e-01 -8.296133983872424622e-01
7.382543886877763839e+01 1.949320676016709775e-01 -1.081728456512762726e+00
8.362317686305584630e+01 5.866594109833616066e-01 -5.998460615591029166e-01
6.405613275164972720e+01 4.848765981755667198e-01 -2.860464064309885757e+00
7.233764970934639393e+01 5.917415560220194021e-02 -1.181146320556532903e+00
8.610435781893433216e+01 4.526345048245952185e-01 -3.484704814028493636e-01
8.439535951358566024e+01 2.913970482680054430e-01 -1.534056691025766916e+00
8.809886681452323387e+01 1.421898934526394653e-01 -2.051007612555480197e-01
9.005458543148554895e+01 1.718026694929975784e-01 -1.202566290387785397e+00
6.383137221080596646e+01 7.258202277719369988e-01 -3.984789168985037655e+00
7.811972676501012813e+01 3.190409120220266126e-01 -1.470168821833774508e+00
6.446311598779263363e+01 7.299234207778226846e-01 -1.540704807571552148e+00
7.332754442859521760e+01 4.053961075419222349e-01 -8.080705019232993225e-01
7.163381557151231505e+01 7.627373850337759720e-01 -4.207890349653834683e+00
8.886689991493828700e+01 3.201614673825707857e-01 -9.368505282972107440e-02
8.311824216640394525e+01 6.312970358748598576e-01 -4.624874841708879747e-01
7.941610934215619011e+01 2.302776216910010221e-01 -5.422946731886856275e-01
8.535126488895312491e+01 8.999821509235877981e-02 -1.746319255280454952e+00
7.455394061120961169e+01 1.646207378914882613e-01 -2.122153881455779878e+00
7.903294144640750574e+01 5.395481179113040815e-01 -3.196884581032579109e-01
6.782458148595473801e+01 1.296030451535427203e-02 -7.383370588141358049e-01
6.539771743011282013e+01 2.547228175604539513e-01 -2.093926769849513647e+00
8.476206802496810155e+01 2.786886248860284687e-01 -1.448172536233182983e+00
8.019472232136541834e+01 3.865393593537727046e-01 -2.232090765663521381e-01
7.554650548427918011e+01 3.972402961970203372e-01 -2.743890248742931082e+00
8.285808984337649008e+01 6.001362160960097558e-01 -4.198926882045961317e-01
7.958027365967723199e+01 2.420120123539113433e-01 -5.162103863673541682e-01
6.155673295186894478e+01 6.568465218703940511e-01 -2.497035580657244402e+00
6.910326460057112286e+01 2.778779149539755203e-02 -4.362131391223090376e-02
8.103602134375056210e+01 7.516645082584676452e-01 -1.117913030647077824e-02
7.785339020639169405e+01 6.086113586026116185e-01 -1.062250169321825810e+00
6.327104150476437638e+01 5.623395254021329448e-01 -2.886242986663959620e+00
6.715449644697015685e+01 5.925926047989087397e-01 -2.755795931688487244e+00
7.988365048114805234e+01 7.620910124016987142e-02 -4.802742389684706570e-01
6.666588583954050762e+01 5.322560968115092050e-01 -2.718067884454038907e+00
8.117851187655955414e+01 2.663430907001048120e-01 -4.876347984739350938e-01
8.436372442401767557e+01 4.026856782224735865e-02 -1.920019212978729906e+00
6.687640270927691688e+01 5.710921370196927471e-01 -2.693815830270732903e+00
8.344700830338882724e+01 6.176222320011620637e-01 -5.381467907924731842e-01
7.427789395704614606e+01 2.059789052722976743e-01 -1.700071695816763206e+00
6.361562476765972463e+01 4.562942478428982374e-01 -3.244834370631969112e+00
8.113563125865756831e+01 5.156858223729178237e-01 -4.217013741085373635e-02
7.947070938787177852e+01 4.031117061964615833e-01 -3.747477161959598679e-01
8.143625611221163751e+01 1.870530137096134693e-01 -1.331302656345189961e+00
8.812783749979453773e+01 7.246743182822585894e-01 -2.457945186714984367e-02
6.583594597190013076e+01 4.238876543871075708e-01 -3.286589600440521064e+00
7.234808543873104725e+01 7.435315425174140458e-01 -1.717178476965059986e+00
8.184676675256682188e+01 3.267610983038112676e-02 -1.940985573794841379e+00
8.698558688990885912e+01 2.131083391490757803e-02 -5.114380886021976935e-02
7.213452252548579224e+01 3.315824564445480904e-01 -3.454892659818839196e+00
8.483702380079618877e+01 1.971774928736897692e-01 -2.038795186645590451e+00
9.155392295982630912e+01 4.272012031433116142e-01 -9.911428735432216419e-02
7.818133612767188367e+01 6.489417857421843072e-01 -6.514159292778632926e-01
6.171067719990736578e+01 2.621024214676667685e-01 -1.207793921288686789e+00
7.507192896050746356e+01 6.124901494438944605e-01 -1.152620880935058656e+00
6.316495039344515305e+01 6.010707650460108686e-01 -2.725021407971073728e+00
7.360527695528037384e+01 9.445264584699521182e-02 -8.791954351518117550e-01
7.964868303913759462e+01 3.250853564909653159e-01 -4.207130485735263714e-01
8.088789199161196564e+01 2.771487437093784201e-01 -2.442199380965871247e-01
9.004205312603275502e+01 1.002546493072193484e-02 -2.935542146598268953e-01
9.127230520561671767e+01 3.439113620236979307e-01 -2.241100373977610305e-01
6.882193431713625387e+01 6.628024252147484141e-01 -1.633081192934148440e+00
6.714209726997916050e+01 7.294275452493836909e-01 -2.752689944572547898e+00
8.724341072806001307e+01 7.820181155626294567e-01 -4.522558390607629708e-02
8.505702650548465726e+01 1.662392112870191285e-01 -2.017119969857946948e+00
7.053561485435483291e+01 4.145277184897506739e-01 -4.302752380981159419e+00
6.519129119426382601e+01 9.701493620444243127e-02 -1.952321730750392059e-01
8.593941545336942056e+01 5.959635119861063091e-01 -3.274958843764101402e-01
6.143696856465083300e+01 3.792408301162025208e-01 -1.511097514621997151e+00
6.961707163601160175e+01 3.180045575659901647e-01 -3.843724498242496956e+00
6.299696536437172512e+01 3.891282064970915111e-01 -1.825894618817867299e+00
7.154081851978789075e+01 7.564376763590971997e-01 -4.320127088232220913e+00
6.630198340207502383e+01 2.480700250179848285e-02 -3.094940355398014264e-01
6.841100988421003137e+01 2.200044564642007483e-01 -1.669195554420609628e+00
8.908340257822622732e+01 3.625352683026240030e-01 -8.695754705194876089e-02
7.604491553817408089e+01 7.665938294491367877e-01 -2.019662412144017427e+00
9.069025259711736453e+01 7.878713827487410226e-02 -2.417769190051859418e+00
8.466087919258312411e+01 1.444279317022423015e-01 -2.518227106137560956e+00
8.667862698915627107e+01 6.755829897518488281e-01 -1.652084999160895185e-01
7.675774729916355454e+01 3.006001161085983808e-01 -7.744695745768185091e+00
6.661336788409839471e+01 2.550537028282343077e-01 -2.427422590843206329e+00
6.758607959835890711e+01 5.087313804627900948e-01 -2.869465088713137657e+00
7.249967238746513942e+01 6.936123879842583939e-01 -1.490710979733183450e+00
8.009913275534388788e+01 5.870639188290778243e-01 -1.496990788673212280e-01
7.327953930865778887e+01 5.364670379406701571e-03 -8.217935677477923584e-02
7.108640912005712664e+01 3.578755724345457079e-01 -5.232501124528063485e+00
6.193686056050603383e+01 7.442569704101608119e-01 -2.583963946206838891e+00
7.622087765284243233e+01 1.822098791541286733e-01 -8.529220884354346666e+00
6.238734196051212422e+01 1.221445176046103420e-01 -5.857107875072325998e-01
8.550279450386037183e+01 6.342394899050658452e-01 -3.560624103688670439e-01
7.690399563921907600e+01 4.985860721787054861e-01 -4.519597101473112666e+00
6.398413064255478133e+01 5.372187921164129909e-01 -3.225485392402849705e+00
7.459108155059516321e+01 7.107157548859253104e-01 -8.894279527819514142e-01
8.779145525684963047e+01 6.813126206430859533e-01 -4.473127667610333688e-03
8.299616353184543982e+01 6.273596879111210667e-01 -4.395451470306057651e-01
8.051273597786601499e+01 6.982410035095161227e-01 -5.404349342493180303e-02
7.389582664349907759e+01 2.361944500197704910e-01 -1.147161799101957813e+00
8.371873022362348138e+01 6.457556559786912231e-01 -4.842046573848414748e-01
6.556514366944294636e+01 7.696593535442635137e-01 -3.809543008342531678e+00
8.630154209514674335e+01 2.274362929674214051e-01 -3.120064653741461691e-01
7.742418138628474367e+01 5.820662731428983827e-01 -2.322680563186181324e+00
6.896359273753897412e+01 2.156820447019570930e-01 -1.471342666967727197e+00
7.715646917159500617e+01 4.514708962512685719e-01 -4.192857436952130534e+00
9.030199675636669099e+01 3.978384933622144959e-01 -1.372326272962759164e-01
8.967034551654174379e+01 7.947569179690869845e-01 -1.550316971227040652e-01
7.860580489612601696e+01 1.356037579827092110e-01 -8.780698080840964037e-01
8.223318442957631191e+01 3.489401053513445650e-01 -1.160858173037060403e+00
6.388815297684725181e+01 4.668404634167432343e-01 -3.230708989463654035e+00
6.498501191328685422e+01 4.430719976303537644e-01 -1.700529837348033091e+00
8.960385151042299867e+01 6.218794976938721297e-02 -1.636292224282575924e+00
7.286079692986011480e+01 3.696903227872685438e-01 -1.079348930212798097e+00
8.392804544922785226e+01 1.432743385375904455e-01 -3.389171974368302642e+00
7.540135179256660081e+01 2.883281130209185972e-01 -3.044946546504603280e+00
6.784245356983969089e+01 4.943158566594181846e-01 -2.856424854660345236e+00
6.251010586331199193e+01 1.717073292931095563e-01 -8.876766147855367217e-01
8.624574316150125242e+01 4.875874840245804087e-01 -2.962232681526657530e-01
6.980181342677359169e+01 5.502049047476486460e-02 -7.055584109628038059e-01
6.469937387763857828e+01 5.258890553016456471e-01 -1.124681223549560016e+00
7.183653534819860909e+01 8.523604367309078889e-02 -2.418108294231644084e+00
8.246367052322757729e+01 7.186846736717620310e-01 -1.180467599929102135e-01
7.081972447746413479e+01 4.794812487347577257e-01 -4.450492410307701263e+00
8.849285426770313734e+01 5.322273232564054268e-01 -4.070818937172500374e-02
7.574822329615156491e+01 5.530843508116748408e-01 -2.179539898246452889e+00
7.874261593485414323e+01 1.592527522153147634e-01 -7.067675683484397897e-01
7.482034966603146131e+01 1.056308835606843827e-01 -2.043956322185843000e+00
8.014758599348402868e+01 7.875708250905486540e-01 -9.198968395575592150e-02
8.259156647293573883e+01 4.389740923422962293e-01 -9.159828548365913647e-01
7.034065345921068513e+01 3.091665385488183149e-01 -4.464753221693093188e+00
8.767013725401352531e+01 6.656749169989432113e-01 -1.920791052278515969e-03
7.895169858190695322e+01 5.672295356029750657e-01 -3.260657194646628398e-01
6.939472447134936317e+01 5.465737657102606173e-01 -3.148730700590869347e+00
9.098311121725038220e+01 2.826460370454923487e-01 -4.423883580940357052e-01
7.795097216512863270e+01 2.420218190258978663e-01 -2.299967486699983965e+00
6.439869536410158446e+01 2.665068413845953499e-01 -1.133453903172734201e+00
6.819267107942224015e+01 6.938105809945939451e-02 -5.273342883161615813e-01
8.872142389041192700e+01 1.157024508654865835e-01 -6.195468252711285873e-01
7.643364865025750987e+01 1.872000575065612960e-01 -9.218987868507042549e+00
7.682424960611879783e+01 1.823505340864666202e-01 -9.064899368683635217e+00
7.665377263378748296e+01 1.172325605596913900e-01 -8.929221491053986881e+00
7.556024700434026897e+01 8.609673403890896748e-02 -3.568750764191982672e+00
6.526394214490451873e+01 5.963387661383110494e-01 -2.875215838312454419e+00
6.939808217401466095e+01 1.779925687267412959e-01 -2.311037408660566062e+00
7.641241487414490052e+01 1.632202794384234046e-01 -9.307351902957142542e+00
7.485485434793017134e+01 2.317714904174155571e-02 -6.895362128246296241e-01
6.765003025747493837e+01 3.998656990676058287e-01 -2.778228888905958982e+00
7.596096851815956086e+01 3.194008559083982585e-04 -1.170512704294061290e+00
7.601254897727226023e+01 2.060619742399867893e-01 -7.179932368790219677e+00
7.374069506285459852e+01 3.130085950671865902e-01 -9.499458368326525459e-01
8.187591707862388546e+01 1.749461522016888537e-01 -2.447218082464454714e+00
7.618579050023167554e+01 2.781157836329840594e-01 -7.219702651674326788e+00
6.784698423345524532e+01 4.265043022654915195e-01 -2.818517255840810698e+00
7.656402177012398624e+01 1.811851815660331377e-01 -9.441261569688233379e+00
7.738703889739741726e+01 3.335142405054302706e-01 -4.169184244774390535e+00
7.678537745390887892e+01 1.194503903388977051e-01 -8.593709516565871454e+00
6.803944053888930910e+01 3.711569223147122010e-01 -2.581515200225929174e+00
7.714547564343635599e+01 2.113559403527802416e-01 -6.932711874188171031e+00
7.670455288834028806e+01 2.652312994003295787e-01 -8.244270190150544408e+00
7.659023828578810367e+01 1.046096343969583065e-01 -8.575267577510453876e+00
7.677527224363110747e+01 1.943409259196708094e-01 -9.005905858637477834e+00
7.678040400394110065e+01 2.435367311548042313e-01 -8.533272226513364700e+00
7.117583361974010359e+01 2.135735006111840473e-01 -5.414778070199470328e+00
7.652578220724542746e+01 1.557439684867858998e-01 -9.442267641031403258e+00
7.798896366921094625e+01 9.418401987826695299e-03 -1.035052801856089638e-01
7.639356827465364574e+01 2.170718431472778431e-01 -8.922639851608190398e+00
7.664332569133840423e+01 2.383399963378906306e-01 -8.808807036821541203e+00
7.610647377763631027e+01 1.760722508700865996e-01 -8.052108960557424311e+00
7.648900106651134934e+01 1.531981234796357116e-01 -9.432396866791648904e+00
7.622553194058480130e+01 1.777937650680542214e-01 -8.557788948994465628e+00
7.663690710592408095e+01 1.754764172794281707e-01 -9.461723993289854917e+00
7.638783408993369051e+01 2.407026885160185037e-01 -8.596073374664502609e+00
7.681882698485425465e+01 1.824369731399394789e-01 -9.064314404421127236e+00
7.676191028370612912e+01 2.182614037037617083e-01 -8.814013546944089228e+00
7.620624243643085549e+01 1.679834709900036582e-01 -8.603675017122906610e+00
7.698875662816260501e+01 1.417463302612304854e-01 -8.119944169138674894e+00
7.634257405324905221e+01 1.258773320747151314e-01 -8.762343263608672217e+00
7.573042550258246308e+01 4.335685203449853309e-01 -3.119199966546794656e+00
7.684027126173033651e+01 2.730447512501844587e-01 -7.835289228326627331e+00
7.673413535946571074e+01 9.824630558273496350e-02 -8.190604021537842172e+00
7.703915468676473211e+01 1.971525819944669744e-01 -7.611656262536477868e+00
7.657471600517547472e+01 2.121633618693415935e-01 -9.208348981136547096e+00
7.717908822483416031e+01 2.776375601036626950e-01 -5.766256303161060082e+00
7.635160141718040450e+01 1.206764677246927597e-01 -8.669006988312190742e+00
8.026973796779283532e+01 6.095444615101344721e-02 -3.731470243807274989e-01
7.626495651856879476e+01 2.218590714458585078e-01 -8.539408987160042486e+00
7.613173574762947737e+01 1.734580143722350976e-01 -8.066519621992760847e+00
7.687312761799680061e+01 1.170777195497482021e-01 -8.537757201780076244e+00
7.664097711445705841e+01 1.533796668052673506e-01 -9.437074253232239585e+00
7.631142530712546090e+01 1.862912505602854485e-01 -8.921878814323457974e+00
7.645167817867348958e+01 2.079284452487383250e-01 -9.211056902371341337e+00
7.669606145660331720e+01 1.822608337865950223e-01 -9.317267136401875760e+00
7.660495136145385686e+01 1.458082437515258734e-01 -9.386409255177843747e+00
7.654022445930814911e+01 2.223333358764648660e-01 -9.093592743848445181e+00
7.676644201462578110e+01 1.643815668460921198e-01 -9.079605211702251211e+00
7.639483838427564422e+01 1.938247680664062500e-01 -9.167966685983182984e+00
7.640635878633760569e+01 1.431367456469172239e-01 -9.228913198321635036e+00
7.658813515747425527e+01 2.841235535441883342e-01 -8.202148990492791114e+00
7.679301331029419941e+01 2.548435081597844043e-01 -8.390179406763582648e+00
7.685791377306532013e+01 1.578999295488837662e-01 -8.686554872987171549e+00
7.660344043234967160e+01 1.958464846203429033e-01 -9.356366746668031809e+00
7.662124950889641184e+01 1.309380127076983646e-01 -9.207299568945234824e+00
7.646907840126135625e+01 2.507880210876464733e-01 -8.646166091306382029e+00
7.693208888860816330e+01 2.246500973587510497e-01 -7.949708506517461082e+00
7.694366714164280552e+01 1.438191536507847090e-01 -8.602428374431765334e+00
7.722182735883437488e+01 1.679263853584139488e-01 -7.099224615352556000e+00
7.690624584101651351e+01 2.558198928833008146e-01 -7.626510684733767143e+00
7.697249393267206585e+01 1.871900081634521595e-01 -8.204359913581505737e+00
7.614217866804386858e+01 1.723415328802933577e-01 -8.072125018738869784e+00
7.626158279901888193e+01 1.566996138931823213e-01 -8.617529969837699255e+00
7.608815172938642490e+01 1.391067028045654408e-01 -7.510552580805316403e+00
7.699083818133166801e+01 1.297389575674300077e-01 -7.979143928778203332e+00
7.650515319770835276e+01 1.143158803242165372e-01 -8.872678796773310950e+00
7.669350507868784916e+01 1.524813931539322764e-01 -9.298548728740076541e+00
7.662961018433483673e+01 2.205215327451124918e-01 -9.019467269985767643e+00
7.670140892287125212e+01 2.224764666805509605e-01 -9.002142252079581297e+00
7.657665414448518959e+01 1.870129232781823636e-01 -9.413363170137776237e+00
7.656747191783856010e+01 1.951838288393451526e-01 -9.360152255637517626e+00
7.642576530871258456e+01 1.950292169087340932e-01 -9.157825955327606238e+00
7.636745112778277189e+01 1.783876120662693798e-01 -9.270711624868969380e+00
7.685412204580534024e+01 1.630776572795013812e-01 -8.701193270037975935e+00
7.663904007668705276e+01 1.884462158770831564e-01 -9.406885868281300134e+00
7.655248166222992268e+01 1.475351044876106188e-01 -9.398312354724316364e+00
7.647782708569764054e+01 1.650293307149486299e-01 -9.459674744190108342e+00
7.649776487891173815e+01 1.426847892040718768e-01 -9.360121561322863215e+00
7.621523804049512307e+01 2.574071954124199091e-01 -7.563578356949304471e+00
7.650688236261802899e+01 8.872121099532312427e-02 -7.841923669017353937e+00
7.665850164157690472e+01 2.357391492654072052e-01 -8.842678411525637827e+00
7.648429956436157795e+01 2.691046321950978926e-01 -8.358318098488039638e+00
7.662875917577409268e+01 2.102083135258945301e-01 -9.230447066408469681e+00
7.670596322642282416e+01 2.116221977730690651e-01 -9.114640290054380145e+00
7.633855426961353885e+01 1.844243969340277900e-01 -8.934946457680505105e+00
7.664929259551085750e+01 2.456867160448238663e-01 -8.712935149150759173e+00
7.641731459843565233e+01 2.390729529045602375e-01 -8.621122144385209296e+00
7.680104999683631206e+01 1.770326317251938175e-01 -9.077980036608684244e+00
7.661215333387558246e+01 2.340813636779785212e-01 -8.949734972794081145e+00
7.681963384508242143e+01 2.545490161124869810e-01 -8.066452761987267905e+00
7.647381161352790002e+01 2.251662021074747055e-01 -9.009670426379683406e+00
7.665631198400640756e+01 1.770616458994864473e-01 -9.332071927425483082e+00
7.667835014146224637e+01 1.776693342266323639e-01 -9.331321187818078400e+00
7.639626495322818300e+01 1.745754988312966660e-01 -9.286477602111014917e+00
7.679950987288539466e+01 1.856324158474035035e-01 -9.051306368150981996e+00
7.658761861646226521e+01 1.499328658516501933e-01 -9.417130493124517443e+00
7.663641694540763183e+01 1.616051219702372976e-01 -9.466223371028730682e+00
7.654864417977921676e+01 1.746496372899506988e-01 -9.446054533151565735e+00
7.626975454944327737e+01 1.846353228911933320e-01 -8.934218257784149131e+00
7.655320967403187638e+01 2.262075473070593312e-01 -9.047394762088893927e+00
7.649695231690432706e+01 2.183576437423299932e-01 -9.095088649275343329e+00
7.648458900227146273e+01 1.521716686162501164e-01 -9.427547189313878917e+00
7.686763738435459459e+01 1.801622127882723801e-01 -8.695980789594310423e+00
7.654343889769137377e+01 1.595977355412842580e-01 -9.453133536530677006e+00
7.641319142330488035e+01 1.639144494591034673e-01 -9.307278698429072961e+00
7.650709633405097065e+01 1.961066132080325486e-01 -9.322921921144965651e+00
7.651204634452390962e+01 1.764086396244444188e-01 -9.440322392163087883e+00
7.677030190254252773e+01 1.985130537184527089e-01 -8.979125179488313790e+00
7.674745539276706552e+01 1.651845585925948434e-01 -9.343088787850120980e+00
7.659362583786762002e+01 2.134169477826252381e-01 -9.195953306690380913e+00
7.642524049917717832e+01 1.894232305214685885e-01 -9.203013183872736036e+00
7.665385679821866916e+01 2.253177615421964597e-01 -8.967452773753210593e+00
7.653742719019854235e+01 1.806147145696663237e-01 -9.423653227998785908e+00
7.661336116982047884e+01 2.176037903448299893e-01 -9.151187573660786612e+00
7.660892849216011768e+01 1.972434158357123379e-01 -9.345872626488327839e+00
7.634094874101744210e+01 2.173398010264893099e-01 -8.599500160554047312e+00
7.669353555042430060e+01 1.801488108681996991e-01 -9.324611765167020394e+00
7.655462058946534398e+01 1.571474892440434257e-01 -9.446601327258782987e+00
7.647383236016338515e+01 1.612320025615045505e-01 -9.456681033190255548e+00
7.660555708321696500e+01 1.867496536680362529e-01 -9.415585049716050037e+00
7.640265057830110607e+01 1.816539664623605388e-01 -9.253722205864425732e+00
7.656037239872986788e+01 1.883853003081157329e-01 -9.405076246742900992e+00
7.678197909269454158e+01 1.771873924516367549e-01 -9.076677131175433288e+00
7.643688485163821156e+01 2.206383833845095843e-01 -9.065590870064616169e+00
7.646349004857249554e+01 2.035152198588300598e-01 -9.255662249305601108e+00
7.655750040201510842e+01 1.849013497299979714e-01 -9.424056461038555099e+00
7.670587443425952756e+01 1.931774682661496212e-01 -9.262335573676617528e+00
7.679519568823171483e+01 2.141247159969232594e-01 -8.855567794647674518e+00
7.672063251233748815e+01 1.778307201969511753e-01 -9.332417357816847669e+00
7.668437199460321096e+01 2.077936894581666749e-01 -9.148989804199704423e+00
7.652005109038539388e+01 1.711916847008024545e-01 -9.454240323067820029e+00
7.667216065195486863e+01 1.977615443630887648e-01 -9.229820867261775419e+00
7.664047911307386585e+01 1.797879678514835433e-01 -9.448433733043460236e+00
7.659032967115130930e+01 1.600276943649966421e-01 -9.462355054594658199e+00
7.639889552191165478e+01 1.898996128003472283e-01 -9.199388029718841508e+00
7.650138479554095738e+01 1.755095124968797937e-01 -9.443237700491510012e+00
7.671317604011551339e+01 1.905625982769327820e-01 -9.278350696475744286e+00
7.666357632537102518e+01 1.473388155172133673e-01 -9.398241040407420144e+00
7.647115522420205025e+01 1.785910470551610174e-01 -9.431890081699460637e+00
7.660283079434942977e+01 1.926828484089549987e-01 -9.378990230762013880e+00
7.663026251025038960e+01 1.807813883949511424e-01 -9.444408872353653450e+00
