6.883421417895841898e+01 5.954168951476885852e-01 -2.550121160899121442e-01
6.992926974019965769e+01 7.657233223891991569e-01 -1.349692797020994650e+00
6.810041914166050958e+01 6.800501550919716420e-01 -1.348745772749632144e+00
5.648745960611822170e+01 4.687972767590186662e-01 -3.043869005339209455e+00
6.104703369890822273e+01 1.082873157722408497e-01 -1.213161695517554373e+00
7.214444499191408511e+01 2.377468180583347523e-01 -3.118784483125103812e-01
6.383368412318950647e+01 1.573671528444728629e-01 -3.785784419293089620e+00
5.996704956254369989e+01 3.840784850866414413e-01 -2.826505356902979382e-02
7.467387304238212664e+01 5.354556857101112621e-01 -9.240332865691867070e-01
6.603305570663694368e+01 3.940913546647651922e-01 -1.991242471074491371e+00
6.030733797966004062e+01 8.657227031583722421e-02 -7.868418039150247567e-02
6.342052140314223152e+01 5.382989960488364645e-01 -6.622975086231001285e+00
6.233566024968502717e+01 6.237736269924294419e-01 -1.872846943499921757e+00
5.890478567442839619e+01 1.278459970419743574e-01 -9.323611389747059608e-01
6.691695505745052230e+01 3.072131316108599464e-01 -7.761916573048719847e+00
7.149168510890618222e+01 7.414287874428771019e-01 -4.548827512784321958e-01
6.500519160133485741e+01 7.510125463137815593e-01 -1.698620130376970128e+00
8.114687733466661257e+01 7.256796623949843816e-01 -5.240827645743648816e-02
6.482990798696793888e+01 5.885940451875388835e-01 -2.109059584214864724e+00
7.503695830129919386e+01 1.384238240461607705e-02 -1.399178031260651434e+00
6.623411081596441363e+01 2.294304650541684198e-01 -3.384348073127658729e+00
5.856798262997359927e+01 3.623270309617129814e-02 -6.240389404914474802e-01
8.008885241960327050e+01 2.783047841766825292e-01 -2.846020226716107770e-01
5.933674504698485919e+01 5.137197121964811597e-01 -2.026522617863750320e+00
7.718313394411499928e+01 5.572626954963347812e-01 -3.473890586698822336e-01
7.868023077832316403e+01 3.705317063495117136e-01 -2.286791012539640677e-01
7.760102245236623730e+01 7.002197907210522265e-01 -2.132256691953013372e-01
6.465134844413634596e+01 4.613449251935746176e-01 -2.868021779450023789e+00
7.130331712965791269e+01 5.500897247571834292e-02 -2.408183608175887169e+00
7.327767427378543630e+01 1.985374054431172097e-01 -2.384609416073178334e+00
7.044024651144702887e+01 4.542076120368395142e-01 -6.344939116831648462e+00
7.080519739178726013e+01 3.142558350187195648e-01 -6.875029849801154391e+00
6.254291634570284231e+01 1.403449222289226417e-01 -6.016368871613172464e-01
5.830563815509464121e+01 1.174314913576233466e-01 -3.831840561097520914e-01
6.045608393926652013e+01 5.672956737412552242e-01 -3.262078341786670332e+00
7.577424491901244608e+01 4.797320361136354072e-01 -3.348445193626179428e-01
7.679268196954362224e+01 4.351653506896445422e-02 -1.631207577263932063e+00
8.218736743145308310e+01 6.240603226669336756e-01 -1.631427696091988233e-01
6.769349117460112097e+01 6.594888695534848466e-01 -3.900011198120990841e+00
7.952630540984746688e+01 6.791852740919028797e-01 -3.561712827834550010e-01
5.924330182995912963e+01 7.115552336140708034e-01 -2.493668258296148466e+00
7.356492359606582454e+01 6.940895133350343249e-01 -8.272391609603069185e-01
8.443864908030232641e+01 1.851595345582756347e-01 -9.036565291120460808e-01
8.382238867628244350e+01 2.976693765304252448e-01 -4.755218416540622495e-01
7.563215211408461869e+01 7.290137128663012334e-01 -2.699533449333683666e-01
6.712485376579654428e+01 5.810695615553375104e-01 -5.556172561406124366e+00
6.555781878237472426e+01 6.530609020838556988e-01 -5.796552424114919111e-01
7.301411662365724453e+01 2.038171650826907655e-01 -1.715213829060627360e+00
6.211882208084876567e+01 6.144660007353093256e-01 -2.394317814585884108e+00
7.627224552600937102e+01 2.927066865538400786e-01 -4.072775969112645694e-02
5.697466395130462757e+01 4.048244172958215259e-01 -1.252092249858898221e+00
5.981416064435151725e+01 5.851178025363378693e-02 -2.754020216910413321e-01
8.063677613985657899e+01 6.642770457498221592e-01 -2.051903300360740159e-02
7.610881028315739627e+01 7.129047294075811780e-02 -3.218015594530611034e-01
6.921606593690934517e+01 7.795910733223041511e-01 -3.833679689792900969e-01
7.705339391114900138e+01 1.672771581277286146e-01 -1.639527348923362604e+00
8.088020287306630962e+01 2.413161908027769975e-01 -9.207800744197718046e-02
6.541175833621947788e+01 5.709476811150407949e-01 -1.091311550339980618e+00
8.334585089584372497e+01 4.141728442154868350e-01 -2.664443569597566008e-01
6.159385884850373571e+01 7.690385930696937156e-02 -3.390093220460042578e-01
7.014026012365842178e+01 4.317334245422166372e-01 -4.645863432854999253e+00
6.426157722597324096e+01 9.631029736795833351e-02 -9.752622652240844348e-01
8.301500748972436838e+01 5.261675631977557055e-01 -8.517374439969746525e-02
7.259886474434520665e+01 3.329565788278071037e-01 -3.064158416545663677e-01
6.734737446740912503e+01 2.500918002393716644e-01 -6.207729848343856993e+00
5.760993225762191372e+01 4.897958995314946051e-01 -5.986963557958659976e-01
5.795661638570230423e+01 4.439675714012417673e-01 -9.963046887096972393e-01
7.409958495028841696e+01 9.212015831007741573e-02 -6.170211761663105143e+00
7.093134392771207786e+01 4.393399756756974917e-01 -4.308531702840642907e+00
7.846323528517247325e+01 3.665859749171913040e-01 -3.429333278690049336e-01
7.240384469018385971e+01 5.053777137622949001e-01 -8.350143049607264278e-02
6.640981966243761292e+01 2.649908144929726816e-01 -3.990944759722863999e+00
8.151000234399147359e+01 1.763704383630709249e-01 -1.046937594652600056e+00
7.811754227962082098e+01 2.852211647578470899e-01 -9.220848101430201282e-01
6.153558265204497246e+01 1.611022249928207792e-02 -7.649499550619195398e-01
7.903449189090457594e+01 6.429007442629054436e-01 -2.318958721680305646e-01
6.916996593714127073e+01 4.989611439454852415e-01 -5.372556985655162487e-01
6.376475557592543453e+01 7.957685585886858926e-01 -5.464818937559190459e+00
7.911532460500583852e+01 6.324855737477430573e-01 -2.557906935863208941e-01
7.427720468171396817e+01 3.591230120512415528e-03 -5.354548747667016440e-02
8.394445715066640901e+01 7.740006579946666632e-01 -4.301597907847306557e-01
7.771088694143399778e+01 2.925836004698684906e-02 -2.357190378156071464e+00
8.028809349416849273e+01 3.205698105948833199e-01 -1.156241751494886949e-01
7.526336120114916639e+01 3.420223214760334529e-01 -1.008356988844437030e+00
6.317012047895902072e+01 2.636064178914716005e-01 -2.951902038180957089e+00
6.972253367165652094e+01 1.323994778963697161e-01 -2.998954708540146896e+00
6.086224882124124491e+01 3.804460405797397415e-01 -4.973466083226959711e+00
5.727973546849239739e+01 7.559334616259493211e-01 -8.656998201799098736e-02
5.750186499614170543e+01 7.900066040689265323e-01 -3.757733444837226267e-01
7.175054009936722821e+01 2.196119610075778494e-01 -7.765533350921320910e-01
7.376393125945736529e+01 7.129729440796409579e-01 -9.015317038381547299e-01
6.801410220269806928e+01 1.755143518545122794e-01 -3.099496708379552601e+00
6.859745446855826856e+01 4.832229943918395221e-01 -3.288145884858674206e-01
8.166196285640178587e+01 3.520373523257496196e-01 -2.004843483773273705e-01
8.319427769928313410e+01 4.227638655288625258e-01 -1.392456668168007838e-01
7.964362205898473235e+01 1.512962956964470362e-01 -1.465290464143622629e+00
8.433628716793447211e+01 3.446773865650047397e-01 -3.756223764086779049e-01
8.273072357744470651e+01 5.464165190384132620e-01 -5.782760812121966187e-02
8.208844837137593231e+01 6.061298716518808138e-01 -1.515999775534666305e-01
6.269822098468454641e+01 2.129267903975816112e-01 -4.969206250887633902e-01
7.659451642145269545e+01 6.252249322923977282e-01 -9.181007414619792029e-02
5.960240810417610646e+01 4.416220782574065140e-01 -5.228443860737432836e-01
5.762481923578261700e+01 5.338234340764896890e-01 -6.173172300562801418e-01
6.768000054480316408e+01 3.314470118419876044e-01 -5.248785119179838254e+00
6.692148328180428507e+01 5.932552319685102660e-01 -6.353640268814698011e+00
7.182656919540498563e+01 5.125029031368403265e-01 -3.039787198785720568e-01
6.545913786699421166e+01 1.273826126035186301e-01 -8.910644419315446596e-01
7.158813326121466503e+01 6.914307473233026746e-01 -3.503854091339373422e-01
6.514478903126004639e+01 8.436592347784319101e-02 -5.074529476573609310e-01
7.564837451369697874e+01 1.721226441437773147e-01 -1.281739529063020688e+00
7.766010207344011462e+01 2.641054658938046806e-02 -2.034170596436332801e+00
7.447031758910472377e+01 2.230666090309172400e-01 -5.026124605201109041e+00
6.197906924563470454e+01 5.807825099360359733e-01 -1.946453433607904682e+00
8.447379021647323327e+01 5.246746081157401820e-01 -1.986719620657855789e-01
6.579073018927915939e+01 5.066342354251472946e-01 -6.538035258811023542e-01
7.055421548218443206e+01 4.499652634263506812e-02 -5.576586191357769451e+00
6.724731148930814584e+01 7.904417139326783137e-02 -3.531777299173256779e+00
6.231212510414911065e+01 2.397680836364867174e-01 -1.426746063309487944e+00
6.126744828353369599e+01 1.074597154417112899e-01 -1.209998230245833417e+00
6.094838790976901777e+01 2.048968216056037961e-01 -3.151770150335119425e+00
7.585472684755100659e+01 6.738826197470900725e-01 -1.894762879366242436e-01
8.208938040775747425e+01 3.054373489973315481e-01 -2.471660279266447713e-01
8.235645076489215910e+01 6.119847016194919220e-01 -1.382988398395086360e-01
6.627450801769046507e+01 2.998888871510358434e-01 -3.259288557022146371e+00
6.053483003496955916e+01 3.269849662364626153e-01 -3.401923113958391642e+00
8.173901070277460690e+01 6.362700701106074885e-03 -3.710699668140539087e-01
8.155605320286510107e+01 4.249481091862182258e-01 -1.119739351160685958e-01
7.762217373837739842e+01 6.342984237493624056e-01 -2.619887681249949418e-01
7.733592972506650653e+01 6.445519889172574013e-01 -3.073592785950711725e-01
7.613817874128714891e+01 1.893818223203655449e-01 -1.220444698534301209e-01
8.254373804575968165e+01 5.622139012251282930e-02 -3.968893921661651003e+00
5.849271394693281678e+01 1.465419452642386933e-01 -1.147209512862231051e+00
6.272070347450790706e+01 4.083880625004753795e-01 -4.271311168199197761e-01
6.797361774348301822e+01 5.721314973679695326e-01 -2.136416970093645951e+00
8.333646211826024341e+01 7.836866561728761393e-01 -2.568200585979385497e-01
8.292441475132393691e+01 2.104736589104947986e-01 -4.109738955213858014e-01
7.972641189647053750e+01 2.820138095185899529e-01 -4.118211323143752822e-01
7.991229883470511197e+01 5.899277178780225617e-01 -1.274656268394124548e-01
7.264413158480556376e+01 2.313156121628780204e-01 -4.934063891259381496e-01
6.935660340189431849e+01 4.577987058682977395e-01 -7.198454736589025016e-01
7.204883677438861866e+01 7.962965832923292187e-01 -1.109406220263010195e-01
8.046737212937952677e+01 1.011365292453572096e-01 -3.837126706368749196e-01
8.407940807742949119e+01 4.552469060767763143e-01 -4.262068081259435259e-01
6.808206169954846132e+01 7.916064039964511023e-01 -1.296047366706229775e+00
7.375269001883391695e+01 6.983075433647639718e-01 -9.206371178515223574e-01
8.308161245041424081e+01 7.619161734554711352e-01 -1.260756578667155958e-01
5.658945058151785190e+01 4.778604392177462912e-01 -3.324583168359107610e+00
8.421263083928374726e+01 7.383450444703836268e-01 -3.481353053789434382e-01
7.481942792678759702e+01 3.582794174183674407e-01 -1.927703388527730599e+00
7.328587846128198180e+01 4.886436222484151770e-01 -7.810163510914419627e-01
6.968927649719677220e+01 6.193752025849890153e-01 -8.231775504357240481e-01
6.036773022407486167e+01 7.564814881133605784e-01 -2.371272209318702195e+00
8.080898687854147511e+01 5.036893576526091376e-01 -3.421092925382945155e-02
7.894049609214870600e+01 3.508905518918875033e-01 -2.394069042144315318e-01
6.139413045152069515e+01 6.562305525795739669e-01 -3.846007492888880108e+00
7.636480050251186924e+01 3.744721668742383991e-01 -3.139468906556426575e-02
6.589394653924914280e+01 4.851866307316917148e-01 -1.152992959100761938e+00
6.455113977837825701e+01 4.057111006650999663e-01 -3.238387078851895140e+00
7.107573973690018931e+01 5.614080143207517137e-01 -2.649626672004949945e+00
6.410168561544293198e+01 3.374488879446057021e-01 -3.903843973878557083e+00
8.110582789932574599e+01 1.314333336337009939e-01 -6.625974382209562918e-01
6.649136058152814144e+01 7.245499943481112926e-01 -3.290628278549067698e+00
7.016317298248019085e+01 6.509489849762470914e-01 -3.163527616317471036e+00
7.924508919304267351e+01 6.052678780097475730e-01 -3.091831133857890768e-01
6.468922675371719322e+01 1.784658036533003922e-01 -2.350278988112521006e+00
6.981647243565033989e+01 7.190780495573566578e-01 -9.633377636777298303e-01
5.795677390473853308e+01 3.983669318906156165e-01 -9.047567993614876736e-01
7.948072337292441603e+01 5.372030759861309290e-01 -2.960470925914209239e-01
7.861445978009034263e+01 1.933182598155567811e-01 -1.718781193570450894e+00
7.347968041197708544e+01 2.545405091104629980e-01 -2.454184143682220931e+00
6.242502668032398105e+01 5.492658974747781642e-01 -1.210067150498006505e+00
8.075608467001690371e+01 1.540976728569952159e-01 -1.364494992229080272e-01
5.704204558561873029e+01 2.418584120645448921e-01 -4.449116668395550200e-01
6.297999805370104554e+01 4.211102634304665360e-01 -1.626727276314299475e+00
5.826790510969832582e+01 3.911763824583201488e-01 -1.874548530353800313e+00
6.396345456604098700e+01 7.078992448881662458e-01 -4.219058365106223008e+00
7.404118788944570895e+01 1.128669464476237255e-01 -6.002632863722941359e+00
7.485439659735438056e+01 7.680177251126112381e-01 -2.246714181369429686e-01
6.885090491493849640e+01 9.821110259452113522e-03 -1.773807722353853422e-01
6.915184042728468228e+01 3.622775811288024284e-01 -6.601647188930972465e-01
7.829887627736616196e+01 1.923959368329634934e-02 -1.962367709712868891e+00
6.846565350723966503e+01 5.326284005348155826e-02 -9.136698305689804345e-01
7.134191982254716891e+01 1.399808236626035318e-01 -3.460360211695079347e+00
7.515669956518607364e+01 3.552427219875001208e-02 -2.916376791928547263e+00
7.238835385954406831e+01 3.821000890792926596e-01 -1.215027343076949956e-01
5.696061572815682439e+01 2.666702086951990291e-01 -8.848484997372626504e-01
6.180768738140519503e+01 6.846187548386354349e-01 -1.823333826527210988e+00
8.361468362926795805e+01 6.908975362476757476e-02 -2.303684972222195260e+00
5.903239340437949778e+01 9.520445797294667389e-02 -1.459619644700621000e-01
5.732923469049593734e+01 6.641902358482288937e-01 -1.010341802285200791e-01
6.373176463478070986e+01 5.550459840571503323e-01 -6.037239390764931990e+00
5.998808856217661400e+01 7.514790047070690759e-01 -2.176203821448478154e-02
7.074100309394543729e+01 2.590032228151877836e-01 -8.741602197751085157e+00
6.669201379187731504e+01 3.136547434099142273e-01 -6.453248454078557295e+00
5.955918843132361218e+01 2.885413794123949383e-01 -5.990938430295427164e-01
7.301561837323470172e+01 4.705338731126875729e-01 -5.836101691130225477e-01
7.695482649115683671e+01 4.331375394589616068e-01 -3.793782849997903717e-01
6.327872831104959772e+01 1.627761901760958196e-01 -2.733059051615080115e+00
5.876855458555297673e+01 7.346495859294507325e-01 -5.960962017388436784e+00
7.806520797560544622e+01 2.794262910010796297e-01 -9.928935591112595382e-01
7.659986517719818266e+01 6.343765418624329466e-02 -1.360402771576334713e+00
6.524012928499220720e+01 5.633168633924128255e-01 -1.642522831944620565e+00
6.763091156218561650e+01 6.251800524512253210e-01 -4.178092672553407994e+00
6.058268690754855612e+01 5.452744226023069629e-01 -4.880108763142104955e+00
7.581899593669137971e+01 2.563129558260639485e-01 -5.818881102983410880e-01
6.074008714468147474e+01 4.293653973482984276e-01 -5.226548164521397588e+00
6.334305797965837570e+01 1.998606847386535379e-01 -3.975968567689363908e+00
7.185024199219387242e+01 7.083057722033676562e-01 -1.957016298014055966e-01
6.028328057527452444e+01 2.248736491068903387e-01 -5.948874721286324663e-01
6.797597196484680637e+01 2.790169881072417923e-01 -3.031201884335543717e+00
6.911111178037702985e+01 5.892853727239151240e-01 -4.112430612659541684e-01
8.459604787622525635e+01 3.587890038910097612e-01 -1.867544160039679157e-01
7.248700128431978840e+01 1.737529852924060148e-01 -3.726377140471979765e-01
6.871047872071086715e+01 4.969339113511899164e-01 -2.688954146477276486e-01
6.153873721989523204e+01 3.851251905290194455e-01 -2.970350276330914419e+00
7.814795969080503824e+01 5.252578032083985438e-01 -1.408271162189791426e-01
8.253699156984184526e+01 4.800356632105277632e-01 -3.542426336832473627e-02
8.094740349434766813e+01 1.472470650200205233e-01 -2.569472176277003972e-01
8.170092208508411602e+01 1.173707567824252562e-01 -2.278988200485029481e+00
8.316105669004670631e+01 9.239342406517293826e-02 -2.487763627037458569e+00
6.223198494490181076e+01 7.892051439855172212e-01 -2.442372062423559420e+00
6.271518620759744067e+01 2.814042002779605367e-01 -4.669781938210634253e-01
7.864690191332563529e+01 6.531133032853945197e-01 -4.242296846293645146e-02
6.670380040576277736e+01 4.672510037080373491e-01 -6.033275002128153375e+00
8.010750931549047493e+01 6.161447649593431164e-01 -5.416923845820183908e-02
7.644292604121525869e+01 7.030817854644064724e-01 -6.684142717968062641e-02
6.117102616395402492e+01 7.983309203813678812e-01 -5.149969780598995683e+00
6.605249950749305299e+01 7.663979668862347383e-02 -1.979509037247967340e+00
7.728533852982086216e+01 4.056559080811398821e-01 -6.688139026397312836e-01
7.473854381294628979e+01 1.415350982702282823e-01 -6.921568588515425446e+00
8.111389314553854035e+01 2.348147828755970182e-03 -4.025724431905741696e-02
7.441478838342352731e+01 2.235058737668104423e-01 -4.890032904855822871e+00
6.658173076991305095e+01 7.319141193959055602e-01 -3.882520348724205483e+00
8.152823841356435253e+01 5.117277335164457375e-01 -7.524912858459051335e-02
7.063727497177791292e+01 7.409413549575025737e-01 -3.221922712674440081e+00
6.438011965402702685e+01 1.347201151782818733e-02 -1.252817768759258099e+00
7.521244339345449248e+01 7.728980612004501261e-01 -8.879540920659412251e-02
7.913287253880953642e+01 1.910530229138816538e-01 -1.527272197895961137e+00
8.026265599567369691e+01 1.823923426249868529e-01 -4.609147815066960141e-01
8.283182391855144999e+01 7.636493468800094053e-01 -1.231282061743365491e-01
5.895493106051797128e+01 5.730285806266975923e-01 -4.596099930676970757e+00
7.348568421668609574e+01 5.574783757150827412e-01 -9.176619987735648021e-01
7.137079881558746308e+01 3.616424741815176813e-01 -1.898139316311151292e+00
7.419747751301594008e+01 4.766262138660746217e-01 -1.403444991093595995e+00
7.507086412440924050e+01 1.267374075293627722e-01 -4.598832994022141740e+00
5.728707371789997183e+01 3.327870446295904672e-01 -9.827424167652576426e-02
7.823299793735677099e+01 7.785348531440171582e-01 -1.059622030055131121e-02
5.920683930853801513e+01 2.524282316007642746e-01 -1.230100058040922706e+00
5.993746065396364031e+01 2.043620001714433476e-01 -3.485469331895477141e-02
8.423372704386532916e+01 9.683944839816474581e-02 -1.986295480351592202e+00
6.820235834778759454e+01 2.245277576378767667e-02 -9.789806019381062929e-02
7.009875260637726058e+01 5.827539756917951008e-01 -3.272597914884257442e+00
6.993608266584072908e+01 4.487847306618529264e-01 -2.336112199061198158e+00
6.366085432652216980e+01 2.472282550257309530e-01 -6.392342573828845076e+00
6.242105558323092396e+01 2.099845520691846490e-01 -1.043929521637414037e+00
8.067647828203115523e+01 1.052480544029776449e-01 -2.140225571888327294e-01
7.597203014746959582e+01 5.352148677952069111e-02 -3.623447722558532647e-01
7.259207640456402544e+01 4.620324600131827109e-01 -1.951338515735083490e-01
6.921963745027214543e+01 6.109353317508905423e-01 -4.732819692714641535e-01
7.090835093106356624e+01 4.399589272262429684e-01 -4.299046112464932179e+00
7.033466346443547934e+01 7.519991980690738931e-01 -3.501134915804936298e+00
8.399466586413493019e+01 2.826855549792902864e-02 -8.259788088075926682e-01
7.785453568795176693e+01 7.563949607521980312e-01 -1.030586105262478736e-01
5.837218319476625084e+01 5.370515006711553685e-01 -2.949131153818207451e+00
6.160562906419973928e+01 3.960158061940058372e-01 -2.664651942439541621e+00
7.559192541496622653e+01 4.438781640909486015e-01 -4.728335686653122316e-01
6.189159979193521366e+01 6.725551941402834188e-01 -1.768769771672449087e+00
5.791130444084155471e+01 6.021870697521504168e-01 -1.262689496080187102e+00
7.322118855161940587e+01 2.974208047325040960e-01 -1.468896410156946830e+00
6.507137273294429747e+01 4.440105740868190848e-02 -6.458526309695965251e-02
5.846162406316969395e+01 8.762292842688775008e-02 -1.941997540109438314e-01
7.393594089669501557e+01 6.648362998758067244e-02 -5.668152746862235247e+00
7.750515095066836579e+01 1.616682944734253169e-01 -2.780188663252939119e+00
8.226402156257071852e+01 3.818975678551606578e-01 -6.221365836426073076e-02
6.575977888960115081e+01 6.920989074194063839e-01 -5.079972202041522777e-01
7.686826512810667111e+01 6.441624584500038608e-01 -1.731426878195762575e-01
5.700783435824057932e+01 3.261904449487438296e-01 -8.090381743867255393e-01
6.433438582745641554e+01 4.085910045873613061e-01 -3.698848355511082264e+00
5.947769184890982075e+01 6.327933472539198911e-01 -1.404104983215414659e+00
5.746686451939053342e+01 3.042463768529717338e-01 -1.596111195646192638e-01
7.211146671575619393e+01 1.285059859805977034e-01 -5.195725321639214078e-01
8.360887802954214010e+01 3.394291405089378544e-01 -4.160151617383103240e-01
8.336820638080449442e+01 5.966973518310862978e-01 -2.842610218855306514e-01
7.887600769538576628e+01 3.481726994654208429e-01 -2.510204534431081380e-01
5.674196046723869102e+01 3.298280828508406287e-02 -2.097386173424081068e+00
7.149970119814352643e+01 2.680520837394703704e-01 -1.740018662024824136e+00
6.304191620890395598e+01 1.574970769362690204e-01 -1.420782237828357886e+00
5.959506038403914374e+01 5.343813679250472015e-01 -6.233194982275599427e-01
6.611595287932983922e+01 6.837325690715403415e-01 -1.729805740998297203e+00
7.965634486407999759e+01 4.940474170482244687e-01 -2.489739264216210002e-01
6.849683765993533768e+01 7.271271281548132848e-01 -3.262874625512638960e-01
7.309115969033194915e+01 6.682162370794325623e-01 -3.785365271272263521e-01
6.720925838698819632e+01 3.758370586589188100e-01 -6.263748533922409045e+00
6.404638176854157905e+01 6.573368441002839235e-01 -4.150926457462628782e+00
7.954117630362041780e+01 5.162007069131580028e-01 -2.804032494696534483e-01
6.947046857877984394e+01 2.364521099370923973e-01 -1.574327178493284629e+00
5.773051539879126892e+01 3.140561090467072214e-01 -6.316450117944085729e-01
8.212126982978209355e+01 4.227396759998348630e-01 -7.267488478760809889e-02
6.715929115912071268e+01 2.898095424147228982e-01 -6.759816930330403650e+00
6.481398624264400610e+01 7.173456971269907001e-01 -2.033382957746435071e+00
7.599870105400798082e+01 7.753513634690160083e-01 -1.107783354768987760e-01
7.159780558075011925e+01 2.192080492016386661e-01 -1.432404438008453962e+00
7.097347084530366601e+01 6.351257510158874187e-01 -2.675565912097499055e+00
6.749501676580790388e+01 3.763222204636077484e-01 -5.595367132427708334e+00
5.672515143349660605e+01 6.553870512284991623e-01 -4.158565335414035502e+00
6.284483918879028153e+01 2.820764822484269629e-01 -7.986027218528850558e-01
6.492074515202862983e+01 4.777104372021525602e-01 -2.001707564840889741e+00
7.384431531468518983e+01 2.527363770437782153e-01 -3.307424444274043474e+00
6.045142852513569665e+01 4.388969672260267796e-01 -3.048878945054295908e+00
6.931064943219746510e+01 5.581749353596274776e-01 -5.606528895937842316e-01
8.182134641471591863e+01 4.540988472998231523e-02 -3.221280399184156096e+00
7.363983700114924602e+01 5.359254730416882495e-01 -1.166443995765277908e+00
7.828308691040423639e+01 7.136943430328421822e-01 -2.044600760403987236e-02
7.339658004521484713e+01 3.986500242667625482e-01 -1.232667792452480260e+00
8.383972847376114146e+01 5.677185641935457161e-01 -4.552984884400887444e-01
6.803241584295275857e+01 4.837091039332380160e-01 -1.988975533880744440e+00
8.084260541189185290e+01 4.408877009280391945e-01 -4.165780984948096177e-02
6.301175575841167387e+01 2.718302863197731845e-01 -1.611139869833679850e+00
6.528976129572971843e+01 1.251042788879790368e-01 -1.052920191594338029e+00
6.234173969043342822e+01 6.267325624992882149e-01 -1.875266544939674374e+00
5.946349870871993915e+01 7.376873746360681494e-01 -1.520348525353363289e+00
7.061879110731327103e+01 3.146303195200168545e-01 -8.233596361797992813e+00
8.257691957459317678e+01 9.374706583577849250e-02 -3.083639793726437706e+00
8.127573023331795810e+01 3.550670705677676509e-01 -1.379978575301520349e-01
6.210680032450762411e+01 2.406999134594875189e-01 -1.288521673128024014e+00
7.993700543382418289e+01 4.300652493142227972e-01 -1.504982774025871162e-01
8.073055898774232730e+01 1.140945628625917307e-01 -1.969587835845885426e-01
8.027667878933505108e+01 2.373890477932437681e-01 -2.636173132872817182e-01
6.152244960578443056e+01 2.582817232097787685e-01 -2.599458742546960188e+00
5.962191107352996511e+01 3.424503499419703084e-02 -4.344319206091921126e-01
7.586560531416502329e+01 3.437627419977827836e-01 -3.849856697095678792e-01
7.446163453562151346e+01 1.677517485685873777e-01 -6.633103697135377175e+00
7.876314037100739540e+01 7.810917708400210158e-01 -1.151986376553494756e-01
5.706910889183391333e+01 3.885840980342882833e-01 -4.850628162088152506e-01
6.174157298849098652e+01 1.111999821456625091e-02 -1.242228022497561923e+00
7.404314132810925742e+01 4.522514803772351155e-01 -1.453039156166035628e+00
8.282541654224928607e+01 7.872781967610714693e-01 -1.283610073086711711e-01
6.562114456126907669e+01 2.994159678872473362e-01 -7.256044954853985152e-01
5.760590150115654495e+01 2.250618559566948673e-01 -2.413647600774835589e-01
6.655221119238369454e+01 2.114269310693925874e-01 -4.918575619420240130e+00
7.776409018456514843e+01 6.937145042092082159e-01 -1.492114264257175249e-01
7.714942849479540143e+01 2.785535288055548397e-01 -1.021315312579374801e+00
5.883014049117404198e+01 1.580585032012637170e-01 -1.691672081560796848e+00
6.099280904256123392e+01 1.936771318219764060e-01 -2.986045663691526908e+00
8.413645707239487592e+01 5.794935794404153517e-01 -4.029142049565006545e-01
7.209058586739440955e+01 6.669784606277285866e-01 -1.136309321447850629e-01
6.861971358295710388e+01 7.066730154795979324e-01 -2.439723300682944684e-01
7.519016651108952942e+01 6.184157030232511065e-01 -1.912059566343900507e-01
7.247655114182121849e+01 2.723655813591181144e-03 -3.116699100865054084e-01
7.279546167474867957e+01 5.007543496432003138e-01 -3.403345478935742574e-01
6.240646769473829636e+01 5.571033225153435020e-02 -6.851075333086800723e-02
7.192501277668581849e+01 8.712705257429317895e-02 -7.045653680291548149e-01
8.444653696284660782e+01 1.386305128295574896e-01 -1.423874883031079452e+00
8.234113998547397273e+01 1.003469630126169465e-01 -3.349474300822223860e+00
6.728501317601291021e+01 1.826198774719154649e-01 -6.138358467213357095e+00
8.332390868582683652e+01 1.053898769673968228e-01 -2.113280637727162681e+00
6.678686222278638240e+01 3.220045459627224882e-01 -7.126065725813613305e+00
6.610258460616597631e+01 3.600290245576433512e-01 -2.489526807754319560e+00
6.438846868535920009e+01 4.218595414335586380e-01 -3.611191149547281487e+00
6.967396224478528666e+01 5.874679175488078248e-02 -2.501480785141739993e+00
5.911121377949049815e+01 5.386181852533428183e-01 -2.774810844468984516e+00
7.741931184787740960e+01 1.461515216456376887e-01 -2.893313712385252590e+00
7.298657681377106599e+01 7.467670147919874823e-01 -2.929928948198841643e-01
7.907317253159851589e+01 5.176844668878485267e-01 -1.689792847801097619e-01
7.641846184143997789e+01 2.068299307835192169e-01 -2.391051366990916138e-01
6.037805019149908503e+01 3.098321493247888636e-01 -1.520405188915342043e+00
8.311108716515840911e+01 5.067805513154505226e-01 -1.060652655341488698e-01
6.422537582300630277e+01 2.640616795514356269e-02 -4.398608188797740182e-01
5.991532448234092811e+01 7.036369552524650572e-01 -4.393414320981635368e-03
7.483231667614187188e+01 2.936902008482185078e-01 -2.743215049919853321e+00
5.692334508907773483e+01 3.759581308802224520e-01 -1.380883402184790665e+00
5.862197098461737710e+01 6.853698207895497774e-01 -5.324518287488004376e+00
7.940822797565949998e+01 6.149616061215330554e-01 -3.424903572677133190e-01
7.683988311312037922e+01 4.910378540470228259e-01 -2.517402568137659391e-01
6.981736437165986331e+01 3.333914518385239778e-01 -2.186312712592384688e+00
7.676690509154923348e+01 5.939838179456068401e-01 -1.524199509061748004e-01
7.119208900138896468e+01 4.714915478129244608e-01 -2.567761661459837086e+00
6.903798985154256229e+01 6.728962959599550375e-01 -3.467141767496625948e-01
6.827809255193830040e+01 5.908249621882415425e-01 -7.960753915264419112e-01
6.095070392259502512e+01 1.328451320168277661e-01 -1.767039502611140511e+00
6.512549158179152187e+01 4.053015413252351040e-01 -1.881963401929980684e+00
7.457821493977183991e+01 1.754929110517338131e-01 -6.481035083742434644e+00
5.793043363723466399e+01 6.064060424246779935e-01 -1.267603401287074716e+00
8.142465708941755054e+01 3.488256993586433263e-01 -1.712647283936511722e-01
8.197422368586560992e+01 2.205454943027677917e-02 -2.277392760149719031e+00
7.053374189416769013e+01 7.622348126209586017e-01 -3.397158361744884836e+00
6.855635533953262950e+01 6.475145070928810531e-01 -3.041101999201136219e-01
7.029333283814990807e+01 1.902439228772399848e-01 -9.724271923377591165e+00
6.387742493335493776e+01 5.680071622700125777e-01 -4.759822901304542775e+00
7.541213038524001888e+01 6.551294423684177193e-02 -2.220596724349984008e+00
7.820960176559853494e+01 7.228390558696247137e-01 -2.334566652073956708e-02
6.344706033277121549e+01 5.464317116360709603e-01 -6.937731667715258510e+00
5.837689980864575290e+01 7.974485740276076040e-01 -3.649163727126543577e+00
5.744267821493284742e+01 7.962727107680266092e-02 -3.924717179693416880e-02
6.353317214868545904e+01 7.347174970943035621e-01 -6.984120954913625390e+00
6.718536415590281763e+01 4.618628584446649588e-01 -5.867171001899007976e+00
8.426786684137019279e+01 6.569325636713954086e-01 -3.214792423847021019e-01
7.900248295166322521e+01 4.133926863476423685e-01 -1.520255701338727172e-01
6.596918041670369348e+01 7.554672534872443057e-01 -1.254780943816144800e+00
7.963386992287628630e+01 5.278265815799109140e-01 -2.584852680769021416e-01
6.625369287768562288e+01 3.549689783284611377e-01 -3.040030354232805543e+00
7.232403566417362129e+01 1.307267343913660340e-01 -4.547788676570793664e-01
6.440222417749968997e+01 2.325235378427963073e-01 -2.842979640137649255e+00
6.782154837074327247e+01 2.603758897149516249e-01 -4.502803211822303808e+00
6.838692586046941813e+01 2.530143927745576171e-01 -9.628123112012442197e-01
6.162307639924132019e+01 3.164890158551064703e-01 -2.432977767599541430e+00
6.661307922463406328e+01 2.257316644446804854e-01 -5.769303621497638090e+00
6.540804781074861296e+01 3.044494122111819356e-01 -1.300241198559293210e+00
6.230693427040615262e+01 3.500175670336815870e-01 -1.822568302326240453e+00
7.111327957612679995e+01 3.489430350929132452e-01 -3.912049922767766752e+00
7.350402901710386061e+01 4.058290029041003999e-01 -1.399868286682264040e+00
7.237547513180204817e+01 3.211363235591818688e-01 -1.576728459802030913e-01
7.137826045223374649e+01 2.924162580375047060e-01 -2.198247947170144379e+00
6.936655963956275173e+01 2.557883463337508601e-01 -1.200088480327285767e+00
7.972045990130983739e+01 7.501066104989141670e-02 -2.097389114802910903e+00
6.842563698181893983e+01 3.382379344151182909e-01 -7.213269318721807766e-01
6.621722101720669684e+01 4.222585157410156942e-01 -2.659537730630068264e+00
7.037307983811842860e+01 1.644153441203326793e-01 -1.108056712906891228e+01
6.734770796349314992e+01 2.418698820906934610e-01 -6.208226081273116037e+00
6.903258690194083158e+01 2.313621453324026245e-01 -6.305866178724640614e-01
6.986355752116274687e+01 2.178568749656031867e-01 -3.557557745572719199e+00
6.571723238662316646e+01 3.298751571400266869e-01 -6.933464959093137425e-01
6.205528671888371406e+01 4.488787417742922670e-01 -1.896857401837492407e+00
6.547483293730257969e+01 3.560445437026976689e-01 -1.014895248591092258e+00
7.730502333120134040e+01 3.156948056634087743e-03 -6.997336782912838560e-02
5.879624778824710063e+01 3.292699914463550481e-01 -4.170395640984750685e+00
7.273973366990958311e+01 3.768099306141269728e-02 -9.511928829164469912e-01
6.970805329445130383e+01 1.862000688397389414e-01 -2.611837453680735610e+00
6.544299949165127828e+01 2.162812093780902001e-01 -1.221927285351899428e+00
7.156438554160429533e+01 2.588660963302102380e-01 -1.307909097148067357e+00
6.464771707598715977e+01 6.327992699269586740e-01 -2.832660565936145236e+00
6.891229091384305150e+01 1.243353638920294824e-01 -6.178968178151428292e-01
6.777219655915892815e+01 4.020119550663405622e-02 -5.463843164978359201e-01
7.584086876969183777e+01 1.830183778205086154e-01 -6.936947675855346107e-01
7.258822404789437144e+01 5.709294609520862984e-01 -1.516833634105718143e-01
6.846720592103471859e+01 1.611961199888558016e-01 -1.053790176181321314e+00
7.054627715803002275e+01 1.196714873492096820e-01 -1.176772667957154539e+01
6.413509787379960869e+01 6.033616362484330864e-01 -4.131769529656447837e+00
5.848126242777050265e+01 6.555697623358207604e-01 -4.269847621025014028e+00
7.001249363067596221e+01 3.085759833268130192e-01 -4.570086788287731849e+00
7.468751518532612010e+01 2.195732352209985305e-01 -4.819722927989814387e+00
6.525923777362945088e+01 6.387377233642017593e-01 -1.523018588326397138e+00
7.389239406419810052e+01 3.335356752727342087e-03 -2.994304521884356141e-01
7.328988057479902807e+01 2.386120918119611495e-02 -1.502307106668714587e+00
6.810144980615638133e+01 9.689899460213964588e-02 -2.030253057467116040e+00
7.137685197419573058e+01 3.699036911760146540e-02 -1.211742400385626084e+00
6.771715065334278449e+01 3.286635114124255574e-01 -4.997138486537390456e+00
7.077657506156224088e+01 1.884669281770592064e-01 -1.015266896993677825e+01
6.974899348985105973e+01 1.118403037918352522e-01 -3.080855302959460307e+00
7.280135738624447583e+01 4.079554898020133075e-03 -3.973796641386718176e-01
7.043453895198496184e+01 1.413608445840485173e-01 -1.153308753123746833e+01
6.947122695281035476e+01 9.249570040380339364e-02 -2.016853539505855331e+00
7.435716488956575176e+01 1.867056288481113435e-01 -5.711955118736422143e+00
7.088756807532550397e+01 3.310643186485678902e-01 -5.866297400604166157e+00
7.076671517489327812e+01 1.707908029865708999e-01 -1.040919975826905208e+01
7.441253869370999041e+01 4.713283975660118585e-01 -1.526130802078484949e+00
7.974921278742547770e+01 3.515583212475525965e-02 -1.334892179653994981e+00
7.055364873981622509e+01 2.234241458919679069e-01 -1.072533242541956433e+01
6.328530270405042302e+01 2.331247637641328894e-03 -2.975206772115432496e+00
6.962847451919233777e+01 1.896356838058867456e-01 -2.238314936824945534e+00
7.131000156352885710e+01 1.291489789216488104e-01 -3.834131127875271883e+00
7.847071508290699171e+01 1.888542355210959534e-01 -1.944321849558730442e+00
7.071802349260474330e+01 1.008955823417421044e-01 -1.075630157119255159e+01
6.341346570731944610e+01 3.978993458415774342e-01 -6.327853396997732638e+00
6.250971067772120904e+01 1.553352834317274223e-01 -6.946934310415326941e-01
7.467258759906505361e+01 2.559496235396109265e-01 -3.970568225174672339e+00
7.775545063812263891e+01 3.488378968644254563e-01 -7.740992242535732482e-01
6.669504402123959608e+01 2.452437782112628847e-02 -3.837095604649725655e-01
7.378320021654832317e+01 3.636563567177009126e-01 -2.062505330310426377e+00
7.454392979022357224e+01 4.433617490315361898e-01 -1.641746376927931461e+00
7.273507444587916382e+01 1.763096955546404887e-01 -9.292408278212844763e-01
7.044025767494973422e+01 2.443874982130364304e-01 -1.027496399899210822e+01
7.963163484061435327e+01 2.512937245231399719e-01 -5.392052583618585082e-01
7.127396615171723226e+01 1.091196604711586193e-01 -4.084634236584554046e+00
6.267461913444958554e+01 4.798367440158939345e-01 -3.847462278268945490e-01
6.780630803680503504e+01 3.025591396489932250e-01 -4.426363271678580347e+00
7.051015768228178615e+01 1.828557793770301254e-01 -1.161336592001102908e+01
7.082692895857674387e+01 9.999639838102052439e-03 -3.726461955730776543e-01
7.449047671345502408e+01 6.055047139999060468e-02 -6.919799031089560515e+00
6.703535948691423130e+01 1.296457045966162847e-01 -6.262060428054141425e+00
7.358034118630664011e+01 7.485326248146746686e-03 -4.744369091880880074e-01
7.399002719101663672e+01 6.782767759439781163e-02 -5.662791795762028180e+00
6.661746446645358333e+01 1.642433748949385652e-01 -4.998724339535527861e+00
6.730738259427684511e+01 2.606886489002436386e-02 -4.730861873079965640e-01
7.054083101397993971e+01 1.606777625793637254e-01 -1.190387913264208208e+01
7.075804303764950021e+01 1.313534606260511051e-01 -1.058858854157097440e+01
6.670267141016039147e+01 2.124453404111568133e-01 -6.572878519959709287e+00
7.498924018231602417e+01 1.250601491647762853e-01 -5.374571364372796367e+00
7.442811250219480712e+01 9.655399674775733132e-02 -7.736177348051906044e+00
7.512675614401975110e+01 9.544060558604566813e-02 -4.382328507027860809e+00
6.783019492870923273e+01 1.299245217557403465e-01 -4.064285571843196720e+00
6.610742125472636133e+01 2.416488543274287748e-01 -2.936576190460760571e+00
6.846609026271939058e+01 1.543938767598602713e-01 -1.064948980546737145e+00
7.041586993118929172e+01 1.375359436823414827e-01 -1.152079859120346939e+01
7.456447250020033835e+01 8.946741120003331993e-02 -8.233092775951492470e+00
7.532546283179341629e+01 1.531671069455597164e-03 -4.389325526844038428e-01
6.889697749685240069e+01 2.478102084513108538e-01 -4.674010493924283804e-01
6.396694488795577627e+01 3.194585666272169999e-01 -4.163281304906765179e+00
6.737883961332781269e+01 1.288655780322321698e-01 -5.149786734646407460e+00
7.057267472447233558e+01 8.509521651860520175e-02 -1.031656527106433607e+01
6.687978404376015362e+01 2.683899725346952092e-01 -7.820624104584154246e+00
6.739414034157913136e+01 2.779693472433530932e-01 -6.068312367193499313e+00
7.052339549559984277e+01 2.285575517562677406e-01 -1.072151468730928414e+01
6.815654090892159900e+01 2.604252695668145545e-01 -1.906221846079963589e+00
7.055325653355380666e+01 1.916902246309537816e-01 -1.147659817043915353e+01
7.056693311008530145e+01 9.911953329808081969e-02 -1.111953352307092935e+01
7.062614756541309191e+01 1.265498860136964332e-01 -1.163490885006613773e+01
7.366093240934939956e+01 1.497617153858068484e-01 -4.790124610990499576e+00
7.040390819486873397e+01 1.426980913805902529e-01 -1.154010297976564736e+01
6.765385024350894128e+01 2.457012585835642027e-01 -5.637987876005320587e+00
7.063513207371572378e+01 1.226318597460915039e-01 -1.158383529967171199e+01
7.039154540757813550e+01 9.827055005378533548e-02 -1.027242277746666588e+01
6.523449863899362811e+01 3.330255611665390303e-01 -1.815795512503713516e+00
6.791533443345957721e+01 2.316983659635483139e-01 -3.811232129668299162e+00
7.014613232370057005e+01 1.337135251586415163e-01 -8.049345091229053395e+00
7.027027885881787483e+01 1.394167383314275921e-01 -1.010842488880725654e+01
6.781014107219507991e+01 1.132763673336868726e-01 -3.687175634155914761e+00
7.071481282110390509e+01 7.969275843990692929e-03 -3.229566772305709765e-01
7.079472334269885891e+01 2.212931896262803344e-01 -9.074990645074411333e+00
7.072390643713011116e+01 1.811160210288765837e-01 -1.070531033915293584e+01
7.029672158133206494e+01 1.247599490355059404e-01 -9.992067548464877547e+00
7.068386359226693116e+01 3.848980267285497803e-01 -6.650535024503767545e+00
6.998650962572222056e+01 2.829754678240504195e-01 -4.321387584931139614e+00
7.414171521553382149e+01 2.905533708155267347e-01 -2.871497700640401884e+00
7.032092567932900806e+01 6.632382217636396959e-02 -7.316350552963583276e+00
7.174756466158335400e+01 7.415730127680407457e-02 -9.616661551755394388e-01
7.392934137883534618e+01 6.041223923509660976e-01 -1.008716279717283726e+00
6.726365184186340684e+01 5.137960071241319815e-01 -5.255835480960568518e+00
7.052895230868342935e+01 1.295949095386296490e-01 -1.187236121587944560e+01
7.048159599406385212e+01 1.018688305190714599e-01 -1.103152017231953685e+01
6.429858288906820007e+01 2.545856441979411633e-01 -3.101373685059646945e+00
7.027129001411208264e+01 4.936479701951725918e-01 -5.141510628541289485e+00
7.067104583627845216e+01 1.393322491238090099e-01 -1.143608131663541450e+01
7.067559593467271384e+01 1.698027373600319856e-01 -1.123607621392396183e+01
7.060919366224601390e+01 3.878504287988088772e-01 -6.857290375279748496e+00
7.056353608457179405e+01 1.463766971805616768e-01 -1.197934341863764374e+01
7.067585747568055865e+01 1.917999853386912201e-01 -1.089032607413169984e+01
7.053319304221825803e+01 1.808001749727102536e-01 -1.165696103512641102e+01
6.753535611173771258e+01 4.657478136021790949e-01 -5.126946385838652809e+00
6.777284524034908486e+01 4.150732657440955875e-01 -4.096985332076429565e+00
7.532520573940850284e+01 5.224899150147748195e-01 -3.030312915850474909e-01
7.071599355963839173e+01 4.832145805121061954e-01 -5.035548933215046041e+00
6.396057305187007813e+01 1.171693313309743988e-02 -8.424975872494235851e-01
7.076352501356316793e+01 1.321658884497665387e-01 -1.059411082215540212e+01
7.494793010414359458e+01 6.342999762691041710e-01 -3.036002527089369796e-01
7.042962714616416520e+01 2.450591368357458166e-01 -1.026019895144863625e+01
6.439138511414587640e+01 5.185423192448233021e-01 -3.764820655475739741e+00
7.454847908349805152e+01 8.864666805289311835e-02 -8.224593266704150807e+00
6.637660488921260082e+01 5.648270742043762782e-01 -2.946118734348525781e+00
7.071154953195684811e+01 2.097555188620997546e-01 -1.018162195010639515e+01
7.051707632143400417e+01 1.608868753246083250e-01 -1.187952787990312409e+01
7.071637579492366399e+01 1.315801792496313072e-01 -1.103877300904950687e+01
7.054828479754628745e+01 1.274881353485521340e-01 -1.188921244667877097e+01
7.038076398791520205e+01 1.469651675040697103e-01 -1.116263938515247922e+01
7.045572638649370845e+01 1.601542411294317181e-01 -1.174658654235770605e+01
7.068536138402765800e+01 1.767185111770165074e-01 -1.114193653634374215e+01
7.061973557001887514e+01 1.900407224025822683e-01 -1.120680326058732490e+01
7.045141573454083073e+01 1.955995712860430502e-01 -1.127618022612703719e+01
7.065095886838581407e+01 1.226163578503222384e-01 -1.158422277054599014e+01
7.051219185691874713e+01 2.154276678715293381e-01 -1.100629243705525084e+01
7.040985496724137249e+01 1.402520884448133498e-01 -1.153308897959340484e+01
7.038619474945403454e+01 1.830957020143916258e-01 -1.123522868259393626e+01
7.058549315974397587e+01 2.448961698235960771e-01 -1.004011973675167901e+01
7.080323758454176186e+01 1.426012483402865905e-01 -1.009895748706840024e+01
7.048272027387328365e+01 2.284216110586828052e-01 -1.073040531647315987e+01
7.409950426004711233e+01 1.644955249344943471e-01 -5.111941907324363044e+00
7.367642173650229154e+01 1.257867968773749567e-01 -5.258171126487938274e+00
7.075065848170491734e+01 1.681135039029617306e-01 -1.043814810964986961e+01
7.071827076145700630e+01 1.936929646447720366e-01 -1.049147531708358372e+01
7.061395862304340199e+01 2.234285435640170625e-01 -1.052703045893594336e+01
7.531393001890697292e+01 8.331272166101751087e-02 -3.174864268832829239e+00
7.041736338684805219e+01 2.405558662124843983e-01 -1.035976619962970524e+01
7.067180183535218418e+01 2.098579974386015901e-01 -1.053724795371202561e+01
7.032050095320545324e+01 1.724002710238319580e-01 -1.052554871777627454e+01
7.407330956551736278e+01 9.674727457432055755e-02 -6.100195358492189968e+00
7.043072996430241517e+01 1.514521059300488470e-01 -1.153067694500759011e+01
7.059002431521945198e+01 1.556909058041283656e-01 -1.185587003196754274e+01
7.049035939280096841e+01 1.477902104114746928e-01 -1.194818757760397254e+01
7.052644441289817223e+01 1.427060456587338766e-01 -1.194825125263342969e+01
7.063420173703116234e+01 1.350551768435932498e-01 -1.170281787276148222e+01
7.057301836681840257e+01 1.289715757009005370e-01 -1.190525720598827952e+01
7.034330983507945234e+01 1.779797063910009414e-01 -1.093920334078858581e+01
7.058710551674550970e+01 1.770238955474363329e-01 -1.161852233204394302e+01
7.048389951350698368e+01 1.545573702463923227e-01 -1.192373646159965617e+01
7.063072841768442345e+01 1.837149616920879802e-01 -1.131748038881567808e+01
7.061690206778328616e+01 1.528040263284180522e-01 -1.168413980425982857e+01
7.050136592879516684e+01 1.317063836437792901e-01 -1.189510364978031554e+01
7.052983779930735864e+01 1.920816032857383115e-01 -1.146842735252820411e+01
7.047975827153300088e+01 1.689403078156979932e-01 -1.180125001114810956e+01
7.074348252520691460e+01 1.604181557018657667e-01 -1.051693779995672351e+01
7.060409655946756402e+01 1.951265298396761549e-01 -1.111110087842764749e+01
7.037128823850973447e+01 1.775054392723844632e-01 -1.094174615174013176e+01
7.041906960205081134e+01 1.375000204298844342e-01 -1.152016741309539505e+01
7.051561403044156862e+01 1.633188073869648316e-01 -1.185842152957957474e+01
7.040710979359222677e+01 1.081349058151869075e-01 -1.063954074088107582e+01
7.043910702993628092e+01 1.642102286801404576e-01 -1.171403118773345575e+01
7.050484270310062129e+01 1.850782153017251352e-01 -1.157848331502183292e+01
7.060750008864839344e+01 1.419380539304579691e-01 -1.190237896485868596e+01
7.048749565156188623e+01 1.029267993079410193e-01 -1.107359231484110929e+01
7.045095615632477859e+01 2.036466006751119773e-01 -1.112851391495492415e+01
7.063418508910382343e+01 1.562013869155540746e-01 -1.166295601661708048e+01
7.056282286263041215e+01 1.876569924879130935e-01 -1.144568122213652472e+01
7.040834673710435254e+01 1.240161091358040757e-01 -1.138435622691643978e+01
7.050441399830113198e+01 1.387296443349728126e-01 -1.193948121574208976e+01
7.045539996471657673e+01 1.544628393114182430e-01 -1.178193174975332624e+01
7.057277751503937679e+01 1.483552823018515210e-01 -1.189232044857570969e+01
7.047958532806163134e+01 1.850987128929066916e-01 -1.157811325396867375e+01
7.045903342087243004e+01 1.460694827761853942e-01 -1.180438936192661536e+01
7.056468024976993547e+01 1.671677326063321090e-01 -1.174692572177645822e+01
7.061483661442530035e+01 1.442489805762778854e-01 -1.190244055582548377e+01
7.062685931322947397e+01 1.772461189398146786e-01 -1.141915291288237988e+01
7.050868467239656923e+01 1.221445598417963546e-01 -1.176974196093153857e+01
7.043248666598955765e+01 1.645846693481791134e-01 -1.145075600699500029e+01
7.051060943275381021e+01 1.896138387474998743e-01 -1.150371704267849715e+01
7.055903414530131101e+01 1.541228761737050146e-01 -1.195126309483100613e+01
7.037098247034757037e+01 1.745383719130517430e-01 -1.097794313447980308e+01
7.048688167533335047e+01 1.666233170052072721e-01 -1.182641311178622523e+01
7.053281519474444394e+01 1.663353791480251809e-01 -1.184845866071059817e+01
7.064354793762169038e+01 1.536133992438932228e-01 -1.168173760362698310e+01
7.062102301388414105e+01 1.842686728032942867e-01 -1.130704939986634905e+01
7.053686507765246461e+01 2.021957407751648617e-01 -1.127862170395208352e+01
7.055166151956338183e+01 1.704227189048323765e-01 -1.180170339403079538e+01
7.054737010980325351e+01 1.997434593935408509e-01 -1.132685409335619475e+01
7.063789335252569401e+01 1.207493391155160245e-01 -1.155424761671149803e+01
7.054974575881487908e+01 1.599380727094677490e-01 -1.191032041642494477e+01
7.055077577203417150e+01 1.540960567565566319e-01 -1.195131988242117593e+01
7.049868419982489343e+01 1.788105678158039558e-01 -1.167367835348332861e+01
7.046618567155738333e+01 1.405819914459485731e-01 -1.179700882085993108e+01
7.055334498060084059e+01 1.368871371477891896e-01 -1.196580289188448276e+01
7.053363217889400971e+01 1.225411123246269024e-01 -1.177435662953588569e+01
7.058717974568813247e+01 1.660022530852412193e-01 -1.176177127595520666e+01
7.050474573472848761e+01 1.561881863800942960e-01 -1.191368896840282865e+01
7.057696209555018640e+01 1.421248811688088087e-01 -1.190136715338368667e+01
7.046541639887782082e+01 1.482588286016630619e-01 -1.180155128733855285e+01
7.056327480515315642e+01 1.555641345930391106e-01 -1.194268148932165907e+01
7.047906707444016661e+01 1.330198383045745614e-01 -1.175351247529682119e+01
7.049060917739943477e+01 1.695109960643902680e-01 -1.179459269105530161e+01
7.054038264892074039e+01 1.652546565730999562e-01 -1.186017721156864191e+01
7.055834359104530051e+01 1.514699767216253212e-01 -1.196443280125674846e+01
7.048325443062370255e+01 1.382362365544309024e-01 -1.178655500511320398e+01
7.054661343614020552e+01 1.579101570827310397e-01 -1.192626737051399743e+01
7.054584415961666366e+01 1.298106040467545130e-01 -1.191481749212692165e+01
7.047145377930280574e+01 1.769357921333162831e-01 -1.156806287538273637e+01
7.059051349206494308e+01 1.625009514761215912e-01 -1.179869153186213104e+01
7.055757734870414311e+01 1.463182430353792973e-01 -1.197943337671227937e+01
7.059474451294440200e+01 1.434285531093904553e-01 -1.190211742180747301e+01
7.048248821024814958e+01 1.506045856339661426e-01 -1.179485130168125728e+01
7.052539123999602566e+01 1.686203865247901390e-01 -1.182247557212443567e+01
7.047535220649510279e+01 1.441730240748565206e-01 -1.180268029063602597e+01
7.048823065518693909e+01 1.292885071640872685e-01 -1.171604361179793052e+01
7.056659525881373440e+01 1.399853083591301450e-01 -1.197656230937466404e+01
7.059177223229488618e+01 1.602573783271211416e-01 -1.181977079222473748e+01
7.060580103802968210e+01 1.438594544162334343e-01 -1.190235286044924123e+01
7.050815076069505949e+01 1.489954265155132018e-01 -1.194486873370009583e+01
7.054667462798846600e+01 1.466492118580265680e-01 -1.197890719556217043e+01
7.052414093922564575e+01 1.544013401940740049e-01 -1.192328918063831189e+01
7.057695971704166027e+01 1.437632642746038136e-01 -1.190126917057996003e+01
7.052122328150524311e+01 1.598488810057154264e-01 -1.188770689827357963e+01
7.051606834049842121e+01 1.537415523564960584e-01 -1.192692210747286907e+01
7.051029849592109144e+01 1.434510903998337528e-01 -1.194978064420400443e+01
7.057212423215747776e+01 1.475266550312018532e-01 -1.197723965225386422e+01
7.053748073821891751e+01 1.401442047524165679e-01 -1.197725332250812080e+01
7.058062891813807482e+01 1.626339315112234341e-01 -1.179673274261584126e+01
7.056980431117547425e+01 1.462361737026051656e-01 -1.197954479374302572e+01
7.060160917230592759e+01 1.570655338419514324e-01 -1.184662700315284667e+01
7.056571932516773416e+01 1.336561384913257655e-01 -1.194683180938196720e+01
7.058318187068056204e+01 1.510878898040968199e-01 -1.188211396399450415e+01
7.052158690366300675e+01 1.333445052424135635e-01 -1.190740802293806055e+01
7.055032870828668479e+01 1.406689831842213023e-01 -1.197825546427025678e+01
7.060527960606000875e+01 1.494169284808427589e-01 -1.189017299580564924e+01
7.052807397054536409e+01 1.532089650020748428e-01 -1.195588564572393508e+01
7.052372892636527979e+01 1.454395218269078915e-01 -1.194944115254484984e+01
7.059078153110908715e+01 1.384490210631816876e-01 -1.189573726190003278e+01
7.054178993458074842e+01 1.508403635673812304e-01 -1.196692038869680985e+01
7.056376431233729818e+01 1.584297074474656786e-01 -1.192263937364618975e+01
5.668983141512234880e+01 4.786839625794444553e-01 -3.481674445081032854e+00
7.139714714688346930e+01 7.185031615291936902e-01 -8.458459653233267872e-01
7.848741337386096006e+01 2.465074111359472908e-01 -1.099185007938848768e+00
8.313654454678999173e+01 2.262578133145549397e-01 -4.095109967499399595e-01
6.177295211395528440e+01 6.095388796297132039e-01 -1.873600125928547966e+00
8.245972439559064071e+01 3.929665864848048695e-01 -2.542716589609305550e-02
5.888274753965104225e+01 5.494457834326020862e-01 -5.289966999628026301e+00
8.362988789969031700e+01 4.656209437805145512e-01 -4.244397391483352155e-01
5.911395053976872305e+01 4.938585674801421188e-01 -2.640295815083223196e+00
7.468598088741993024e+01 7.940313018208353668e-01 -3.156955744904160199e-01
6.567877159687169808e+01 2.483361262590152996e-02 -1.551601402270169350e-01
7.515450145158879991e+01 6.243451173341525440e-01 -1.841567039202514633e-01
7.027281301961362203e+01 6.531959552776959999e-03 -7.941413164142397951e-01
5.950457245497403136e+01 7.884904403357031466e-01 -1.319254602008389288e+00
7.650915338193240700e+01 7.053537941409191436e-01 -8.189526670640905059e-02
7.443297003391452904e+01 9.004281354148425259e-03 -3.591031766403037229e-01
6.492255151514316935e+01 1.712390307618351093e-01 -1.668119341377507947e+00
6.261783728584958908e+01 5.333475560956472128e-01 -4.672973111015543690e-01
5.769091159943766911e+01 3.643396356316764839e-01 -6.509191050810503310e-01
7.990749599928875568e+01 3.348244155132769628e-01 -2.513246702287216250e-01
6.393415721159933440e+01 3.769714247642166893e-02 -3.382010789226234659e-01
6.846834254690182320e+01 8.657684327729510410e-02 -1.149027414359659049e+00
6.634025458027061006e+01 2.340294283033129696e-01 -3.683981440429153764e+00
6.278011646012418367e+01 6.917788321837913257e-01 -4.512187519710588735e-01
7.717582929269204328e+01 1.060748674069580955e-01 -2.719648920299421846e+00
6.965314836235954488e+01 1.578160909792512001e-01 -2.464963692560463659e+00
7.905695590061864664e+01 6.022327583508205739e-01 -2.103037395037211377e-01
6.229932077635725562e+01 5.596811867007067676e-01 -2.008711427236233416e+00
5.869735022397930635e+01 3.116706688123577207e-01 -3.790148980467930251e+00
6.866007768851024196e+01 2.912971817148120590e-01 -4.492783535531839068e-01
6.737689956376257783e+01 4.164615957566430993e-01 -5.470431710310330153e+00
7.281938226433709360e+01 1.831965297607256737e-01 -1.056914124803402855e+00
8.001269701582147320e+01 6.818862191821444263e-01 -7.407100383968072410e-02
8.164382684470700724e+01 4.241800728701203282e-01 -1.153314827486808941e-01
7.060049969154212590e+01 7.377921816386145970e-01 -3.390096526107308161e+00
8.335044383185856987e+01 6.648343078127658679e-01 -2.746615248677318211e-01
7.793863961873361745e+01 5.678491603342776806e-01 -1.564095233751953140e-01
6.718440379264555418e+01 2.846713104598659339e-01 -6.769022558138522605e+00
6.756656454048496130e+01 3.402349148496289222e-01 -5.695044176428334382e+00
6.993534672768880966e+01 2.046079799452936998e-01 -4.166354133484186484e+00
8.399470783020525744e+01 7.449208369643973704e-01 -4.307196422492006183e-01
7.557687780782516995e+01 5.832478232645036398e-01 -3.244094514370820526e-01
6.598669759476013041e+01 5.014877669523037929e-01 -1.703914137910834903e+00
7.156030496082337322e+01 3.213893511551586535e-01 -1.123206281671021767e+00
7.862235425080837103e+01 1.510121447805298500e-01 -2.586236910802741651e+00
7.611863553488689149e+01 5.082497106329990633e-01 -6.817565047741332152e-02
5.702987098227748675e+01 4.860972712535336360e-01 -7.675657783981835180e-01
7.386026971659948970e+01 5.126498994054052849e-01 -1.281744475341831224e+00
6.316107788903838127e+01 4.639610655370908221e-01 -3.583459304889068164e+00
7.301644667690270296e+01 2.798375440090128397e-01 -1.199174948228732163e+00
7.355917217324237356e+01 1.741151375607530305e-02 -1.269726345735638251e+00
5.788823283361689676e+01 4.528201093967529900e-01 -1.022364567399437263e+00
6.812370904117665305e+01 3.763923462198828229e-01 -1.664670661495561310e+00
7.333752247466165386e+01 1.416588117124601143e-01 -3.279563722006353377e+00
6.086368420290817483e+01 7.618277036421856607e-01 -6.140545367855555270e+00
8.139627994316022352e+01 4.562882802162442769e-02 -2.078611937372884189e+00
7.217974956529286601e+01 1.265650581090599358e-01 -5.061506461109658295e-01
8.046816318400473733e+01 6.235542329215589819e-01 -5.927942809159676175e-03
6.196674497017798444e+01 5.201784803833296028e-02 -3.212482410901780217e-01
8.190366615836809672e+01 6.542109815491891078e-01 -1.386366041858206610e-01
6.495314416888159315e+01 6.323030547298612580e-01 -1.843846815670201700e+00
6.101911105233537569e+01 1.861699143567326908e-01 -2.877455894700185812e+00
8.444070123881752465e+01 3.157417932603625577e-01 -3.680499679690776849e-01
7.938191781255737567e+01 5.393319959329603286e-01 -2.912713741759843100e-01
5.958267615527314121e+01 1.949453997790530635e-01 -3.707837875946082273e-01
5.759188880442601288e+01 4.102628772190182183e-01 -4.721263841576894826e-01
6.380855057369583960e+01 3.549484730730256832e-01 -5.563258682101017705e+00
7.765536598998914997e+01 7.748867987354136622e-01 -1.558600410708161355e-01
6.665328786757532953e+01 6.580938829124053369e-01 -4.795047084803306880e+00
7.574116261549764317e+01 6.417864230960870775e-02 -8.459366421011090820e-01
7.925909144546022844e+01 7.282244568739862367e-02 -3.823838976072452489e+00
7.412841410335732917e+01 7.770859548365199876e-01 -7.401802252689678729e-01
6.043148141537826490e+01 1.636173753725238544e-01 -1.036808120414941081e+00
7.107127619699097920e+01 2.581300150232376245e-01 -5.120080002944993325e+00
8.088656223627658903e+01 2.083003501685149195e-01 -9.986705002657449148e-02
6.140920653901609683e+01 3.696673889302465876e-01 -3.454710756539242755e+00
7.737761141563316869e+01 2.641587058310194691e-01 -1.392131675055174655e+00
6.653720253327597334e+01 5.647426231908356242e-02 -1.503203980787180427e+00
7.172616324878562466e+01 5.728060054349500829e-01 -3.383173408918168645e-01
7.056894625929176357e+01 4.036915459531162931e-01 -6.816038836733832262e+00
5.827732819604641890e+01 3.912932183524889806e-01 -1.874448879819063052e+00
7.681526408036224041e+01 6.420680071296558378e-01 -1.579540309718239499e-01
7.251836489823693910e+01 3.459036417498346783e-01 -1.961443329512224942e-01
8.060507924840047167e+01 7.258676192727215870e-01 -1.304146119003928884e-02
6.346720187102580013e+01 3.002125149975215512e-01 -6.851335072538692117e+00
7.509357206895029435e+01 4.455034958286756552e-01 -7.016166040220864764e-01
6.007381342101113830e+01 9.627806866846845557e-02 -7.270798095468508637e-02
8.283586561128039705e+01 1.180476403619276637e-01 -1.859070434806914474e+00
6.435217045895960553e+01 1.286745051779011051e-01 -1.550048287373252620e+00
6.534615821172259587e+01 5.930037664243441586e-01 -1.344961888346148493e+00
6.913974608780701203e+01 7.019774433520008516e-01 -3.815542294778491716e-01
8.428504167541562708e+01 4.351986371980155477e-01 -3.709465895457502160e-01
6.442181080898836854e+01 5.277648448120132452e-01 -3.684035911188742851e+00
7.673721681499425529e+01 2.501419040056140353e-01 -5.636973727730897332e-01
6.783983822699163113e+01 7.280054839168141889e-01 -2.764033890993986997e+00
6.039018310989790450e+01 7.596553327000222788e-01 -2.867141935176049206e+00
8.130154612923540469e+01 9.426907148393921798e-02 -1.655990286885524077e+00
5.725990463546386877e+01 5.875591749451750667e-01 -9.500261953902099099e-02
8.220360935726489515e+01 6.767803667264770118e-01 -1.951560417270776782e-01
6.930710639368267323e+01 2.200682893308070764e-01 -1.252826348299185710e+00
7.071486927457155502e+01 1.380136588780712659e-01 -1.106386453102489220e+01
6.620457803014883780e+01 3.204837140677527230e-01 -3.067848443244082901e+00
7.064772842164080657e+01 1.440729278149743831e-01 -1.171868829834044767e+01
7.589281551615940202e+01 5.263356608040664110e-03 -1.895554239512268757e-01
7.187933061917966882e+01 4.917468169615093476e-01 -2.573106220920875487e-01
6.222738266109428906e+01 2.270904645428254431e-01 -1.423101894363781650e+00
6.252847194756007099e+01 2.795159734269185292e-01 -7.509747454887517604e-01
7.046280643840358948e+01 2.246491185117175660e-01 -1.081200668799096754e+01
7.048562855801803551e+01 1.059483400441244005e-01 -1.118843746737707612e+01
7.036922934363663273e+01 2.040777340511975568e-01 -1.052811840832688617e+01
7.043377882927376277e+01 8.692777655557348826e-02 -9.998109432944374930e+00
7.029261432560480216e+01 1.647525255060350025e-01 -1.002348800109059646e+01
6.447305240744886135e+01 2.914581369936444788e-01 -3.160588639034744851e+00
6.624532399140369421e+01 3.617755619033189429e-01 -3.013211519347831491e+00
6.968050746228280445e+01 5.969975696736924409e-01 -8.622005692764869167e-01
6.893849955790089723e+01 4.211688006704105702e-01 -3.731900800619668002e-01
6.079863767947527720e+01 2.836598157058538017e-01 -4.165064619937484558e+00
6.488721916611997642e+01 3.271133156504958950e-01 -2.111124983727314053e+00
6.285311297070006731e+01 2.189558830669355027e-01 -8.114707987300324721e-01
6.911229097923828135e+01 4.709068557239513009e-01 -4.915526371981214226e-01
6.816122232084582322e+01 5.505335146103116362e-01 -1.251891388264160465e+00
7.054861395961638948e+01 2.447237360260002270e-01 -1.024448441081818117e+01
7.034905293123608772e+01 2.884408434333717852e-01 -8.798179070446986216e+00
6.543085443451606409e+01 6.730699296316567937e-01 -1.065868825782134710e+00
6.113292957302071073e+01 3.163544061119660245e-01 -4.301393209901599235e+00
7.053755296153205734e+01 1.510255372890364489e-01 -1.196614419179653233e+01
7.041136071766594284e+01 1.529205733934035638e-01 -1.152794446339216350e+01
7.072320542284231237e+01 1.584834169686012428e-01 -1.098693938926701108e+01
7.062914441817167699e+01 1.261608047154100798e-01 -1.163054788051247179e+01
7.050582728816564781e+01 1.665893230195941155e-01 -1.182645781037814459e+01
6.123998611598848640e+01 4.867377974298000010e-01 -4.488232625977063961e+00
7.056876229778566767e+01 1.137869448051305188e-01 -1.163432394994055485e+01
7.038453861788156019e+01 1.644978333006140714e-01 -1.107828526944009084e+01
7.054392420207523173e+01 2.040288988020044492e-01 -1.124281757902733681e+01
7.060754496371255584e+01 1.914556593461658462e-01 -1.117963670233410056e+01
7.047657746859592010e+01 1.151056949369996946e-01 -1.146622785628157892e+01
7.066587413698655951e+01 1.791641050164336224e-01 -1.110187006667073462e+01
7.034753144537693004e+01 1.399704887225705352e-01 -1.067099258625806968e+01
7.074809396467814793e+01 1.460914505651446094e-01 -1.106397456710238636e+01
7.062182090191528516e+01 2.221005378978926081e-01 -1.055731175275808198e+01
7.057524000067269299e+01 2.087986681821351331e-01 -1.104113043612013101e+01
7.040402212011997563e+01 2.498887529398661211e-01 -9.939562952063152323e+00
7.028626809423766986e+01 1.893625781166293487e-01 -9.738298150336486714e+00
7.032436500814725377e+01 1.780492396292371882e-01 -1.045940261803109905e+01
7.023324149186886700e+01 1.979837295890850557e-01 -8.971691289998853236e+00
7.061969743532381472e+01 9.352232658631512430e-02 -1.079711576879901891e+01
7.081714430585100217e+01 1.833623384709579807e-01 -9.740250023723360684e+00
6.475066745598682871e+01 3.923899083132905696e-01 -2.582521963964500955e+00
6.661446698563717916e+01 4.046449293645240641e-01 -5.204947574493961504e+00
6.316826368500387900e+01 4.012996641175651802e-01 -3.198564585509080516e+00
7.047549091263138621e+01 1.641731011785410033e-01 -1.171210590438434984e+01
7.058425520078594673e+01 1.467456649448214689e-01 -1.189728527190547602e+01
6.510903471150780319e+01 4.503904748046165807e-01 -1.858196571813345965e+00
7.040514962972979163e+01 1.528531768467213670e-01 -1.152892365749233683e+01
7.040721554059983589e+01 2.218480305892008286e-01 -1.053510597022190787e+01
7.044396120606559464e+01 2.379551967164035275e-01 -1.041662039982594479e+01
7.044345797075521887e+01 1.452106200505044464e-01 -1.180591400373787181e+01
7.041376074634516158e+01 1.887060216080591046e-01 -1.114778159522009560e+01
6.075187713088760688e+01 4.551394591678275536e-01 -5.343033421051700316e+00
7.071079034639826943e+01 1.830435599580908512e-01 -1.067226982044046579e+01
6.372289586940108563e+01 4.888670700689222715e-01 -6.438986710020962789e+00
7.062039870026686117e+01 1.253917782240857315e-01 -1.179402750171977132e+01
7.085650040220689050e+01 1.967857620629694937e-01 -9.005844915624992453e+00
7.064692261005947671e+01 1.908904673372751326e-01 -1.090196554573100762e+01
6.187463349064797313e+01 1.312714171911779359e-01 -3.800622238086441840e-01
7.028915277027145692e+01 1.318629747444083067e-01 -1.006501850876803772e+01
7.051356863791109220e+01 2.105016776042363258e-01 -1.110966042660001385e+01
7.065186027578022276e+01 1.051828037502541141e-01 -1.116223300376221772e+01
7.061697145563871914e+01 2.493094679635272648e-01 -9.943876342546657199e+00
7.061022500344667208e+01 2.154233877667932340e-01 -1.070047820253045678e+01
5.937974775753291112e+01 3.291691288879446953e-01 -1.428931342520771031e+00
7.075667634799100369e+01 1.745662271552831379e-01 -1.035808592698977293e+01
7.077464911937957481e+01 1.391093471708279294e-01 -1.061791173918533637e+01
7.037358125676543352e+01 1.040709273197810703e-01 -1.050976246680413162e+01
5.974340597216782811e+01 4.352342085675552363e-01 -5.610947334251906865e-02
7.051373273798385810e+01 1.760490967333849799e-01 -1.171219465302622531e+01
7.053341612013497297e+01 1.501337093570015158e-01 -1.196955216657618770e+01
7.067450564392802903e+01 1.850088999686470004e-01 -1.100892079975091953e+01
7.047682659606928723e+01 1.549818214727339827e-01 -1.177774381512216806e+01
7.065065743903660689e+01 1.538140198807329273e-01 -1.168114856338460683e+01
7.045136746196926936e+01 1.838682839710437389e-01 -1.146986270312162226e+01
7.054781070439943846e+01 1.797095642004912230e-01 -1.167415151688304142e+01
7.041786451331398666e+01 1.197689521434299187e-01 -1.130772612328012450e+01
7.047926310219585844e+01 1.893954724697963221e-01 -1.150726029931666439e+01
7.043456192277996308e+01 1.661483563848815681e-01 -1.169591916939433140e+01
7.062957422596595336e+01 1.452648439526885438e-01 -1.171531257051074881e+01
7.061460344358675911e+01 1.059378475497650962e-01 -1.134174427364067128e+01
7.045585921974205235e+01 1.394739135776737471e-01 -1.179434303632707781e+01
7.057106651023299548e+01 1.585635408723945761e-01 -1.183300509050322447e+01
7.057863753497916548e+01 1.323513745342099479e-01 -1.186455288248482454e+01
7.060898981679025610e+01 2.044275977873921402e-01 -1.092964850161460966e+01
7.041570967215591281e+01 1.071314737226689157e-01 -1.097474033753476519e+01
7.061285476007310535e+01 1.735947472891593568e-01 -1.147028917601414300e+01
7.055545301329540564e+01 1.329006778470339378e-01 -1.194157867049081645e+01
7.053478533127199057e+01 2.109376287448322396e-01 -1.110191201907122327e+01
6.301690584135214124e+01 3.382293692073636837e-01 -1.917255078413175440e+00
7.075012025953682837e+01 1.522344466899132609e-01 -1.057972301061187892e+01
7.051172014110652242e+01 2.000558317260487939e-01 -1.131887719447110108e+01
7.036084427560292909e+01 1.597483681363973118e-01 -1.111756722124758667e+01
7.055065920050996908e+01 2.186370988081818290e-01 -1.082970165366518600e+01
7.037263534608716498e+01 1.414095399880064274e-01 -1.115868141619899490e+01
7.063115670558909187e+01 1.687120768605170351e-01 -1.153671371119773426e+01
7.052695900907109205e+01 1.368495217203534176e-01 -1.192970544119168608e+01
7.057674543634000486e+01 1.587058095518322220e-01 -1.183218182140285357e+01
7.048970983675856417e+01 1.027019320260623564e-01 -1.106417895998116130e+01
7.043498719517130269e+01 1.510626065446345201e-01 -1.153130836443285290e+01
7.064574926910704278e+01 1.403648219806323816e-01 -1.171883560099790245e+01
7.045078778881844528e+01 1.305514363503736952e-01 -1.173385920675446670e+01
7.051668407985629017e+01 1.491138072590974806e-01 -1.194423082961262494e+01
7.055303418535143578e+01 1.545010357512990318e-01 -1.194902356892987783e+01
7.049384510094856182e+01 1.560187347525261448e-01 -1.191504660431059293e+01
7.061226455273899205e+01 1.499172432950288403e-01 -1.188858891524827754e+01
7.053911649011311624e+01 1.396857524066928702e-01 -1.197610375135881178e+01
7.038546605624817687e+01 1.894442287118034418e-01 -1.113822936853268253e+01
6.482066612879074796e+01 2.142922695805015987e-01 -2.202675126900285552e+00
7.049315839207712031e+01 1.451440651048896691e-01 -1.195095118333916062e+01
7.051075177291139084e+01 1.288733035096592816e-01 -1.186575921456603311e+01
7.042486505163510913e+01 1.215537137338535550e-01 -1.134012505747672961e+01
7.055239438431395627e+01 1.471137694326269674e-01 -1.197806467791587437e+01
7.060970871213530131e+01 2.031066360572632290e-01 -1.095636826859405666e+01
7.047360254110263611e+01 1.132808434399430325e-01 -1.141953286017795222e+01
7.051751005772308645e+01 1.521394016089488987e-01 -1.193413508107928145e+01
7.045161413031186726e+01 1.706286136981144674e-01 -1.164730393894018867e+01
7.059627852656076641e+01 1.666267106196094860e-01 -1.175537763957012061e+01
7.060701435251613134e+01 1.730400915348323521e-01 -1.147728409921463033e+01
7.054935622110177462e+01 1.402569836332180075e-01 -1.197739001404989878e+01
7.062836105073948545e+01 1.766686948448331906e-01 -1.142792795249817317e+01
7.054198945341204308e+01 1.710148405079572331e-01 -1.179407662615665764e+01
7.059594133582106679e+01 1.634025916647264265e-01 -1.179005812062539249e+01
7.059186319571325896e+01 1.805585217692472488e-01 -1.156529149710366866e+01
7.047406068517295807e+01 1.555432696239204549e-01 -1.177500848332294403e+01
7.046681457937172866e+01 1.784581995413877797e-01 -1.154763226949182275e+01
7.054784163856847101e+01 1.683880173789926715e-01 -1.182584671465776793e+01
7.046406667052650619e+01 1.723008809961598942e-01 -1.162711439744627206e+01
7.052646306011463651e+01 1.564080613796061114e-01 -1.193661918800781407e+01
7.062034624732326904e+01 1.394220013223907706e-01 -1.171565671477968529e+01
7.062767199023886633e+01 1.490750579735210246e-01 -1.170372419344245785e+01
7.050742808958001717e+01 1.167436965154389772e-01 -1.166159331758786877e+01
7.050687950169705687e+01 1.720184881297456836e-01 -1.176452253238077716e+01
7.054524246074865346e+01 1.506539916500758969e-01 -1.196767505558510436e+01
7.055240547544512708e+01 1.404668878249828723e-01 -1.197781931469391026e+01
7.051849702721165158e+01 1.169553716918575320e-01 -1.166529984319498148e+01
7.058913477744373210e+01 1.701823499119675120e-01 -1.171222468211262147e+01
7.061021504621578515e+01 1.353904756208326732e-01 -1.188402668879286672e+01
7.057042847334412272e+01 1.655101778748241659e-01 -1.176604846699235196e+01
7.061113380483288893e+01 1.533722769397319885e-01 -1.187171224298690042e+01
7.056252718759908760e+01 1.510461355529026384e-01 -1.196623111907148029e+01
7.054249364856295301e+01 1.616118511131766078e-01 -1.189567482231006146e+01
7.048748561798285550e+01 1.470556108967444597e-01 -1.194952129851670009e+01
7.053524854482793671e+01 1.677211269068446253e-01 -1.183313280440258630e+01
7.054642668082287571e+01 1.579085890417234184e-01 -1.192627589789239018e+01
7.051244959774257381e+01 1.355625572463955986e-01 -1.192334254243899849e+01
7.055098859618941276e+01 1.333735399024197354e-01 -1.194516458192562425e+01
7.053298498116325277e+01 1.407640816211271351e-01 -1.197860129769314241e+01
7.058271089064619730e+01 1.428005943521720167e-01 -1.190174724576428744e+01
7.052752233204468268e+01 1.391971346020148548e-01 -1.193989315179759991e+01
7.055708703213628041e+01 1.643778574215515043e-01 -1.186960161955358650e+01
7.054352894019181974e+01 1.454731346803509462e-01 -1.198050167488752926e+01
7.053744198479236616e+01 1.373285323738789587e-01 -1.196802087368926770e+01
7.058646889014211467e+01 1.349680168080324150e-01 -1.188125596661120653e+01
7.055572314871068329e+01 1.423689096298809131e-01 -1.198066278415946151e+01
7.055656178657879707e+01 1.580819557623894811e-01 -1.192515112286438672e+01
7.054785206858281299e+01 1.518348900196782869e-01 -1.196274903089181940e+01
7.051592774943330255e+01 1.546399327426841996e-01 -1.192228086278051080e+01
7.055504277698727833e+01 1.307096650029749563e-01 -1.192321362341007074e+01
7.054266733562177194e+01 1.614378041991117729e-01 -1.189724048639577703e+01
7.054805640550546286e+01 1.516809932577346254e-01 -1.196343628584381058e+01
7.053434839078848029e+01 1.656952754279864826e-01 -1.185537521515545301e+01
7.058001685053136498e+01 1.520110365656018592e-01 -1.187745714449053125e+01
7.056296825164039888e+01 1.387030480581948333e-01 -1.197288072495504174e+01
7.053527333882330197e+01 1.588242585615045332e-01 -1.191906957387256583e+01
7.054135963258435993e+01 1.480048342561223196e-01 -1.197606951270719655e+01
7.055639401078407502e+01 1.293892481454287646e-01 -1.191020085867601885e+01
6.488223694545455089e+01 3.875064319461802853e-01 -2.116769395197556136e+00
7.058726087689692008e+01 1.553699555574959423e-01 -1.185790472837873288e+01
6.199253334653079861e+01 7.276031211303293778e-02 -7.366473836411409348e-02
5.999351740498609331e+01 5.318338701347795627e-01 -3.574566521917831724e-02
8.419087046563868171e+01 1.805514933512586129e-01 -9.533746100545319457e-01
6.715704217966299439e+01 5.625747371359441917e-01 -5.408427151322437787e+00
7.330848782920243423e+01 4.613478425090050128e-01 -8.512318200213800923e-01
8.363754728157027785e+01 7.280269450610896698e-01 -4.133933927033373035e-01
8.014279972438474431e+01 6.151414485475005245e-01 -3.747166159548605269e-02
6.082759240899733300e+01 9.202056181027334913e-02 -7.553631561986033915e-01
8.050218477100796122e+01 6.347005303411871330e-03 -1.362446138861059253e-01
6.878459052960631936e+01 4.807819939373392248e-01 -2.721174845458990688e-01
6.829740393770978812e+01 1.391305690386461513e-01 -1.533450800572084161e+00
6.330171201150680105e+01 1.972087740390012223e-01 -3.539806721728864680e+00
5.719865046850745216e+01 2.668089876437030883e-01 -1.386799094334889848e-01
5.963457590283194065e+01 6.931062750452411381e-01 -4.128013421363603830e-01
6.360115523256800429e+01 2.319079029123420899e-01 -6.587985274351211729e+00
7.424688314257198840e+01 3.851373784715578785e-01 -2.046747787681517217e+00
7.600263384319227100e+01 7.420366203844572794e-01 -1.114310794620824718e-01
7.217463986477858384e+01 5.273673729303965940e-01 -1.210201407323977379e-01
8.257796586458825061e+01 4.189754416159869876e-01 -1.218896947802133000e-02
6.761754763258346657e+01 4.673554353970444386e-01 -4.911842669442177289e+00
6.914776000060798822e+01 2.588127320732684367e-01 -7.886662556031555082e-01
7.377606404429920417e+01 2.991822512271933854e-01 -2.643320377342868621e+00
5.924359705248420482e+01 4.100344430295077558e-01 -1.890353515220120739e+00
6.611445767377321658e+01 7.010231863570757227e-01 -1.698056744571428300e+00
7.916813387372808108e+01 7.659748481639487849e-01 -3.763777320152675854e-01
6.214242987570825250e+01 3.348371654203119996e-01 -1.880253892953346995e+00
6.276706795009228301e+01 3.763692935050478861e-01 -5.027689989341653787e-01
6.267105538999051362e+01 3.382418243444844652e-01 -4.526309831769464442e-01
7.153194267770558668e+01 4.501375366172979259e-02 -1.022950854677732391e+00
7.364137350765642509e+01 7.122994450049067172e-01 -8.798310681982230985e-01
7.139916397276708437e+01 2.505879358632058795e-01 -2.396181637714621449e+00
5.681871104588007171e+01 6.567155805840017013e-01 -3.288739258558711409e+00
8.450044115741881967e+01 3.147963109605294574e-01 -3.265779461950072959e-01
6.722639085388442481e+01 7.449324113552555637e-01 -4.366445168172353952e+00
7.499963646685321805e+01 6.741010537609981590e-01 -2.097754092725325203e-01
6.417401252163986669e+01 1.226467935584216185e-01 -1.695346333440731934e+00
5.883679333025732205e+01 1.195146434742725972e-01 -8.697669253396376199e-01
6.983130899271878889e+01 5.826664671301569065e-01 -1.263871931352404054e+00
7.441946128737600930e+01 4.486784855274453254e-01 -1.671740510088977505e+00
6.650068566121827018e+01 3.659435247512110578e-01 -4.236296753782207603e+00
6.114714043872503879e+01 3.491717614156378269e-01 -4.418294533462476359e+00
6.591709922351141415e+01 3.757764273835511037e-01 -1.376295591644279392e+00
6.310306013429617877e+01 1.354581911697250729e-01 -1.361752401696596504e+00
7.561186673884282072e+01 4.728541421336197037e-01 -4.313369199454584191e-01
8.092887023757313614e+01 2.062672668808013532e-01 -1.277246062877206989e-01
8.160862982318626280e+01 3.582165655221224987e-01 -1.881761045274292776e-01
6.182870856774201229e+01 5.451021838534876318e-01 -1.730276751868716545e+00
7.681709806745973879e+01 4.445856118962023817e-01 -2.584389529572850286e-01
6.562287546176776232e+01 6.379505527652375996e-01 -5.051880805892680071e-01
6.952287499070462218e+01 3.095241620751618683e-01 -1.302075086417425531e+00
5.650132259653889122e+01 3.219197248067435235e-01 -2.046054944809508669e+00
6.448331025488685952e+01 2.827873879942373325e-02 -2.352125887762546719e-01
8.287580268448921572e+01 2.827525961061246873e-01 -9.414925988143375835e-02
7.025306947012909120e+01 1.039219462448149889e-01 -8.961199642942807131e+00
8.328209950854932231e+01 1.551667920338928308e-01 -1.157616388133361207e+00
6.858830126952788930e+01 6.204800624620907534e-01 -2.811380564187225262e-01
7.736783534085617475e+01 5.695721709669756549e-01 -3.937359499838823940e-01
8.209415891442199609e+01 7.823568252460109118e-01 -2.504063276760626899e-01
5.845448793379708974e+01 4.922974819554015724e-01 -3.612973802939301038e+00
7.086057926429677423e+01 6.065355558792097090e-01 -3.229135045992549635e+00
6.489996157925737919e+01 4.989775265851643105e-01 -1.988866994748414108e+00
5.956958542284137792e+01 2.137111193134857423e-01 -4.178966765146250317e-01
7.461018193801771758e+01 4.063416271883676933e-01 -1.885957722203630116e+00
8.350177510228547817e+01 2.410227488337601809e-01 -5.259007225720099266e-01
8.040246492563630909e+01 2.389765929209917150e-01 -1.856097878252874478e-01
6.148697069021251593e+01 6.485922341675555147e-01 -3.401451218673828159e+00
6.691711543442177401e+01 7.214775027700437438e-01 -5.800529411251717171e+00
6.541417456934782138e+01 8.325416688386856612e-02 -5.239013054758124843e-01
7.517133984680066305e+01 2.203928528481061966e-01 -2.424138537643691027e+00
8.399199700984439687e+01 1.475745678077761136e-01 -1.181678176648318646e+00
7.281474273960233745e+01 5.149386415284858964e-01 -3.668616494160998887e-01
7.829477818112250986e+01 5.750769314551104627e-02 -4.480067048538734831e+00
7.760606866667049530e+01 6.666641345440158517e-01 -2.361478030294018038e-01
7.087654563573350686e+01 5.509314607075786047e-02 -6.205896138155440056e+00
7.811746262731993795e+01 7.938879970207693981e-01 -2.407671370962692972e-02
7.179431559132490293e+01 3.980972692380642108e-01 -4.370138469754862864e-01
6.065333333568861462e+01 1.319413787993838072e-02 -2.642678661563661713e+00
7.765526044775842252e+01 1.997847171800997204e-02 -1.421307947912402891e+00
7.851178213894048952e+01 6.313517224943985262e-01 -2.447519136759035430e-02
8.146188959890416470e+01 6.429457450604053603e-01 -5.921604099940554200e-02
6.039795726989143532e+01 5.079390951589372039e-01 -2.721946115793187904e+00
7.629446374837129952e+01 1.723168814080675293e-01 -1.743152615141950190e-01
7.031466421298108571e+01 4.337909323478112977e-01 -6.209166711133263128e+00
6.511407513474425457e+01 6.827228878584441496e-01 -1.681877125083071967e+00
7.969119106265458186e+01 5.994205528929220650e-01 -2.544171638651793188e-01
5.732417283572623745e+01 3.624473541515958741e-02 -6.774843080325762545e-02
5.777844611672483666e+01 5.907810110445035345e-01 -1.150277858429429312e+00
8.114594441755073717e+01 7.689185866662072710e-01 -5.329463577670231350e-02
6.790687365690448019e+01 6.417289887495424006e-02 -1.684870436242801084e+00
7.308583493885427629e+01 4.263115537754502693e-01 -7.260587922615520107e-01
8.244794307870547811e+01 1.615549640530804798e-01 -1.484514565459375879e+00
5.812355037510412359e+01 1.860671040038490709e-01 -5.112880654914744305e-01
7.893406506196988914e+01 5.542612314650291472e-01 -1.320168078048976068e-01
7.584586389128385520e+01 7.553416369648865425e-01 -1.766401400486245221e-01
6.381569509929394002e+01 2.723848465092607030e-01 -5.205882981362502271e+00
6.943431583826830433e+01 1.049615581450935031e-01 -2.004977473902984642e+00
7.944621439390608941e+01 2.949703326156429828e-01 -3.912494671630736831e-01
7.655978207223476772e+01 5.374035890089515766e-01 -7.559294918638477523e-02
5.839438119111380132e+01 7.051095148929817924e-01 -3.823122527325377717e+00
7.231055437702468680e+01 7.840312553376018734e-01 -3.951676608038807298e-02
