2.108868437109705667e+02 4.021942613428304281e-01 -2.553649469776347325e-01
2.392201480842197725e+02 9.403108467131300607e-02 -4.637038098235143124e+00
2.682652157377062281e+02 1.949587346907295238e-01 -2.311370266151296579e-02
2.886246176689198819e+02 5.684209848511828644e-01 -2.643136395773812986e-01
2.529585069887760369e+02 5.354871884086774836e-01 -2.507134561774423398e-01
2.448578900779921810e+02 2.995224534279265494e-01 -1.196164383916552332e+00
2.606141167803168059e+02 4.258216080240841972e-01 -8.899924219258703584e-02
2.070545028512727868e+02 3.302324144356454799e-02 -8.279399522000889522e-02
2.566094950657427489e+02 1.404927374072334201e-01 -1.072447770049005794e-01
2.146763393625371634e+02 6.741179130812735565e-01 -1.488821490936042269e-01
2.267934794302987598e+02 3.390709408126820756e-01 -4.609576022423142128e+00
2.116172944543114340e+02 4.727299437109305780e-01 -3.466925331803423216e-01
2.277661405774830428e+02 6.623354256839055765e-01 -5.895830974905226007e+00
2.401574020877316968e+02 7.310727808328337796e-01 -3.997069741219139605e+00
2.540509820079972769e+02 6.873985771052142091e-02 -1.802564250274500401e-01
2.216011744660407601e+02 4.106235312864694453e-01 -4.738516510410563098e-01
2.375498047161058537e+02 4.402694705255262853e-01 -1.340908064843487146e+01
2.138418025435584013e+02 2.419487172635750860e-02 -3.058063095041224089e-01
2.251855960670395405e+02 1.107662097218669595e-01 -1.487398036865262618e+00
2.606930571367167317e+02 2.201303349324090497e-01 -3.661433659283048342e-02
2.642187654349546051e+02 4.912929441632346017e-01 -4.744962463853428375e-02
2.100181850123816503e+02 3.208278019179489071e-01 -8.318924851093557893e-02
2.055447557197236961e+02 6.994600972842688336e-01 -3.583666850074880839e-01
2.505380549486664847e+02 5.230437086593595769e-02 -2.756343746944284537e-02
2.336641224047035053e+02 3.506820118605945280e-03 -3.083000322975755658e+00
2.919340235654634625e+02 6.480956830554763792e-01 -1.312341214295512648e+00
2.341708120094949663e+02 2.508534633166061845e-01 -2.140426035731044863e+01
2.749533408302875728e+02 7.999873498717020581e-01 -3.401309898774833584e-01
2.695642395119168668e+02 8.050746046372550535e-02 -1.621988610945717668e-01
2.704365571893733318e+02 1.020315004613855242e-01 -2.543795536680371616e-01
2.490291347041221570e+02 6.892672316955751333e-01 -2.268802570240520400e-01
2.951145433794857809e+02 4.523199647351537900e-01 -2.174909972394880153e+00
2.764338932296537905e+02 4.652180409482388201e-01 -5.503899204151302404e-01
2.285088961837280124e+02 2.769459888104927048e-01 -9.408611167055186186e+00
2.741147358085098631e+02 7.860757041700034975e-01 -3.141705516781239105e-01
2.781423187940197295e+02 7.431840910832960834e-01 -2.797024992969242008e-01
2.123617860535281068e+02 2.144567754373439827e-01 -3.576867645206248669e-01
2.309198678195697312e+02 5.388953751753086108e-01 -1.526526853204069667e+01
2.864386238573340506e+02 5.261533409190072286e-01 -5.546113352233697502e-02
2.856099414611925340e+02 5.804112947554801449e-01 -1.015695481670133848e-01
2.924007856467031843e+02 7.087258743356513735e-01 -1.511912942374959989e+00
2.902614343999233029e+02 3.110457943719756591e-01 -3.986880206608336419e-01
2.191632440165127491e+02 7.429618314037887694e-02 -1.081199586433120086e+00
2.412094821878599191e+02 4.717910276827896876e-02 -1.040411663490842464e+00
2.569595646792727734e+02 7.257054259058197676e-01 -4.487074924300987755e-01
2.957217065183579052e+02 4.217255784774045502e-01 -2.272569840110170158e+00
2.515440426622628820e+02 6.310964334934309194e-01 -3.266678106272445370e-01
2.875796071365933813e+02 4.635200045486155829e-01 -7.269880585340322832e-02
2.713715150215377889e+02 2.069449838866508351e-01 -3.546159153110636231e-01
2.181912696171463608e+02 5.603127797457854165e-01 -1.225788636828209072e-01
2.942191778797172788e+02 3.634765436099715585e-01 -1.725423927329772011e+00
2.350334145936722621e+02 2.888299107937036259e-01 -2.169925634417133509e+01
2.071571185662671439e+02 1.789300269380027508e-01 -1.025677258218105625e-01
2.970749418278084022e+02 5.847788152989836785e-01 -2.384389388711852575e+00
2.476299917638581576e+02 3.803983441313656400e-01 -2.051590523107071906e-01
2.551320084661539340e+02 1.541753015244778091e-01 -1.575255559661182803e-01
2.227805953264629011e+02 4.851447671727505129e-01 -5.307675898043542340e-01
2.727461663900683106e+02 2.700017806545075838e-01 -6.064556793717292837e-01
2.421854199885525816e+02 3.558129610935242826e-01 -3.280966216398450985e+00
2.314939349080252669e+02 1.292548422273437081e-01 -1.146077369276265223e+01
2.477892854666070264e+02 3.846547341702655221e-01 -2.085586183762871970e-01
2.657649316271691760e+02 6.660466777211517808e-01 -5.916039507313031881e-02
2.851498717834040235e+02 2.354340782409258814e-01 -2.095012444563103260e-01
2.581373743824752864e+02 5.189633987134666393e-01 -3.133077557886713715e-01
2.804989249151927879e+02 5.027196031467180415e-01 -1.718270152445696142e-01
2.322578463603069281e+02 7.800077193507961582e-01 -1.405477475471514914e+01
2.650989427686938029e+02 3.178145628066285089e-01 -1.591680188731275369e-01
2.085457243075165934e+02 5.931311627931484809e-01 -1.173522327180170632e-01
2.168900332890989091e+02 1.651640066543251795e-01 -7.661894467860838054e-01
2.913543981700645418e+02 1.171403796298990940e-01 -2.274471561834463806e-01
1.987683740431158697e+02 1.918994275328736732e-01 -1.175512167553742993e+00
2.154353206938173741e+02 7.615626324125879254e-01 -1.581438082146668922e-01
2.446842424610740920e+02 3.285653542129454152e-01 -1.136294625795901680e+00
2.240786226470768838e+02 7.160833887758897287e-01 -4.280494870647374994e-01
2.290615138297577289e+02 2.613968812136902020e-01 -1.206380434066151786e+01
2.043190826160530662e+02 8.610304710450595103e-03 -8.568034240857079487e-02
2.823930031238535321e+02 6.462497485716095502e-01 -1.663217585629091499e-01
2.672593085823372121e+02 2.447893449106409158e-01 -1.076069119984301298e-01
2.522579996190569602e+02 6.135023188686148377e-01 -3.195629881255745430e-01
2.384207784339886871e+02 5.457105560630938212e-01 -9.756673226016363998e+00
2.827041431554350197e+02 7.529234285055824705e-01 -2.254735869799015524e-01
2.019718494402870874e+02 6.334384739013533272e-01 -7.197785998375136329e-02
2.430947640007588575e+02 6.827356604111469718e-01 -1.223273617841388328e+00
2.589212379918977263e+02 5.090479706770256740e-01 -2.755858259655000198e-01
2.633715747463336356e+02 2.240994638050108900e-01 -1.313029018527850922e-01
2.804124220480443341e+02 1.216910241123870667e-01 -6.337713370302050508e-01
2.023120105360740126e+02 7.468187816983187233e-01 -5.726400894043070372e-02
2.232095126152053410e+02 2.832184947602883751e-01 -1.149389838326322133e+00
2.040831989467630194e+02 3.732671568475868229e-01 -1.663412806976955760e-01
2.206572989367715820e+02 4.359044150578033072e-01 -3.231552727722769580e-01
2.843359188192746387e+02 5.968921949313158587e-02 -9.846767280013118961e-01
2.625941138899560769e+02 1.833310281599096619e-02 -5.278509931954827178e-02
2.792360957694895660e+02 5.551703344156687647e-01 -2.312752524424999401e-01
2.459154564789201061e+02 3.469885604882714247e-01 -5.622958259634719402e-01
2.774339574392696477e+02 3.935452357281214453e-01 -5.656763047703902147e-01
2.171119205312228928e+02 1.730253689422704411e-01 -7.526827193083189815e-01
2.009169484091842719e+02 1.515781198044295619e-01 -5.242747546693697913e-01
2.367429913886406325e+02 6.214743359059491379e-01 -1.374757956442023854e+01
2.717768000317284418e+02 7.716419561296388174e-01 -1.356982304696005004e-01
1.993388049927554562e+02 6.049266035679103926e-01 -1.108604962291395157e+00
2.147040735936740532e+02 6.014650404560917263e-02 -5.856119501277133876e-01
2.827419810711942887e+02 5.550728868788079584e-01 -1.182686462033210040e-01
2.070744483782169993e+02 6.688566778494107190e-01 -2.033491906044480602e-01
2.782200361797420669e+02 4.834956628461906103e-01 -3.543402861560301376e-01
2.531593466261176104e+02 5.390906268482923425e-01 -2.529700520181961676e-01
2.679962664092137175e+02 5.339771352595107379e-01 -2.447504608057627165e-02
2.180056942345286188e+02 5.487258572062606587e-01 -1.120809861754122200e-01
2.640734113495475412e+02 7.533676178305388493e-01 -8.894185954901928995e-03
2.796846342702119159e+02 7.618092514487280198e-01 -2.236994571395310993e-01
2.507467313622075267e+02 7.460019083054167943e-01 -3.757870292717115368e-01
2.667944497818438094e+02 7.389578784452709159e-02 -1.287236985253119087e-03
2.433965873472237433e+02 3.979390275803068033e-01 -1.869113646559695807e+00
2.163817847111483843e+02 1.359692429786135415e-01 -8.143996188142248460e-01
2.864150694248734226e+02 4.723749157193394277e-01 -2.445766714993522981e-02
2.739727907470457922e+02 6.183139557427512756e-01 -3.996458465038985053e-01
2.704475243480090967e+02 6.542882153636484510e-01 -7.664743444231465752e-02
2.817389128530368225e+02 4.340065841806096114e-01 -1.258480396188727535e-01
2.482003290999336400e+02 3.815983103725608672e-01 -1.653721995746425255e-01
2.386580768358521709e+02 7.315849305799410063e-01 -7.077986879937688158e+00
2.307420370746908134e+02 7.418559538277650356e-01 -1.257304648687789062e+01
2.813099657771663260e+02 5.382690682307015445e-02 -5.325148585033669946e-01
2.513070804245149930e+02 2.118695789560865461e-01 -3.126880429787218946e-02
2.228169471190780087e+02 8.814809727356597013e-02 -1.279443090359392077e+00
2.183794558556978416e+02 2.797537313658068903e-02 -5.988282544119792883e-01
2.441908934728797362e+02 1.978930560344892009e-01 -1.807817514161416117e+00
2.460702669574793902e+02 1.432821281479697839e-01 -5.462621335729322958e-01
2.476219991287730693e+02 5.884388509896907316e-01 -1.987106714597814683e-01
2.076981703944179856e+02 4.560290628784390288e-01 -5.278467045592005052e-02
2.086194847971347315e+02 1.675373692528248359e-01 -5.299812115940192442e-02
2.571050379279406570e+02 4.944414265294018174e-01 -2.791484597044859850e-01
2.027548318736917849e+02 4.701009575434770271e-01 -1.398467130097190703e-01
2.917220748750847292e+02 3.021653683771322596e-01 -8.412434223898239694e-01
2.913745536099298192e+02 3.380848013762252080e-01 -7.144919504612612382e-01
2.583528659328454182e+02 4.111276202943480174e-01 -2.077127723756067024e-01
2.037054794262338078e+02 7.709458707981027281e-01 -3.050906631769909616e-01
2.330392459973917596e+02 2.166558455973528197e-01 -1.944724240704213614e+01
2.491990475385030379e+02 7.214991138300548279e-01 -2.364823860858625282e-01
2.972854292890923489e+02 1.209544877810322938e-01 -1.119351878207333284e+00
2.895603737333399295e+02 6.989104841865036999e-01 -5.721444231899349697e-01
1.989448670496598197e+02 3.282822536648379863e-01 -1.433784003373030247e+00
2.259419230569099000e+02 2.341930542975556584e-01 -2.651944010413183950e+00
2.936283997815077669e+02 4.979155901628045111e-01 -1.906732254944642602e+00
2.771247892942428734e+02 5.206927096115228082e-01 -4.636911337135583566e-01
2.762777334069295421e+02 1.726536467050098500e-01 -9.691408397530296703e-01
2.375075859348377492e+02 4.053305472579389890e-01 -1.372941164676784709e+01
2.635810792570586045e+02 6.105638277119653790e-01 -7.768655020376953775e-03
2.932336636007397601e+02 7.893583116713497327e-01 -1.655121894924815873e+00
2.868553270778721185e+02 6.597860531476257284e-01 -1.682615725821882680e-01
2.367937250923060049e+02 6.773990690226867617e-01 -1.307686639370002268e+01
2.624943629227392421e+02 2.745192638845314614e-01 -6.139110248455019458e-02
2.389655056213330795e+02 2.445046656839635624e-01 -9.976706262845526751e+00
2.216261565428681308e+02 2.574737105570584772e-01 -1.029637986286206619e+00
2.210201915153611480e+02 8.446539297676405531e-03 -1.015896782296373257e-01
2.266226147762595815e+02 6.019125278310261118e-01 -3.288061464681014012e+00
2.017213966815543529e+02 7.088529185990846138e-01 -6.301802111151252883e-02
2.124047084095960543e+02 5.044829181777481519e-01 -3.473551226621194310e-01
2.526062994060987137e+02 3.069560338101114394e-01 -3.722944328146887694e-02
2.092814336725121223e+02 4.234752345951560137e-01 -6.949077102797596162e-02
2.283132597374156774e+02 3.569655195627892130e-01 -9.301617772890235614e+00
2.194366160484353827e+02 5.141243876503551746e-01 -1.585797011458761341e-01
2.836650883792021318e+02 6.461923808830521976e-02 -8.203946177882958102e-01
2.599747173628157384e+02 8.787729116531485529e-02 -5.626258494817352324e-02
2.562632080855752861e+02 1.892140319456319664e-01 -1.331701065873995005e-01
2.407806188244493910e+02 1.512547777513460479e-01 -4.746610698443503473e+00
2.276451666118139201e+02 3.155695803988916026e-01 -6.861425462031473188e+00
2.616005965596050373e+02 2.854229701795696350e-01 -1.684856255207170181e-02
2.309333511962917385e+02 1.772855221639523249e-01 -1.409132055199528999e+01
2.718630804862660852e+02 7.961779989514017331e-01 -1.812155574503852284e-01
2.044507435316454576e+02 2.896143378056765250e-01 -1.082018508529669770e-01
2.007990449848552714e+02 4.309536411209209383e-01 -6.093987811103609431e-01
2.155821313934409034e+02 5.993611517618532281e-01 -1.145776889858434872e-01
2.694885090920500375e+02 3.667912227087814503e-01 -9.220105420973470634e-03
2.409755663626291948e+02 7.891108587950741021e-03 -5.916260619727300440e-01
2.888766135032934699e+02 2.041420199160645932e-01 -3.101479335947723848e-01
2.236602330819167719e+02 7.137438668895843552e-01 -3.731297432802252456e-01
2.117099355586008187e+02 2.693122482193187062e-01 -2.834092059954508858e-01
2.418854086887693029e+02 6.324808765758747064e-01 -2.332474483740639482e+00
2.875010836739161846e+02 9.985343328073351121e-02 -7.350931832834164403e-01
2.788670712517937886e+02 1.546015258190839015e-01 -7.441559431851841877e-01
2.452404928950512328e+02 5.790084043543143322e-01 -4.754665554884481282e-01
2.357489913031838569e+02 4.424417084562828895e-01 -1.946037506517666671e+01
2.344263718858524044e+02 1.192498700782514964e-01 -1.297811770716423574e+01
2.649160786325359709e+02 2.485915643344099313e-01 -1.957392259565899906e-01
2.052186600718786167e+02 6.925490685550292902e-01 -3.646278840540758681e-01
2.000583880438004769e+02 6.457248891678624148e-01 -7.437564608751092710e-01
2.543902063241715723e+02 3.226005532706827106e-01 -7.090603714221013765e-02
2.244977474118267651e+02 6.256317875013835961e-01 -6.373979573380275099e-01
2.322094409543222469e+02 3.736606771102871094e-01 -1.959205204324007354e+01
2.707143044356780024e+02 3.466126056253356902e-01 -1.480345547206023682e-01
2.846187830916378516e+02 2.254709845560215475e-01 -2.512762888352867985e-01
2.548485539683195782e+02 7.760674691995598229e-01 -4.543697815603323642e-01
2.590998362834420163e+02 4.281673318316712995e-02 -3.098425158225825288e-02
2.946326286566263093e+02 6.815477250383835672e-01 -1.997433264811786069e+00
2.138746428056302307e+02 1.113807818281916245e-01 -5.211099313087347307e-01
2.956297336894620003e+02 4.511629100453758423e-01 -2.293259724286178969e+00
2.661134314713142999e+02 5.620995866933273799e-01 -8.104351175314894462e-02
2.108153770381729259e+02 3.891279050772888937e-01 -2.011824581980797833e-01
2.752678234905827139e+02 2.379866601480257540e-02 -2.089546827260490014e-01
2.732535457990704231e+02 3.582816933834855055e-02 -4.970177966874494979e-01
2.293607752638847330e+02 5.683992311310555046e-01 -1.122183286833912419e+01
2.563625435283864249e+02 2.568636538011397352e-01 -1.159118002179401752e-01
1.985257423886687320e+02 5.660800877490963778e-02 -3.858561665918152639e-01
2.202729634318789920e+02 3.314562651374826086e-01 -4.613498600655032700e-01
2.740275953712321666e+02 5.484262123349449292e-01 -4.536293321340101881e-01
2.673233207851443467e+02 7.140290819806286438e-01 -5.825177799944401130e-02
2.912388940323268685e+02 7.255711409867521278e-01 -1.110898644900668808e+00
2.385601095951252546e+02 5.373727956439070530e-01 -8.531119246390188593e+00
2.500498794186585485e+02 7.099923204060827331e-01 -2.845295021283995585e-01
2.830440565251229827e+02 1.126758779055928028e-01 -6.889928021977123063e-01
2.688050968112813734e+02 2.880248453840383305e-01 -4.892536958497097077e-03
2.706070028249264965e+02 6.794596438600747357e-02 -3.511933450510634214e-01
2.803534831394959497e+02 5.123572183133294766e-01 -1.689466030660118356e-01
2.808097952009234746e+02 2.643761259375547734e-01 -3.835983090798250617e-01
2.249177198088281102e+02 4.453742079204501825e-01 -1.225522070062331270e+00
2.536324382347189044e+02 3.475162465848899429e-01 -7.270608180340210058e-02
2.844572092482690095e+02 6.061173175716279005e-01 -1.381359142587733624e-01
2.763255476299536326e+02 6.790899229707012541e-01 -3.796022103743577070e-01
2.305208220039272646e+02 4.912627227654997042e-01 -1.511062254576075325e+01
2.935700768627031607e+02 6.574279785967133138e-01 -1.886289764759410792e+00
2.014676654601868222e+02 4.038455452099183607e-02 -8.015929952639794936e-03
2.554422578894806861e+02 1.439070178310677128e-01 -1.527308806548533793e-01
2.255798029314104554e+02 4.514814713626162934e-01 -1.937288521551040255e+00
2.426547973644365470e+02 3.127083846613574192e-01 -2.911882082359035007e+00
2.611510915420930701e+02 5.606529550304721887e-01 -1.605886036941963357e-01
2.838856560771977229e+02 2.131176548643600732e-01 -3.020023640796726805e-01
2.889989495536042909e+02 4.135989215465398772e-01 -1.953479019196723010e-01
2.480252866768461217e+02 3.639141269390823163e-01 -1.608185752629085752e-01
2.259915132781353861e+02 2.539181573743849035e-03 -5.974470231633565165e-01
2.526128377076445304e+02 5.097110340654712607e-02 -1.821905817282340467e-01
2.574386392427237524e+02 2.350909146710414288e-02 -6.885707329751254713e-02
2.416325831741585830e+02 2.250203992167156553e-01 -4.546795012751713827e+00
2.595360009782764337e+02 3.432108862690127493e-01 -8.271245128601864560e-02
2.685307689378232681e+02 2.061251569300314446e-01 -9.208315306793404820e-03
2.407478902727816319e+02 1.665302395594608353e-01 -5.079217292405821205e+00
2.651980981796281185e+02 3.970555763498322954e-01 -1.252861113346757926e-01
2.430005985094576886e+02 7.847354458125810339e-01 -1.074259840586024639e+00
2.294628532807943770e+02 2.732290978661806036e-01 -1.333463667109205453e+01
2.154757530903255542e+02 6.219892140177288864e-01 -1.174600174269739700e-01
2.452451197124088651e+02 1.294359243543356242e-01 -8.243477967281253038e-01
2.656404732675032960e+02 1.971544114076277943e-01 -1.802371558112158545e-01
2.312625962776322126e+02 3.822105097897608716e-02 -1.294866457936189708e+00
2.112827545040800032e+02 5.031870503419274554e-01 -3.416052181458461567e-01
2.028530707466631497e+02 2.354223583532230324e-01 -3.116204431896446581e-01
2.514927298641600828e+02 7.567277043443545459e-01 -4.447915219093738770e-01
2.161138637874378787e+02 7.747648183721053128e-01 -1.784465481212474114e-01
2.182708868407508476e+02 6.915008002439679835e-01 -1.951284808257218173e-01
2.049782433617375261e+02 4.167514678015946661e-01 -1.766425596753055383e-01
2.348164021586119361e+02 4.055316206104285226e-01 -2.109857903307133498e+01
2.866774725771736030e+02 7.035176861816067051e-01 -1.933254134978569794e-01
2.856655814324555536e+02 1.907161364129672243e-01 -3.566263937247402538e-01
2.442181705784307439e+02 5.747690355910751725e-01 -9.571427090500521651e-01
2.179998024300257669e+02 5.887572272575358756e-01 -1.335020587527039615e-01
2.746217092322091275e+02 5.230413136493347048e-01 -4.987223814325429383e-01
2.787980439050618884e+02 4.657924703351123963e-01 -3.148217677121589175e-01
2.716068310211522885e+02 2.472144798250966446e-01 -2.968879220664834562e-01
2.495987100649145702e+02 2.204710607003619871e-01 -4.597856946337738893e-02
2.362932889663664753e+02 3.061962594560512785e-01 -1.972534493390942600e+01
2.823319847789413757e+02 6.506497378799998010e-01 -1.666577365052694937e-01
2.623803405923648597e+02 1.035563491942101816e-01 -9.961333953867201885e-02
2.194879974590645588e+02 3.020696872267834565e-01 -4.554615120600891687e-01
2.085187272385776680e+02 1.494095964568356409e-02 -1.165767853229146278e-01
2.967106259180561665e+02 1.224250104670301653e-01 -9.787796582179221216e-01
2.077157713997483484e+02 4.607690056627490316e-01 -5.461665246211310637e-02
2.540140004553433926e+02 5.557420625456356289e-01 -2.761831450695775292e-01
2.643078503109778126e+02 8.061200836555633409e-02 -5.220700993869830525e-02
2.062171429188850311e+02 5.950585381771971161e-01 -2.513687111480492065e-01
2.470959980225532604e+02 7.419815403795744224e-01 -2.072597610342577501e-01
2.703594044031694352e+02 7.799374784316858156e-01 -6.973805641587055293e-02
2.239440115701891330e+02 2.861696588197744640e-01 -1.253835714933465351e+00
2.357776694740476273e+02 3.751146935786899839e-01 -2.028552176396098616e+01
2.218314006819682618e+02 8.994969686048948088e-02 -1.351173769479810050e+00
2.775365226103818941e+02 6.821530600567730085e-01 -3.412423731460638154e-01
2.327127425996055194e+02 1.065982893674729537e-01 -1.004777011434641487e+01
2.008653770186543852e+02 4.784880583035953094e-01 -4.304496240606651147e-01
2.283980236042451679e+02 6.402915220122683548e-01 -8.394923624464299294e+00
2.931578811583197535e+02 7.303305293429890321e-01 -1.680756742851418295e+00
2.923283767011640748e+02 7.997723122390185679e-01 -1.491674668692344552e+00
2.578763876422351586e+02 1.691276043333670154e-01 -9.538610190273620615e-02
2.728054536384388484e+02 2.483550026088887641e-01 -6.352372445312826077e-01
2.226086268830273980e+02 5.289162492709287289e-01 -4.610275475083855934e-01
2.091600090510383438e+02 1.802508858448998996e-01 -3.265540519547603660e-02
2.035246493022208085e+02 6.084401458180939137e-01 -2.194929722801533256e-01
2.774530091295157490e+02 7.828675120314050606e-02 -5.744897372327024687e-01
2.337330556723998995e+02 1.505924634910054682e-01 -1.571470718624249585e+01
1.996026469232003535e+02 7.625406526697117160e-01 -8.378174851193240791e-01
2.460013059920676994e+02 6.652713603507345308e-01 -2.789056647042925108e-01
2.902458892229408889e+02 7.509952279494287453e-01 -7.356654292815760776e-01
2.955110474104902210e+02 4.258829419560252738e-01 -2.286655563711080585e+00
2.106667280626668628e+02 2.525342675048631441e-02 -1.735654058755049522e-01
2.136941220768435414e+02 5.068566968082084401e-01 -2.312815479842031396e-01
2.051709405933324035e+02 6.343531133017616952e-01 -3.338391069269768252e-01
2.629463009992820162e+02 1.559790600536721805e-01 -1.358803052505188902e-01
2.145467606883334213e+02 5.772212517384176511e-01 -1.650040004882933342e-01
2.883263760934714810e+02 3.818915166380711934e-01 -1.152407721235458871e-01
2.953022048490008160e+02 4.817740698185932757e-01 -2.175369490749240686e+00
2.273773032524901225e+02 6.275370920520806362e-01 -5.048072989251271458e+00
2.129948262190850414e+02 3.264055070505489375e-01 -3.539280319765660821e-01
2.370014404628600744e+02 4.397915454231279830e-01 -1.470439376236487661e+01
2.394899427851102303e+02 3.842108369858826533e-01 -7.545176498724782022e+00
2.600837069988651251e+02 3.525223423334822304e-01 -6.299836114760468120e-02
2.627575250519136603e+02 3.108806722147144375e-01 -3.230790613287876090e-02
2.782616128525500585e+02 5.261400189831125784e-01 -3.285538889803015228e-01
2.825927546813528011e+02 7.290051927470502235e-01 -2.127847029943089330e-01
2.234632117158318749e+02 1.093397519642794330e-01 -1.354379308608473220e+00
2.517669120717681892e+02 6.899346189973190047e-01 -3.797527286125759738e-01
2.109163412587553807e+02 2.812129254373183507e-01 -1.493167831806386514e-01
2.841833798707145888e+02 7.770268009333302084e-01 -2.664247377942078332e-01
2.761010996554551866e+02 1.218927710153875354e-01 -8.678696057547885534e-01
2.477808742548605494e+02 5.798863957723849882e-01 -1.815250899492320547e-01
2.204686221914041653e+02 4.863647490024687325e-01 -2.194588954776123535e-01
2.005216535155493318e+02 4.055480310482395545e-01 -7.672256024385367690e-01
2.282096089964688588e+02 4.389093314627428022e-01 -8.797044653261920644e+00
2.083790945988181988e+02 2.617618029705836569e-01 -3.578686880963533740e-02
2.382486053372635979e+02 4.506560447845517903e-01 -1.054531188543149156e+01
2.257398023806954939e+02 6.762876806016319964e-02 -1.022794856878308511e+00
2.775066957965198071e+02 3.847224036800314315e-03 -1.572603465703472370e-01
2.879166624442380567e+02 4.647827508464897339e-01 -6.738613519534192298e-02
2.198793481850995875e+02 6.098771632677881804e-01 -1.621914980313638177e-01
2.049142168459042921e+02 7.876633054411654733e-01 -4.043366452886801299e-01
2.891278160807428321e+02 2.760850169437373269e-01 -2.267268882190234813e-01
2.429444913678317448e+02 6.022805820203165350e-01 -1.708862802105896472e+00
2.615845687406423394e+02 5.312370656122177293e-01 -8.739009542496012362e-02
2.499844239057159712e+02 5.096090714295483659e-01 -1.571507460118053701e-01
2.725703993238580551e+02 2.396237374313896218e-01 -5.280394446225344929e-01
2.142789754521253371e+02 2.441937476241400062e-02 -3.200020621164199053e-01
2.060965177050087789e+02 9.545649257480677552e-02 -6.565976775061087289e-02
2.324591703399148912e+02 5.155303068995908955e-01 -1.822295366088924595e+01
2.695640482148085084e+02 7.191767278679688236e-01 -2.643651717857746497e-02
2.116122345244073415e+02 8.671427609807898229e-02 -3.143266031767095181e-01
2.702891248398450443e+02 2.913860254527400051e-01 -1.027659326250268956e-01
2.589735538147371585e+02 6.363728538641040267e-01 -3.993874951878050306e-01
2.423483507212680763e+02 3.574024905989817147e-01 -2.724808073849489976e+00
2.302901062074234346e+02 4.166530703967664673e-01 -1.495728053221502840e+01
2.136395533083040164e+02 1.446181374890561366e-01 -4.683386103617986351e-01
2.722372053603316999e+02 1.856660391178560354e-01 -4.833473175727955318e-01
2.335376007491960593e+02 5.470922492237132451e-01 -1.894801196967953416e+01
2.447644241196415180e+02 4.910282016250376858e-01 -6.826474194818502594e-01
2.604948130095413603e+02 3.345260559757862739e-01 -2.832314381112728541e-02
2.480683565037015796e+02 2.249442533733853888e-01 -1.383775942017066440e-01
2.918014204302449457e+02 1.838410226026972460e-01 -4.847028915717386810e-01
2.966300469578197294e+02 5.899804698200072917e-01 -2.365882312037698387e+00
2.785687648650717847e+02 3.198373411968121749e-01 -5.531645348760587666e-01
2.021255540016747432e+02 2.205506958616657021e-01 -4.112312030675216445e-01
2.243834737794207683e+02 2.074898512543960905e-01 -1.582986328569824908e+00
1.987016591679447686e+02 2.083271954915416058e-01 -1.266637033533213552e+00
2.291354805261978811e+02 7.269390426044751718e-01 -9.717233891515776989e+00
2.930344766525502109e+02 4.761694147441608571e-01 -1.464787794561628997e+00
2.391105107101663236e+02 6.723181837952643125e-01 -6.587824664014791054e+00
2.752527437246544082e+02 4.582685435819472963e-01 -5.829062191350125044e-01
2.552260116468857234e+02 7.538716458540344334e-01 -4.319257346720471458e-01
2.660274869988260207e+02 5.733344057199251109e-01 -7.911604581159098482e-02
2.182539682480046679e+02 6.699609405432703779e-01 -1.808672996955723866e-01
2.266824084116560414e+02 4.115576383118355608e-01 -4.282613446235402854e+00
2.580560515891953628e+02 4.256802989108297020e-01 -2.204260297056260531e-01
2.873938956819224018e+02 7.964011623443104093e-02 -9.056626538390576409e-01
2.123819385113243072e+02 6.414676056414103655e-01 -3.706879077315454740e-01
2.563458346452403021e+02 2.045009288173011558e-02 -2.465484748663036296e-01
2.177331925980058998e+02 1.599539813322313764e-01 -8.155365482291947465e-01
2.528413852018546493e+02 7.488578677016283214e-01 -4.731537955539533713e-01
2.637410256879821873e+02 1.340215707860062111e-01 -1.448373603068212334e-01
2.162763250431264623e+02 7.635487840951941108e-01 -1.862405012189184139e-01
2.952511644133286950e+02 2.646618554629599496e-01 -1.731675969518766456e+00
2.654359883418399590e+02 6.171124473216220707e-01 -5.270468667311391936e-02
2.897644838487386210e+02 1.018709998972817526e-01 -4.173781013449927024e-01
2.067303916588548987e+02 3.641961847822525883e-02 -7.827302193393774477e-02
2.818875450612259783e+02 3.937902545559539558e-01 -1.416007332480355152e-01
2.684321471514873565e+02 5.433336237928543255e-01 -2.838352774737666964e-02
2.809968530001015665e+02 6.524923642124764722e-01 -1.734166593318030025e-01
2.707813014983173616e+02 3.274276040038467395e-01 -1.559036850541194452e-01
2.497035380641297593e+02 2.489414626736239089e-01 -3.688428632285608438e-02
2.314079192402020624e+02 3.699761991915954118e-01 -1.817327281383879267e+01
2.377919862738464474e+02 1.168579818810352999e-02 -6.672804292388249126e-01
2.400750073419907551e+02 1.744574998874545979e-01 -6.775920899044679757e+00
2.454539436314305192e+02 3.466149322102478614e-01 -7.082062853491651877e-01
2.465554434994071471e+02 7.372351884918993958e-01 -2.273652293956299475e-01
2.352822948032147963e+02 4.992628051009895263e-01 -1.924926008758471241e+01
2.939911192390808878e+02 7.968697492191978426e-01 -1.803611513336329297e+00
2.510006447938315546e+02 4.477632231835392829e-01 -1.210195272689056495e-01
2.410633971018053217e+02 2.440612382194720098e-01 -5.230572403816694305e+00
2.575206548919798593e+02 1.410152704760414821e-01 -7.656532634879147092e-02
2.955363926179955456e+02 3.670343085621051160e-01 -2.217164643554820458e+00
2.074114469086608210e+02 5.963280643933695224e-02 -1.082331030600613420e-01
2.363941538546604306e+02 5.653387455744488532e-01 -1.565675219982757760e+01
2.347410866481227742e+02 5.951888730518618553e-01 -1.805079413718286574e+01
2.539217293636654631e+02 3.777782607840408091e-01 -8.988165277727090674e-02
1.994724465006480614e+02 5.013160763516351370e-02 -1.578542703960522930e-01
2.218460386786680090e+02 3.416409844133211915e-01 -7.409853462824211867e-01
2.037909907458003147e+02 6.989338794634232244e-01 -2.858766499083305601e-01
2.801840288107505330e+02 7.094348729796599029e-01 -2.148127937732156045e-01
2.908200348754984361e+02 3.877808867607451804e-01 -5.842523014485233590e-01
2.669967441894831381e+02 4.011832194900286780e-02 -2.785684627012679007e-02
2.616851664534986526e+02 6.247434221161167756e-01 -8.770167143797706621e-02
2.277168861089860741e+02 1.642837099645937937e-01 -5.117466080566066999e+00
2.860829535979088405e+02 1.967228761328429221e-01 -3.251372655692781888e-01
2.228102683241313571e+02 7.746768919109637830e-01 -2.483906169886269388e-01
2.739477984575639198e+02 6.570823040735548348e-01 -3.755508190120288581e-01
2.023633737179272032e+02 1.149952387451332325e-01 -2.069346515403502340e-01
2.850147552907058071e+02 6.827137356753377739e-01 -1.925850176368915645e-01
2.157422349631327165e+02 2.968328727127426125e-01 -3.450452653506375089e-01
2.093200924469795723e+02 5.577757032477038690e-01 -1.457480602045687079e-01
2.339892568190185216e+02 4.702273368835449552e-01 -2.043516480192680618e+01
2.330603517128271562e+02 3.658885002136230691e-01 -2.084537698256046312e+01
2.337550542448325075e+02 3.478168964385986439e-01 -2.179836137501704130e+01
2.343566194714072992e+02 3.967263460159302091e-01 -2.146119418772451226e+01
2.331025329301610611e+02 2.916269540786743386e-01 -2.097816452701034962e+01
2.324999587863952399e+02 4.272345066070556974e-01 -1.961187191111191552e+01
2.350845374825645138e+02 4.161163806915283425e-01 -2.042903893911161717e+01
2.332000846717625109e+02 5.200438499450683594e-01 -1.910508976562836025e+01
2.381400697940873386e+02 2.244510721974359024e-01 -1.227225241600339167e+01
2.338465640231904672e+02 4.639496803283691406e-01 -2.053192486689041019e+01
2.338316058413857945e+02 4.445455074310302734e-01 -2.083882457247918651e+01
2.333288017269707950e+02 2.281638868403357834e-01 -2.030059613112221939e+01
2.351522778867929446e+02 3.952757120132446289e-01 -2.070857703451583021e+01
2.362197262541920111e+02 2.041472826697623422e-01 -1.788323410895593923e+01
2.331914382028631394e+02 5.526756763458252619e-01 -1.853189815810328867e+01
2.344928242402650937e+02 4.531325783096742388e-01 -2.068759018925788595e+01
2.346865121627405983e+02 3.411832094192505105e-01 -2.198549760292567967e+01
2.334953202943266888e+02 5.004958629608154963e-01 -1.976803742384073459e+01
2.378372136858627925e+02 2.743103976729149851e-01 -1.437713245916918581e+01
2.327749731764967578e+02 3.400266414130064807e-01 -2.108083468084544876e+01
2.320294291528375084e+02 3.068618535995483732e-01 -1.994714049393629551e+01
2.313000545602762941e+02 3.809270381927490345e-01 -1.812260427215581160e+01
2.325026512103836467e+02 5.110652923583984819e-01 -1.828694137266648312e+01
2.320785015801298528e+02 3.815670902830351485e-01 -1.955977308260287728e+01
2.359085945832468667e+02 3.146133184432983732e-01 -1.954272624195322905e+01
2.354826909929913370e+02 3.452582818261513697e-01 -2.038724235977366206e+01
2.341246153447826259e+02 3.528653621673584206e-01 -2.193454923115387700e+01
2.331445454038977800e+02 3.713919888171213768e-01 -2.131489561982851910e+01
2.351647109000209355e+02 3.120513208018369511e-01 -2.123938393587788909e+01
2.348241941218789748e+02 3.817800127938726362e-01 -2.137383053947982603e+01
2.342245482138871466e+02 3.627835184216197106e-01 -2.186352060878813575e+01
2.334710774198088643e+02 3.426854372024536466e-01 -2.147315992286712216e+01
2.341640197097577243e+02 4.563344817036585899e-01 -2.066623005839719340e+01
2.336815310520071023e+02 3.970935021520934360e-01 -2.134697719276399042e+01
2.343182015687368960e+02 3.246313693099335262e-01 -2.205405189752003636e+01
2.339618456735879022e+02 2.664398293310750732e-01 -2.150090957505106459e+01
2.344687924215201349e+02 4.502648830413818470e-01 -2.072912953702928718e+01
2.339768451538648151e+02 4.440440654754638783e-01 -2.085261183669716090e+01
2.326499005854984432e+02 3.310891534048257534e-01 -2.048821005252293048e+01
2.355182144029152198e+02 4.478260970301704558e-01 -1.928692251119916889e+01
2.351922112841193950e+02 3.371571063995361661e-01 -2.120170261825711577e+01
2.349616280526697096e+02 2.822898043315992256e-01 -2.163196411938152153e+01
2.347635549267614579e+02 4.844182595566469129e-01 -1.991762893918682309e+01
2.320503959039396875e+02 3.148623905962826264e-01 -1.994750817596758807e+01
2.326855129299058547e+02 4.367258590362521620e-01 -2.006388655939399257e+01
2.325371827185581424e+02 4.428963184356689564e-01 -1.937417457403012833e+01
2.338544849170736200e+02 4.373193740844726896e-01 -2.094992836210730758e+01
2.346345048008118397e+02 2.332121610641479659e-01 -2.094976216607959785e+01
2.352760752295220357e+02 3.760679483413696400e-01 -2.095277787492718602e+01
2.344810417531417102e+02 2.249368065074761336e-01 -2.067787600837084838e+01
2.325310551197510449e+02 4.787311553955078125e-01 -1.881526555327584660e+01
2.341868026559326381e+02 2.863305294523630917e-01 -2.192860178866455101e+01
2.345623955548939534e+02 4.079840183258056641e-01 -2.134764596537419479e+01
2.333936182224202014e+02 3.263955831527710072e-01 -2.154123709110690399e+01
2.341921912927340657e+02 3.118661642074584961e-01 -2.205290021488944063e+01
2.338756575863610294e+02 3.155536479932435912e-01 -2.187778118747430156e+01
2.331493103208235880e+02 3.813585893274477612e-01 -2.121548545497916294e+01
2.351900890823210375e+02 3.871362684951472066e-01 -2.081172890395829356e+01
2.345723204807138984e+02 2.804429682465744422e-01 -2.185270611561519871e+01
2.336639885564844121e+02 3.604812383651733732e-01 -2.171829115348407413e+01
2.329073783842864884e+02 3.463483026691191458e-01 -2.101916395409509519e+01
2.350938373633711649e+02 3.089369558887695710e-01 -2.180060961341297698e+01
2.337767089672909151e+02 4.075473785400390847e-01 -2.120928451915986557e+01
2.337511107641017816e+02 4.071560309524493437e-01 -2.121603279538395626e+01
2.349695203478360952e+02 4.130315411920572055e-01 -2.103724775731853924e+01
2.358157537306738618e+02 3.273071593217684594e-01 -2.059868109611682030e+01
2.339439265305281594e+02 2.616691112518310658e-01 -2.142417410910176301e+01
2.335554380498256251e+02 2.928291797637939675e-01 -2.144295508863324784e+01
2.347517766719288090e+02 2.486061659421803238e-01 -2.135711402832276207e+01
2.345510867672800543e+02 4.532373428344727007e-01 -2.069338423104391467e+01
2.343463711406245125e+02 4.510489709152266657e-01 -2.070062718278000347e+01
2.335516405328244218e+02 2.295526869601564046e-01 -2.030502823452327377e+01
2.339955573396624118e+02 4.701875657764958416e-01 -2.043605587608374918e+01
2.349467817240936824e+02 4.624581336975097656e-01 -2.031161852321773864e+01
2.328898441563835036e+02 4.347158432006836271e-01 -2.005129949879324158e+01
2.344018162958710150e+02 4.253106304508147417e-01 -2.109165105160904474e+01
2.335331823840067500e+02 4.040171327349288410e-01 -2.126931560548109701e+01
2.339779002894373434e+02 3.436440706253052202e-01 -2.198525249768672651e+01
2.344453795319105325e+02 3.051316859938950077e-01 -2.199832702167072540e+01
2.338935696093917898e+02 3.422426660670927490e-01 -2.181746538309498007e+01
2.342864820724967103e+02 3.299224520090001667e-01 -2.204354102408542104e+01
2.349939184919965101e+02 4.017924755247875845e-01 -2.118546090018899264e+01
2.348912671474755882e+02 3.212012199171466742e-01 -2.176390900714697452e+01
2.342936703504182390e+02 3.066640113320396877e-01 -2.204226785809246181e+01
2.334457203363002407e+02 2.991475812179177907e-01 -2.149713398501229733e+01
2.344492948475445360e+02 3.281598095167992390e-01 -2.200419255515869921e+01
2.334643829808483702e+02 3.369457518407935614e-01 -2.149957780490391102e+01
2.339786602293330589e+02 3.867973089363367367e-01 -2.162537826232484051e+01
2.340359284699898694e+02 3.667126839985935804e-01 -2.182618088649261168e+01
2.359936120507625219e+02 2.845396995544433594e-01 -1.949540688723349646e+01
2.340267307380132706e+02 2.698493404541649210e-01 -2.174343984291537879e+01
2.348431282437628624e+02 3.444601113401734582e-01 -2.167770986446906889e+01
2.341341895333731600e+02 4.238427758859630856e-01 -2.115755494957978655e+01
2.342980902416338154e+02 4.489233970642090288e-01 -2.072691122538396868e+01
2.336341898479213341e+02 2.822227848055225974e-01 -2.173069763356501127e+01
2.330185847587907801e+02 3.504730638643928087e-01 -2.096942285488756497e+01
2.335905914144381370e+02 3.793169244217029501e-01 -2.155204347585480562e+01
2.345477232987705634e+02 3.885527394914771171e-01 -2.158051440380143049e+01
2.331300926600675893e+02 3.945368442674543341e-01 -2.107047116993463476e+01
2.333054901211004619e+02 4.165571418435927709e-01 -2.076292869618655956e+01
2.346761608365466145e+02 3.142857393951438705e-01 -2.203982624144377311e+01
2.345921191842212465e+02 3.460877343504917825e-01 -2.194988383254634812e+01
2.339325573236090747e+02 3.218345624752157463e-01 -2.187258788371305940e+01
2.338562046092649496e+02 3.415458727677579409e-01 -2.182372208623096910e+01
2.341615839627982325e+02 3.802011348501214139e-01 -2.170129512637986124e+01
2.344863384799271557e+02 3.242622378733820421e-01 -2.201580282067882521e+01
2.339454399951790720e+02 3.757632063489849683e-01 -2.173963143903901596e+01
2.333762061537724435e+02 3.576807231997944370e-01 -2.139531580455616577e+01
2.337337582719135867e+02 3.113877527196758921e-01 -2.188461834452573385e+01
2.346050527620013497e+02 2.919886289564441184e-01 -2.195238337438406262e+01
2.334780776311760633e+02 2.910592658190137016e-01 -2.144411154832895150e+01
2.337496486103918869e+02 3.336604501506589826e-01 -2.186324113910387368e+01
2.343508161474220231e+02 2.876634847485289304e-01 -2.193912426883121469e+01
2.343930837036835726e+02 3.685754310213402718e-01 -2.176190319222702740e+01
2.339691029818505399e+02 3.288666564681017590e-01 -2.204088435016596392e+01
2.345697260524606804e+02 3.092354647800592549e-01 -2.202180796872622892e+01
2.332969740381672921e+02 2.606212939781182292e-01 -2.110777164844991205e+01
2.336916845392967730e+02 2.589010923338621595e-01 -2.139929798383601067e+01
2.348777954341531995e+02 3.187070217035365971e-01 -2.176282252331212774e+01
2.338337410689151454e+02 3.045478574708414543e-01 -2.185937617370749209e+01
2.348911270604916410e+02 3.708164845725163694e-01 -2.149584249473730324e+01
2.341745044389800796e+02 3.169442081999793159e-01 -2.205718449489807398e+01
2.341446868014965901e+02 3.391865777324231113e-01 -2.201005001445170706e+01
2.342611919140720147e+02 2.948679203519906089e-01 -2.199056530340537563e+01
2.341296527674797403e+02 3.898574194472184673e-01 -2.159566939791545792e+01
2.341219355081910578e+02 3.161659024510223848e-01 -2.205627649597716555e+01
2.339980572152876164e+02 3.105803666295474108e-01 -2.204832603351002973e+01
2.344852927176268338e+02 3.351609810597300232e-01 -2.198768944695633110e+01
2.343263412432349071e+02 3.440775345938533736e-01 -2.192842732096064751e+01
2.337271530488300471e+02 3.643793570309900587e-01 -2.168263919751632685e+01
2.338068947841832710e+02 3.573803703109734164e-01 -2.173180410621433722e+01
2.341950518649816502e+02 3.671248772941607119e-01 -2.182653814741517806e+01
2.336822288708368660e+02 3.450716842521765471e-01 -2.181880774920598398e+01
2.337527921086237086e+02 3.035306694039288100e-01 -2.186256143618887648e+01
2.340903393385865741e+02 3.346312494340963895e-01 -2.202672674709052103e+01
2.339580899094301571e+02 3.668240543941245768e-01 -2.182283551983712400e+01
2.333777648972989027e+02 3.284636003595878817e-01 -2.153954213035476428e+01
2.347465322172241144e+02 3.624347516060371088e-01 -2.153462261606544459e+01
2.345940688417703370e+02 3.539155125234572097e-01 -2.190185273757064266e+01
2.342241398361345261e+02 3.519296814327299017e-01 -2.194258294991114866e+01
2.345469690385611727e+02 3.257171851023162867e-01 -2.202032447119155734e+01
2.334905513641640482e+02 2.689495595752842694e-01 -2.120754200039641901e+01
2.339459753975128251e+02 3.122639179229736439e-01 -2.186823492734093222e+01
2.347408594363788268e+02 3.174413564466257442e-01 -2.173361154059259448e+01
2.344130422397298901e+02 3.165237847210640165e-01 -2.201235749237564576e+01
2.341285638075967768e+02 3.307714265545517174e-01 -2.203932272118394309e+01
2.340353673596966360e+02 3.220204679055260755e-01 -2.205351654012558882e+01
2.345068101656854651e+02 3.369079046626384799e-01 -2.198359906060554536e+01
2.344169095129721541e+02 3.387053489685059038e-01 -2.196543830270178077e+01
2.347554958817464126e+02 3.729264807735272469e-01 -2.144527099142744220e+01
2.339261613862125841e+02 3.315760006381479608e-01 -2.185562587124401190e+01
2.339456357351118356e+02 2.942734571271323207e-01 -2.180017625587796104e+01
2.345512193605802338e+02 3.196487449694263017e-01 -2.202752786346879788e+01
2.338174533681988123e+02 3.133672373510992815e-01 -2.188063727448894724e+01
2.337505310086775125e+02 3.289586862160120417e-01 -2.187625319282802039e+01
2.344097855211327328e+02 3.045259682747205043e-01 -2.199255815639930134e+01
2.342378096493955582e+02 3.395976369028145814e-01 -2.200973366155114519e+01
2.342032002452616268e+02 3.450527340150562616e-01 -2.198279157744007151e+01
2.342316845933210629e+02 3.072599464155908455e-01 -2.204367974390198981e+01
2.342171748503581057e+02 3.057469844818115345e-01 -2.203931803670388945e+01
2.343789345201085439e+02 3.205359267130668544e-01 -2.200733465780152898e+01
2.339543946244722576e+02 3.224556955901620725e-01 -2.205139724519226263e+01
2.344517112988302188e+02 3.140518575858124439e-01 -2.201556473285415194e+01
2.338047527693680649e+02 3.306632049883965196e-01 -2.186787637825315045e+01
2.338455870792284372e+02 2.969469873372604929e-01 -2.182485600203068898e+01
2.338744247511672825e+02 3.335212441775046166e-01 -2.185402451377055755e+01
2.344554983785273521e+02 3.442873140555890443e-01 -2.194343962447422669e+01
2.342820205009828385e+02 3.419174812082210746e-01 -2.199971656624583005e+01
2.342737535516515948e+02 3.319923641157515593e-01 -2.203783625000127699e+01
2.343959422146631084e+02 3.182860350365402935e-01 -2.201036330870182667e+01
2.343040375958066477e+02 3.119249478176902013e-01 -2.205362460325791218e+01
2.338516829908875820e+02 3.239243352815361354e-01 -2.187725378617359695e+01
2.341750835340872641e+02 3.249852933493213580e-01 -2.205219261339035342e+01
2.341986413759281618e+02 2.968038577141111634e-01 -2.200156457022606915e+01
2.345092539313051248e+02 3.281457875849700945e-01 -2.201118185767996493e+01
2.339714826552184945e+02 3.288735208648014274e-01 -2.204092534310055029e+01
2.343051701681995382e+02 3.179322650098885816e-01 -2.205837660316647231e+01
2.342803387651046023e+02 3.165760933929269161e-01 -2.205792140956774716e+01
2.343032596388787852e+02 3.310259150836390996e-01 -2.204081649801903708e+01
2.342501055490800184e+02 3.125924118339664104e-01 -2.205433240009745433e+01
2.341309972516420999e+02 3.108670563379647422e-01 -2.205070978267467297e+01
2.342556075144055399e+02 3.256523653140300234e-01 -2.205204633113939039e+01
2.343404378364410263e+02 3.311624039902368311e-01 -2.198326076345407643e+01
2.342198955641505904e+02 3.194338443012146311e-01 -2.205764252749633059e+01
2.342191328436759932e+02 3.145127757793411694e-01 -2.205621880357529108e+01
2.341644508909088245e+02 3.061108644020738012e-01 -2.204005199616258892e+01
2.342727512764011522e+02 3.274085451405051028e-01 -2.204904107396055579e+01
2.340909639245916196e+02 3.133628708422453446e-01 -2.205370970972112588e+01
2.342889610773607671e+02 3.141308593570593666e-01 -2.205629739820482627e+01
2.340787989210521118e+02 3.151332635989839703e-01 -2.205509766040565367e+01
2.339668803000235471e+02 3.247051484424519074e-01 -2.204885961138006323e+01
2.342519384216177514e+02 3.072604946952702809e-01 -2.204377338166507272e+01
2.340772847405900734e+02 3.027780094310590364e-01 -2.202811793273600927e+01
2.343310618070277087e+02 3.062298988861923421e-01 -2.204105298561484361e+01
2.341820158433108361e+02 3.184030315538275424e-01 -2.205743059986660271e+01
2.342211804263133672e+02 3.103763340728418751e-01 -2.205062607757055204e+01
2.341033273942172741e+02 3.217289648369153210e-01 -2.205494111430518345e+01
2.339945439363620778e+02 3.148257023482937678e-01 -2.205346191694548708e+01
2.341772232379531999e+02 3.264324650607684508e-01 -2.204983252587233977e+01
2.341570401588838308e+02 3.283118658468524020e-01 -2.204579294933907363e+01
2.828653282569025578e+02 3.147068253889666600e-01 -1.395633517033680882e-01
2.745009826669592030e+02 1.575798300029221943e-01 -9.419412665074146096e-01
2.354769835514530030e+02 1.113115093707872233e-01 -1.209577481445814229e+01
2.439314267863477710e+02 8.676786821192597476e-02 -1.264679091204493400e+00
2.202623316275632703e+02 5.630910211246512587e-01 -1.766268584137171693e-01
2.548292929866749148e+02 1.781585698102351178e-01 -1.442886795800329136e-01
2.572889504710719280e+02 1.448169242837793746e-01 -9.507703824185653740e-02
2.403522359549135956e+02 1.161556277455970260e-01 -4.164617036583816656e+00
2.098017796099710495e+02 6.788944868620141460e-01 -2.984829081681656393e-01
1.990800809384944046e+02 2.423523621417645324e-01 -1.238154247876881886e+00
2.495610261837596227e+02 4.774407377671787689e-01 -1.331282692799496958e-01
2.004210071050332544e+02 5.995153983999830238e-01 -6.155573336659213579e-01
2.269177942163241823e+02 3.932142547777062180e-01 -4.282888078602201887e+00
2.864070391023641378e+02 2.800162034160929014e-01 -9.243520976052732596e-02
2.698339064657388917e+02 7.957645998307172341e-01 -4.470743627780284640e-02
2.732583908106225863e+02 5.875091551891128971e-02 -6.532638346263827112e-01
2.851665393688832637e+02 6.406252659049709308e-01 -1.511241421073383495e-01
2.541571882034163536e+02 9.222915181685611974e-02 -1.703281875901865305e-01
2.232041435036269945e+02 2.099746107443021814e-01 -1.358628880149542528e+00
2.390596527812104171e+02 2.721785561535459697e-01 -1.024408878746333862e+01
2.276686621793494396e+02 7.122887295007296338e-01 -5.618196653576879918e+00
2.532935415239518306e+02 7.089468286581559475e-01 -4.342023347269653999e-01
2.460036697528477134e+02 6.920572150085551044e-01 -2.707182387135114721e-01
2.299819094952496243e+02 7.669208044078044961e-02 -5.129280809280639453e+00
2.294924770262956599e+02 3.390228512559445018e-01 -1.328044006571157709e+01
2.947263047751760041e+02 7.439979041993116660e-01 -2.091923334164257131e+00
2.874004363868643850e+02 1.693965077485761195e-01 -4.189588268583865349e-01
2.217345797880524856e+02 7.582986008227484698e-01 -1.544983078309789815e-01
2.327915721325168761e+02 1.665678348513268195e-02 -6.786207371092982665e-01
2.081999858137898229e+02 6.320285555902432906e-01 -1.281821370183949260e-01
2.805198926804429220e+02 4.992428097355622874e-01 -1.725470131963825760e-01
2.564767821974652975e+02 7.749552237425602064e-01 -4.588260233806535360e-01
2.954980161566329002e+02 7.655685870724141528e-01 -2.146649536956245274e+00
2.288621566842464290e+02 5.583196646579514644e-01 -1.026971485067843659e+01
2.191343639402042527e+02 5.853773636874377573e-01 -1.494700594411201289e-01
2.689802758188978942e+02 5.073451775924309182e-02 -1.716981623147985359e-01
2.915667722104447535e+02 9.430007023744468864e-03 -1.661093807410508605e+00
2.804533715311594619e+02 3.336505604808305270e-01 -3.399342037342135692e-01
2.618506701573363671e+02 6.198532177856637126e-01 -8.847978803171803464e-02
2.176848153881000769e+02 7.340566103930838970e-01 -2.167688699652112749e-01
2.036427315579576600e+02 4.174070955117497594e-01 -1.786461890639554628e-01
2.056233443535294612e+02 7.218331402297595289e-01 -3.498350071270186490e-01
2.514146039696083221e+02 3.267809039530933379e-01 -4.020838809297731103e-02
2.031045173898689313e+02 5.299599910827088589e-01 -1.400295690224321321e-01
2.608347179055948004e+02 2.030262996659681629e-01 -4.493135103266164554e-02
2.823541887446534702e+02 3.700564128710325806e-01 -1.224663494097650712e-01
2.591273230314042166e+02 1.659183919543883723e-01 -5.784480838096239808e-02
2.894678793294991692e+02 4.345996751114524770e-01 -3.144278205631468870e-01
2.431832957046959223e+02 6.488286565712769738e-01 -1.290153361440883772e+00
2.650563796883194527e+02 6.659026612629079800e-01 -4.646358796453216311e-02
2.501494469600402795e+02 4.555175381828454606e-01 -1.200742124267391575e-01
2.707822976082043738e+02 3.552823343007758816e-01 -1.419634155691126276e-01
2.330062925545449843e+02 2.939738722229097712e-01 -2.101565468628816191e+01
2.778439733993353116e+02 4.386376100652587817e-02 -2.962802330997635347e-01
2.131713340866980388e+02 4.571750716644382151e-01 -3.024202681349099642e-01
2.104578002385239017e+02 3.501476165741392310e-01 -1.357654396704502386e-01
2.486363259524916884e+02 3.055065408746037714e-01 -1.182238450774924232e-01
2.929652994878562140e+02 6.310920153002570476e-01 -1.490878092573420854e+00
2.475150902746756287e+02 7.911677337500337970e-01 -1.980690923208856813e-01
2.148412461060744363e+02 5.275963734850778186e-01 -1.470398838223158366e-01
2.369345915516099126e+02 4.837692370767855410e-01 -1.569616436513830315e+01
2.672350413067749173e+02 2.704492717419839098e-01 -1.116040052509425506e-01
2.878777693301553882e+02 6.596794836184548538e-01 -2.434348254210865203e-01
2.309447602746795383e+02 3.592016920521978740e-02 -1.149675408952457678e+00
2.188062077981909681e+02 6.812376043541693571e-01 -1.905210418100096725e-01
2.772455238963480042e+02 4.241588707248169499e-01 -5.207397989290274420e-01
2.123342451912917284e+02 1.372001591142953392e-01 -3.523445865345203876e-01
1.996543157934658836e+02 6.749075055817965740e-02 -2.309398674972160670e-01
2.584308359307686374e+02 6.153332156458847235e-01 -3.948881957517537677e-01
2.224521358541820177e+02 4.710733291658240063e-01 -5.085210279659148069e-01
2.884376994422658527e+02 1.880925884667888903e-01 -3.362444305649620047e-01
2.343499688660820084e+02 5.071981334262555263e-01 -1.977780029569818510e+01
2.448298639145104119e+02 5.799236296910599275e-01 -5.931969848803633205e-01
2.073271733658562823e+02 2.813990649428987564e-02 -8.507863176485219725e-02
2.422185085036174712e+02 4.065906306278525562e-01 -3.130937371366125266e+00
2.604770767790598143e+02 2.522807046467864800e-01 -3.126359927562699648e-02
2.251501502816193749e+02 5.437867901717712282e-01 -1.243674555043443819e+00
2.020908015155833368e+02 5.168854042195194509e-01 -1.256516524753758246e-01
2.935283202855684976e+02 9.764968220976111279e-02 -1.295510230894404702e-01
2.840057917073085036e+02 4.432113646055232947e-01 -5.376103376151192964e-02
2.155458688996056935e+02 7.020744879360907298e-01 -1.380954880701313059e-01
2.905264422209089616e+02 3.666585559984663067e-01 -5.860363568481650187e-01
2.112855016875659828e+02 2.248013574170910356e-01 -1.911334426713828250e-01
2.526925435643557591e+02 6.017462080801433411e-01 -3.176438517125667604e-01
2.722856792760059648e+02 3.854438321221405617e-01 -3.701366747847849026e-01
2.364216286955889075e+02 1.231371514602916800e-01 -1.240668339433926270e+01
2.413402017846793228e+02 7.475787864403253824e-01 -2.426564146036533032e+00
2.683143904329316456e+02 4.934268863850649334e-01 -2.483851493255127829e-02
2.380527867879911526e+02 3.785054016291525270e-01 -1.262991460311221736e+01
2.630669395925908702e+02 2.982033816051125608e-01 -6.954535747250711886e-02
2.047675426934976315e+02 1.558254398581886482e-03 -4.842323296799380117e-01
2.170406637686119495e+02 7.771030914106100695e-01 -2.240957230877640705e-01
2.748399360956268538e+02 4.145102710679886560e-01 -6.323991732339512284e-01
2.637065414815176041e+02 2.396097051245364984e-01 -1.495612285952619691e-01
2.066980878086069993e+02 5.487143617146420516e-01 -1.631527297548869271e-01
2.967113635016697231e+02 2.231402018388855546e-01 -1.777195375812560707e+00
2.794843365365202317e+02 1.287810209366161140e-01 -6.804309259601147852e-01
2.762353490553389292e+02 5.739979155114661724e-01 -4.421194986694806373e-01
2.657968413735069362e+02 2.606817942221421047e-01 -1.684653794189225617e-01
2.243895167975464062e+02 1.954367796243340061e-01 -1.603799331486248869e+00
2.342956909472327993e+02 2.939714908599853627e-01 -2.198500183021085519e+01
2.338097223504244369e+02 3.542945623397827370e-01 -2.175342195481046659e+01
2.342154350589687795e+02 3.943226814270019975e-01 -2.154606597823278591e+01
2.334854436175226908e+02 4.022920608520508257e-01 -2.129373358924721771e+01
2.349123203216417437e+02 3.709203958511352872e-01 -2.149967079812242332e+01
2.329360437184677721e+02 4.097598075866699663e-01 -2.039028285317653300e+01
2.344280643975874057e+02 2.700793920368031453e-01 -2.171605364169615981e+01
2.349094298452009184e+02 3.817156553268432617e-01 -2.139396143061373934e+01
2.330140792353234644e+02 3.871980667114258146e-01 -2.064640655013057113e+01
2.326964450540880875e+02 3.272472858428955300e-01 -2.048456744036229793e+01
2.343171522371576998e+02 4.284974098205566739e-01 -2.103465072172273764e+01
2.339771465808862558e+02 4.621657848358154408e-01 -2.056626633197556941e+01
2.338611279909848690e+02 3.150996685028076283e-01 -2.187868007601703013e+01
2.336057645684311979e+02 2.669410228729248158e-01 -2.115749088876733452e+01
2.350176125202606272e+02 4.047075271606445646e-01 -2.115468776366139636e+01
2.325292379424215881e+02 3.138617992401123158e-01 -2.054547503613479975e+01
2.344637693045596336e+02 2.865311861038208341e-01 -2.189808339991102670e+01
2.326328600971592095e+02 4.985405445098877175e-01 -1.907543301702725103e+01
2.346417456052976718e+02 3.420130252838134988e-01 -2.197661856182396534e+01
2.323510762021754203e+02 3.570559501647949663e-01 -1.968042440406083315e+01
2.341184111202827580e+02 4.835221290588379017e-01 -2.021816299592735433e+01
2.348599526974159630e+02 4.511187553405762163e-01 -2.046764484526040562e+01
2.352233151792215153e+02 4.589718341827392911e-01 -1.986473840441219707e+01
2.341983089079259912e+02 4.903521763793374788e-01 -2.004216921794051487e+01
2.350480400936966987e+02 5.128898620605468750e-01 -1.895238737969998510e+01
2.346896775874218974e+02 3.585589590875069566e-01 -2.155154985641045684e+01
2.334747609063873028e+02 2.906850337982178067e-01 -2.144200972375962522e+01
2.334812499959987235e+02 3.358980262701503072e-01 -2.150083429633343712e+01
2.337890613424096387e+02 2.923525008800341718e-01 -2.180169959616873143e+01
2.335311704718177737e+02 4.186351392867733168e-01 -2.107404959396759025e+01
2.344293979569820294e+02 4.090442823416522433e-01 -2.131682078394499769e+01
2.339750477555016630e+02 2.636525390964238325e-01 -2.145471056451102143e+01
2.354145216825529019e+02 2.968416554934549256e-01 -2.127640334714420334e+01
2.337567775159617156e+02 3.981302647905355929e-01 -2.132959591905074603e+01
2.350284027716267587e+02 3.823779484288001296e-01 -2.141365757875794174e+01
2.341847214236110801e+02 3.136798858642578236e-01 -2.205512938127621325e+01
2.351346584249368732e+02 3.156821617890667730e-01 -2.123101752915961171e+01
2.327044628018812773e+02 2.267110668924484929e-01 -1.927851758277861549e+01
2.337074606445337963e+02 3.519421577453613614e-01 -2.177637988885507880e+01
2.345873318916963512e+02 3.512002450673012977e-01 -2.191891106900274266e+01
2.346620041694912118e+02 3.367269515991211382e-01 -2.200186798597278326e+01
2.341856128318541721e+02 3.764141352055432876e-01 -2.174007997099798928e+01
2.342395979656204190e+02 3.976450920104980802e-01 -2.150685684834302691e+01
2.338245351650148223e+02 3.449238964234931371e-01 -2.180927467874598946e+01
2.333677436953497022e+02 2.868550972620377837e-01 -2.143027232162022599e+01
2.341543154728416880e+02 3.253239713195358318e-01 -2.205139146441534947e+01
2.333560670894318321e+02 3.719070937757292250e-01 -2.127919642374977016e+01
2.340021276550944549e+02 4.661010464327406400e-01 -2.050326920574800837e+01
2.332946940132974589e+02 3.458094120025634877e-01 -2.148437778588343150e+01
2.342938847208179141e+02 4.123587906429652117e-01 -2.125489942794414233e+01
2.333972397858164527e+02 3.099164767838036294e-01 -2.154069513695406002e+01
2.343509181219446305e+02 3.150610407226619447e-01 -2.200457444373355287e+01
2.333383465538357200e+02 3.502408478928631941e-01 -2.145174582591978307e+01
2.338859101556105600e+02 3.205419778823852539e-01 -2.187733502480058334e+01
2.338776511941548222e+02 4.026930600046887965e-01 -2.143295989909748300e+01
2.335638161154979855e+02 3.849125229537470605e-01 -2.149438694043164233e+01
2.339880435669257679e+02 3.376975110292006477e-01 -2.201288707602411776e+01
2.344240578549835163e+02 3.498179250457448264e-01 -2.190791986778378941e+01
2.339069404666053060e+02 3.638653058876002433e-01 -2.184622077631224002e+01
2.340350086773864859e+02 3.260201953887488791e-01 -2.204819462600710978e+01
2.345730246555243639e+02 3.907773664198846975e-01 -2.155856892210252340e+01
2.331865318065083557e+02 3.542602549523679589e-01 -2.144809338850357250e+01
2.346260147467736488e+02 4.157117752395207422e-01 -2.092149018095951618e+01
2.348916030995289361e+02 3.824874889530904820e-01 -2.138190802657886280e+01
2.347606968695421017e+02 4.406836635599108987e-01 -2.060151309002804965e+01
2.344111916911905382e+02 2.897118252566174834e-01 -2.191715559817971837e+01
2.337541679850577339e+02 2.979404961641757277e-01 -2.183793926169413879e+01
2.334599776943522045e+02 3.449767407827956656e-01 -2.146317832891623922e+01
2.337002842023405549e+02 3.901141118087336213e-01 -2.142805944616753422e+01
2.343926636985444816e+02 3.097910483841244678e-01 -2.200342834768802547e+01
2.339304699385677395e+02 3.522427255163919635e-01 -2.193349856359605354e+01
2.334095128600657745e+02 3.740838823716929329e-01 -2.125048270189645194e+01
2.338929026471340649e+02 2.939752220873093624e-01 -2.180313738865104511e+01
2.350463819073970058e+02 3.554680084769397119e-01 -2.165410166036651773e+01
2.344658558571815661e+02 4.062768153887821865e-01 -2.135730635134902045e+01
2.336857442555794648e+02 4.092934785482342797e-01 -2.119208309276855573e+01
2.343033841602082248e+02 3.276241624132904540e-01 -2.204885856529019250e+01
2.339129489748093249e+02 3.535964352676053135e-01 -2.192391058173252461e+01
2.343464906670101868e+02 3.723244564503676024e-01 -2.172161382656709350e+01
2.355836262765618869e+02 3.480293822224065359e-01 -2.041380028484789122e+01
2.349177152803165427e+02 3.648662033546787309e-01 -2.155367478350067145e+01
2.337067674864595404e+02 4.263909644476161498e-01 -2.095415389576479726e+01
2.338583082543940463e+02 3.269201157054683615e-01 -2.187207318293885905e+01
2.332292216374162308e+02 3.611461817355522408e-01 -2.139092133702806819e+01
2.347837276197843153e+02 2.594036169978072293e-01 -2.157697334436843306e+01
2.351033048615032044e+02 2.929302177951281783e-01 -2.173985225034716962e+01
2.348530903070534919e+02 3.135269782236898006e-01 -2.175696420063263048e+01
2.336728806289423801e+02 3.475398063659668191e-01 -2.180573081387198897e+01
2.347367764717977252e+02 3.170151123024094186e-01 -2.173279210341505063e+01
2.334160994894532450e+02 4.023089214899725485e-01 -2.093434247142308280e+01
2.340442272666104202e+02 3.468957257181768394e-01 -2.196940555366999348e+01
2.351121547683765698e+02 3.422382520727236255e-01 -2.115204954278640059e+01
2.339469040096072945e+02 4.255026936051392039e-01 -2.112744658639675777e+01
2.340676359335596715e+02 3.879746587126116086e-01 -2.161513467551893086e+01
2.335063233483006400e+02 3.854693420808871784e-01 -2.149151795052015146e+01
2.342865150766963893e+02 3.072012431059329973e-01 -2.204372710385885270e+01
2.336279105608537066e+02 3.749871456578131590e-01 -2.159308602932729571e+01
2.338281370978850759e+02 3.819563208317235392e-01 -2.150919022420204385e+01
2.334334535302872098e+02 3.308238866095578601e-01 -2.152480730195708603e+01
2.339836602450994008e+02 2.894002895925777419e-01 -2.195221474364812053e+01
2.342752772204516702e+02 4.161385262843671495e-01 -2.120157853032147699e+01
2.339977839264644217e+02 3.649034976959228960e-01 -2.184049711644006919e+01
2.329241576893549848e+02 3.670087337493896928e-01 -2.086641244218349200e+01
2.344512935951854047e+02 3.555285000731339129e-01 -2.187350543344960130e+01
2.340885290152051823e+02 3.511284319098990636e-01 -2.194500702136549819e+01
2.344178397800622520e+02 3.115613014045699458e-01 -2.200906833782497785e+01
2.340973582499965744e+02 3.742092060897155847e-01 -2.175937731700352984e+01
2.344955731372099308e+02 3.072558071041254779e-01 -2.200952720565222620e+01
2.342803778600932958e+02 3.613447619272580069e-01 -2.187594938188351179e+01
2.347722911897394056e+02 2.922179998127336642e-01 -2.166973716197069422e+01
2.349328003208469227e+02 3.304051642013018375e-01 -2.175517332765328149e+01
2.343604215766917491e+02 3.491487160444199933e-01 -2.190400923301076830e+01
2.347318690289251322e+02 3.326461960060315137e-01 -2.170411700748980977e+01
2.340251822171042875e+02 3.526339558636231164e-01 -2.193366943558334015e+01
2.339012824029548483e+02 3.377308871502122667e-01 -2.183672472600231984e+01
2.343884178157076974e+02 3.408546781869527531e-01 -2.195227750561201319e+01
2.331027241015201810e+02 3.365163873846250819e-01 -2.102135480875198681e+01
2.333978023027846120e+02 3.601731107585964820e-01 -2.137316613858200043e+01
2.340768803821054860e+02 3.437640864977161703e-01 -2.198708617743577420e+01
2.345902740097197352e+02 3.367344552845007444e-01 -2.199387458621531621e+01
2.346476784868303014e+02 3.119055236954626498e-01 -2.203434636680878356e+01
2.345841244587572305e+02 2.997585409593375161e-01 -2.199312905408836372e+01
2.338408338122451937e+02 3.198362366131558554e-01 -2.188135051077880533e+01
2.346262669840344017e+02 3.704685040459563261e-01 -2.177374077518781448e+01
2.328985354483638162e+02 3.542913076358326085e-01 -2.097137406717573072e+01
2.344063709410003185e+02 3.162210963783695372e-01 -2.201151501245059805e+01
2.339253802164720923e+02 3.377846455497905409e-01 -2.201084646187749527e+01
2.337478594156922895e+02 3.659453616053599534e-01 -2.166800642648083652e+01
2.345849840937180488e+02 3.006131969001920590e-01 -2.199690082594375085e+01
2.337103533275897007e+02 3.157348865856187681e-01 -2.189120147332949173e+01
2.343714950699420285e+02 3.421032284651933653e-01 -2.194417920830303359e+01
2.341274671309617759e+02 3.513579355799152926e-01 -2.194441396712286618e+01
2.341123973076053346e+02 3.399663185645409591e-01 -2.200603045583833506e+01
2.344382172617361846e+02 3.205990873091489890e-01 -2.201423886385055795e+01
2.345786752023214206e+02 3.031953532455821110e-01 -2.200620714621424412e+01
2.338605245539697535e+02 3.082653614074936099e-01 -2.186788767223917063e+01
2.338656530000579608e+02 3.222159022000217199e-01 -2.187789500428839062e+01
2.340654954677044941e+02 3.406625446422261727e-01 -2.200190255597890499e+01
2.340088288728972543e+02 3.434944273795763614e-01 -2.198683424800485753e+01
2.342042569607352789e+02 3.273195377729367639e-01 -2.204849876514825269e+01
2.337781616440539096e+02 3.239232248445269580e-01 -2.188310975569561379e+01
2.341814781235914040e+02 3.704015133406136639e-01 -2.179708215411764627e+01
2.342234294981674054e+02 3.248135411573213616e-01 -2.205301434849821973e+01
2.343893413524461948e+02 3.161063091501570277e-01 -2.200950360417326124e+01
2.343396990092064129e+02 3.365124407344657342e-01 -2.196488990023192756e+01
2.344726967884600981e+02 3.266821307137334762e-01 -2.201006670633534767e+01
2.343417379903369806e+02 2.934831684468794388e-01 -2.198172387785047022e+01
2.344834888354114923e+02 3.177339393543754387e-01 -2.202048326502967868e+01
2.339104066198843270e+02 3.113428286692054292e-01 -2.186990602895748737e+01
2.341402624676181858e+02 3.056741570820267762e-01 -2.203855269876289924e+01
2.340462612980588801e+02 3.521152436723152257e-01 -2.193762387225721611e+01
2.340537794317489215e+02 3.277469624938754711e-01 -2.204523437901405458e+01
2.343284195885123609e+02 3.123457807831189204e-01 -2.205429832839178417e+01
2.344027197367788631e+02 3.236011861969144143e-01 -2.200699443118018550e+01
2.342492531648477438e+02 3.132536479126264428e-01 -2.205515231071542459e+01
2.342430188721039030e+02 3.164613665800662945e-01 -2.205763623617847102e+01
2.343697747839921419e+02 3.077981986489684019e-01 -2.199679389231080862e+01
2.340373304722612033e+02 3.152744162044654463e-01 -2.205452976962597944e+01
2.341475647908182509e+02 3.268220563616816010e-01 -2.204869742725484016e+01
2.339577916311939703e+02 3.283340214542741498e-01 -2.204183699939231289e+01
2.343787859729739864e+02 3.261851033763589758e-01 -2.199992777144073486e+01
2.341563490042461808e+02 3.179317644483386496e-01 -2.205713983019464663e+01
2.343502374900568554e+02 3.549665519488572341e-01 -2.186464760803838558e+01
2.340734435974016776e+02 3.011609367980956353e-01 -2.202165325144831343e+01
2.339940110961861421e+02 3.505601406097412220e-01 -2.194618372762705860e+01
2.342375897881406672e+02 3.428074879891418458e-01 -2.199482793426953720e+01
2.341381199348945756e+02 3.071625354736602920e-01 -2.204274168071733442e+01
2.340636063494638393e+02 3.111580634141153379e-01 -2.205033712259595191e+01
2.338310175234736334e+02 3.568369908652273548e-01 -2.173397874116953332e+01
2.343264198339162760e+02 3.231848336690719692e-01 -2.199836366217641270e+01
2.342702936074282434e+02 3.056683294105879689e-01 -2.203928894064017285e+01
2.343176640670515098e+02 3.151999667084839363e-01 -2.205731495538094933e+01
2.343714755839026225e+02 3.281042250648292802e-01 -2.199502063884848369e+01
2.340880161874453620e+02 3.374305151487335674e-01 -2.201624538516966112e+01
2.342717710013106966e+02 3.080971392166960143e-01 -2.204597702322641339e+01
2.735392470638885243e+02 3.874180063158216281e-01 -5.217520834567903609e-01
2.016077327015978824e+02 6.582903946822662444e-01 -1.274902730709925602e-01
2.950099608487806790e+02 4.938283415152512901e-01 -2.192537228656104009e+00
2.696686527824176665e+02 7.565139216217038332e-01 -2.733610522425637679e-02
2.618598750576921930e+02 2.662535411004102737e-01 -2.576726060445673136e-02
2.456575198403397735e+02 7.314536774005794273e-01 -3.108605534477175136e-01
2.608122850197284492e+02 1.134927114339057824e-01 -6.210905588618621798e-02
2.171137159573360407e+02 1.240068075551732374e-01 -8.781175673995015307e-01
2.810659213079113101e+02 1.293720538419259325e-01 -6.218498264133935916e-01
2.102344626145710436e+02 4.844665888776935048e-01 -2.226246709642479560e-01
2.195871140282685587e+02 7.649220621338739257e-01 -2.178400023987669687e-01
2.922324707615845227e+02 5.611852026845620678e-01 -1.290588085456780609e+00
2.202812642241602532e+02 3.425860735544793423e-01 -4.908280213169874395e-01
2.322874258149142577e+02 3.594735010175404560e-02 -1.060584782071693155e+00
2.395397049557456057e+02 2.415939216551283020e-01 -8.866576400370140831e+00
2.903844306800090180e+02 1.402924714900075087e-01 -3.401109846076240673e-01
2.760237007144659174e+02 5.814504733608015785e-01 -4.500655032425530666e-01
1.994639681902650921e+02 6.181253040591954129e-01 -1.109879161480765708e+00
2.803348796328029380e+02 2.109113274972282126e-01 -5.397176334953287524e-01
2.288343852907886173e+02 1.030633601511797004e-01 -5.675291165012899874e+00
2.746319323036213405e+02 5.202985994082689469e-01 -5.014405437096085549e-01
2.642152038952165185e+02 6.012210235068629061e-01 -2.127964527379481996e-02
2.856952858795461907e+02 4.520052800155069939e-01 -1.836236987357368206e-02
2.316080562276985120e+02 2.553257192257943897e-01 -1.796246458046174865e+01
2.542960219939881199e+02 7.391984667789812669e-01 -4.405270559701273680e-01
2.826506611935773208e+02 7.500880398730744858e-01 -2.241236588595723056e-01
2.128284803325233554e+02 5.988394072823546299e-01 -3.324090713113455609e-01
2.794576668330049074e+02 3.979329408481170893e-01 -3.160174718618542489e-01
2.842596173429493547e+02 5.466268968374543569e-02 -1.010555114663403753e+00
2.038776247607738696e+02 4.749001473266238893e-01 -2.086085387307521910e-01
2.871223746365837428e+02 7.037583331368405526e-01 -2.003141509684551458e-01
2.923850691445361463e+02 4.409308502473278657e-01 -1.230833954141842268e+00
2.719812027355176838e+02 1.773623621974730960e-02 -2.337386446173423948e-01
2.515532436600309154e+02 5.059142449113449569e-01 -1.797850190891758237e-01
2.657531799801320176e+02 1.631425282334279803e-01 -1.480634699541338306e-01
2.262755175808759418e+02 5.126828658141526773e-01 -2.913737676080980776e+00
2.604664252810771359e+02 3.315582814420452440e-01 -2.700800105650364921e-02
2.962584729630532934e+02 5.018253537058182667e-01 -2.374288652007311207e+00
2.577689549874247632e+02 1.381009911810630354e-02 -2.243951551882205353e-01
2.230654170539958159e+02 7.863747051625610274e-01 -2.321572086860371753e-01
2.626831612824972808e+02 3.702871895711619121e-01 -6.352740633573966678e-03
2.249792934596282237e+02 2.470836196079422703e-02 -2.022999307364548860e-01
2.576325292957219517e+02 4.336612188090690490e-01 -2.308674226173622335e-01
2.739623561370926836e+02 6.745098519239927093e-01 -3.654993196641136421e-01
2.494160983188239413e+02 6.302985908082403554e-01 -2.197012706392721393e-01
2.305355250637113897e+02 2.072013111334648494e-01 -1.436393105915660229e+01
2.138944922614732320e+02 2.567879837654644115e-01 -4.077250059389846970e-01
2.374077344517779409e+02 4.600865973335223069e-01 -1.310164421655610312e+01
2.430134319458649941e+02 4.715344328624981873e-01 -2.044836949184520858e+00
2.079124269262900384e+02 3.658462049415578399e-01 -2.952718883123508012e-02
2.220681073281564295e+02 7.691338575938601041e-01 -1.632962263774445644e-01
2.688886607841625960e+02 2.199715429114619814e-01 -1.020739230434873981e-02
2.100975480628491709e+02 2.736098653612146214e-01 -6.697432342823998741e-02
2.210451881622662995e+02 2.853622398350141309e-01 -8.444969802501378631e-01
2.965811762496109054e+02 6.141939200257049425e-01 -2.344612933967499924e+00
2.781864894485465243e+02 4.228226874393828938e-01 -4.771618628421150921e-01
2.595845724562276473e+02 5.340735175200616025e-01 -2.748886584735305005e-01
2.941613630007282723e+02 3.198119225205575678e-01 -1.615916827224999963e+00
2.558378146815185232e+02 6.408313236199421059e-01 -3.568667518336763322e-01
2.438974108013431987e+02 5.533214306539335769e-01 -9.523907590260098921e-01
2.165516250055891874e+02 9.013207407039958152e-02 -8.647620832473307262e-01
2.361627125299175134e+02 4.092657542383599800e-01 -1.899067632756278812e+01
2.676635380114055920e+02 1.101053645318676860e-01 -9.093033070122566106e-03
2.476031788605113775e+02 6.944132175271183760e-01 -1.941568537776882653e-01
2.143597459501318383e+02 4.615200889315929089e-02 -4.244888993551343415e-01
2.848159974685726183e+02 3.511305038589892513e-01 -2.635523915634246928e-02
2.524991797387601764e+02 1.977498089812413373e-01 -7.305617433146745221e-02
2.410287782267129728e+02 6.494549837512527679e-01 -3.197635683421617969e+00
2.481337353531307599e+02 6.953139473794843484e-02 -1.087464470015322981e-01
2.061254644326380117e+02 6.691953939020982567e-01 -2.965194621202122405e-01
2.530371766459096534e+02 2.973506665769517499e-01 -4.115479651933910688e-02
2.877088831880187172e+02 5.380567746863630374e-01 -1.066918397496457172e-01
2.028833265950875955e+02 7.215226511142200927e-01 -1.374529568872491225e-01
2.401575415740732922e+02 2.542989050486877539e-03 -1.014662372775707588e+00
2.497663513069523731e+02 7.668886217811526906e-02 -1.040939644774199584e-02
2.387100998952443263e+02 5.485808228667021780e-01 -8.520203830008048485e+00
2.151569137164381686e+02 4.035772576114053378e-01 -1.918895032309085591e-01
2.333051011420599821e+02 1.508402840298646019e-01 -1.538464262875655741e+01
2.003975443288412919e+02 6.391101743156597792e-02 -1.039722508974780524e-01
2.420693174086387955e+02 3.821904314777855860e-01 -3.167229025135778642e+00
1.984758769453164291e+02 7.049272840276686880e-01 -1.570187433586913706e+00
2.113608380965082176e+02 3.067233535511589837e-01 -2.505770492233757585e-01
2.905315625772189492e+02 6.853197050765982290e-01 -7.053176086027528324e-01
2.349921826699538485e+02 4.245529381618624587e-01 -2.088647202942803460e+01
2.343941211175540502e+02 5.696339858116803434e-01 -1.870458490430540621e+01
2.082284104276190817e+02 8.773796560935348543e-02 -9.016133768668539716e-02
2.710623855342581692e+02 5.873650493855530064e-01 -1.291482057665686856e-01
2.653253578626064950e+02 6.326799953537313170e-01 -5.044392814123731944e-02
2.817090271144888334e+02 7.980779172804232102e-01 -2.272491147902212516e-01
2.466137295859564347e+02 2.925523624259585009e-01 -3.495000016802523590e-01
2.252746274856797868e+02 1.536805556544767748e-01 -1.906699874701500486e+00
2.182361042717304542e+02 3.525223199924221174e-01 -2.250491037380512871e-01
2.291751424840371385e+02 7.144403979158626683e-01 -9.816308594001046828e+00
2.666984807453516737e+02 7.774450723935535379e-01 -5.923043537419032251e-02
2.067006898531444108e+02 1.706972897497894825e-01 -9.419741670529643840e-02
2.771543475035847450e+02 1.899522992643129515e-01 -9.059747031427909381e-01
2.048658163285155638e+02 3.278505379642534523e-01 -1.149892903629766150e-01
2.271817447707281872e+02 1.773553579064272023e-01 -4.481918419221915251e+00
2.555916998034462324e+02 2.343818533994362907e-01 -1.183445006721040443e-01
2.886785637864281284e+02 2.267688057918686162e-01 -2.514889011711683997e-01
2.344089703589389728e+02 3.192773665963728469e-01 -2.201157804671153784e+01
2.323528096130997369e+02 4.350392341613769642e-01 -1.954014509821197976e+01
2.344714194123164646e+02 3.215515617229378065e-01 -2.201729998644242770e+01
2.341897668215128192e+02 3.256018043217436264e-01 -2.205141647544630601e+01
2.344522957118510362e+02 3.257976028099942023e-01 -2.200936130111480438e+01
2.339145641652926599e+02 3.760061264038085938e-01 -2.173615217655736487e+01
2.342686141681479342e+02 3.155358303971771972e-01 -2.205732044164562566e+01
2.343194109077238636e+02 3.175929599467529618e-01 -2.205839349096979873e+01
2.327255890847148976e+02 3.427192211151123269e-01 -2.041883054663460939e+01
2.342469858862297656e+02 3.208736309563246514e-01 -2.205726013900908100e+01
2.344288153549283322e+02 3.140078343899797564e-01 -2.201293425699752859e+01
2.343387023406101548e+02 3.029379360851864877e-01 -2.202996164291169734e+01
2.344656165881392837e+02 3.286489776068216573e-01 -2.200496766733621001e+01
2.344855437351111220e+02 3.201668412061983715e-01 -2.201993520159424378e+01
2.341469698825257524e+02 3.180379995577849450e-01 -2.205702933043240677e+01
2.344465490571709267e+02 3.181972610740957386e-01 -2.201623990077024473e+01
2.342259184332326640e+02 3.277942085221553503e-01 -2.204779049943619640e+01
2.341581892362427482e+02 3.063677692386774232e-01 -2.204074133608468600e+01
2.343251354612702926e+02 3.264093823450247567e-01 -2.199295611333691625e+01
2.343833670784617311e+02 3.067252134503993255e-01 -2.199577610106800307e+01
2.342133174971571066e+02 3.127701637876726393e-01 -2.205431626311952797e+01
2.344050719439012482e+02 2.992092593915180454e-01 -2.197187082988405038e+01
2.342553018286334918e+02 3.260936260493133010e-01 -2.205130920421074947e+01
2.343734481571390802e+02 3.184612535614920192e-01 -2.200767669903011736e+01
2.343813092773317237e+02 3.120403850757662023e-01 -2.200550172198304111e+01
2.342303551658951619e+02 6.053157422584497516e-01 -1.807172870422903088e+01
2.123830980970698761e+02 2.640014653119288623e-01 -3.451590837398416656e-01
2.888304536995856893e+02 5.035424486361451679e-01 -2.276957603571520272e-01
2.844599784740846644e+02 5.186604489850502597e-01 -7.658436187685002672e-02
2.106371077963830771e+02 7.407302294800391929e-01 -4.326954542916808810e-01
2.901334589045384860e+02 4.947084679086260484e-01 -4.718870284648496449e-01
2.327095216454573290e+02 2.290123245548717490e-01 -1.934822936679847771e+01
2.908869637987485817e+02 1.879393645965057591e-01 -3.854048533603398052e-01
2.937673179667351064e+02 7.145258828760772118e-01 -1.851757848028376063e+00
2.874253139439191500e+02 1.740551866716731344e-01 -4.008854577202189406e-01
2.246317631768360741e+02 4.222691798444024314e-01 -1.073866035179592560e+00
2.390026592287831591e+02 1.549614957865604881e-01 -7.854716211269352044e+00
2.301275942585981227e+02 1.256482649902121163e-01 -9.757404932196285685e+00
2.206036725838356176e+02 3.323369203989722798e-01 -5.175543842611844969e-01
2.573773651566589251e+02 4.157218605032055314e-01 -2.100201111361330586e-01
2.407943836802793953e+02 5.096106133687513529e-01 -4.409426331878657734e+00
2.261843815128918322e+02 5.277246904207762157e-02 -8.098786498634227282e-01
2.358255406120953808e+02 1.128929722800097873e-01 -1.213899468121167580e+01
2.952751805289705658e+02 6.632065821176073017e-01 -2.226788960348874191e+00
2.135026402761727411e+02 7.678764487493734414e-01 -2.826217105257125550e-01
2.743090011454589217e+02 7.043757703474837761e-01 -3.447255393952346481e-01
2.480208542039114832e+02 4.331109093087568418e-01 -1.678301624848638207e-01
2.365765083982916792e+02 3.853625637074012400e-01 -1.814823675677033421e+01
2.929872748071647948e+02 3.083282779188598055e-01 -1.211862679905088447e+00
2.811270310642448180e+02 6.303426573788294407e-01 -1.673086919499796599e-01
2.382744991925318345e+02 3.812158077181282412e-01 -1.111778764265712383e+01
2.674706143974219685e+02 6.121444142107643760e-01 -4.355428582833759110e-02
2.167942187126094495e+02 5.954508430199169089e-01 -1.109041254285984407e-01
2.526368431353634207e+02 1.857354516517275211e-03 -1.722589783762294546e+00
2.035479183071448972e+02 1.420313852794243339e-02 -8.651442416822933967e-02
2.788642311979184569e+02 3.179470834575520016e-02 -1.851042800189907078e-01
2.026416850178115681e+02 4.288684718421083564e-01 -1.670864496896886375e-01
2.080220085353378465e+02 7.016782192343498648e-02 -9.497417756415323098e-02
2.008545061173763031e+02 4.773617202685426775e-01 -5.711194916208381933e-01
2.043708638271344853e+02 1.076048572910942580e-01 -3.791766186967298474e-02
2.441247014034596532e+02 3.563611925004423475e-01 -1.325920964930229484e+00
2.843927881300359104e+02 2.144401343209532684e-01 -3.037129313837836908e-01
2.962942215029457884e+02 5.381685136301767036e-01 -2.357396241796213765e+00
1.994562729514007344e+02 2.374633096086310458e-01 -1.132576411351971624e+00
2.646843090464357715e+02 8.676145809866675496e-02 -6.297247772032828206e-02
2.196500844700837263e+02 7.281457103409159082e-01 -2.025071600058832577e-01
2.189597719472903066e+02 6.804001138292605777e-01 -1.917176007755540812e-01
2.374721159074846639e+02 2.596243380534197231e-01 -1.568908189779567230e+01
2.678179347254929326e+02 5.602183421912199091e-01 -4.555942789270740756e-02
2.068510272773333156e+02 3.635872733455088879e-01 -6.028951270882030450e-02
2.641082996043959383e+02 5.661413582158739133e-02 -3.906475757759726719e-02
2.476896526277687087e+02 5.474193383972960625e-01 -1.777060107995328264e-01
2.421907950355690105e+02 2.723573583489168892e-01 -3.438736067341647828e+00
1.982281091046306472e+02 6.462343440171197662e-01 -1.751450961676892293e+00
2.253877492189984650e+02 1.678003754330507080e-01 -1.922343877930837719e+00
2.059561431180715374e+02 4.677873318787945794e-02 -4.590680187435677156e-02
2.434024909167607120e+02 6.953902917640434334e-01 -9.570779945570764280e-01
2.857095218827807344e+02 2.462268614115498966e-01 -1.707647155186430565e-01
2.093593993490106300e+02 5.530681658681365631e-01 -1.424490440550394421e-01
2.505044938349629433e+02 3.169987551457625341e-01 -4.029590516259029531e-02
2.142260847822342953e+02 6.228637446777349762e-01 -1.933183788786063395e-01
2.338394899209661730e+02 1.020219350476275627e-01 -1.029737960406357189e+01
2.796594487303841561e+02 7.902526428504207390e-01 -2.304486005196814680e-01
2.555487630619644790e+02 1.478043002541655215e-01 -1.530367714499289711e-01
2.535408131059672030e+02 3.684533809350087341e-01 -8.577504581964370822e-02
2.726687954726041312e+02 1.423030710158034728e-01 -6.604436799263252444e-01
2.745830327326069096e+02 1.287266310901706012e-01 -9.094038016912279199e-01
2.465704591676498865e+02 4.497829234199134385e-01 -3.009688536671956127e-01
2.586085622868338874e+02 6.389385631039373736e-01 -4.170248806163172617e-01
2.691413252922860124e+02 2.557422402275925100e-01 -5.969655295575362723e-03
2.515000014183819417e+02 7.707476636800776326e-01 -4.564958331634205724e-01
2.919447923641188822e+02 6.665702381854212710e-01 -1.310074214939711101e+00
2.087500170706784388e+02 2.852067978324445696e-01 -1.006852580771575197e-02
2.710552261787218526e+02 5.783593043293546732e-01 -1.315041355123959810e-01
2.221414985492644689e+02 5.215859962972017039e-01 -3.716585203184152864e-01
2.270199894385920629e+02 4.596133153907244751e-01 -5.032788415748809641e+00
2.771305152628673341e+02 5.753034105020756739e-01 -3.835878846436528433e-01
2.284561883193727851e+02 3.496797667500787798e-01 -9.252240540936597313e+00
2.496543156464463493e+02 4.404599490251924765e-01 -1.124384643349469054e-01
2.546708155750322362e+02 6.999356649628015736e-01 -4.015940046267790775e-01
2.292691260485571547e+02 8.909473373028942156e-02 -5.372862233769786222e+00
2.630233450987909123e+02 1.975946782290951276e-01 -1.513842678253734253e-01
2.216553435588725165e+02 4.032845019226613537e-01 -5.588211326493645048e-01
2.451762489065276327e+02 2.002147905244594794e-01 -9.730886197080801381e-01
2.779195490161442876e+02 4.714466482072348086e-01 -4.206787771106502150e-01
2.664960984110948061e+02 3.230794568511157761e-01 -1.365085345231167313e-01
2.013689716036068660e+02 3.406968966162621792e-01 -4.762536387644906721e-01
2.614202900308309836e+02 2.351714352353835580e-02 -6.992987670508836462e-02
2.120222363114525876e+02 2.903566826252663158e-01 -3.175199498002342913e-01
2.822789551813690423e+02 6.546501137154483452e-01 -1.684991295959340218e-01
2.705205420284427760e+02 3.984018598939990247e-02 -3.758914497336096061e-01
2.231973531550529515e+02 7.563263224377010374e-01 -2.969792613354044208e-01
2.415072320876265053e+02 3.988538196637866906e-01 -3.599597192751812447e+00
2.171394400662674684e+02 1.796645650387335424e-01 -7.274743483582024606e-01
2.590525035065447241e+02 2.194991178606867932e-01 -6.826270981870247168e-02
2.879176880324247350e+02 6.778346945421424019e-01 -2.541603098836867636e-01
2.619556108299672132e+02 2.961095867730116904e-01 -2.419245903789579363e-02
2.722172072779302994e+02 7.515281237377782197e-01 -1.828958581720953047e-01
2.605985895414762012e+02 7.948441299906932045e-01 -3.116949900602334900e-01
2.964982428154224863e+02 5.909441253772809155e-01 -2.367598152443050719e+00
2.314185327204812950e+02 7.278722377896520435e-01 -1.386906550902652668e+01
2.159396055497014686e+02 4.871617316158637911e-01 -1.112163361992468125e-01
2.565697632350590425e+02 5.304336215363826268e-01 -2.966070500933528087e-01
2.825214341523113717e+02 7.786281924181622793e-01 -2.398607916438424414e-01
2.759991601875718743e+02 7.552581231307244070e-02 -6.525359887259020164e-01
