8.734239456874270502e+01 2.087445948234690762e-01 -3.489484084998920599e-01
8.762658344556078305e+01 5.760687467627304548e-01 -5.808804784510844810e-01
6.999559393456232215e+01 1.947551199709654512e-02 -7.426815867194129783e-01
6.965581617382457580e+01 5.309686172533842896e-01 -7.008690444960412325e-02
9.679017721736568092e+01 4.246332842347425585e-01 -6.514455372642983244e-01
7.890218850831880104e+01 3.341995264035620417e-01 -2.767427402507711687e-01
8.892099728700291905e+01 8.876200328107092252e-02 -9.069766325174171140e-01
8.227353712030134147e+01 3.985458292105706346e-02 -7.030704099176914024e-02
9.653243002586589228e+01 6.692931660476710842e-01 -1.239006578044340889e+00
8.339294300653898517e+01 5.884786707335708938e-02 -1.036653057063701144e+00
7.602684925537496952e+01 5.525781806220181336e-01 -3.540729596511443811e-01
7.693832030019785861e+01 4.980135775379359586e-01 -1.871844395949289197e-01
7.304616988027913749e+01 3.859259356519942341e-01 -7.937587071722184140e-01
9.554065097282089880e+01 7.127556864301300976e-01 -7.501046911578396204e-01
7.520319404117050510e+01 4.393323430710016630e-02 -3.315698048044302571e+00
6.847170099836760926e+01 1.265729536266922738e-03 -8.913561465867074485e-02
7.119313757627264749e+01 6.762210659177362304e-01 -5.460164434638923314e-01
9.538571869006599968e+01 3.525324295957419363e-01 -2.135318663100392866e-01
6.801420522055977358e+01 7.093994886642004394e-01 -6.621677645229006037e-01
9.153451100465125023e+01 4.677372848306551312e-01 -1.236599870492549463e-01
9.734204370050694877e+01 1.471656078379356969e-01 -5.401925390103726743e-01
9.346986894132852797e+01 2.005443935271765121e-01 -3.106433845705230401e-01
7.353477950463366142e+01 5.751912862743634447e-01 -1.426176443071746625e-01
7.816937367191648889e+01 5.616939828921834188e-01 -2.500697062109870639e-01
7.688221348112796250e+01 3.080400304153247393e-01 -1.221893520544470313e+00
7.133142972277335048e+01 1.081068472122024976e-01 -9.689170002008708205e-02
8.864664683691771074e+01 1.777076611393878791e-01 -1.028645023046301579e-02
8.258826672874157282e+01 7.353990943910692080e-01 -1.515646612647150615e+00
6.759118592673677028e+01 3.018270650550754497e-01 -2.215969198101771731e+00
9.000538174274468872e+01 4.634425443195813177e-01 -4.046808333770153532e-02
8.066824142495732985e+01 1.137742942887685349e-01 -1.216459193163463626e+00
9.015129571309661571e+01 3.966481569669238483e-01 -6.745156365880787541e-02
8.816743282373039392e+01 7.963325108257225393e-01 -1.035497394377113078e+00
9.096462745148372164e+01 6.027474756715802684e-01 -1.356142674828624051e+00
9.271053697737374932e+01 7.590831812963974023e-01 -2.834507966819701963e+00
8.591628011883270233e+01 5.072290353555312103e-01 -7.847422994492412318e-01
6.628672913285045354e+01 7.755995260913559619e-01 -2.196867305441319029e-01
7.237271159927541930e+01 4.944060668289596561e-01 -1.946468212210850646e-01
6.899699882091093173e+01 7.605907688309577752e-01 -3.680310310736240598e-01
8.659220009611834712e+01 6.868121599570600755e-02 -9.194860621575530191e-01
7.628671634107520561e+01 6.289306029082610827e-01 -3.256663876149440973e-01
9.203982505764408018e+01 1.275176803731883739e-02 -1.822405626677714528e-03
8.117406018938240209e+01 5.229985913959897537e-02 -2.299446682659795071e-01
7.749333808729683426e+01 4.806167260553311782e-01 -1.807872701511297198e-01
8.935611802748849186e+01 7.253177217682383882e-01 -1.310624775104780149e+00
8.948952014989281167e+01 6.376059216437799382e-01 -1.068138925309854548e+00
9.231968140499537867e+01 2.329291361041651853e-01 -3.190052392143550852e-01
8.394314147488513811e+01 7.363710797903346705e-01 -5.555898949098614370e-01
7.073223566886248648e+01 3.466764506730257711e-01 -2.493728340928415665e+00
6.878816559931820507e+01 6.897573475175112767e-01 -3.046507975053701633e-01
6.988388994513877606e+01 1.420648604386869074e-01 -3.482590842824873772e-02
8.187419678274369517e+01 5.438166224223431877e-01 -2.613851329541910795e-01
7.214704778428981058e+01 1.210747369919499550e-01 -3.778159262700029469e-02
8.479548005820140588e+01 5.234003728545720824e-01 -6.218930185919494674e-02
9.599544813125646670e+01 6.859595906915183505e-01 -8.408723213701713162e-01
8.361585928098929799e+01 1.673475914205896919e-01 -4.190806407177138482e+00
8.809399923321043957e+01 1.986724267027847601e-01 -1.284846462754613838e-01
7.427555828635068735e+01 2.749517947403705143e-01 -1.765951050560815361e+00
9.859923967085526897e+01 2.926422996962320666e-01 -7.759220059557250804e-02
8.016665430574649065e+01 3.768227214291595129e-01 -1.733281361534292145e-02
7.455978949363810671e+01 2.645933121526182763e-01 -1.848407391018603629e+00
9.874848551519676221e+01 6.617463524318075718e-01 -1.083710346489585419e+00
8.168152592745850882e+01 6.229548443335262142e-01 -1.327679188639815655e-01
8.514379885818016191e+01 2.936671442521952835e-02 -1.119504348498329416e-01
7.875076103932204319e+01 3.374484632463674583e-01 -2.886021023747758485e-01
8.700514070194313376e+01 8.470376876320311055e-02 -2.344021028423737718e+00
8.287598120866979912e+01 1.746199752850403630e-01 -9.843189496780992087e+00
9.407322496280532675e+01 5.863432001656041503e-01 -1.355699302736894873e+00
7.774003042725757950e+01 2.275073003319982579e-01 -2.463897649743075124e+00
8.025247057787366600e+01 3.674771609032062569e-01 -4.076328313929489244e-02
8.562164859243677029e+01 2.490687120597247783e-01 -2.953335755418714514e-01
9.753240246926165469e+01 2.401616563435877705e-01 -8.531412755975124884e-03
7.978928790862998710e+01 1.334666288977492954e-01 -1.525303605229736847e+00
8.149742726138592275e+01 1.890072774425018143e-01 -2.237216544715719291e+00
7.929384973316757623e+01 6.104606868877745507e-01 -5.810441779576180910e-01
9.815539913055076227e+01 4.416477726648241897e-01 -6.270345058619426482e-01
9.439291179706708590e+01 4.392582280823290053e-01 -5.319656511645357577e-01
6.698197027084377453e+01 6.554487710894073560e-01 -4.229744649528602851e-01
7.384937114870345454e+01 4.742102578794911705e-01 -3.087983385928579350e-01
7.833113458192035239e+01 4.558481812346955042e-01 -3.994470481103853249e-02
9.629272317616931787e+01 3.742571162671866070e-01 -1.332033919758788265e-01
7.267237903195747606e+01 6.424570638450023408e-01 -1.537987122730263279e-01
8.425473225553568568e+01 7.490983925050336278e-01 -5.707452359568777611e-01
9.322122313151979256e+01 2.819232456758649641e-01 -8.810402866108600906e-01
9.453843850813585448e+01 3.153553592247939630e-01 -6.998120875078346348e-01
9.072427413453812051e+01 5.160717348296842699e-01 -5.429154503882592797e-01
9.480167123648941185e+01 7.004214728922569799e-01 -1.520601872755820372e+00
6.642540294514571997e+01 2.574291556372365619e-01 -4.742640094231462267e-02
9.296885917442659775e+01 4.042904592471117109e-01 -2.787510011355421868e-01
7.053600599972385510e+01 4.145520006515822087e-01 -1.422179913950448293e+00
7.169930950737064279e+01 2.202170279455847590e-01 -1.706720432111604957e+00
9.801664221446476688e+01 1.561336440290318761e-01 -4.126461275952379437e-01
6.798742223089199399e+01 1.035899066472850544e-01 -1.434922731309002664e-01
9.129888692239252634e+01 5.945600120214786788e-01 -9.424474375958703520e-01
8.526121735799364387e+01 7.613666560898493807e-02 -7.800967261396563046e-01
7.560692713741329385e+01 4.178580778104941107e-01 -7.609157917473727273e-02
6.713797023419637355e+01 7.904397864015684227e-01 -5.048140086150406658e-01
8.638731104863310861e+01 5.442725672775940993e-01 -1.094895918844088989e+00
7.483387979274424140e+01 3.219710383632665707e-01 -8.934773219682050627e-01
7.527389105003850034e+01 7.828517853794394465e-01 -8.287625297394457524e-01
9.555302554222632239e+01 5.385702292325821317e-01 -8.298887111897468305e-01
7.965291235910578393e+01 3.627747906108131914e-01 -6.185442378848933324e-03
9.865135152043933431e+01 5.892989194601092606e-01 -1.103066936373364282e+00
9.240877829068180915e+01 1.914824019157815860e-01 -3.501701193202631096e-02
9.155437833801647685e+01 4.642278210133039817e-02 -1.296545513241693093e-01
8.329704893624524686e+01 1.212466647432725586e-01 -8.043909172818194619e+00
7.049092469428362051e+01 7.860764739034844725e-03 -4.675669729539400077e-01
8.249497386173106861e+01 6.815849479897583274e-01 -1.846555410148395193e+00
7.800124025300021913e+01 7.914824943791239908e-01 -4.620900329310592136e-01
8.703943509855869820e+01 2.579450753496589366e-01 -2.218100715723976823e-01
8.131315831932658966e+01 7.876199826888624633e-02 -7.774074713586897056e-01
7.465457827900669940e+01 7.506590739807421642e-01 -6.372108725286494968e-01
9.646139327407823316e+01 5.991011449831105118e-01 -1.255038690632632736e+00
8.277229571153833376e+01 4.433638141757235696e-01 -1.252458458329486879e+00
8.591947685526953649e+01 5.252964292968075322e-01 -6.848180577008083914e-01
9.523719909072261203e+01 4.482264796010108632e-01 -6.240390325179879794e-01
9.428369135575249516e+01 2.914310469801879022e-01 -1.096652347399583283e+00
8.501509515938165862e+01 4.562533500578951351e-01 -9.056276599427087737e-02
8.306617445002993350e+01 6.494069491807946681e-02 -1.041086875960286928e+00
6.786673437455043256e+01 4.968394257142355608e-01 -1.185938092881336337e+00
8.360112851277742152e+01 3.549736600100579231e-01 -7.306117515100772619e-02
6.714689422509282224e+01 3.437242702500762359e-01 -1.383245953632220804e+00
9.135958791609354535e+01 4.037026276507059142e-01 -1.852930346164058384e-01
6.606866255095707174e+01 5.074967891904477169e-01 -1.799834256395677345e-01
7.019034903488466171e+01 5.604968170437444330e-01 -2.465463453446282704e-01
9.034296302033055781e+01 7.392511521107020256e-01 -1.994615307864801679e+00
7.942692310484044071e+01 3.925389903605535080e-01 -1.749406278295208284e-02
7.606222503400412904e+01 1.788687418250536343e-01 -1.115578000913623580e+00
8.824656570159137914e+01 3.981369289043720783e-02 -6.521891581575584018e-01
9.180382663711586133e+01 5.782995773679606710e-01 -6.637803630593438475e-01
9.798178105743485844e+01 1.693673413469292677e-01 -2.424482863465814708e-01
9.251052873845175384e+01 4.162388143466850265e-01 -1.021916235160635900e-02
7.755584704985422206e+01 9.075486323014014811e-02 -2.283616231667876667e-02
8.067276308758377468e+01 7.626308586234549214e-01 -9.077369172758775751e-02
7.633341290684757041e+01 6.055437334519013781e-01 -3.280826718258322838e-01
8.521781101360201660e+01 3.764276598687444908e-01 -3.489605139704715087e-01
9.615881844092899655e+01 3.879200967545206602e-01 -1.874214508317842698e-01
8.050709311590982509e+01 7.047198424249152549e-01 -8.876338948231167481e-02
9.000128296678147422e+01 2.243054818810020778e-01 -3.346201016545773399e-01
7.457555681909521184e+01 9.770685870391764005e-02 -2.941465092301505657e-01
7.861789702682210645e+01 4.791941839979388940e-01 -1.993284752384762437e-01
6.642654905561671796e+01 1.059789176342420536e-01 -7.965594497723155198e-01
7.100641308984005207e+01 4.812472596873864639e-01 -1.104340284197906641e+00
8.895475677860376607e+01 2.014696918942834175e-02 -7.818446019819012480e-03
8.457989804751125007e+01 7.145083166240884243e-01 -6.600317773752335526e-01
6.982710911207004756e+01 2.641036225976337026e-01 -2.989779997901321207e-01
8.921898853013738062e+01 5.172445718598880360e-01 -1.360928914770242137e+00
9.374141528214495622e+01 5.490503374344215537e-01 -1.053758352892563810e+00
9.740990815099058864e+01 5.723788835787331220e-01 -1.687613326491167909e+00
6.872381712803192499e+01 4.938470672148425056e-01 -3.891105697771603533e-01
9.828927062418401306e+01 1.665912309937888358e-01 -2.844842644552547095e-01
7.508371477536412897e+01 1.022200399731176476e-02 -6.171888732713266545e-01
9.340553264366860731e+01 7.358038005504543566e-01 -2.146672293618033134e+00
9.069281402025070804e+01 6.675250633326146321e-01 -2.057702371865304247e+00
9.466938919261197327e+01 7.269945943847658798e-01 -1.622224328009104211e+00
8.727994665439230459e+01 3.728569823811314077e-01 -2.660226366234635265e+00
7.692391542557130890e+01 6.951725286468897202e-01 -2.231053188634426337e-02
7.195253848199901370e+01 6.796944838015783752e-01 -7.976170749546254157e-01
8.878078078681124907e+01 2.456167583986952341e-01 -5.063481419050277488e-01
7.076274836737763962e+01 6.487343641656093673e-01 -4.029978106485636036e-01
7.331811619575692873e+01 3.116970764493637858e-01 -1.261919033458186012e+00
8.411394764223668119e+01 4.656066509799395847e-01 -9.629521669890676872e-02
7.666945227499682858e+01 7.803050287998227752e-01 -2.049068498987995091e-02
8.631852184590843535e+01 3.162354993304864609e-02 -9.152587539127576832e-02
9.299350475332261112e+01 2.876557595311533544e-01 -6.091258623813837758e-01
7.411755326379231690e+01 6.316197122495645910e-01 -8.078339683116647629e-02
8.114637445718231845e+01 2.533221913974899597e-01 -8.175509749437335216e-01
9.087051019955308107e+01 3.144393038176694910e-01 -3.785269144682509301e-01
8.775692974972645288e+01 6.967162523685895836e-01 -2.100945666215008611e-01
7.138242667023754962e+01 2.212334413347376572e-01 -2.078106806234075954e+00
8.181238263368479124e+01 1.432007034737539652e-01 -4.125734221604736796e+00
8.665919959333979250e+01 1.490166727182299367e-01 -4.436163281948156900e+00
9.581856355024740424e+01 4.846076254290809793e-02 -7.480178461343260921e-01
6.861130977052934554e+01 4.346020442287300556e-01 -5.029749832879761851e-01
7.997200439791318161e+01 7.734347634671845384e-01 -5.932160859883624238e-02
6.927101660077867962e+01 5.281414655294764948e-01 -1.223421995521904448e-01
9.676618203253698880e+01 6.189646080549425777e-01 -1.547377715140512366e+00
8.813703989919096671e+01 5.555872724226845749e-01 -8.187282317692979872e-01
8.445165648382574375e+01 2.119522161904392188e-01 -2.421775986747490284e-02
7.830268478596157422e+01 6.131206238047085533e-01 -4.460896753153577587e-01
7.256414845039461170e+01 1.581070665562275268e-01 -3.441834029385454352e-01
6.751627690645982227e+01 3.319634218525609470e-01 -2.242569563017508649e+00
7.278425637219702082e+01 6.379689352401892721e-01 -1.813515608394139500e-01
7.298151089742006548e+01 6.561835901410062455e-01 -2.256557062952311288e-01
8.578897127580363247e+01 2.967420598947421717e-01 -6.797517940034326633e-01
9.477138117153397445e+01 7.930947281719737951e-01 -1.494194484669878698e+00
6.828189706612090504e+01 7.530821819060522504e-01 -5.941071385193279486e-01
9.717036116108575072e+01 1.133989336079364585e-01 -1.338173478160344265e+00
7.892716997641173293e+01 8.478777227913644743e-02 -2.754768316183919818e-01
9.386595593740445054e+01 4.242698147850800239e-01 -6.436507982739989586e-01
8.959473123575781983e+01 2.770622502399493481e-01 -6.754774277091920576e-01
9.902750400030431877e+01 3.462666896730894894e-01 -1.326731901114835965e-01
7.379397555055905400e+01 1.321632857837251318e-01 -9.125652743366427511e-02
7.202282393669827343e+01 6.479817679225305938e-01 -7.844153065691817917e-01
6.683593310939538412e+01 4.139808917039607405e-01 -2.438130088571211496e-01
8.194636880426787684e+01 6.135804049404985222e-02 -5.101552748490371242e-02
7.779556228435527032e+01 3.237353304611719218e-01 -9.844740709209411911e-01
7.529142855474589169e+01 2.367324927934013612e-01 -1.433234421526506264e+00
7.574266820673895495e+01 1.963722183859209769e-01 -1.289927773311430048e+00
6.933242804494665279e+01 2.003769103851809619e-01 -2.124377475175246999e-01
8.464955115534576180e+01 2.312569216141709995e-03 -3.642349829319946886e-01
6.848703682760543643e+01 4.879208933205738674e-01 -4.962828406012914084e-01
8.097184526814653793e+01 6.686793909677568593e-01 -8.553313550489485481e-03
6.694232387634741599e+01 2.465947200630771441e-01 -2.427867755494835522e-01
8.383694704810160658e+01 8.524188747588769266e-02 -2.267348674905969474e+00
7.030608288539860951e+01 1.731704020086306528e-01 -5.869475586454654392e-01
9.850698007990543204e+01 5.020670378861515903e-01 -9.057052018373243918e-01
6.965112621724364317e+01 1.604390219933864992e-01 -4.747784291256092887e-02
8.629240977180448624e+01 4.782251035846302178e-02 -1.095612616596084998e-01
6.931755304511301574e+01 7.757312949609087571e-01 -4.641502370328979832e-01
8.912126164876255530e+01 1.453554778399877290e-01 -8.368132542747018510e-02
7.669919787774536246e+01 2.759636441936948528e-02 -1.007832251671956669e+00
9.543138817140153662e+01 1.208584848001559992e-02 -3.411288004062510565e-02
7.507026236318937151e+01 3.958789404204387519e-01 -1.950694888042615316e-01
8.043980840282310396e+01 1.573973895131417777e-01 -1.104776279835789632e+00
8.239707161513726419e+01 5.094109816435472560e-01 -1.565601144532410061e+00
7.982455180638385173e+01 7.077655762710525211e-01 -3.044657314902189660e-02
9.596014339410803018e+01 1.290143449989559488e-01 -1.307923527368691774e+00
9.779761052142194444e+01 4.546700858746325347e-01 -8.954286177939380087e-01
6.794565533251527256e+01 6.275516869192870884e-01 -7.287334921837155255e-01
8.758601093666827353e+01 4.738594990874651636e-01 -1.717793321002724749e+00
9.442959930662857460e+01 3.817266849034466891e-01 -4.801247789801518229e-01
8.916255911789356503e+01 3.390336030341599138e-01 -1.136562739814722889e+00
8.131804960635365376e+01 3.453941923924761515e-01 -1.529704104272452680e-01
8.702051184240735893e+01 2.923954221046489721e-01 -1.008313855866286524e+00
8.561513565028181461e+01 6.459211282386255748e-01 -5.916401641452304766e-02
7.127258266822919097e+01 1.004337691327564785e-01 -1.790689322210827772e-01
7.695423116590913537e+01 7.238439893776174583e-02 -2.339763712273572605e-01
9.489028693147703564e+01 3.323354623589975798e-01 -3.442165625055946254e-01
7.299388833373186003e+01 6.986521424729685847e-01 -1.962331661849456566e-01
6.802688296648493349e+01 2.354259638749033601e-01 -2.139873108673107982e+00
9.375901962576739379e+01 7.623007737287774699e-01 -2.123205893786010101e+00
9.511357083729443218e+01 7.525057126387095785e-01 -1.029547081422693688e+00
8.443202401890712849e+01 2.020924417484228908e-01 -4.915671226471779454e-02
7.538291929545405878e+01 5.565311740488684267e-01 -3.752510273128213947e-01
9.725909455899679301e+01 3.035147913341341153e-01 -1.219980451600470236e-02
9.684979853316662002e+01 1.114323056651582572e-01 -1.716716043622484644e+00
8.873569250905023864e+01 3.607927571667585709e-01 -1.447560240755255245e+00
7.949973457287748602e+01 4.942548753376625470e-01 -2.530495593068588511e-01
6.737541658215455698e+01 5.752583441303785738e-01 -1.082394665065299799e+00
8.999637265501749539e+01 6.166201319835145078e-01 -6.640633833262616914e-01
7.187230921972377473e+01 4.422213533400121688e-01 -8.075849098685865535e-01
8.584278109658848166e+01 2.859856683695792268e-01 -6.117483649535502277e-01
9.184528568093219292e+01 7.481927359302001923e-01 -1.853501530703832501e+00
8.015060763598484073e+01 1.412184982143952217e-01 -1.112040977543340636e+00
8.177160603457350874e+01 5.644522900265037668e-01 -2.148010529380268985e-01
7.567364819457276326e+01 2.243584759239561910e-01 -1.311754403032168170e+00
8.297136651604850499e+01 3.584675738659037769e-01 -9.786370138275733710e-02
7.068384957468710184e+01 3.845940808470484917e-01 -2.083054725327682100e+00
8.325888633297822139e+01 3.133858034740106824e-01 -1.349193217689779456e-01
9.017920250053344944e+01 4.617831674341548731e-01 -2.473524977073518136e-02
6.603426744132687531e+01 1.907852323807436579e-01 -8.016937447173487497e-02
9.134531523580815815e+01 2.513808798448488591e-01 -3.535322177903299501e-01
9.161253589763713023e+01 2.722353577023941540e-01 -7.149565627020159075e-01
9.284792086262729072e+01 6.136396357051626671e-01 -1.681558934713077269e+00
9.275157339077550489e+01 9.132932300423958483e-02 -1.508185352694893400e+00
8.409754891815819633e+01 3.109087480745136856e-01 -3.726273653561128912e-02
6.727668225418352677e+01 5.806373041365494592e-01 -1.006094044510615682e+00
7.922042528723369514e+01 7.395214086406335374e-01 -5.796320635455273207e-01
9.814796158573588514e+01 5.712062942958359701e-02 -5.011399346466866023e-01
9.372541642637186499e+01 6.917359521755285234e-01 -1.889807257267624774e+00
7.822104231320412282e+01 7.171696474836192214e-02 -7.621357274367506207e-01
8.736251439038272792e+01 7.230596055182786364e-01 -9.473746330891905792e-03
6.969619218732570687e+01 1.966419977794882090e-01 -1.085609925456149372e-01
8.268454649476095142e+01 3.717544617575959526e-02 -9.862337682014296614e-02
7.741991613318288046e+01 2.162855704534223378e-01 -2.194193586714125122e+00
9.060984076461043912e+01 5.987852634543551211e-01 -1.341148599539110142e+00
7.391872932921125994e+01 7.777876373085685913e-01 -1.164523219144500688e-01
7.419860808747591818e+01 4.340343458846369629e-01 -2.616690578579155546e-01
8.068973124795930119e+01 3.700767956877180631e-01 -1.570219009337077420e-01
8.199517650971345972e+01 4.265049856787590521e-01 -1.390879200482665889e-01
7.490576370066278855e+01 1.834265249195527470e-01 -2.073026388731534109e+00
7.148565278374611864e+01 5.330299883526782301e-01 -5.293494807051777329e-01
7.336655861933792266e+01 7.146732297511779741e-01 -3.971103930519995218e-02
9.331484096097869951e+01 4.004525069623033895e-01 -6.949149055915484485e-01
7.041500437092659581e+01 7.957262431689114957e-01 -1.002707456247512764e-02
9.214599230590306433e+01 4.236897567205742954e-01 -1.601624181234419242e-01
7.844523899549956525e+01 4.691114418091905103e-01 -8.172256447456018036e-02
9.426508757607305711e+01 6.620285540996326823e-01 -1.863571913584766815e+00
7.874733473737187239e+01 1.179103010378161898e-01 -7.254772537850666669e-01
8.845437947197007134e+01 4.155893735847761561e-01 -1.579035546070753249e+00
8.800831928515871994e+01 7.346625962757185047e-01 -5.246684656325689700e-01
9.639450474310727657e+01 6.754462420856214289e-01 -1.138736109256095475e+00
8.487153698817030545e+01 2.567200936766997343e-01 -2.467740561082746448e-02
7.229076926058544927e+01 6.020957083050473280e-01 -4.267327637822473929e-01
6.876195172431758351e+01 5.171579419600997873e-01 -3.551542257779428113e-01
7.626131382462924080e+01 2.656897918558465688e-01 -1.436419246640583181e+00
9.083694784834439417e+01 3.235036227179633461e-01 -3.417174139605460570e-01
7.247389020727929676e+01 6.873447648419706013e-01 -2.838311148340471601e-01
7.775278332767929612e+01 2.140053916842752091e-01 -2.758513194929510526e+00
7.276559285633062757e+01 5.322680020203257589e-02 -2.174300297241171243e-01
8.530410290369644599e+01 7.903210799388825647e-01 -4.591788191592102719e-01
6.641930689259922360e+01 5.436907039782333806e-01 -3.683535747688745227e-02
9.770810741922726095e+01 6.484168789391135945e-01 -1.377076570226610341e+00
9.665374164700057236e+01 2.141119376838702959e-02 -2.005886026716938997e-01
8.682077524438734883e+01 5.850986982427105465e-01 -1.042292201600936608e+00
7.593785804042627774e+01 6.322557253721269310e-01 -4.633492332988899953e-01
8.971231211995763033e+01 5.481695757394858814e-01 -4.491846994420168326e-01
9.899978240690529674e+01 1.211368321486613192e-01 -7.790012957547902683e-01
7.443921567455090837e+01 5.224745793169150998e-01 -1.494886535541900818e-01
8.549309139694790360e+01 5.039573146999564157e-01 -4.234556639526259603e-01
6.753028012498975841e+01 7.856004899488709947e-01 -5.499305036611242814e-01
7.133152766130120881e+01 3.922014050536463126e-01 -9.927353320036313988e-01
7.122500636544958752e+01 7.322831997199492904e-02 -9.958241351401676544e-01
9.354193198657934261e+01 4.444615449315058031e-01 -7.302654053964571235e-01
7.738734904320733676e+01 4.870783679597988081e-01 -1.769233394864533626e-01
8.358408639427081255e+01 4.671774678943156900e-01 -4.754022604105997973e-01
6.952658393192561448e+01 4.072084413594365682e-01 -1.664568732163635156e-01
8.709725332208525117e+01 6.535071371476086632e-01 -3.505518998750632997e-01
6.872049575654162368e+01 5.851446744282227108e-01 -3.347945398538804684e-01
9.609800338844053158e+01 5.658708890018254722e-01 -9.654787727452702750e-01
7.434661832388162850e+01 1.933958086389888642e-01 -1.800001717692999215e+00
8.028432398268257941e+01 3.893302751560903663e-01 -1.725933533002424469e-02
9.735716474784106822e+01 2.932957686117814156e-01 -4.252683017362775438e-03
8.846610393164382913e+01 4.780348747778439544e-01 -1.368079345374386913e+00
7.667539873179082122e+01 7.742071279281308449e-01 -9.262812455104083367e-03
9.672565754507628810e+01 3.091000682537750066e-01 -1.526480421617529455e-02
7.839623413152199305e+01 2.278479864435883351e-01 -3.585654115156428734e+00
6.678265768503464983e+01 1.633302810534125946e-02 -1.407109539367696061e-01
7.265414161747533228e+01 1.632921590131257705e-01 -3.436037945559478612e-01
7.861777320003368175e+01 3.010964056914625653e-01 -1.027681912317086388e+00
6.663619308855564327e+01 7.655476589235434837e-01 -3.606062145530892771e-01
9.872592674531497892e+01 2.526247659985064176e-01 -1.262488787792126477e-01
7.700018487504399900e+01 3.288444228583029538e-01 -1.062410331534850760e+00
6.775476151642945410e+01 8.565106400865440950e-02 -5.898580426787968234e-01
6.611777901774352983e+01 3.494062349359088882e-01 -3.495620003920402175e-01
7.821223987497441499e+01 7.970980252422765755e-01 -5.712248085375682960e-01
9.080741430616477317e+01 2.335977275085932559e-01 -1.322338359239222383e-01
7.066219317539039935e+01 6.886585713633831540e-01 -2.024682709201437170e-01
9.579141323650138418e+01 7.314059930632652584e-01 -6.877403351075546123e-01
7.397432103825754268e+01 6.479697831834545507e-01 -1.596613426511242495e-02
7.250729150002206325e+01 1.242362299168343898e-01 -4.586023972161987206e-02
9.139346032260934294e+01 6.258064679849815182e-01 -1.187469263436225164e+00
8.550560005647660944e+01 1.131592932383932437e-01 -8.600367649455884500e-01
7.011686536903425804e+01 4.374036329805708334e-01 -5.681827289760628119e-01
6.701546935374865654e+01 4.574120318054962775e-01 -6.191254066132514389e-01
8.263070369201702192e+01 3.137418202111353915e-01 -2.304624716348455393e-01
9.825666225976578971e+01 6.004763398389836304e-01 -1.082675184789746892e+00
7.784504829694284922e+01 1.465829452937277011e-01 -2.063827289882984584e+00
7.339624522347403968e+01 2.001571109605735088e-01 -9.178618233556408157e-01
7.049710435902623828e+01 3.737164972075709413e-01 -1.704568466324303921e+00
9.746907661624894104e+01 6.386321294224082123e-01 -1.643716451371697307e+00
8.443902322915494096e+01 7.488968869879918389e-01 -7.326968075024304916e-01
8.082160811341360329e+01 5.280084652258224542e-01 -5.767795956221533765e-02
7.954387004821485618e+01 2.454432513900625112e-01 -1.157700148191602940e+00
7.367754698596193919e+01 6.147208564814727882e-01 -3.190785338535355453e-02
8.877029944052915766e+01 1.785189981214788668e-01 -8.667337520500855742e-05
8.611387266242451233e+01 7.598047354237938977e-01 -1.538698025300913597e-01
7.164557496423142879e+01 5.072292228907604450e-01 -6.404980330524325804e-01
8.415471724222412320e+01 8.931159353983594840e-02 -1.435535416697270250e+00
7.971960070104665874e+01 2.623194639878468903e-01 -6.743557408432017120e-01
9.473102889406479221e+01 4.936569197266816866e-01 -8.892003810363658944e-01
7.628665402089181669e+01 7.047260518963228693e-01 -3.708631798882333630e-01
7.510387878294304187e+01 1.281170600023470996e-01 -5.315378693064498616e-01
8.997274049277343977e+01 4.481283274085942070e-01 -3.630384400026313158e-02
8.466596025453030450e+01 1.846497619867213391e-01 -5.920354253125148514e-02
7.468491961093167220e+01 6.214075909320364577e-01 -4.543286349784170786e-01
8.623376080642501051e+01 5.135050571769379513e-01 -1.116386194330272419e+00
9.158394887207596469e+01 2.395067691096133735e-03 -3.555828319660692127e-01
9.333400767872714709e+01 9.885693136656265034e-02 -8.572201898519804519e-01
9.777171137339495033e+01 7.373630313684965687e-01 -1.149668369310050897e+00
7.315689169041414175e+01 3.631854456321752522e-01 -9.393486861842612612e-01
9.523196459483274623e+01 6.679264414635927016e-01 -1.008924084843364044e+00
7.206228752775078306e+01 6.622059912760130951e-01 -7.944002773268799000e-01
9.388426614785981883e+01 2.208790154780108095e-01 -9.116373644498905193e-01
8.286078101086749825e+01 7.205480009688471910e-01 -1.255303242062513869e+00
8.510252931097811313e+01 7.148627705573021851e-01 -5.177480848626044851e-01
7.890606010367255863e+01 5.538313309804308027e-01 -6.373791248366004192e-01
7.554135933759533827e+01 2.778863003701513845e-01 -8.018099776003071444e-01
8.213288495460915328e+01 5.773774529946760214e-01 -1.044143294356032259e+00
6.827900653325914959e+01 2.687377526635438274e-01 -1.692002477638458569e+00
8.943270256041145672e+01 1.582721122545912018e-01 -4.135141279249337359e-03
9.068300167647139176e+01 4.115010245026431424e-01 -6.790695720527778478e-02
8.791335094480734824e+01 6.842993996800138257e-02 -1.630962197175405359e+00
9.684622197630787355e+01 4.199916663668327721e-01 -6.071749140178387405e-01
7.566465821424743865e+01 5.705641176601189413e-01 -3.245235397041171810e-01
8.889707886203956377e+01 5.991187709148729779e-01 -1.584807075828756240e+00
8.115039520583179922e+01 3.442063574447208618e-02 -1.532685864461897363e-01
8.323206348597194904e+01 3.544160700513104278e-01 -3.618198013724528705e-02
8.675453214774512389e+01 2.101185671863861626e-01 -6.184530888342224531e-01
9.411264004763728508e+01 7.794596606098199709e-01 -2.195136404228323013e+00
8.223324454744115997e+01 5.247829032207456113e-01 -1.246048876756440826e+00
8.123398859939666750e+01 6.377987626404217625e-02 -4.895370477645894502e-01
9.226600340218624297e+01 1.408227711755648537e-01 -1.160724984177561758e+00
6.862830466901181126e+01 2.802705264526469398e-01 -1.067695089433098321e+00
7.998437677220108810e+01 5.208394113518432372e-02 -3.266965825519518862e-01
6.997630276917682579e+01 2.513406999586479534e-02 -5.988932649448996948e-01
8.953214351686430916e+01 3.824106994326617048e-01 -7.471072497290394132e-01
8.731976391835371487e+01 4.278598288444495079e-01 -2.644465232786465947e+00
9.502694092602840215e+01 3.385585258845018042e-01 -3.032833930871357553e-01
9.274036149912242877e+01 6.741066542764545533e-01 -2.224912885733103085e+00
9.186007242313263532e+01 1.684569263063258049e-01 -3.910753538482567571e-01
9.839447119354471738e+01 4.113895506690815052e-02 -6.673171458557803915e-01
9.024390693731719182e+01 7.003124241065882272e-01 -1.503108932547837062e+00
8.173637792650846734e+01 5.484470415357489692e-01 -1.531207881676374671e-01
7.601317874111144590e+01 1.085354484081715865e-01 -3.370610334125437313e-01
9.293237199551700201e+01 3.250550684502935272e-01 -5.125640113701717127e-01
8.748751730450405262e+01 5.428039887390311291e-01 -1.035789605680117687e+00
9.555032516587058922e+01 9.883278760267746876e-03 -3.404220386379445962e-02
6.907989140659050520e+01 6.800472892816911141e-01 -3.380572329079294391e-01
8.476285907575145018e+01 1.275744996849088042e-01 -4.480253784952488716e-01
8.309605144195668913e+01 1.968163292441073020e-01 -6.425389261673683627e+00
8.314348605801511383e+01 1.370939539439906818e-01 -9.804310050988750191e+00
8.420153274115109809e+01 1.087151018975447275e-01 -1.368156223279647588e+00
7.700236016782844217e+01 1.575617037026508932e-02 -1.098902227509739982e+00
7.540724811498093061e+01 1.643350939013079604e-01 -1.160605575508112164e+00
7.734667896526254083e+01 7.689437536965726405e-02 -1.832991066475675723e-01
8.211617895992119998e+01 2.626700860555488681e-01 -2.216313965334412384e+00
8.577700234264631263e+01 9.597651560659435643e-02 -1.293906945606392744e+00
8.798493747121227671e+01 1.295413295285711697e-01 -2.721323188759078970e+00
7.685898223298583787e+01 2.192026924687491829e-01 -1.865419580496315399e+00
8.248253333835712908e+01 4.186144865223154210e-01 -7.746673446407279506e-01
8.727054164104401934e+01 4.521111006358185525e-01 -2.518066338922785086e+00
8.750447542361520448e+01 3.290735418800585510e-01 -1.898496366382540712e+00
8.345506623939914448e+01 1.572878087982978734e-01 -6.276412020022733351e+00
8.821479389717121933e+01 4.209767742970356719e-01 -1.614552202339037512e+00
8.327406769916115081e+01 3.734703491108163909e-01 -1.085859910621757435e-01
8.981810600562111802e+01 2.548091705356766989e-01 -5.362560992709198837e-01
8.238797808191868910e+01 1.089350009057794555e-01 -6.290854751300736680e+00
7.408263964660646650e+01 1.143809841621745566e-01 -1.545385021408114505e-02
7.477550914834350237e+01 2.445337225229191058e-02 -1.150785221087272436e+00
8.193937546969559094e+01 2.404234209783819576e-01 -2.692570392119795653e+00
8.319796336851050000e+01 3.099864323667181898e-01 -1.707560201713774484e-01
7.656887230462481853e+01 5.533709300349386878e-02 -1.472135998327932516e-01
8.505331569667364988e+01 1.691308482094560917e-01 -1.359029718319264557e-01
8.279396071385292544e+01 1.756650303663785384e-01 -1.000409365720239485e+01
8.249096598831340543e+01 1.570308201831359662e-01 -1.093908092367132667e+01
8.338083377392869977e+01 5.842626875098857475e-01 -8.975344635232221924e-01
8.243156007687686326e+01 1.871172672813282700e-01 -8.972701947355890439e+00
8.210287405558570129e+01 1.419705475590789800e-01 -7.440844804824761738e+00
8.228840718473874460e+01 2.046438802744575680e-01 -6.664232172033541346e+00
7.469976613743979499e+01 3.915534828914441490e-01 -3.858701471016625639e-01
8.534919782921987519e+01 4.083656477105759852e-01 -4.783118524667950289e-01
8.206662317284681762e+01 1.298920597856204340e-01 -5.841292551684859724e+00
7.732858732464771379e+01 3.603496322421874121e-01 -8.147109925478790426e-01
8.868058465506139498e+01 3.638844563973258062e-01 -1.502617973525690598e+00
7.745003597751509972e+01 2.331720002054127328e-01 -2.098025030621898157e+00
8.217478470778445399e+01 1.750694245821314832e-01 -7.771793777839404171e+00
9.016694325523152997e+01 5.495384641229311695e-01 -4.133390946483302408e-01
8.288689146434862209e+01 1.102062545882268596e-01 -8.470548751122155551e+00
8.837949720477257642e+01 4.280934449387748808e-01 -1.548091653346337138e+00
8.177844134676155363e+01 5.577609481873816444e-01 -2.081740835998527606e-01
8.793535962787626659e+01 4.311057833107798110e-01 -1.746606171256690043e+00
7.500188519673618259e+01 3.333412738989973700e-01 -5.444420471685539331e-01
8.338419237066402445e+01 1.485495989545712325e-01 -7.475395024545522737e+00
8.185200955548047830e+01 4.343047237481896250e-01 -8.462626498488305671e-02
7.999158443679255015e+01 5.324499237209505687e-01 -6.178866810277421767e-02
8.270741986073218754e+01 9.228517813506614820e-02 -4.791812648644137695e+00
8.352735134376212045e+01 1.375645848771755719e-01 -6.097387833392619250e+00
8.923069626564564771e+01 6.038810453742268214e-01 -1.459924673229815673e+00
8.267196221675897050e+01 1.637013520327110505e-01 -1.110391257491987638e+01
8.280777819439904874e+01 1.501002338008481096e-01 -1.154610264512815831e+01
8.304602843130672341e+01 1.419785697663367985e-01 -1.036088580151272964e+01
8.296639049076513572e+01 1.184205640876991456e-01 -9.492747359936632989e+00
8.268754914986882909e+01 1.547045299690763820e-01 -1.149663910838951786e+01
8.229955293634310465e+01 1.622966153544374568e-01 -9.371190671151286011e+00
8.323460017830582558e+01 1.449466427506441446e-01 -9.108142768953692681e+00
8.217114187078479404e+01 1.760109724705833933e-01 -7.743687296344420545e+00
8.258286703398671591e+01 1.229444788652900578e-01 -9.827781346687647357e+00
8.325493525721961419e+01 1.244698279843583499e-01 -8.203008484836527003e+00
8.244380378093663353e+01 1.883503174390356305e-01 -8.869352252767875200e+00
8.293972432491962365e+01 1.916661572364640465e-01 -7.744328564077409105e+00
8.222686501712166773e+01 1.616903796348562183e-01 -8.704687312685690515e+00
8.288821970189627564e+01 1.828957225839827061e-01 -9.025847708265205327e+00
8.259878520289720427e+01 2.045460582324535592e-01 -7.357865240586106026e+00
8.237605697591759224e+01 2.041881135804024527e-01 -7.245322969231143162e+00
8.319886782288128302e+01 1.005018169524665855e-01 -6.346017394950390411e+00
8.241214780091615921e+01 2.191400396417223784e-01 -5.854364035599307847e+00
7.948662763809628018e+01 1.921528491744405737e-02 -2.512025989920425140e+00
8.262035252425441456e+01 9.531992917922725572e-02 -5.196823431308371433e+00
8.184301136576988256e+01 1.402179964713153870e-01 -4.562424853481386045e+00
8.306144243952223860e+01 2.097998595711133563e-01 -5.504741209655855450e+00
8.349194916556741930e+01 1.039529299525746853e-01 -5.158985456121632396e+00
8.003265513352829430e+01 1.664414852315624915e-01 -1.265101502387562693e+00
8.277578345599258114e+01 2.379417641704576758e-01 -3.639318994774312976e+00
8.291380115082819202e+01 1.418320680797863498e-01 -1.117692622104224753e+01
8.264755893641040529e+01 1.439386484745184547e-01 -1.143638391327788462e+01
8.303068931137160291e+01 1.638459808382611571e-01 -9.977134263767709399e+00
8.312658456619124081e+01 1.597508029649588601e-01 -9.129102788175917027e+00
8.278501593016608240e+01 1.897262770357566186e-01 -8.780094381948201132e+00
8.267384883463557799e+01 1.891752374589910080e-01 -8.954676081517094488e+00
8.256934824135011297e+01 1.240987458676383465e-01 -9.586858068242536390e+00
8.285448740670656775e+01 1.168189817487386012e-01 -9.467612655198225369e+00
8.212033856942424848e+01 1.666434537146003203e-01 -7.193324339494379771e+00
8.315514997867482805e+01 1.200976236782575896e-01 -8.534525572338516497e+00
8.321688684221969368e+01 1.669857535517936808e-01 -7.977971639256703718e+00
8.308880718365372786e+01 1.081851715092907312e-01 -7.703202064767276980e+00
8.251263965100109488e+01 1.949578852082617386e-01 -8.379721225531287843e+00
8.342695050646746324e+01 1.344261048433462447e-01 -6.925878768216594317e+00
8.247893698136864771e+01 2.218472977627673481e-01 -5.625989845671233169e+00
8.197397885254225969e+01 1.601465752685791166e-01 -6.441038951764174847e+00
8.245009668410878589e+01 2.072977960534163333e-01 -7.071112105472167286e+00
8.201834130567770842e+01 1.739984358566251665e-01 -6.365960696669572982e+00
8.336643350031913258e+01 1.028680629196272733e-01 -5.555583176981544469e+00
8.352778098562659181e+01 1.330476261732442267e-01 -6.139889807706180314e+00
8.294478881387998115e+01 2.167920254726822538e-01 -5.339645206599398009e+00
8.190102261783948734e+01 1.451114913912991689e-01 -5.372272994521310352e+00
8.213102732167304509e+01 1.100084406065703901e-01 -4.322920945422756844e+00
8.212891243091942783e+01 1.136840764518087799e-01 -4.784557998221577790e+00
7.686590570209102680e+01 2.029085301241702055e-01 -1.843719626977024628e+00
8.267084829788514355e+01 1.400397456210915326e-01 -1.146271342163569074e+01
8.274301986788758256e+01 1.392437632520541479e-01 -1.146139860956605006e+01
8.279570497625310566e+01 1.564012038290981121e-01 -1.136109927267037456e+01
8.288237271960559838e+01 1.550158531501523995e-01 -1.122363072291478936e+01
8.294730717944678133e+01 1.535048043514373461e-01 -1.098174514143120817e+01
8.289452224866896302e+01 1.504969111361477430e-01 -1.107398677467231529e+01
8.285162470737307672e+01 1.345790459620609114e-01 -1.118472287194983572e+01
8.279250909444334638e+01 1.271824733804407248e-01 -1.066857646285487426e+01
8.251003049070827444e+01 1.699625314700982104e-01 -1.045347130566998040e+01
8.268179525457017576e+01 1.210629070492910409e-01 -9.831762121535689403e+00
8.260919934490948435e+01 1.707367280115839048e-01 -1.059142461021654569e+01
8.297934431405681721e+01 1.627564359559146301e-01 -1.003513313509669835e+01
8.241859530104029830e+01 1.734720659810522481e-01 -9.960625383430006252e+00
8.300614945276034007e+01 1.739636500657599782e-01 -9.132833802340273976e+00
8.241953689842979713e+01 1.565122958486891425e-01 -1.053468778224481639e+01
8.236639318289873302e+01 1.479959811854738017e-01 -9.869228540564940033e+00
8.316072728008546733e+01 1.584010687760204206e-01 -9.224792220891329109e+00
8.317323545518316052e+01 1.307590198778588453e-01 -9.069730505068475779e+00
8.233838570138468071e+01 1.395386690694599696e-01 -9.466216085333689634e+00
8.330596086940822431e+01 1.448162358382846793e-01 -8.377171212808008249e+00
8.236976012538458747e+01 1.784375121984797530e-01 -9.298507774725765174e+00
8.248892645500914966e+01 1.925052243002937091e-01 -8.508640305740984289e+00
8.317736191261678869e+01 1.293310986690049402e-01 -9.025664460968064517e+00
8.298260648187856248e+01 1.154658484376976102e-01 -9.130106177732059791e+00
8.222433004059654138e+01 1.649598179811471999e-01 -8.679280604869488158e+00
8.261127580865456821e+01 1.347807562200615539e-01 -1.100765423907559537e+01
8.270249280132679814e+01 1.517096106858424331e-01 -1.156689357776224014e+01
8.274927780306259706e+01 1.518742580306527978e-01 -1.156625784267839308e+01
8.288541256300669602e+01 1.450859186389042710e-01 -1.143762937993968443e+01
8.266386536561836351e+01 1.478155948195553904e-01 -1.149890617588771669e+01
8.258677460648121382e+01 1.425034335253772544e-01 -1.112545380672657025e+01
8.286445076895542172e+01 1.430191218022587862e-01 -1.142850936047036470e+01
8.257749816280551158e+01 1.587782404866529273e-01 -1.117918306792001992e+01
8.279131931498811525e+01 1.401529449900019153e-01 -1.148657165307271200e+01
8.257038349731416815e+01 1.528367307495634986e-01 -1.128994405994585826e+01
8.242717780460520771e+01 1.609293920090828223e-01 -1.047212074293133455e+01
8.296664295860449556e+01 1.491908441857772716e-01 -1.071824976928100526e+01
8.287512628296929051e+01 1.523683584107780042e-01 -1.131823369359765685e+01
8.270957292542853168e+01 1.563091668524587419e-01 -1.144686272522935155e+01
8.265319066383214874e+01 1.572404583771778719e-01 -1.138047075864873747e+01
8.276493026192139268e+01 1.387926008683633972e-01 -1.144422853682836561e+01
8.257425878982147083e+01 1.428850831577311575e-01 -1.114259639279890202e+01
8.280719285026715681e+01 1.319995353331711030e-01 -1.104391293506800942e+01
8.283026716780038612e+01 1.602677438363825646e-01 -1.118167521939681563e+01
8.263967375161166729e+01 1.690650823569528893e-01 -1.076697998723249583e+01
8.251820858256165536e+01 1.682941453795728792e-01 -1.054534084234263425e+01
8.271384904248519376e+01 1.743380356425933420e-01 -1.029425290434519802e+01
8.239005728499694214e+01 1.466630404848775215e-01 -1.041726731453329080e+01
8.251176065418658823e+01 1.486570890072710649e-01 -1.093021029243064923e+01
8.296385890395748675e+01 1.485320754880347371e-01 -1.073556575917859490e+01
8.273322229510577586e+01 1.376892533900839766e-01 -1.135321220250985341e+01
8.285507069986479678e+01 1.465146223175470830e-01 -1.142977431680134792e+01
8.261833849112943540e+01 1.358161399459348329e-01 -1.107590805956178315e+01
8.277097755196511741e+01 1.460336841396742968e-01 -1.157524398354103745e+01
8.282643500708459783e+01 1.485237880481503625e-01 -1.140282664497862086e+01
8.270252820100336066e+01 1.545539567998667208e-01 -1.150224554910691133e+01
8.287203547590087283e+01 1.566499776799338550e-01 -1.114947651029461007e+01
8.290059293937312646e+01 1.577338735752505661e-01 -1.110334278393905549e+01
8.278985131955116117e+01 1.562121383706793765e-01 -1.136788118381972446e+01
8.285712824301303669e+01 1.660692053723044070e-01 -1.056164173220471802e+01
8.294067189453936351e+01 1.472912800428646252e-01 -1.115556371491641308e+01
8.249137476206932718e+01 1.481241509203964080e-01 -1.092349591025867106e+01
8.263614703015812779e+01 1.468184814893691015e-01 -1.149118313562657789e+01
8.266716740692284304e+01 1.380703550691954329e-01 -1.138167706761779741e+01
8.271577793362358477e+01 1.321986333110378442e-01 -1.100887271495050079e+01
8.265956087812878650e+01 1.458846505983516784e-01 -1.147559401945200008e+01
8.259243311509207786e+01 1.558514906196086791e-01 -1.125006926246971517e+01
8.299988945319068989e+01 1.422654813858572620e-01 -1.082663310438740112e+01
8.253150698679255015e+01 1.633455991230151061e-01 -1.076849732371575818e+01
8.290116061342929754e+01 1.401788368750781222e-01 -1.115761918493273441e+01
8.288230728205036257e+01 1.305779289078333183e-01 -1.079272475876576642e+01
8.249505576487223379e+01 1.444594669779347418e-01 -1.081942844052016994e+01
8.256719584207169760e+01 1.559453491036308093e-01 -1.124880854597012458e+01
8.260145066646992973e+01 1.659174838628615645e-01 -1.088033791575832154e+01
8.270521633868612810e+01 1.667696526809815671e-01 -1.088922737265989937e+01
8.282343933931446145e+01 1.594436991809455861e-01 -1.122424627795562202e+01
8.270032919808436134e+01 1.423781689513921311e-01 -1.153210391346797259e+01
8.262143060850064558e+01 1.531672790934365258e-01 -1.147720173262445797e+01
8.287237963948230401e+01 1.452661404628109720e-01 -1.143650004318140923e+01
8.286701664223127750e+01 1.474016611190357706e-01 -1.142292647367114000e+01
8.280242313222814232e+01 1.422804060451863251e-01 -1.153771912089278473e+01
8.273071331218601188e+01 1.464950450407971894e-01 -1.159550527841652645e+01
8.272456623529447484e+01 1.356589091313867568e-01 -1.124418141668944138e+01
8.270878685903132066e+01 1.455942990631611811e-01 -1.158848985254940089e+01
8.269326061357209312e+01 1.379505567784561904e-01 -1.137211472494143472e+01
8.276738838358673434e+01 1.599574799244288803e-01 -1.118566455014406102e+01
8.256336421527393554e+01 1.408084637033387432e-01 -1.105710399276843248e+01
8.272122770165117345e+01 1.567123591171963870e-01 -1.143364732791733118e+01
8.274358945271966093e+01 1.520108022847146412e-01 -1.156361834366184382e+01
8.268017791751621814e+01 1.437322711207573156e-01 -1.156346205257206172e+01
8.261321295027839540e+01 1.587869129822988834e-01 -1.117918158971230724e+01
8.261820817589453725e+01 1.485702175306682082e-01 -1.150611037016130922e+01
8.283348122168571592e+01 1.462557193020205537e-01 -1.142946513095696481e+01
8.265309926934720863e+01 1.623163262386920214e-01 -1.117338287001594566e+01
8.256496631965313782e+01 1.509149342833789875e-01 -1.129570545521085023e+01
8.257968273174927276e+01 1.476692721794740371e-01 -1.126749666424757912e+01
8.259764355535203606e+01 1.575433741820875255e-01 -1.121286783807980392e+01
8.285038884079106936e+01 1.506115546825074203e-01 -1.136331359353925663e+01
8.256709712241834609e+01 1.556865064509094232e-01 -1.125377831213823576e+01
8.275463014823230878e+01 1.628443307864839429e-01 -1.114838855041785770e+01
8.280692601454495616e+01 1.551177860482270410e-01 -1.141275200930397027e+01
8.269175639457274940e+01 1.521201811627800327e-01 -1.155897363684415247e+01
8.259741040898438769e+01 1.549224080216089483e-01 -1.126577835165613273e+01
8.253877627478563284e+01 1.411212603344625671e-01 -1.107704393728587888e+01
8.261671034652708556e+01 1.609512646286882509e-01 -1.123451946960121361e+01
8.281475566796144960e+01 1.627456571061276502e-01 -1.103357169338622157e+01
8.283965704722371015e+01 1.419739447053494918e-01 -1.141623908596972292e+01
8.247648215154283946e+01 1.592980306543726743e-01 -1.089497697620768335e+01
8.283898563261794834e+01 1.484886365774008288e-01 -1.140497786334807984e+01
8.275747425845011662e+01 1.423396009086262959e-01 -1.154007764690080862e+01
8.260036832658808237e+01 1.425886249820521312e-01 -1.140455771632049498e+01
8.270167395637848529e+01 1.628571153170209618e-01 -1.113829887174392752e+01
8.275985806720211713e+01 1.574585533127029757e-01 -1.130902818176305580e+01
8.297607760671023414e+01 1.409144473770494455e-01 -1.081988243364023994e+01
8.261368358090642516e+01 1.535616288058182233e-01 -1.147055979237511814e+01
8.280672234146220489e+01 1.337493843203887978e-01 -1.114579369581887569e+01
8.275110431752034401e+01 1.459523754617930158e-01 -1.157454416196971714e+01
8.265228465930150037e+01 1.491922772997100466e-01 -1.150579759098305743e+01
8.274143938620088079e+01 1.539513784331124624e-01 -1.152152817420539499e+01
8.272968245843225077e+01 1.581252875948200298e-01 -1.137933195061384417e+01
8.278942091253074409e+01 1.513299327063086508e-01 -1.152104390964996306e+01
8.268898168694855144e+01 1.507891096057051294e-01 -1.158022893757994431e+01
8.277738535019298638e+01 1.387232979616320749e-01 -1.144073898489312313e+01
8.287750150344304245e+01 1.531355360337811611e-01 -1.129352152502710993e+01
8.283008617103396887e+01 1.561561134037463550e-01 -1.116296126752854256e+01
8.263823373749562506e+01 1.485402986702087647e-01 -1.150484034481741880e+01
8.259918957913792781e+01 1.497435739821621203e-01 -1.128802967646164035e+01
8.261564101925557679e+01 1.553834274858468256e-01 -1.143159663247352675e+01
8.267872672414279123e+01 1.469401934407218446e-01 -1.159901784586924123e+01
8.266108352844184992e+01 1.463629281023423601e-01 -1.148296316593171795e+01
8.284578037988920585e+01 1.529223021717889264e-01 -1.129495719477923110e+01
8.277822810878821258e+01 1.547520764341754618e-01 -1.142169566340143128e+01
8.271114573013667837e+01 1.619109322636199666e-01 -1.119335129612238511e+01
8.269453965311824106e+01 1.524820737523493452e-01 -1.155205290818781450e+01
8.268435870193130199e+01 1.583903542194082525e-01 -1.134361959938632936e+01
8.287367617323377544e+01 1.495222789127477192e-01 -1.139082116632370401e+01
8.271131059754787884e+01 1.554687721303668335e-01 -1.147528895257034165e+01
8.267592654747372194e+01 1.454796785501867862e-01 -1.158862666438796474e+01
8.278358036736170789e+01 1.368544577048866062e-01 -1.136342635696142267e+01
8.278579652280804169e+01 1.469099483760901437e-01 -1.157518886938023961e+01
8.272908330893746154e+01 1.496502740723311686e-01 -1.159321334684922711e+01
8.272766418420172840e+01 1.483502592655671082e-01 -1.159973538836307405e+01
8.252794330029939829e+01 1.552511525233892520e-01 -1.095801094789980645e+01
8.263975763175209011e+01 1.507858620268321403e-01 -1.150279253443004990e+01
8.281039538472565198e+01 1.557218078386663762e-01 -1.139054286636757318e+01
8.273920590685611387e+01 1.611975902732031563e-01 -1.123612866456107717e+01
8.277452802882439187e+01 1.385943111203686295e-01 -1.143626113773709463e+01
8.271469858292577726e+01 1.443199170253323393e-01 -1.157143969422738117e+01
8.281164094818460342e+01 1.425768558090509674e-01 -1.154295752558502741e+01
8.266261641399235316e+01 1.322874247745004506e-01 -1.102849037294865120e+01
8.269343299985618501e+01 1.559570416098128853e-01 -1.145737355588160256e+01
8.270644628000584930e+01 1.422120960692208891e-01 -1.152725394905758804e+01
8.275710289123358621e+01 1.519815367035377007e-01 -1.150241119322369521e+01
8.278563190951301465e+01 1.494529803217305997e-01 -1.155407691100628931e+01
8.276458035783207379e+01 1.448822325720386939e-01 -1.157075617625370612e+01
8.276731885214213946e+01 1.393910452648922105e-01 -1.146451162961429660e+01
8.274188638627214232e+01 1.527486632656356313e-01 -1.154935221638004705e+01
8.275767420755984460e+01 1.468429988621738624e-01 -1.157421455181028769e+01
8.274104834733752512e+01 1.495064617053329659e-01 -1.159448641526126522e+01
8.271074988019145735e+01 1.550498950675647802e-01 -1.148833686156066491e+01
8.266996620180714217e+01 1.528341876658978471e-01 -1.148208770087505748e+01
8.276491181167693867e+01 1.443914390352466215e-01 -1.156722642062919881e+01
8.268144201303928753e+01 1.498254877401530016e-01 -1.159073524548301393e+01
8.284387474088624970e+01 1.491747576790054541e-01 -1.139357942438487470e+01
8.265476470703204370e+01 1.475949318341588101e-01 -1.149773712723439978e+01
8.269477753344033033e+01 1.551771506946544310e-01 -1.148299408068306704e+01
8.268561512392322754e+01 1.415163138553038047e-01 -1.150973453112489686e+01
8.277007423684213450e+01 1.541063152294104843e-01 -1.144263220718963225e+01
8.265697062627376113e+01 1.478917582532899289e-01 -1.149996037160315332e+01
8.271552680283082282e+01 1.489071924423827631e-01 -1.159777638169060232e+01
8.265242718642238628e+01 1.466973743553753040e-01 -1.148830495505394289e+01
8.268026627016226371e+01 1.410682849685466755e-01 -1.149659044165093036e+01
8.269910417463171370e+01 1.492145077875217107e-01 -1.159588039281971739e+01
8.262787466484456900e+01 1.510407416040148998e-01 -1.150148160707597889e+01
8.282615665885830936e+01 1.436125774568401681e-01 -1.143064287347545971e+01
9.526132049764827059e+01 4.514391063259784106e-03 -8.478220254865631578e-02
9.564972180155466219e+01 3.977729868670564217e-01 -2.882164832980762537e-01
8.580078955769521087e+01 4.911116447149468378e-01 -7.840594383922498967e-01
7.042071579336982268e+01 4.379351239844525567e-01 -1.065033325868870673e+00
7.387215647933089713e+01 2.491801736080745122e-01 -2.060236221736945872e+00
8.396937322231612200e+01 6.152368317494530947e-01 -3.431573483921448453e-01
8.985300482985314829e+01 6.050676454702621498e-01 -5.824919756901687506e-01
9.305328293113970517e+01 3.241210317595910606e-01 -6.078475378824671482e-01
8.476264507624348710e+01 1.449200705387809485e-01 -2.602623320169383248e-01
7.402816053388166040e+01 5.882309617863599183e-01 -1.518401153700862406e-02
9.684051352205233343e+01 1.953759773784184972e-01 -6.493113314494866617e-02
8.029999936220902157e+01 3.078482928523461615e-01 -2.348414687948481294e-01
7.866755149318534279e+01 6.756279480002090609e-02 -1.952659418728575291e+00
6.823910852416742046e+01 4.260751823415145356e-01 -1.003339684577250202e+00
7.458253481121948880e+01 5.325410345295156223e-02 -1.964888035247253972e+00
6.988827759909665360e+01 3.501040326622332222e-01 -4.041217688938950059e-01
6.751517382132733758e+01 3.198088894328428022e-01 -2.261307063787018734e+00
6.681980981647618023e+01 4.865755504149871236e-01 -1.986240279470253556e-01
8.166059120171227903e+01 7.745458478081228559e-01 -2.816129673818314541e-02
7.650094873119664385e+01 1.375459229426136132e-01 -7.184352669269292724e-01
9.891149702983005909e+01 1.669238088307077039e-01 -9.599400870237427552e-02
9.505916787760757813e+01 6.265747258909124540e-01 -1.142435486792352961e+00
8.617756394128625175e+01 5.376752485251382607e-01 -8.696539160016636405e-01
8.695987243958094837e+01 3.740637652616115583e-01 -2.622424329697083056e+00
7.094257184117108750e+01 1.049789470112210410e-01 -9.498862444092154300e-02
7.959011360516261391e+01 5.813264263832456091e-01 -2.369544800576301180e-01
8.147950799344887685e+01 9.036145057904966527e-02 -1.018146534468153730e+00
7.523654109967212378e+01 4.666604169513282052e-01 -1.813411154339913678e-01
6.721006521471628048e+01 7.384621965163264967e-01 -5.954965137871616188e-01
7.573224443995664501e+01 7.865462026514354887e-01 -5.704912772312034086e-01
8.322507109710029738e+01 1.218183337107636155e-01 -8.071361887039236294e+00
9.088278169765474956e+01 7.267183943821093894e-01 -2.483649204576798830e+00
8.265676395707517088e+01 5.915613607122346962e-02 -2.381812660244481128e-01
9.710419703842089234e+01 2.007398795680952475e-01 -1.764022628261095391e-02
6.834229700475262348e+01 5.933603259623366766e-01 -5.860096557028935393e-01
7.692757423676503947e+01 3.431272251606549140e-01 -9.317960855223506034e-01
8.858068008216868350e+01 2.799509123377676434e-01 -9.934249249038736851e-01
8.099861422434378255e+01 4.139125656030229194e-01 -2.159107702456292688e-01
9.237601218427640504e+01 4.225350200207484974e-01 -2.009160310002538682e-02
7.622231116240574522e+01 2.625312708162612085e-01 -1.451448222185544257e+00
7.228550166401353749e+01 6.953353168486496871e-01 -6.048894950149067418e-01
9.405298617240597991e+01 2.826150735767538752e-02 -4.994960081482954228e-01
8.778275743742338477e+01 4.428829604800327280e-02 -4.640241530361042255e-01
9.466598339689873853e+01 5.218194190452848380e-01 -1.055369647664945454e+00
7.188022056329077714e+01 6.714758763995196666e-01 -7.590040594948584962e-01
7.838789725290133958e+01 4.454587791682051989e-01 -2.784434113916597897e-02
7.359091490852318884e+01 7.119195237578481716e-01 -1.432126938988387450e-02
8.829479553318324747e+01 5.147772555458756116e-01 -1.118655405682192683e+00
9.783906605041784132e+01 3.586336370241123284e-01 -2.162766407875414132e-01
7.108948363202766529e+01 7.468562392915962800e-01 -5.527139707946553404e-01
9.640568200806652044e+01 2.647562349678497795e-01 -3.864135211741968889e-02
7.313293846041980828e+01 2.409389900652513516e-01 -9.371385282949946660e-01
8.518732767050454413e+01 6.565693397400900189e-01 -3.364125083449353570e-01
9.181100587566038485e+01 8.677163631218871853e-02 -1.317861165837484361e+00
9.111431181299505511e+01 5.614549732730121923e-01 -8.200735652362965977e-01
9.065016818648372521e+01 3.318064840033180252e-01 -2.986417420763887720e-01
7.758963055832332145e+01 3.686844152683445286e-02 -7.251047696731977021e-01
8.419814104118343323e+01 1.807380227625820235e-01 -3.925801499029447084e-01
7.912967079118985225e+01 6.161541713768224904e-01 -7.393971562048869961e-01
6.771033495887324705e+01 7.143505432155602408e-01 -5.713996622713304330e-01
7.945049855177302334e+01 1.912444505036556969e-02 -2.511204034527291462e+00
6.647283853563769185e+01 2.389154186037033001e-01 -2.967701355085105783e-02
9.770296361220829340e+01 3.602981624850623565e-01 -2.349127841049900578e-01
8.677161286112369964e+01 1.722370824800950606e-01 -2.809170096667309657e+00
8.353035479763346416e+01 5.696147046758385235e-01 -7.768586367719387820e-01
8.888817442769283161e+01 5.441051122680090613e-01 -1.591906619589321004e+00
7.474270198374286167e+01 5.289013726984087560e-01 -3.006077327102051333e-01
8.782992678586174407e+01 5.028983164547202733e-01 -1.144689880071931620e+00
9.332141519594425461e+01 7.529744845367611905e-01 -2.263406745655685892e+00
9.868874267483650442e+01 4.752605271627359240e-01 -8.300406073581024780e-01
7.688941794242758476e+01 4.537863574730500726e-01 -3.148468867313427566e-01
9.637616876617946104e+01 3.851395108465349715e-01 -2.064891329254745223e-01
7.793305267463539110e+01 1.171120956157175874e-01 -8.626342502832001768e-01
7.534331768221518644e+01 7.014520461782921545e-01 -7.002481404325403558e-01
8.723686469644084696e+01 6.834822078432926107e-01 -1.315535319095246514e-01
7.155307482751445036e+01 1.522206879303567018e-01 -7.781040008666217922e-01
9.816014215086431705e+01 9.936753475527981827e-02 -1.344418581630772769e+00
8.486390371507746977e+01 2.965041512064461315e-01 -6.488902756629646995e-02
6.915367272745331206e+01 2.800542401341720167e-01 -4.880659578599071402e-01
9.157081148123943137e+01 5.542225493611845355e-01 -4.922893519826012088e-01
7.030877450577187915e+01 7.783468238435462538e-01 -4.047751315214147792e-03
7.742063945214668763e+01 6.751793861788267792e-01 -2.388279713065813090e-02
7.275741977436418040e+01 6.395283464320937750e-01 -1.634612294352399409e-01
8.952828895362527817e+01 6.485809671953319810e-01 -1.073818567136649138e+00
8.296954439236465362e+01 7.671308946712176446e-01 -8.054356049520020600e-01
6.891221392766138365e+01 4.606371721776627570e-01 -3.894685696001545794e-01
9.250031397964238522e+01 7.295390594802249051e-01 -2.569355032509561543e+00
9.045023372242643234e+01 2.923761087490066579e-01 -3.818510423990147951e-01
6.957170221323590908e+01 6.459316803406971452e-01 -1.563374113166036139e-01
8.006888202524230280e+01 5.055090161712189056e-01 -4.437787546197513588e-02
8.194085979851702461e+01 1.324801659069447801e-01 -4.741053641994661838e+00
9.362324929948636054e+01 7.963002682524714659e-01 -2.166791323992176554e+00
7.245772642959759935e+01 1.286169776373072282e-02 -5.197023156558002732e-01
8.229968032770935338e+01 2.128558637040288970e-01 -6.034323079798683764e+00
9.605796355590162250e+01 2.201680416920974714e-01 -2.429622041404344013e-01
8.941333078908709808e+01 7.980388638107327459e-02 -8.736642796040424708e-01
8.057951583336389945e+01 3.810275345556687343e-01 -8.102633501068533250e-02
8.588398217235324239e+01 4.026212604844074949e-01 -1.275404667147503668e+00
9.419472618089722005e+01 1.841810054329267032e-01 -4.482317776893784411e-01
6.613222843118417416e+01 2.319432768878109674e-01 -1.229593184631403713e-01
9.080648814030084282e+01 1.724146740336842398e-01 -2.641640092162984010e-01
8.434306123003358380e+01 4.740163144632659753e-01 -1.306525652418501562e-02
8.457260345275970792e+01 1.485191749877217693e-01 -3.401196463922486757e-01
7.762732886398917742e+01 3.705504152403730767e-01 -5.435412716769656427e-01
8.836775741205246959e+01 6.832261011507922976e-01 -9.612150156202263762e-01
9.120921977117734514e+01 4.076158845494621819e-01 -1.373274584346821925e-01
6.771982182571497333e+01 6.247719770090648383e-01 -7.479140095074104932e-01
9.609195120033943738e+01 6.640980905323177197e-01 -9.239114474922011100e-01
7.075605415391855502e+01 9.097333094751061666e-02 -4.715922912259938315e-01
9.505878566619078640e+01 4.571000810040177775e-01 -6.929808170696831748e-01
8.266444957759277656e+01 6.780998024043158878e-01 -1.802415717335497991e+00
9.414588874516286410e+01 7.196089995474242995e-01 -2.083128017338236049e+00
7.891937111686854678e+01 3.402887116164845516e-01 -2.159788655399660362e-01
9.249965890384052614e+01 5.120167202439909748e-02 -3.063349170273073629e-01
7.884239297528100110e+01 1.799857423416675872e-01 -3.558074617848193011e+00
6.978117968038691288e+01 7.626203323047296978e-01 -8.543965833566950774e-02
9.656787727329033544e+01 6.332040992689236258e-01 -1.366377839170417552e+00
7.042334383130817343e+01 4.507542852028996183e-01 -9.863560016560093402e-01
9.530841439134030679e+01 2.350984916396286484e-01 -4.350400065012555162e-01
9.740383370506673089e+01 4.678463978728867878e-01 -1.158325150237138779e+00
9.196027978252857338e+01 5.089337896785245396e-01 -2.627789412970633620e-01
7.265916157886269389e+01 3.251077318345422795e-01 -9.340847439307702338e-01
9.363093221729978666e+01 3.802979760312739654e-01 -9.066997553537424759e-01
9.586804051424593354e+01 7.936461608688456515e-01 -5.842930171043249077e-01
7.159761657962349091e+01 5.810403466551173901e-01 -5.591194440941247290e-01
9.737816371285360617e+01 7.088186767010977440e-02 -7.316747649586270441e-01
7.973580075896890662e+01 7.444860181302077606e-01 -5.059040280302435494e-02
7.689074503786372361e+01 7.060323393505598677e-01 -2.599788883019792454e-02
8.181427409584513555e+01 3.646850232636354439e-01 -5.908387388179431321e-02
8.508755867816623208e+01 1.042001983537757942e-01 -6.637934495203700047e-01
9.029659826068890993e+01 5.603534068969880932e-01 -5.791013524388513023e-01
9.845219498422764559e+01 1.609095592632234506e-01 -3.250588692460452678e-01
7.511296059693083293e+01 6.064781931626569977e-02 -3.247513220662298750e+00
8.952440386306892606e+01 5.383974327848828345e-01 -7.067806468999412450e-01
8.402623648602425988e+01 2.601364856023055672e-01 -5.424197490483110423e-02
9.241077914494709944e+01 1.374054683873461025e-01 -1.152082092902503963e+00
9.703055800660544605e+01 4.841696973687392158e-01 -1.242936963222783353e+00
6.864667577812980426e+01 2.270187585794568030e-01 -9.446442378229120695e-01
8.681074618871757309e+01 3.070444902425132350e-01 -1.267391966659634051e+00
9.302492956851138217e+01 7.827721987581457430e-01 -2.741303816796513360e+00
9.158317100494721785e+01 3.979553240973016659e-01 -3.465892015690373862e-01
7.993150965818990983e+01 5.447872428086329988e-01 -7.125921757163043713e-02
9.377035881859032429e+01 2.933957279837334231e-01 -1.370668333534090344e+00
9.573162288431817046e+01 6.200525407597844429e-01 -8.572463110774541928e-01
8.536831596277019685e+01 1.185681211224607901e-01 -6.671985572419212307e-01
7.697141937674660994e+01 9.474061827219526152e-03 -1.339085323108925918e+00
8.883882994069765004e+01 1.022496809292738756e-01 -7.602025944816666048e-01
7.634322032475857611e+01 7.818086542057636756e-03 -1.562397658083183538e+00
9.048723802591439380e+01 1.870511628122067393e-01 -8.852864526196611850e-02
9.775306631563262272e+01 2.856791825650885075e-01 -2.779328083953159709e-02
7.226413109150054481e+01 5.880600291562290138e-01 -4.148272495772186153e-01
8.764368270121519799e+01 4.737883166971476601e-02 -3.713067857977854214e-01
7.614707924513700732e+01 3.902744943090951657e-01 -5.158098479659823932e-01
7.449431427757923529e+01 2.124506876929931620e-01 -2.126414475161739315e+00
8.191946101841246275e+01 4.371138593123350957e-01 -1.247903337061666562e-01
7.565290248673424855e+01 6.999621919955212324e-01 -5.449219341723093857e-01
6.812044130190632529e+01 6.591390019165311864e-01 -7.043991769074248177e-01
9.462514114011237609e+01 7.747012514505050573e-01 -1.688050805796645903e+00
6.662497951257681450e+01 2.501881525784107607e-01 -4.483507832592762560e-02
9.830004879997500211e+01 3.525231316798140835e-01 -1.395135524812821104e-01
7.368494271131285700e+01 3.023049355785975001e-01 -1.660962693010940239e+00
8.120283435265940852e+01 2.064573314378134183e-01 -1.521657058151030251e+00
6.754583497753225174e+01 3.501919163746056163e-01 -2.331793493195321254e+00
8.046700395298040576e+01 4.974005928432020385e-01 -1.502626151865989147e-03
8.918673866500076031e+01 2.764547717236807145e-01 -7.408144785867093463e-01
8.226145963161353336e+01 2.197589937907521440e-01 -5.484523907329459824e+00
6.889734102122648096e+01 7.901424370406431308e-01 -3.357310486750618717e-01
7.483088206448965707e+01 7.225818306115804335e-01 -6.897113641108011395e-01
8.342354195046843301e+01 4.422310467701735526e-01 -4.464245466679758190e-01
8.082606010855003831e+01 2.407720238843979732e-01 -9.594083924850592693e-01
7.955010027329510081e+01 6.896272858306488063e-01 -2.494813083517377628e-01
7.181563419146937122e+01 4.110404538783603012e-01 -8.618175630422710842e-01
8.370662615416270569e+01 7.491651699423912403e-02 -1.990459203274170807e+00
9.874537108317683476e+01 4.212896231599601027e-01 -5.043527276165855611e-01
7.554650973231713351e+01 3.297079264143066846e-01 -3.224825922710659043e-01
8.731324609425084304e+01 5.348031290947330429e-01 -1.371714128095959717e+00
9.004438387326027282e+01 2.715894303554625133e-01 -4.708204607729283842e-01
7.851457976257715643e+01 5.742026946216485239e-01 -4.642206635861828024e-01
7.361547197997933267e+01 6.038952428114318094e-01 -6.243570351390485135e-02
6.729724043079279738e+01 1.931005999339032442e-01 -4.005399492091422653e-01
8.637384485277232216e+01 4.273043587724487669e-01 -1.887211160157772571e+00
7.244195433433944231e+01 6.118511974029037237e-01 -2.255431555563298107e-01
7.313541126894460831e+01 1.298941490658470088e-01 -3.021034163924353477e-02
8.573094680024924230e+01 5.525654952226458638e-01 -3.542200226280001196e-01
7.410381305634007276e+01 1.276466185633614303e-01 -8.980430828546186184e-02
7.101962563954353413e+01 5.169598600891607276e-01 -9.798201450726611306e-01
6.610361970969432832e+01 2.760080941994674797e-02 -1.801949132100956474e-01
8.292234671878823349e+01 3.194835716848638540e-01 -7.082489455016163782e-02
6.915880094664298383e+01 6.481797125362296352e-01 -3.124716558192806026e-01
7.745367159563011228e+01 1.585415788248910884e-01 -1.623492587099033768e+00
8.596516498744281876e+01 4.945661453729459645e-01 -9.445854266922559805e-01
9.335482573582306998e+01 7.356289608329826812e-01 -2.222815631187669450e+00
6.681248572426363808e+01 3.739893474379436811e-02 -3.192838361855643847e-01
8.709951797834938247e+01 8.413444651845242150e-02 -2.252789582346946151e+00
7.791409880019799061e+01 5.236835394574489433e-01 -1.318025479574971293e-01
8.131305120049077573e+01 2.309292101151535007e-02 -3.118009700690934638e-01
8.879781937576569817e+01 7.382561755986244423e-01 -1.587791581555555886e+00
7.002801197690293122e+01 5.945805577706014811e-01 -1.456581848608747842e-01
8.805499530143676168e+01 6.411712252826622382e-01 -5.118912053689728126e-01
6.933487987187113788e+01 7.548283924662037014e-01 -4.200539795362060458e-01
8.322977946522217962e+01 1.075150065025626961e-01 -6.909875185396015418e+00
7.555152790966273813e+01 1.043759867801966196e-01 -2.548815285289784960e-01
8.824928476706918445e+01 4.467302525795839307e-01 -1.463456715001716146e+00
9.316505092865045867e+01 2.346611291854027170e-01 -4.861917050290797682e-01
8.872743029395488179e+01 4.298806857259633851e-01 -1.548722022505202300e+00
7.503375225773740453e+01 1.973460576310702708e-01 -2.071060553154150163e+00
8.250709187899468589e+01 1.188478206564279466e-01 -8.885885306227709890e+00
8.269550072462703838e+01 2.100338473345878809e-01 -6.648399410477369820e+00
8.387875905811719690e+01 1.237540668158676332e-01 -2.831251609216039355e+00
7.235748281992930231e+01 3.511140104066082790e-01 -6.507035573485017155e-01
7.351323631730633679e+01 3.259078552007441676e-01 -1.381304214089085880e+00
8.942754912951846791e+01 3.943010167295322166e-01 -8.609233464589356455e-01
8.380537542809990725e+01 3.666528940374539913e-01 -1.228692148817674690e-01
8.728325746581761280e+01 3.594051686447834459e-01 -2.520963225539329056e+00
8.171771329115192373e+01 2.194374185750214146e-01 -2.330565613688064808e+00
8.227133958948874692e+01 2.416040449368262455e-01 -3.808760519066799688e+00
8.220979284045027669e+01 2.524078521920822271e-01 -2.998042736906972205e+00
7.306831635500246591e+01 4.032490202283403047e-01 -7.403176145797966123e-01
8.346492314850786443e+01 2.298949110280738839e-01 -2.228089486366326533e+00
8.306798881164101545e+01 3.155330505591205092e-01 -1.063340650972834645e-01
7.518649847887994042e+01 2.928055640820100280e-01 -8.126795295554850584e-01
8.088045065391028743e+01 1.643483547854400761e-01 -1.705298751082752418e+00
7.431565074480724320e+01 2.880843113107426495e-02 -1.138075012248203288e+00
7.866029528281538319e+01 1.787267779852161342e-01 -3.731886381829443433e+00
8.979792715496657252e+01 1.905220468644687193e-01 -1.584363901940001040e-01
8.278007855501718382e+01 1.563277082804285234e-01 -1.136154652779397090e+01
8.311057579126671158e+01 1.795661536090162602e-01 -8.137078851801435420e+00
8.237890137750089536e+01 1.736800071224032793e-01 -9.561612899367851526e+00
7.566589274475967386e+01 1.976903421960106433e-02 -9.397674095359674906e-01
8.784398787353579507e+01 1.488861154371610984e-01 -2.372045986421729591e+00
8.693200055751110256e+01 1.071206349765818633e-01 -4.558180920660695357e+00
8.688449673870601941e+01 3.018870515160526624e-01 -1.186110137196119574e+00
8.934432221604726010e+01 4.864268565942594380e-01 -1.069643644703628160e+00
7.541900747926496251e+01 3.664280557374403058e-01 -1.205686077329053002e-01
9.020514770699865892e+01 4.144676272275119588e-01 -1.690833283146706695e-02
9.148544990086944040e+01 1.498898141040115942e-02 -3.088513773368332591e-02
8.297755839692160862e+01 9.766882573140663049e-02 -6.208694206990894138e+00
7.337789284468533424e+01 5.346468824142486254e-01 -3.557231706437352092e-01
8.352543838001999177e+01 1.367549092288850576e-01 -6.107793895762107184e+00
8.604154577426150752e+01 3.228879548582909154e-01 -1.081905657293481315e+00
7.685766755685740748e+01 5.639768416500867687e-01 -6.744209849169895132e-02
7.704835495582487681e+01 1.666526814468386464e-01 -1.672771725395810538e+00
8.854893203478023622e+01 1.126872672536866349e-01 -1.162602766975611601e+00
7.774258395107467834e+01 2.054644067731347390e-01 -2.785336093545704994e+00
8.589348420085489977e+01 7.118572205397659391e-02 -7.411069652211018655e-01
7.465151518053536961e+01 3.963359239556890068e-01 -3.701262933543279510e-01
7.733466347635450688e+01 5.248828189093148744e-01 -1.103425126148837032e-01
8.770607377705945851e+01 3.801160923629663402e-01 -2.218196273910075789e+00
7.812478975867786346e+01 1.913746699104667270e-01 -4.301377802682489815e+00
7.899905158135548788e+01 2.113353540667045616e-01 -3.209225786542404979e+00
8.273308578328487783e+01 1.489824778610508715e-01 -1.159754381823136882e+01
8.280483772700918621e+01 1.956970305716856373e-01 -7.888011004022364325e+00
8.233567762022897796e+01 2.066304614213773927e-01 -6.814605911348835754e+00
8.307782851371345600e+01 2.210484447459179769e-01 -4.426676143500416494e+00
8.884348687347039686e+01 7.429506312966052128e-01 -1.592555951083457044e+00
8.840847247210612636e+01 7.628043049096753236e-01 -1.210850611137549881e+00
7.875054216966665876e+01 3.226513930009352604e-01 -4.879032124905638423e-01
8.313871138612323364e+01 2.113938515211971625e-01 -5.019226497169862355e+00
7.955057836532186855e+01 9.409617539348753834e-02 -3.825573223844547788e-01
7.854338062274639753e+01 2.312879039244482571e-01 -3.213528408900488742e+00
8.658941886688945999e+01 1.705659257872912671e-01 -2.932004659055651885e+00
8.415661148794357871e+01 2.006133176007433017e-01 -2.676724432444431145e-01
7.864730149796059777e+01 2.364759397458139883e-03 -1.059618492346017682e+00
8.430973308929901577e+01 4.406937833077617106e-01 -3.544641423306624239e-02
8.082459933965174059e+01 6.497012459526447792e-01 -8.708677079869653814e-04
8.185807536884007618e+01 6.169354857061786213e-01 -2.556763062082076932e-01
7.801464211334038623e+01 2.825858889954972475e-01 -1.970989835202400009e+00
7.979679121471723136e+01 7.888494563937142878e-01 -3.567366160218321449e-03
8.564548542919226293e+01 7.872122022115103368e-01 -1.119344081967792309e-01
8.346323025654504590e+01 1.919643623573984159e-01 -4.089564649258965012e+00
8.861243452871622139e+01 6.773730518893874564e-01 -1.323470446800506517e+00
7.661299831792867110e+01 7.048252252870657042e-02 -4.649555954929749518e-03
7.815565185578572027e+01 7.577805559832327953e-01 -5.228318007718547600e-01
8.049062982743001271e+01 1.092256969188561411e-01 -1.053635460967928816e+00
7.768956729810469142e+01 3.342938887152815952e-01 -8.615752751720869851e-01
8.303369675001110295e+01 1.487984776496887318e-01 -1.074501453116277538e+01
8.246372760660656809e+01 1.927689894440046681e-01 -8.479891929808578865e+00
8.234597633819882390e+01 1.539310324867801394e-01 -9.997773179524440224e+00
9.572266236683968543e+01 7.771933555603027788e-01 -6.075023003566011326e-01
9.185970781238111726e+01 2.844138622283935436e-01 -8.997359655994641159e-01
8.203209975155880329e+01 1.474654472956139217e-01 -6.924069294177382261e+00
7.052463031162967866e+01 2.204441547393798939e-01 -1.611720936365882206e+00
8.278143715175451689e+01 1.661954369343564553e-01 -1.079214058907815676e+01
7.370033858943699556e+01 2.582930028438568115e-02 -5.254934598150393654e-01
8.260586415590123011e+01 5.542852749708633564e-02 -1.024891544004837424e-01
7.877816491642711583e+01 2.639790293023465753e-02 -3.383566866773920268e+00
8.222283206694473279e+01 2.148882183042852556e-01 -5.554824597095823435e+00
9.608095260931472126e+01 6.474560737609863503e-01 -9.409147938764158559e-01
9.018829242114243527e+01 7.980892658233642578e-01 -1.930029827803444009e+00
7.123622116667277737e+01 3.998018503189086914e-01 -1.122971253460095964e+00
9.302237780515318377e+01 6.057450294494629572e-01 -1.626938700392678738e+00
7.842510109101388593e+01 2.570572607183517211e-01 -2.580455244879234833e+00
8.304258361243074660e+01 2.071039646578393401e-01 -5.769321204504232803e+00
8.274570709036613891e+01 4.927882194519043191e-01 -1.780779953091580214e+00
8.657066366188713857e+01 2.509923049397862482e-01 -2.085954484203126624e-01
8.099759531400553669e+01 1.148922224840471795e-01 -1.663120431927322285e+00
9.261916950538068249e+01 6.188288211822510210e-01 -1.589194851073274295e+00
8.197788400486696503e+01 2.214343836837423529e-01 -3.923449964547323976e+00
7.921824127699134976e+01 1.641526759837734772e-01 -3.286684473966897002e+00
9.296090953427777492e+01 5.702457904815674272e-01 -1.262938662489353714e+00
8.263300663722543504e+01 1.592869375875116678e-01 -1.130656504928125727e+01
8.284219702570293009e+01 1.770344063034147986e-01 -9.891060825355809882e+00
8.253832942031984032e+01 1.721895639894843733e-01 -1.032197501246999138e+01
7.929046033479492905e+01 7.989409737795807875e-02 -9.912223289261158643e-02
8.238959487707116125e+01 1.743902057831685781e-01 -9.525619512126153765e+00
8.317618407991477625e+01 1.683344524855990842e-01 -8.544350480578266627e+00
8.045769108616605081e+01 6.460174834692138275e-03 -5.531397091161002200e-01
8.223406792176353974e+01 1.192841488444687653e-01 -6.739418646053712436e+00
8.287362027588078206e+01 1.215869780551819823e-01 -1.002356103137812049e+01
8.330359776948259309e+01 1.256417269143570992e-01 -7.564102686809200726e+00
7.943031180174855876e+01 8.577610956355410932e-02 -1.222852963716381663e-01
8.207892386002316698e+01 1.983074976248408450e-01 -5.551928863747454201e+00
8.343665954766009918e+01 1.545053611193703824e-01 -6.402323058299693948e+00
7.976634025846665565e+01 3.335352641089144726e-02 -1.279315589662239683e+00
8.363654524015990432e+01 1.475222108218447459e-01 -4.265904303802852127e+00
8.273282274046862028e+01 2.143675980236575962e-01 -6.181438154323505074e+00
8.280513406971307688e+01 2.331396444559080960e-01 -4.088381649537733864e+00
8.184607500737419628e+01 1.451708461411518325e-01 -4.738703252235051622e+00
7.919818114686650290e+01 2.478745417626071479e-02 -3.081592329172488043e+00
7.844914386979809251e+01 2.094458550188202650e-01 -3.947980214126732168e+00
8.195766771848909116e+01 1.985347167374286181e-01 -4.949495125226622605e+00
8.466809700238036385e+01 1.601764370628145154e-02 -2.712144727365761177e-01
8.319285761783260114e+01 6.497159313640578082e-01 -1.011041255864834953e+00
8.583520724848582972e+01 1.439543326556724095e-02 -4.569899637535396186e-01
8.398541737957107500e+01 4.194073964452505604e-02 -3.769204552224857396e-01
