9.728575687298761920e+01 7.344737365378403160e-01 -1.626322981928009503e-01
9.277325282704728693e+01 6.487083762151692190e-02 -9.674645640992555196e-01
9.619009913566897296e+01 6.152696440375068354e-01 -9.192859889108099258e-01
7.765549111069002208e+01 5.691563456859797254e-01 -8.092870800871636572e-01
9.198659550766993220e+01 3.473281029634140427e-01 -1.224252586039160429e+00
9.424799270977875665e+01 1.048838393790910706e-01 -3.047038131303715369e-01
8.584792207294235311e+01 3.820614743057549889e-01 -4.556225049975416219e+00
7.634604613120053784e+01 2.519844835466338862e-01 -1.050813588497020667e+00
6.961296349163382047e+01 6.626943029759728709e-01 -1.111092730491636482e+00
8.559181364547812620e+01 1.611535420672584873e-01 -8.837568279814025374e-01
7.568564872478266636e+01 4.166886854408751728e-01 -1.030771521682033454e+00
6.682166372587343517e+01 3.162148512527018784e-01 -7.014808294142393930e-01
9.022516213364400528e+01 2.909159543874735299e-01 -2.266169740187138792e+00
7.191374400381432963e+01 7.059269863387763744e-01 -1.290783217134090277e+00
9.286215623821226473e+01 7.539531723349059966e-01 -2.339891073629679852e+00
8.174687319337606084e+01 7.248471116111452339e-01 -3.790229188701812468e-01
9.374397132952759648e+01 9.406583645225384538e-02 -5.567529618994953022e-01
8.409055688959375630e+01 7.982274177417838512e-01 -3.366827170572123107e-01
7.052901205177019506e+01 3.273633458635638593e-01 -7.548554691011807316e-01
7.227376575352465693e+01 4.145899190714957827e-01 -1.074672048820993320e+00
6.685396694211640067e+01 4.888962557615617044e-01 -1.027272593784178956e-01
7.135286928011804264e+01 1.894733070101665140e-01 -1.702478846254029232e+00
8.902199803143601287e+01 5.573229059858155754e-01 -3.804815721485891311e-01
8.769904740866628856e+01 3.987460005104984107e-01 -1.671724200267282190e-01
9.243380616399086591e+01 5.044043670247617683e-01 -1.107517501288111994e+00
9.678612938279013633e+01 6.722792405979507446e-01 -2.709180257882429776e-01
9.483833826367592224e+01 5.379255778632993090e-01 -3.192819820738706516e-01
8.006007329024251362e+01 1.313799841708391258e-01 -4.502375832730021621e+00
6.498435047094039874e+01 1.196900290848450510e-01 -1.063662574244103043e-01
7.095789865547433806e+01 1.751159245039387025e-01 -2.163601742401797701e+00
9.657078533350833993e+01 2.998542147290847448e-01 -1.991369253033044018e+00
8.609422792833358073e+01 2.872234265473295745e-01 -3.447759761315030591e+00
7.461418795350898847e+01 7.605632762544827230e-01 -3.440489497229025084e-01
7.305425115291711791e+01 2.473545880055518509e-01 -4.264643675367472686e-01
8.299019570616215447e+01 7.718480979752392335e-01 -1.615322800043965043e-02
6.900427116871027522e+01 4.991666783014534481e-01 -1.697415567638738576e+00
9.447788780661647934e+01 8.224454713423064167e-02 -1.814262469980554016e-01
7.672777074153680132e+01 1.835031822147709379e-01 -1.540470609249418699e+00
7.948457833376291148e+01 3.706949644216087081e-01 -9.838634527253556916e-01
6.808731568699261061e+01 9.948378727635334706e-02 -3.738156627812319055e-01
6.833384421879387105e+01 7.430482382004330866e-01 -1.764684265375391137e+00
6.857399838110470114e+01 5.493352270292091166e-01 -1.536490279488029964e+00
7.382955805375611646e+01 5.925177977638681481e-01 -3.458681669171821960e-01
7.482355206456676910e+01 4.803124599921163029e-01 -3.131653497576391554e-01
6.547101974483358333e+01 6.440701812439890706e-01 -9.877778568935667858e-01
8.224713392912539689e+01 2.322500143742677603e-01 -4.442250954593197632e-01
8.038829707117156431e+01 5.918981403991138146e-01 -4.421312427074507667e+00
7.531306526880004526e+01 4.767352521289728862e-01 -1.417536059405299032e+00
9.594636564265761081e+01 7.452842598680716746e-01 -1.227819796390008600e+00
6.598920845016732528e+01 6.640261265551394843e-01 -1.407514544602699980e+00
8.758159811082293800e+01 5.349703502472618055e-01 -1.639206381367906973e-01
8.204081108566266778e+01 1.245390594123813588e-01 -4.557692416650964695e-01
7.834701996163457238e+01 4.019477251400035422e-01 -1.349640661901635279e-02
7.794852059822959234e+01 6.831229591431545733e-01 -1.854345775334854951e-01
7.350171632191165827e+01 7.877595723268094874e-01 -4.749391323925171715e-01
8.979191305369042198e+01 4.677383386403224930e-01 -1.150667572928505855e+00
6.743691590282189452e+01 7.810009281760842414e-01 -1.110881411775555411e-01
9.553309068507452650e+01 2.313533352613403038e-01 -6.018229963428500806e-01
7.273447638751248689e+01 1.469509913600648421e-01 -5.021158429610952378e-01
9.508806900874029111e+01 2.121459074114658283e-01 -5.779251178262471145e-01
6.757037038815271046e+01 5.225874653653009849e-01 -4.020457034151617148e-01
7.733324063919238256e+01 6.355193575674880080e-01 -1.045191164570929532e+00
7.877614263873722678e+01 5.782651613741499608e-01 -8.795298444023172402e-02
8.474677252538701566e+01 6.066600264647304952e-01 -8.399650344239533162e-01
9.101433599990153311e+01 3.288628563371377433e-01 -1.492659860763257296e+00
8.839115839450734313e+01 1.401051658405781941e-01 -1.254889241393014002e-03
9.148875371039969195e+01 1.548255680956376334e-01 -6.524761505620951807e-01
8.061096747624559100e+01 3.818369934040276303e-02 -7.519247103923650810e-01
7.260876110296983654e+01 4.617066317654678342e-01 -2.055780189852952411e+00
8.636907679382561298e+01 6.282695808132611193e-01 -6.679128576801486306e-01
8.117280426262344406e+01 6.158007540895164139e-02 -7.088299577011042407e-01
7.707586669310778404e+01 5.171844029390618713e-01 -1.416946417651942181e+00
6.938778607990003877e+01 2.079894372458961915e-01 -8.890336505486909346e-02
8.943320773394216872e+01 3.852731261205836200e-01 -1.173735968507707117e+00
7.622920726892510856e+01 2.601126379702295988e-01 -9.014322522311116748e-01
8.683073580427534921e+01 4.380425996846173398e-01 -7.699400921655301655e-01
8.307921782447773751e+01 7.136988554216290304e-01 -2.409816670232624997e-02
9.160572364283640923e+01 1.922419309407221721e-01 -4.961038108885553188e-01
7.410724200635391412e+01 2.211188765007786605e-01 -7.597853231246430861e-01
8.504690804088647837e+01 3.605168156713791650e-01 -2.287246461515265228e+00
7.170336678999922242e+01 4.550788365720686568e-01 -3.071859845016728929e-01
8.875072617524241991e+01 5.355843217311589272e-02 -2.944911062534153467e-01
8.445927249451435159e+01 4.416736004762003565e-02 -4.904478971604143145e-01
7.022528830150122303e+01 5.635968706266488715e-01 -7.049873142030996798e-01
8.710853174900881868e+01 1.708267202106341850e-02 -1.063762758230782257e+00
6.977472175484840022e+01 3.580187281735150440e-01 -1.031456481629181715e-01
8.812970616009585001e+01 7.035974125507856725e-01 -2.480990036045834790e-01
9.396633747273730819e+01 3.364469661076519569e-01 -6.131157456231941527e-01
9.066094667209823399e+01 7.943621465458527986e-02 -1.237686601562030253e+00
6.650407136256093565e+01 4.453512503732208194e-01 -1.934690842683639833e-01
8.993031629314107533e+01 6.199360321408909913e-01 -4.873266823963390837e-01
8.395902369062925175e+01 2.604717704247375837e-02 -6.135771510493793768e-01
6.564898847821623917e+01 1.383631703456343100e-02 -4.387871984023959671e-02
7.902012716331236675e+01 6.509098192018181184e-01 -1.380710643951509609e-01
7.977562154889577073e+01 4.259346658704963318e-01 -2.856053237366072750e+00
7.523115215670495104e+01 6.950677757654819544e-01 -2.148039051028181490e+00
9.332430420895097711e+01 7.522638831324971430e-03 -2.283297550135164222e+00
8.106738746333206791e+01 3.065727746361793238e-01 -1.564183089149651762e+00
8.267524170873448952e+01 2.780633342061753499e-01 -1.277651202400763020e-01
8.348769212833947506e+01 2.701395209760460436e-01 -3.825851405671428784e-01
8.170421742136130661e+01 4.246234993226508658e-01 -7.491639502207297907e-01
9.600875382614700015e+01 6.963709058880138691e-01 -1.265481535344032293e+00
9.198718698657465609e+01 2.421776328431891612e-01 -1.205982825228354205e+00
9.333985244531646686e+01 1.239473659971940950e-01 -5.463500039643387485e-01
7.248869874276336134e+01 5.208466947038068590e-02 -1.491058862871279089e+00
7.362393919596928527e+01 2.692633298457207114e-01 -5.930379503843809241e-02
6.869697731969615973e+01 5.175324450148638400e-01 -1.549929330568910579e+00
7.109942934615916954e+01 1.638761636268245558e-01 -1.759093427311712698e+00
9.548684338658129889e+01 7.924624430133611064e-01 -1.388332115082534512e+00
8.021009998656393236e+01 2.573932669834444464e-01 -1.234657906432864161e-01
8.918993146741723876e+01 2.816650223238306161e-01 -5.711097640701173761e-01
6.963289206785219676e+01 6.675129259866490194e-01 -1.079148930573284648e+00
7.422504433315492633e+01 5.344399448336903946e-01 -4.268615817060997242e-01
7.225442044861196678e+01 2.724537013857349262e-03 -7.034241275665755744e-01
8.353177244706074589e+01 1.135842444923343547e-01 -4.345712254970966471e-01
8.415847249284692566e+01 7.862830860640027675e-01 -4.085130646099792151e-01
6.590564319880091659e+01 1.074581890342719837e-02 -2.104197141733792631e-01
8.234029184292182890e+01 1.765198292837729666e-01 -2.776556728102216876e-01
8.436200567895785696e+01 6.868389767888180009e-01 -6.869861186773823514e-01
8.552396209647869796e+01 6.496890245810358344e-01 -9.824342181046783473e-01
7.570830813523198799e+01 3.411156721495918198e-01 -1.823832284044022700e-01
6.585937839074746591e+01 6.288739593671185402e-01 -1.214811516616676856e+00
9.243991402912831745e+01 5.663187502137746743e-02 -7.181208547638834316e-01
8.878018802920360031e+01 7.987168793664026212e-02 -2.561793874930959891e-01
9.605335328558820152e+01 5.650331629094210717e-01 -1.187663109006841022e+00
9.392807184446606072e+01 1.858997071174169902e-01 -8.806624346349196941e-02
6.803597852573622617e+01 6.044604220122824501e-01 -1.213329337064514013e-01
7.801500589676265918e+01 3.789617754480302247e-01 -2.325222454461780830e-01
9.353339074590856228e+01 4.046241324256805716e-01 -1.288369858438327166e-02
9.145817156215339594e+01 5.475556317783280003e-01 -4.443726857687588239e-01
8.777167994404167928e+01 1.582727134182205508e-01 -2.200681099739714153e-01
8.960595799437301423e+01 3.478238872637700596e-01 -1.749419326267608987e+00
8.930005607031985448e+01 5.273605696324610292e-01 -6.804905766611927254e-01
6.661295923461447899e+01 3.281239517244477488e-01 -2.895954447491944084e-01
8.811753388954197419e+01 5.905042882499581536e-01 -2.066866828503548525e-01
6.987297084508254841e+01 4.034292461553749126e-02 -1.539308725514392462e+00
6.535097059014346144e+01 5.022005558366788858e-01 -6.587730211520862467e-01
9.051605660519152252e+01 6.761951008250722817e-01 -3.549234744848684953e-01
7.931038747308842574e+01 1.407686768968456625e-01 -9.618858657359333764e-01
8.490204548019411845e+01 3.874294718910854529e-01 -1.986818640683365222e+00
7.181521466782626817e+01 6.381778253899768050e-01 -1.245168922947713419e+00
8.381058825522708844e+01 8.820176712292403243e-02 -3.904176762991343197e-01
7.023805443271764659e+01 6.083046534497977831e-01 -8.578537962195899036e-01
8.055791959612569997e+01 7.047957788883665309e-01 -2.614991541898027627e+00
9.159869759505311038e+01 1.998132684489872246e-01 -5.741346042901733782e-01
8.518612976519406743e+01 5.963920725725384564e-01 -8.851017590777253696e-01
7.380566158624253603e+01 3.272488082097430029e-01 -7.728244879893134134e-02
6.845650312966057527e+01 7.570300175816786492e-01 -2.133401691938070055e+00
9.526248537325449206e+01 4.742271793939010216e-01 -6.394732306800489097e-01
8.093614818248353515e+01 1.488311122003494191e-01 -7.247464217601812919e+00
8.293182256991862289e+01 4.889153145225826336e-01 -8.041433381467490149e-02
7.620865711683498489e+01 5.683604438772132950e-01 -2.258537527719138183e+00
8.854062571120212510e+01 4.639811699099647413e-01 -1.551108383379515461e-02
9.715781408434278887e+01 3.529403027532198589e-01 -1.203083399068347159e+00
8.666204534442888985e+01 2.012925099933640105e-01 -3.896002955330001849e-01
7.471260010930694762e+01 4.421968902509895161e-01 -8.638448789719567478e-02
7.652862156803300309e+01 7.266595123721530936e-01 -1.956315617221576098e+00
9.435994077166483862e+01 6.902739603452778816e-02 -4.133907466759730032e-02
9.076206030782927314e+01 7.679483222380557583e-01 -4.207857090284501944e-01
7.098974146832080123e+01 2.911957840440104195e-01 -1.266471687848098160e+00
7.324143449932336125e+01 5.589835550539427045e-01 -1.152544881235245011e+00
8.700048113036486086e+01 6.182568318453358636e-01 -1.028277790617783821e-01
9.696256741494886455e+01 2.175938388628451126e-01 -1.559293108356535118e+00
9.112590410489073633e+01 5.362588769226110941e-01 -3.931947505320125269e-01
7.539888577273922010e+01 6.562924115371999711e-01 -2.375587784423361271e+00
9.657353787336363382e+01 7.323881521918130799e-01 -4.148983031428127299e-01
9.479556973172087453e+01 5.794864220789176512e-01 -4.264662670684659096e-01
7.295196626333778056e+01 6.938942661471195761e-01 -2.127814651792408807e+00
8.746410394109298636e+01 7.181784122998615683e-01 -7.477730293066890965e-01
6.722599744193325932e+01 3.145428648740268285e-01 -1.794057602659081319e+00
8.647171234941437490e+01 1.320931516053435173e-01 -3.091732097603281826e+00
8.308110189440658644e+01 4.385532979414732413e-01 -1.587530945342406630e-01
9.460679870822391990e+01 2.533271181247512271e-01 -1.001373461447473856e+00
7.875200302708664424e+01 4.692591728167079257e-01 -9.358717309978339949e-02
7.887251678127820753e+01 2.105525935871442322e-01 -3.000088010597194987e-01
6.761098812311713857e+01 3.286061290666403290e-02 -8.656052410342078840e-01
7.847080057239094231e+01 3.168136209278746285e-02 -9.431500741471572288e-03
8.190481466128670718e+01 7.721984851943471950e-01 -3.753013349728885339e-01
7.140645169863148567e+01 1.734273017348823553e-01 -1.686144655871925968e+00
6.627348363606505188e+01 2.774090633347547907e-01 -2.118887418868775629e-01
6.503974113258682621e+01 5.086769622570759264e-01 -3.448672812797104470e-01
7.437731934106643905e+01 3.934884483204851291e-01 -1.108419021438063201e-01
9.264823571443486117e+01 3.033167074313376510e-01 -9.587213488927197602e-01
9.004006166756227003e+01 2.300473100501353521e-02 -1.340689624931191704e+00
8.580969140961241237e+01 3.698629506704489422e-01 -4.652390857426432547e+00
7.696021427113484492e+01 8.479911368504540470e-02 -1.146643710791219184e-01
8.626121460114664785e+01 2.255866446848345253e-01 -1.083342887326247173e+00
7.063970520655436758e+01 3.628874061684010388e-01 -4.925238356199786449e-01
9.306325001311004996e+01 4.212531652517039760e-01 -2.228817047458745149e-01
7.778751916253089860e+01 7.450768618315247727e-01 -3.862809842126802007e-01
7.683358068225869886e+01 4.132774196708698944e-01 -1.238439486691649716e+00
6.928059811997307804e+01 3.098354105493824062e-01 -5.167618813006251699e-01
7.734272344071345628e+01 6.458180207789058214e-01 -1.021772854521899809e+00
7.508304160008555073e+01 1.104241085158457480e-01 -2.013339115640897070e+00
7.949092481054741199e+01 4.534751145544159145e-01 -1.177080099010791026e+00
7.995204294074837037e+01 7.401328979619887782e-01 -2.020325555892066305e+00
6.906001275157787234e+01 2.330866518811681998e-01 -3.134288429174068580e-01
8.257047440830905316e+01 4.826854061250522299e-01 -6.347611790559190559e-02
8.112093610355522344e+01 7.839490449022858964e-01 -7.417065310142393342e-01
6.688532179185285997e+01 9.752735223811201393e-02 -2.003063991743950500e-01
7.176066654466293926e+01 1.072497491608029666e-02 -3.017680280109665270e-01
8.953391009024944935e+01 8.787966800528962397e-02 -4.371688996622335455e-01
8.595121159947976253e+01 6.879379456220517941e-01 -1.108838000278248748e+00
7.396348099724413316e+01 3.968830992086349596e-01 -2.087422410859432753e-01
7.996946506989949910e+01 2.347934231417594941e-01 -3.925002197919806590e-02
6.715399461354628841e+01 5.303846137562560070e-01 -8.542401228883031439e-02
6.588798700800357722e+01 3.725482554929910872e-01 -2.385285197793395873e-01
8.046772296430403060e+01 6.545418612156952420e-01 -3.467528869916768564e+00
9.604831862627416683e+01 2.979321793165921606e-01 -1.259772890793780187e+00
9.570144243750257829e+01 2.671223709755776166e-01 -7.358090719278708169e-01
6.747262613231333717e+01 7.379931885248498524e-01 -8.252675989353497332e-02
7.335393613026957382e+01 1.051417136028106880e-01 -4.146099067892388135e-01
7.783907841982144760e+01 5.943435258783464903e-01 -3.820027173387702812e-01
6.762831713792255073e+01 5.791677732080737773e-01 -2.267646790767428866e-01
9.715473495325551312e+01 4.940924170146114847e-01 -2.809262835244749068e-01
7.741992892246162228e+01 4.617769559097130716e-01 -1.516897827393832499e+00
7.978015399060745949e+01 9.437991004792731231e-02 -2.035152046957273697e+00
8.254802432497677955e+01 1.325867515142493680e-01 -1.384419168473080830e-01
7.660888450613202849e+01 5.919154953266207025e-02 -3.146163024500499006e-01
7.559156877113429118e+01 1.173245714866770206e-01 -3.167999853370623065e+00
8.312206734209253511e+01 1.925608008246068037e-01 -6.129207842293074929e-03
8.415995806336660223e+01 5.499915350145249127e-01 -8.699687874210572103e-01
9.598879312839719091e+01 2.442147114241774719e-01 -1.089069220216401179e+00
9.170861488937494244e+01 4.669774027951829054e-01 -5.935203289008236238e-01
7.323389407512111404e+01 2.934936471536070957e-01 -4.646519797288568565e-01
7.942889977226028009e+01 4.853910427481942236e-01 -9.510294139937588431e-01
9.064882378408447039e+01 6.037792340304780625e-01 -3.715171877829499536e-01
6.902332693996525848e+01 6.472405700073923240e-01 -1.727380537153131224e+00
6.835085577739047835e+01 4.233112462471720905e-01 -2.948181585393744863e-01
7.609255798918090363e+01 9.505526127213778827e-04 -7.359920684826370962e-01
9.517879651429961996e+01 4.240335780723477055e-01 -4.160831485331826785e-01
7.511549842446298442e+01 4.066053530083976186e-01 -4.089012791060186447e-01
8.398694538425777978e+01 6.936722861587085731e-01 -3.548782328030038458e-01
8.827413849228040021e+01 5.271104140190769893e-01 -8.846117111486176410e-02
8.913199798088423620e+01 3.423853601591561047e-01 -5.820800963843381082e-01
7.263197473802325987e+01 7.821653235135443971e-01 -2.068438774951757431e+00
9.040021453697440279e+01 6.778317039438745972e-01 -3.513523841736747588e-01
7.443148784989449496e+01 2.598894523379526311e-01 -9.785282634597765039e-01
9.683433715873610481e+01 4.759410472580815621e-01 -5.765955731139724705e-01
8.545077840927642399e+01 2.262284087753445305e-01 -1.005950638540923370e+00
9.504284506212852079e+01 1.400857675110186162e-01 -4.643792229928254967e-02
7.706542106963766514e+01 3.359378397059582522e-01 -1.521939769815153998e+00
7.122817658860532219e+01 5.100791858924733635e-01 -2.109677646452065847e-01
9.085511412914820539e+01 3.810772159196138542e-01 -1.204739400588536791e+00
8.983166337745551289e+01 5.686727435764745708e-01 -6.638764443475922983e-01
6.508058534253326854e+01 9.615110337844266775e-02 -4.002550583438307941e-01
8.164061529929523431e+01 7.286579112559521398e-01 -4.468970061819418915e-01
7.570369702277847068e+01 5.383004884924179612e-01 -2.217828713833967402e+00
8.503987933860516080e+01 3.594627238654687362e-01 -2.283585132052268651e+00
8.135715409678391552e+01 3.124585796778687335e-02 -4.723559199736507286e-01
7.271881198811408353e+01 2.782026189363299706e-01 -1.085911884326013821e+00
9.005764453519934420e+01 6.621663452029339370e-01 -3.939991305041667946e-01
7.794807282524243419e+01 4.021283293834061745e-02 -6.599089708201592852e-02
8.710367256660974533e+01 7.093421419842074194e-01 -5.807469080654672489e-01
7.860068205768148175e+01 7.181494263125450805e-01 -6.695089068147383471e-02
8.199795094487689084e+01 3.851045864344794789e-01 -3.618284914804941743e-01
8.875901246278027656e+01 4.377004310359766115e-01 -8.174727400778650233e-02
8.785684676663416326e+01 3.497315839192658427e-01 -1.377211914880673016e-01
8.800612818382433034e+01 5.150519523597086868e-01 -2.013201205482821887e-01
7.424717835406238464e+01 6.172736257499312762e-01 -4.642449860487459223e-01
7.835588982574878969e+01 7.958299298581703596e-01 -1.076941735322779412e-02
9.340043996705315976e+01 7.619267266241750436e-01 -1.784643107189174627e+00
9.120657647255330858e+01 3.073584900278998333e-01 -1.455921734060598549e+00
9.412549036935561730e+01 1.487036074849131528e-01 -2.727875649712991832e-02
6.932671867962655199e+01 6.380635679369948132e-01 -1.346049517616488389e+00
9.258861260411181604e+01 5.005775260309326402e-01 -1.104142147189545398e+00
6.629103232583614158e+01 2.503551400259402815e-01 -4.810090829739718243e-01
7.892646859652853664e+01 6.652913848107334660e-01 -9.859323732985937616e-02
7.001241537629917389e+01 7.531493761792958930e-01 -1.108076471436089339e+00
6.954872166613809270e+01 6.623941644123677863e-02 -6.118074796092740075e-02
7.049879986240947005e+01 4.400810469786431978e-01 -2.681414716116655717e-01
8.043798525441427216e+01 1.745484089494818147e-01 -4.055190445819280676e+00
9.453005180428148435e+01 2.192849491743194545e-01 -7.201650663901050242e-01
8.640144286336547452e+01 6.963748504671061212e-01 -7.525489953503580187e-01
8.689382557039667176e+01 1.917467337967950769e-01 -3.450787114128974209e-01
8.104301048057975265e+01 2.153834515091892499e-01 -2.130712753863107434e+00
7.104943401836278838e+01 7.893543842051966575e-01 -4.483613447432916455e-01
9.279593074271666353e+01 2.207429871615860378e-02 -1.674231467369823978e+00
6.860603467307933556e+01 4.151206997666057052e-01 -7.565881571081334300e-01
9.216773414311845158e+01 3.445435216088373748e-02 -5.217831735351019518e-01
8.340645254172905254e+01 7.475588308663251580e-02 -3.453719503685617198e-01
8.753744782340716313e+01 3.208111956744532645e-01 -2.286820010872051556e-01
9.375326009957609585e+01 1.614486207566432907e-01 -2.626045969875731578e-02
9.378098974111654229e+01 3.615044221104833366e-01 -3.140567398605114691e-01
7.022951074768366198e+01 4.821665613900038422e-02 -2.375653513643171344e+00
8.620588972154092744e+01 6.157201358773587430e-01 -9.910815434388512424e-01
7.203404840384567365e+01 2.029251921005727766e-01 -1.111190832279523422e+00
6.550113563908308834e+01 2.859888556184473907e-01 -1.733042141162943195e-01
8.225383702132751296e+01 7.707800235615475115e-01 -1.784066853959300203e-01
7.483995743633056463e+01 1.811170998755508021e-01 -2.472851772783512203e+00
8.494308367675212423e+01 1.216468212373918167e-01 -1.900949429955183234e+00
6.651929568533734027e+01 4.491034731751885056e-01 -2.087349183472857750e-01
8.442395212208766964e+01 3.157726518329215804e-01 -1.325423516587550310e+00
9.206917146192458290e+01 1.544377040840420046e-01 -6.980706248786179291e-01
9.659754399859698992e+01 5.852120392908171098e-01 -4.442349924835540254e-01
7.645500153801972942e+01 6.317093224228115256e-01 -2.143417233982924053e+00
6.793280540174529847e+01 5.542114244794228428e-01 -6.405301988519694449e-03
7.146722845050705075e+01 5.609708252127042494e-01 -7.911650463580208736e-01
6.560649306815588488e+01 7.464289988056040936e-01 -1.238351881354794903e+00
8.282160205969843503e+01 7.228844814174733013e-01 -1.480634225170915710e-02
9.384243137162752646e+01 3.573010608982973846e-01 -3.376038711311748486e-01
7.774080042449142525e+01 5.781684289486015427e-01 -6.605517596803346381e-01
7.221382828148757937e+01 5.577224336139791072e-01 -1.095924225415799480e+00
8.204568730370642982e+01 2.489924405828842502e-01 -6.941870496658235634e-01
9.349279741729455395e+01 5.344968174948945272e-01 -4.699464134736300314e-01
9.461849737511164449e+01 2.967296990199144724e-01 -9.824058109742214162e-01
7.341244792001008079e+01 4.055200594475719678e-01 -6.481470095065920978e-01
7.487466233993905007e+01 6.225086108513107341e-02 -5.509888753982265797e-02
8.744129232690085018e+01 6.662722649251381357e-01 -5.098906059077749076e-01
9.502824649411239477e+01 5.675822249290296551e-01 -6.250013488736086975e-01
9.083639153414725342e+01 6.937419757895314509e-01 -3.953075173632511485e-01
9.684739158393531966e+01 7.582179446221153363e-01 -2.520791709216049226e-01
7.613520640181818067e+01 3.272211556945880950e-01 -3.493878238275788806e-01
7.422579042856004605e+01 2.606422334264087495e-02 -5.380066219715018416e-01
7.066022799093786944e+01 1.763878165430437725e-02 -1.314553663568783559e+00
8.039170838199710545e+01 3.724958238193392529e-02 -1.040242632330174555e+00
8.217196466158856083e+01 6.608220419550292490e-01 -1.055876130123916679e-01
9.622182830827124178e+01 7.981120058019217645e-01 -9.041336227721672447e-01
7.870799619020516502e+01 6.268471606735392943e-01 -8.144653533613875618e-02
7.081567645125930710e+01 2.347264241060217638e-01 -2.228324976727870332e+00
9.525619271952248823e+01 6.865824905864488237e-01 -1.186372982127763764e+00
9.098632611445609086e+01 1.332798343350158066e-01 -8.974793181407297871e-01
8.168580055914240745e+01 1.228387156046732154e-01 -1.804544607429993563e+00
7.430252832924890072e+01 4.348455676681921567e-01 -1.794966280534602554e-01
6.762940695244091671e+01 4.924441423431986653e-01 -4.675517642118245387e-01
8.136615671175582065e+01 2.596011709009592439e-01 -1.405566481083132091e+00
7.546872336748167243e+01 1.451949640543100939e-01 -4.354852695227608983e+00
7.959745800245346459e+01 5.436584293446704574e-01 -1.537205396541888147e+00
7.387917695899643888e+01 4.259318812575674795e-01 -2.546759265789943494e-01
8.077333915110051521e+01 3.781955426784508467e-01 -3.065152283480768958e+00
9.151181877172633961e+01 4.229291739456637611e-01 -7.197423369409365890e-01
8.384938470645897723e+01 4.833258707192182868e-01 -6.055759489660109685e-01
6.960206302942819434e+01 1.914927792511747658e-04 -2.850233066108542879e-02
8.456834949023816250e+01 2.899503447318153015e-01 -1.138024980119891394e+00
8.333872453312687867e+01 3.084223952993170315e-01 -3.735507610068710682e-01
8.829655641941280919e+01 7.226984458388722166e-01 -8.320802624451725804e-02
6.891509341389831889e+01 2.711094034581820744e-01 -4.346141316244760411e-01
7.906413782474005814e+01 6.740557741975257144e-01 -1.316291414580924302e-01
6.693424022322288636e+01 3.348066298326013435e-01 -7.505405877504754963e-01
9.601637111602298091e+01 3.477824097042410689e-01 -1.132653404963602339e+00
8.782583429709141853e+01 4.684015895016835351e-01 -1.728464799634821525e-01
6.854580669077122934e+01 6.540352874667113570e-01 -1.955736767955417177e+00
8.476352512822073493e+01 5.841593632844318540e-01 -9.019289559312874127e-01
9.202520683912526067e+01 6.048910909412134052e-01 -1.066658072667475254e+00
6.513333421772367160e+01 1.040527460258641040e-01 -2.100651403062536726e-01
9.253343665639120275e+01 7.870193051954950114e-01 -2.043442195446578236e+00
7.120584174198904748e+01 7.313589796514207153e-01 -7.354146441413861313e-01
8.620779818950941831e+01 7.428510341256711058e-01 -1.053036849753927084e+00
7.576094014354256956e+01 5.228246787240525828e-02 -1.864604856557459778e+00
7.315118584317895056e+01 7.027163428865881301e-01 -1.464587900721445290e+00
6.529883836529486985e+01 4.740242100922207880e-01 -5.722926444864647744e-01
8.868449810938990652e+01 6.445918045596749080e-01 -7.587765493666340233e-02
7.831634993502829900e+01 3.136556837156678768e-01 -1.415945212661417867e-02
6.782125469639160542e+01 2.239719178947931211e-01 -2.824520109842036386e-01
7.187144035198953418e+01 4.085840614961873674e-01 -1.026348141404029024e-01
6.824107860143971038e+01 2.460340130655731261e-01 -1.906317930895602697e-01
9.303111821163273021e+01 3.918900577964055110e-01 -1.790965147956819492e-01
6.940591254618301775e+01 4.982225802462723063e-01 -1.109412335479199374e+00
9.569047201490650423e+01 5.254239243007844395e-01 -1.191595774779346195e+00
8.356729119808181849e+01 1.966973158986053960e-01 -5.438174024083556463e-02
6.683213067984253541e+01 4.504689782277392363e-01 -4.693784596228127437e-02
8.560134978454652810e+01 2.874310934110371196e-01 -3.436214363890593315e+00
7.998332291609746392e+01 6.699669836883094531e-02 -3.318212971571028458e-01
7.257675578680914441e+01 1.369897668860582673e-01 -3.650901334245633678e-01
9.431233114475338652e+01 8.316037369945307456e-02 -2.041633815807306906e-01
7.295165617520957824e+01 2.316898263418064874e-01 -5.351714945437697768e-01
9.341517686854021463e+01 7.695859579200708955e-01 -1.790442542751998545e+00
7.930632811990604125e+01 3.928522698094421006e-01 -5.341188900542815921e-01
7.809721215746179723e+01 2.743487548571760803e-01 -6.563410280727678681e-02
8.929531490852704678e+01 5.707624176866388233e-01 -6.242977593262153402e-01
8.429891700760005335e+01 1.152301651633759888e-01 -7.352389560074379382e-01
6.611474874205617880e+01 5.063290568480156573e-01 -7.160332723459865711e-01
9.000919895252171443e+01 6.082072587978671896e-01 -4.796608738871170341e-01
7.032555350563198715e+01 9.456696142932322080e-02 -2.259592749075438889e-01
9.232780265166530853e+01 5.502963395478720487e-01 -1.216823331017749199e+00
7.161651694399698442e+01 7.083478722211542511e-01 -1.504942793712085169e+00
7.525348484028143048e+01 3.740812042243158997e-01 -2.737272938832368552e-01
9.143366973343361792e+01 6.388766056380542624e-01 -5.098506220201706185e-01
8.684692995722419084e+01 6.214876534771085481e-01 -1.246499035503312730e-01
8.569823283143969661e+01 1.686957314192112922e-01 -6.877181573505120049e-01
8.640316618266493265e+01 5.169053995396497569e-01 -1.150714712529138373e+00
8.985431659170161822e+01 7.494470942519664280e-01 -3.762274313714146778e-01
9.712753034004350638e+01 2.096934353440146614e-01 -1.171993147262655910e+00
7.691293859830413737e+01 2.016924884043581057e-01 -1.167370662440692763e+00
8.724554735557799745e+01 1.533431871476580999e-01 -7.641843638861010035e-01
8.259205020344526815e+01 4.291617635876928544e-02 -1.524427405670478741e-01
7.671791328119431341e+01 7.828907374287583654e-01 -1.548679181128833848e+00
8.896116488571814784e+01 8.745854998840020197e-03 -1.551806843073233189e-01
8.813357003568299319e+01 1.821734674127312159e-01 -4.597096937708731318e-02
6.586034005580675910e+01 7.921474090029573256e-02 -1.479612543503505961e-01
6.735895155807344281e+01 7.173881165500997081e-01 -1.316051420126412574e-01
6.628567542059094819e+01 7.615225792062895183e-01 -2.243235840191043273e+00
9.658997251563611997e+01 3.365464821000703766e-01 -1.728620490562605250e+00
8.296443802918676624e+01 5.976709065151765143e-01 -4.170161969557999865e-02
7.641178395893805941e+01 4.405589876862492371e-01 -1.285302987151768495e+00
7.745539254701452592e+01 1.888881815853302726e-01 -4.592002514258896051e-01
9.025019021686711085e+01 1.035398893549029087e-01 -1.073735538881956941e+00
8.085952351228178259e+01 3.657013607267716737e-01 -2.712494406985823669e+00
8.507575686312864605e+01 1.663649037406391140e-01 -3.863329213286413877e-01
7.001685083283274480e+01 4.562669423319926643e-01 -2.695090741786048127e-01
8.175021637175261446e+01 4.931759264851309776e-01 -4.272436694682755776e-01
8.094483370356418561e+01 1.652573885531828379e-01 -5.696870020005978752e+00
7.523718922417548072e+01 9.206113817555561588e-03 -1.314045615262836864e-01
8.025603318400223429e+01 1.419193178193654814e-01 -6.036599625778416467e+00
8.088205783733567955e+01 5.985893843209488807e-01 -2.438677174903254308e+00
8.048339692922405675e+01 5.838022683774268806e-01 -4.204966591925652253e+00
8.081370195980525750e+01 7.932739058447149660e-02 -3.550038507285870892e+00
8.417712516936816769e+01 4.008199404767624485e-01 -1.303589778124813803e+00
8.349540896236403853e+01 2.974079456567533808e-01 -4.854315845981099220e-01
8.122352559291280727e+01 4.122176869585605918e-02 -2.419004805115287093e-01
7.445619930716463841e+01 4.544218393036429660e-02 -1.850843999517141902e-01
8.622719574141311227e+01 3.642685444354902824e-01 -3.722387111638362001e+00
8.231901409518906121e+01 4.394395269942650284e-01 -1.413196647901084069e-01
7.517861163077682818e+01 1.756094063508049363e-01 -3.551984649745859368e+00
8.750702574958606306e+01 2.779982062537749710e-01 -1.586530411391968431e-01
8.006069771120404255e+01 6.953191161347986593e-02 -5.007187584245370582e-01
8.688581060547231516e+01 3.374388588222219099e-01 -1.219723936513294360e+00
8.197202501298704647e+01 1.064481212385773312e-01 -4.404259602767747750e-01
7.627902047695991428e+01 1.435121457347648399e-01 -3.594439677918448428e+00
7.224030739521808187e+01 4.948254004112146998e-01 -1.085994373749133990e+00
7.918358725994748681e+01 9.468126895545808663e-02 -7.935439518122390234e-01
8.776904475012442219e+01 5.008839295945788014e-03 -8.760081681147880994e-01
8.242046161954061745e+01 2.652388746283858810e-03 -6.885916107319335622e-02
7.291318997290670723e+01 1.651764792678510618e-01 -6.114231492984798511e-01
8.157794272026752935e+01 5.929227951108150263e-01 -4.501450946695326749e-01
8.066389330630804011e+01 1.158991312541234608e-01 -8.813898545554222252e+00
8.092943982233457234e+01 1.484107413732673464e-01 -7.282356461057727159e+00
8.008060812347616775e+01 1.335532753112050608e-01 -5.080906886353113272e+00
8.036174702276747439e+01 1.630752208465218456e-01 -5.061378245917787844e+00
8.515747343582459905e+01 2.910811111104563698e-01 -1.939550752685408330e+00
8.095440727751000054e+01 1.040959517868650375e-01 -7.102001282138370897e+00
7.840662251783651016e+01 3.060552805497121498e-01 -5.648536191703302373e-02
8.534420292421191334e+01 7.225425537271190635e-02 -1.313386375823808461e+00
8.119251419808423975e+01 1.613117412178832200e-01 -4.933156510965523545e+00
8.543332493370978398e+01 4.140743094047218964e-01 -3.517942818991025344e+00
6.978684695766224877e+01 1.345397664333330412e-01 -6.134485651118518623e-01
8.519953044507963114e+01 1.529910805263342277e-01 -9.420298966257971696e-01
8.528464556951986708e+01 2.215663527327716431e-01 -6.103057067671374680e-01
8.553290843722140835e+01 4.677609004021506256e-01 -3.039831642719984739e+00
8.502613636353389381e+01 3.261638503605740480e-01 -2.043659407715739729e+00
8.506306745698208260e+01 8.393772336413049193e-03 -2.983881206852894707e-01
8.123558076142074924e+01 1.681429090996910958e-01 -4.033439888078301117e+00
7.660680083218073833e+01 2.674716455681301341e-01 -8.610263133190710905e-01
8.144697960133700576e+01 5.117534444991153064e-01 -1.004439887672755383e+00
8.104850912290540066e+01 9.235248314911997936e-02 -4.931829811572648659e+00
8.525663572385420252e+01 1.085001851097355391e-01 -2.879253530191460797e+00
8.146502832690305240e+01 1.408706844219480003e-01 -3.698321004012484536e+00
8.435501891959697218e+01 1.921579468600777274e-01 -7.911340102745954839e-02
8.489473170603271512e+01 2.149252018881890602e-01 -1.328369496761289681e-01
8.505763370670102574e+01 3.983727011102970450e-01 -2.294830446503943744e+00
8.071071350902704467e+01 1.277570378623554825e-01 -9.033357638606464235e+00
8.096856510398762907e+01 1.346898057221267986e-01 -7.860495061409100259e+00
8.063486413887983417e+01 1.342653782699888831e-01 -8.626538177673035435e+00
8.037691169868185170e+01 1.415495823285364552e-01 -6.606730922063885458e+00
8.159163180074315846e+01 2.484900153169559145e-01 -1.324887979259706139e+00
8.107633810360414373e+01 1.051740211253043011e-01 -6.650988669595073510e+00
7.725454114001446726e+01 1.716657905795501982e-01 -5.934518622479036942e-01
7.323715120978950210e+01 4.807083978020162407e-01 -1.170539492399454762e+00
8.020037956401827728e+01 1.119848944476622005e-01 -5.640061320109792220e+00
8.549574298755673851e+01 2.600842796056145878e-01 -2.267553754729749738e+00
8.128630756493674880e+01 1.475140287968109976e-01 -4.667963320601077548e+00
8.394370715391340809e+01 1.776340547563592942e-01 -5.741107170576955493e-02
7.580380097619672597e+01 1.313711103049274020e-01 -4.244460958362530789e+00
8.180763478707959280e+01 4.111255559839411267e-01 -5.533307734240364706e-01
8.092329017626997256e+01 8.716357375778585603e-02 -4.890420153974837092e+00
8.295500111779813324e+01 2.424560611953088807e-01 -4.812975306443982582e-02
7.743640128726400462e+01 3.422363852812766033e-02 -2.837826865781308827e-01
7.013797484795352943e+01 2.252171638689262363e-03 -7.535433247839653549e-03
8.442617030263117783e+01 4.924449909874661913e-01 -1.340347304917264060e+00
8.390929511587538059e+01 4.627146425987545553e-01 -7.555760567234962588e-01
8.704922161811953174e+01 1.172741442994576673e-02 -1.627940732258956302e+00
8.149760036961097853e+01 1.853418283223977336e-01 -2.304747205252929643e+00
8.558736944144344250e+01 4.507438898461867405e-01 -3.284557120420832366e+00
8.609926319278562801e+01 4.119911091954608917e-01 -3.681768386048101860e+00
8.164559520777791590e+01 2.975138889628697325e-01 -1.098667968997078859e+00
8.091585568080571989e+01 1.343402953803915223e-01 -8.330538437156528531e+00
8.053722553415076391e+01 1.349513149878791007e-01 -8.303013332253915024e+00
8.098998487846341732e+01 1.020077235136962746e-01 -6.912638277861115732e+00
8.072436770044674859e+01 1.855168446024246520e-01 -3.923214869665881288e+00
8.026277713868606156e+01 1.511331058871427935e-01 -5.529241762777481028e+00
7.967205164157051911e+01 1.620626925459502932e-01 -1.453580192238021151e+00
7.913182147653672871e+01 1.540288946743284260e-01 -6.799454349306507384e-01
7.866923056553422100e+01 1.451994669854058118e-01 -7.986719173300285135e-01
8.115995618684202384e+01 3.397083202726632889e-01 -1.886789835685100281e+00
8.060848425408066475e+01 1.774389192773239421e-01 -4.548599230302177610e+00
8.589034763661260286e+01 8.415619699007156895e-02 -3.115472513957496137e+00
7.826897099879084863e+01 1.326054020378901743e-01 -1.185002219446066762e+00
8.590183463504116901e+01 3.732709067735586750e-01 -4.571069553176854150e+00
7.992782115778791763e+01 1.240587777225453936e-01 -3.911010424431036636e+00
8.583383971575288740e+01 3.835703556143292281e-01 -4.543220939081120235e+00
8.071536139213428385e+01 1.384785437550358211e-01 -8.546938810579527868e+00
7.961551774209105758e+01 3.734060327402766721e-01 -1.512607999913804457e+00
8.561464091733921578e+01 3.494716557068891505e-01 -4.283338406301703927e+00
8.057379668347323332e+01 3.349905227186202317e-01 -2.255630867186698474e+00
7.566882085427801030e+01 1.596255271112495822e-01 -4.507265407480940844e+00
8.138867002600599676e+01 1.218112109167876489e-01 -4.100610369580612868e+00
7.986066798094047670e+01 1.705246111155406252e-01 -1.656172305412469958e+00
8.593981299445339062e+01 3.452203772142133364e-01 -4.657608631633196161e+00
7.251197034380329853e+01 2.897078206874179052e-01 -1.239730640453472255e+00
8.570169229879100214e+01 3.692659121437226188e-01 -4.500338271195012396e+00
8.085537912782788794e+01 1.428280812708911662e-01 -8.053306600838739726e+00
8.092811470644357996e+01 1.282848453386704057e-01 -8.143120554753872753e+00
8.051425945218868208e+01 1.362862456452820503e-01 -8.242308183301551239e+00
8.056350487525234882e+01 1.280859241336100296e-01 -8.481345277167035235e+00
8.037622179635731356e+01 1.237246018474947862e-01 -7.468352289105158803e+00
8.081739724964330662e+01 1.006914536841490571e-01 -7.389091503611265210e+00
8.064828500949239753e+01 1.576598524938024326e-01 -6.756216933961213478e+00
8.139678665310340477e+01 1.338039301389265245e-01 -3.876394690271907084e+00
8.103980735252093837e+01 1.389813788211914092e-01 -7.049414877068246099e+00
8.034887299219347767e+01 1.144282120426485527e-01 -7.027648784119811864e+00
8.047698912719765474e+01 1.042450553363113291e-01 -7.010199524621968159e+00
8.105598201134658609e+01 1.059089960081147086e-01 -6.697057623419217620e+00
8.092319568880830616e+01 1.612134463991030109e-01 -6.077773067562710629e+00
8.039789497999707635e+01 1.463573517443862992e-01 -6.829434860147899577e+00
8.120602913727257999e+01 1.342358837663860383e-01 -5.989788423431662068e+00
8.106390266435288083e+01 1.076608337297245283e-01 -6.798902863763885307e+00
8.006487578272422923e+01 1.398774333431563599e-01 -4.390013207017238628e+00
8.017881025850930143e+01 1.262804998181098204e-01 -5.671864988308110256e+00
7.720796612135323755e+01 2.552057244014755422e-01 -1.334404746736510106e+00
8.087921520108238838e+01 1.038400632221969239e-01 -7.492783791734042076e+00
8.186512437879548543e+01 1.622834780133151078e-01 -1.255900801077373341e+00
8.471196240759275042e+01 2.376640911093274092e-02 -7.035571601257487595e-01
8.023073405473184039e+01 1.114939022594583079e-01 -5.589687382014664863e+00
7.615055476091201569e+01 2.524578287694702050e-01 -1.055797822625843096e+00
8.125888083803049255e+01 1.021801603449174478e-01 -4.533220016030466759e+00
8.060629902117203471e+01 1.240742497548860818e-01 -8.823430222918618782e+00
8.075473623575244631e+01 1.372523636758249121e-01 -8.613650996683485772e+00
8.061746343606731102e+01 1.339794291556977435e-01 -8.637334391904465392e+00
8.080210407928784377e+01 1.334535084154501172e-01 -8.672785295193238042e+00
8.076577340427483875e+01 1.122497600756787589e-01 -8.667274835734490424e+00
8.061350715898549879e+01 1.126127015248129803e-01 -8.609610678597459099e+00
8.054397077695900009e+01 1.187782200634575763e-01 -8.703441994571610607e+00
8.076748147704600456e+01 1.358143920376968516e-01 -8.704637725974480489e+00
8.092859081447801373e+01 1.318136287361908465e-01 -8.464536136840765224e+00
8.067223353942019060e+01 1.367091359291303654e-01 -8.648488164284865221e+00
8.087562559898049130e+01 1.182340943117115295e-01 -8.679986487689454577e+00
8.094704927611911671e+01 1.219586110811873292e-01 -8.282736974483816184e+00
8.047994947259513765e+01 1.214317923358882167e-01 -8.426644739194607325e+00
8.090414992584787512e+01 1.227586693362514580e-01 -8.708786494187414462e+00
8.096394079440949554e+01 1.159498102893425364e-01 -8.236559849379995413e+00
8.095290588503263507e+01 1.423755396403645901e-01 -7.797567783555123810e+00
8.077434494134830345e+01 1.047801009934308247e-01 -7.999045235375361607e+00
8.103363148099974467e+01 1.207778364845035202e-01 -7.739559800602107131e+00
8.040078867379048688e+01 1.284527550304757071e-01 -7.513751760346089270e+00
8.047627968366131768e+01 1.305277554728636324e-01 -8.015658848064973085e+00
8.045191042652244562e+01 1.154071948188194335e-01 -7.647974889443988289e+00
8.056253298985930655e+01 1.435634697045723163e-01 -7.805796993268219630e+00
8.071957523334589268e+01 1.010551923672052682e-01 -7.536135877027529517e+00
8.064892757270233403e+01 1.042358446227681923e-01 -7.917910899828222604e+00
8.105024162271236321e+01 1.105697109977297754e-01 -6.930635525750864723e+00
8.071670852541879526e+01 1.361662235264747001e-01 -8.687621807594377188e+00
8.070806916641478779e+01 1.262269168129908081e-01 -9.063149447712573803e+00
8.080865208000254540e+01 1.287913127937187208e-01 -8.873586518075947893e+00
8.086982532498747389e+01 1.137486669847433129e-01 -8.538881404889091087e+00
8.063119484530896841e+01 1.248280536126958745e-01 -9.032679874466371217e+00
8.065506989800229576e+01 1.215575333955333515e-01 -9.010118974673215320e+00
8.059447026590795815e+01 1.277966937311405538e-01 -8.813538161842656038e+00
8.076111131698232271e+01 1.151284147284842574e-01 -8.820961454766880649e+00
8.087797845844073663e+01 1.235673463423618001e-01 -8.696838328541776519e+00
8.050786907042804330e+01 1.303858908225372648e-01 -8.447777363217372937e+00
8.076343988064412827e+01 1.097682051072727261e-01 -8.488961561174944492e+00
8.077169637546710135e+01 1.254252456550576655e-01 -9.080456793562712292e+00
8.080209196450795162e+01 1.189110972109673342e-01 -8.942695149346270966e+00
8.075526880844074640e+01 1.222868354266524182e-01 -9.085024618499529581e+00
8.058421846953643808e+01 1.177840908600186060e-01 -8.656446924728731673e+00
8.078675997105213469e+01 1.323960094061657766e-01 -8.885229556703656328e+00
8.077814031619904256e+01 1.390280405471753800e-01 -8.500542480673667356e+00
8.069386557728965670e+01 1.353037610066034901e-01 -8.730938438403637036e+00
8.071254291984834595e+01 1.061801150983091024e-01 -8.138938337228859510e+00
8.072513472651270661e+01 1.115698328393186500e-01 -8.652856355318620629e+00
8.051617866964619452e+01 1.162564493144953998e-01 -8.192792161214367042e+00
8.060103058072199644e+01 1.185797181008329260e-01 -8.689081340906371409e+00
8.083966242716240913e+01 1.199797714629717432e-01 -8.696522165116959968e+00
8.069576705998061072e+01 1.182652315016698430e-01 -9.007978224527468214e+00
8.052248041019072389e+01 1.234138498739402179e-01 -8.466265315943852343e+00
8.060682834591565893e+01 1.198102233826322388e-01 -8.735125657026133084e+00
8.068735765792108339e+01 1.329773980943246559e-01 -8.842191543358630668e+00
8.078103432583833410e+01 1.173376157219012672e-01 -8.902322602698207632e+00
8.071227269259166803e+01 1.185914530871090139e-01 -9.017778340932617098e+00
8.093901166699363614e+01 1.210551627784441087e-01 -8.285353283019050608e+00
8.066728470568565967e+01 1.267189906244892694e-01 -9.020203256889404386e+00
8.079164685092601417e+01 1.200602062183546981e-01 -8.960988322944766438e+00
8.070822475102204407e+01 1.225571887304821445e-01 -9.083441261928225430e+00
8.073333506146248340e+01 1.312949867555912864e-01 -8.922334269809645946e+00
8.060102571622864787e+01 1.318932162697880328e-01 -8.716235196048208067e+00
8.083865371573162406e+01 1.284483019657227110e-01 -8.890498860011240012e+00
8.066805576850568116e+01 1.123970226707642628e-01 -8.585711490695128845e+00
8.065768255081822247e+01 1.062951089555762424e-01 -8.161944374312797734e+00
8.076220654038220914e+01 1.295953379528869409e-01 -8.989469028550962193e+00
8.086786830960316763e+01 1.214992849286282983e-01 -8.706730686393742147e+00
8.074338754379083127e+01 1.291740855446532332e-01 -8.999735862920015705e+00
8.051051042042455208e+01 1.322602253257509630e-01 -8.399486291534818960e+00
8.069422976439889794e+01 1.144612763151322543e-01 -8.845711735431224909e+00
8.082776332282716680e+01 1.346174802102965695e-01 -8.616316689147001995e+00
8.076691851821595947e+01 1.191518488014737392e-01 -8.944269637615105850e+00
8.088958652567956165e+01 1.223062711425774163e-01 -8.708613955971385323e+00
8.092498655959229836e+01 1.294432545649978061e-01 -8.563780524342675449e+00
8.078216378226576921e+01 1.316594569295676809e-01 -8.916168963119492474e+00
8.089316778435122046e+01 1.183547152145113107e-01 -8.684307332892620579e+00
8.063883861364044492e+01 1.354417613200244730e-01 -8.572545026851821959e+00
8.071022272478415971e+01 1.295225904565772412e-01 -8.967572023394055236e+00
8.072425332578912105e+01 1.244692736542580835e-01 -9.083584672479043221e+00
8.056331026919431793e+01 1.298080860545832438e-01 -8.458269638509309019e+00
8.061933322739155017e+01 1.332857787341780176e-01 -8.666259957466904140e+00
8.075230123146275218e+01 1.260252688928203135e-01 -9.071187868204102500e+00
8.063561640632744343e+01 1.204391173207255417e-01 -8.987834367507200994e+00
8.080385214551239415e+01 1.231644664265704736e-01 -8.976839861276816990e+00
8.069613936639602514e+01 1.316109264231628828e-01 -8.898424591978031373e+00
8.070183030162920090e+01 1.230052365745660375e-01 -9.084533215442334608e+00
8.074213716373037641e+01 1.290302456304050771e-01 -9.003856434104946516e+00
8.058469299523400764e+01 1.222847518592627553e-01 -8.801046368302285927e+00
8.086617235409120497e+01 1.269792264143505267e-01 -8.629281476112597105e+00
8.067799138736349107e+01 1.193617196595788688e-01 -8.957004056587496876e+00
8.066946703385733031e+01 1.219929918899483462e-01 -9.016833270204010375e+00
8.085923039741931007e+01 1.255810980193222404e-01 -8.661113434347925022e+00
8.066790585803481406e+01 1.225828230655063300e-01 -9.024339575828994597e+00
8.068996307799500300e+01 1.303849198313167812e-01 -8.940145595632662534e+00
8.060259221029227206e+01 1.174597672903932577e-01 -8.638976651739186607e+00
8.055980786147745221e+01 1.198105546387097792e-01 -8.739534064029843563e+00
8.083776462092838244e+01 1.320530976968418424e-01 -8.750566278307733370e+00
8.061274093780092187e+01 1.207192546160911900e-01 -8.762791296353483972e+00
8.078595197122899663e+01 1.268177567762205082e-01 -8.924355863706164627e+00
8.070339714425874433e+01 1.215795990365180490e-01 -9.075818874359246280e+00
8.073193552388678995e+01 1.181621726161208169e-01 -9.005245584110532775e+00
8.075773032774499427e+01 1.379886656681924006e-01 -8.566293682370503149e+00
8.073694977075034274e+01 1.280011383555188509e-01 -9.031063837906817326e+00
8.073637813084718573e+01 1.184802058895125659e-01 -9.014959230801546042e+00
8.071311072244205320e+01 1.239651188629215528e-01 -9.084906122350753677e+00
8.075588870467952063e+01 1.242460787095679420e-01 -9.087598156969423968e+00
8.070260808262369778e+01 1.197144997178840042e-01 -9.045779566724380771e+00
8.076960321953272626e+01 1.267938619176618986e-01 -9.061079033304112684e+00
8.082145709971726433e+01 1.210832471657715542e-01 -8.975092066010546432e+00
8.063875427472504498e+01 1.246069975775511013e-01 -9.033359812026299451e+00
8.076652814676261016e+01 1.204648817843360087e-01 -8.963543294815170981e+00
8.073907657700537754e+01 1.243396510176940500e-01 -9.085664920088301955e+00
8.067263133213879200e+01 1.231704054104852952e-01 -9.029804968691593103e+00
8.064469238236004855e+01 1.285430082858934064e-01 -8.985994140772401551e+00
8.085996123122926349e+01 1.259266197805673504e-01 -8.653841957147500707e+00
8.075659043565190132e+01 1.146303949912532150e-01 -8.798334340922920660e+00
8.070036247027184118e+01 1.291642077604574224e-01 -8.976019409032067742e+00
8.071898778659722495e+01 1.265050051693458744e-01 -9.059949602789307832e+00
8.070044970833993148e+01 1.170604999530097806e-01 -8.966968643112148030e+00
8.074981640302836183e+01 1.233955201268186336e-01 -9.088729911464138667e+00
8.072310721256462784e+01 1.206903107572543377e-01 -9.065082683640765637e+00
8.063670025654199947e+01 1.205892001469973523e-01 -8.991283589013566058e+00
8.072276530779492987e+01 1.303396160742547882e-01 -8.957418754174460318e+00
8.073506373050246054e+01 1.241695456633940542e-01 -9.086085068153847644e+00
8.078103616706572154e+01 1.212386470470527278e-01 -8.971825994253226355e+00
8.077515913280451798e+01 1.176900238531558424e-01 -8.911981953637278409e+00
8.087271271194788369e+01 1.237727841931306472e-01 -8.693482278826710541e+00
6.892899724953157659e+01 1.454586227439495782e-01 -2.510593920786822753e-01
6.703883059756340401e+01 3.957735615626659098e-01 -4.710934037732036894e-01
9.730177002619350901e+01 1.275140483471802477e-01 -4.480440618728966928e-01
7.838679157377016793e+01 3.690780746126293144e-01 -2.102099272164978730e-02
8.920032458387416341e+01 6.111103518400944346e-01 -5.278519470547211601e-01
9.094368221020030774e+01 5.568960663294363345e-01 -3.868660500825639170e-01
7.406342295054564318e+01 1.363474627176596010e-01 -1.439556890021804092e+00
8.864843880374245089e+01 2.155005167835040703e-01 -1.920216283887087039e-02
8.207534210954044340e+01 5.485506847521887108e-01 -1.355664942308831555e-01
7.973340664993864380e+01 2.568059514908329621e-01 -8.614185910853605632e-02
9.052650404376781523e+01 1.972715555061096415e-01 -5.269467646384233817e-01
7.516454189214481119e+01 1.097120821811959357e-01 -2.167753357041495299e+00
7.623584184512732520e+01 2.408497724082035996e-01 -1.351665496025614921e+00
8.650054358577607161e+01 4.495372236130552590e-01 -1.552503976990678103e+00
7.756879409214818111e+01 1.678219762446253038e-01 -4.887598372727047780e-01
9.143954924476017254e+01 6.025530643115361018e-01 -5.084297443769947300e-01
9.353380656817367367e+01 6.998616870425056202e-01 -1.464756950127747315e+00
7.396729203656602181e+01 3.430274800512091993e-01 -1.059006320169192661e-01
8.435986466012580820e+01 4.160658948412305769e-01 -1.474571933947710134e+00
9.043906197552533399e+01 3.493606489617536587e-02 -1.280218941109943165e+00
8.787701519255210769e+01 7.872424708181925412e-01 -6.349176134124759896e-01
6.921703540664975662e+01 5.259823085119841313e-01 -1.525861099614104877e+00
8.374205267325596935e+01 3.026057021011138715e-01 -7.061992328828541332e-01
8.556592784125950857e+01 7.565736609782838240e-01 -7.321583330400258660e-01
8.940913138762850565e+01 5.813708476097176892e-01 -6.563658953243830529e-01
9.207379657217785507e+01 2.828893377668977305e-01 -1.435601523674458369e+00
8.759386739135211997e+01 6.637318210606040214e-01 -5.441111869684351898e-01
7.130995381426183144e+01 6.456513743525070792e-01 -7.878619267100659407e-01
8.407043548948432488e+01 4.003798501921672082e-01 -1.199943360238449719e+00
9.164723510273799434e+01 1.793594012300373797e-01 -4.718634396020046640e-01
7.149348418622986401e+01 7.794974482775792746e-01 -1.511861520315692431e+00
9.558905060133163545e+01 6.503302520557845412e-01 -1.391698545537530141e+00
7.554137917784257183e+01 7.309012160802185187e-01 -2.262143268429595455e+00
8.503594097830766430e+01 3.535005654539943309e-01 -2.257736449931998735e+00
6.867456444731676868e+01 2.354099237384090493e-01 -3.122607702514766936e-01
9.624356695786786986e+01 7.812836074323342705e-02 -5.098461707759397443e-01
6.542872600871240252e+01 2.657938680042474799e-01 -2.197493772449419513e-01
6.504065532782136927e+01 8.899728342956701732e-02 -5.863190269761938689e-01
8.601063317065914759e+01 5.074702716786985146e-01 -2.393525297939670615e+00
7.302961545489415585e+01 7.959843962548924790e-01 -1.989550656502867776e+00
9.336052373865670972e+01 4.882789875569609750e-01 -4.005012003685538002e-01
7.793660871585990435e+01 6.247994651302603009e-01 -2.401617962731948663e-01
6.985969007071292936e+01 7.151027544048633722e-01 -1.063032222683321981e+00
8.303811462709523994e+01 2.079150123677286632e-01 -2.408081905897206058e-03
8.684362586622492586e+01 7.400342153641397136e-01 -7.104716101275564410e-01
8.956640779718348711e+01 6.653254741907423941e-01 -5.229548536920853863e-01
6.747150621382900226e+01 4.090629143210347540e-01 -1.097568797229673931e+00
9.660627436910954202e+01 6.703710105821394927e-02 -5.752520477284150946e-01
7.659022278176000498e+01 4.864170917232713554e-01 -1.517589950084306194e+00
9.602913464557313716e+01 5.432877755571211553e-01 -1.184501292263566707e+00
8.496626846899626173e+01 5.877236222562873813e-01 -8.359427633122379353e-01
9.466250855155387001e+01 5.939231395650012013e-01 -2.719650580924685701e-01
6.970755854052988809e+01 7.242431692598484405e-01 -1.118532531332560698e+00
8.851553147748323624e+01 3.312729975698178730e-01 -2.041295397248034035e-02
8.069371615362724981e+01 4.624468745282778182e-01 -4.225399511557498045e+00
7.213102011816415882e+01 4.308427437285399231e-01 -5.754486277125652194e-01
8.024243615441132249e+01 3.652130659780121746e-01 -3.166095546368034253e+00
6.671373756764755569e+01 2.165951750969894174e-01 -1.883442278281865612e+00
7.560624482066080532e+01 1.796367019288134734e-02 -1.109110482397871023e+00
7.483129179579584900e+01 5.021506118644363248e-01 -4.114333961563823583e-01
9.244556507572157500e+01 2.888208106838162093e-01 -1.210643626938918471e+00
7.630413276503118425e+01 2.493243644205124510e-01 -1.123888119770141802e+00
6.762872730201328864e+01 3.072223263789672365e-01 -1.097411745673843919e+00
6.647284161531767666e+01 6.876529544989383735e-01 -1.770446801302988149e+00
7.857892946889123209e+01 2.620253715765663224e-03 -4.584340768867085636e-01
7.012947767806511479e+01 3.503476601794422440e-01 -5.486526702691502111e-02
9.528630829025431126e+01 3.854176102990010677e-01 -4.748028215344159975e-01
8.116628872361471281e+01 6.774251623902491914e-01 -8.554711976482822777e-01
7.691138304329754760e+01 1.320144980340096919e-01 -9.352172814840007398e-01
7.349071335911114033e+01 6.944457046673346845e-01 -5.278723892194261413e-01
6.836633515187742205e+01 5.326188790585593136e-01 -8.567798052055286551e-01
7.176071421431909414e+01 7.090912830214004536e-01 -1.469805719349219553e+00
8.230217346741312667e+01 5.671589330005549073e-02 -1.553957103770712278e-01
9.678210845501429560e+01 3.235154468762547197e-01 -1.839834373604304796e+00
8.148495823451203535e+01 1.704302431423385389e-01 -2.730561131498325356e+00
8.244907621492467342e+01 5.445730451893424084e-02 -1.684813577251489947e-01
8.716982221550544807e+01 4.769208844857075191e-01 -9.914404402961247975e-02
8.009857106596469123e+01 4.318081867790669187e-02 -7.248391988032026889e-01
9.405160830509869641e+01 3.836412653663953676e-01 -3.236352710165022462e-01
7.734560114731645797e+01 3.149928427114928597e-02 -4.002112757747770533e-01
8.370236173635285581e+01 1.033863607000679585e-01 -4.625161234667418686e-01
6.565017134535611376e+01 1.168210879743242225e-01 -5.609504116161551091e-02
7.059033990500037703e+01 7.609682510658892785e-01 -6.414744662906332051e-01
7.090752130422283983e+01 2.255068592990039089e-01 -2.157799434353066204e+00
9.430884238526795116e+01 4.685190941758931027e-01 -4.918323988405176594e-02
9.303430190739007344e+01 7.733108326951158018e-01 -2.320391728644324303e+00
7.893941336880790516e+01 7.506665123313263077e-01 -9.262581296606536840e-02
8.587140719275515721e+01 4.453917701210476365e-01 -3.612860737742624284e+00
7.441038993572981042e+01 5.731026819291529240e-01 -2.821615740010060547e-01
7.280995312649029927e+01 3.175543009068913514e-01 -1.297943315922564622e+00
9.248710747643008290e+01 8.326021607573928091e-03 -3.479801146531323663e+00
6.610025507659651112e+01 1.896286735253913391e-01 -5.360010618585657749e-01
9.475062175243526497e+01 4.348507805227329048e-01 -2.577964408210055569e-01
8.809791388353636421e+01 5.650459192520699281e-01 -1.947416245172589322e-01
8.084946153620428788e+01 2.773219383167281893e-01 -1.089156468584187243e+00
6.810708727992395950e+01 5.137354197792001198e-01 -1.099512960704360220e-01
7.919890697851604955e+01 6.338755080697250355e-01 -2.423696659376162466e-01
8.333453421866806821e+01 1.526339689271670186e-01 -1.475454864529102128e-01
9.017425951209710888e+01 6.184916286861761314e-01 -4.072330957639441196e-01
7.235540264790731158e+01 8.699752157424961441e-02 -2.437359405520244660e-01
8.056223428086877902e+01 1.356376735897854569e-01 -8.274577172447573403e+00
8.087053577407641569e+01 1.084039716459713615e-01 -8.200653030822405043e+00
8.072597563110988972e+01 9.938309910695218574e-02 -7.294351547351485721e+00
8.042816599640860886e+01 1.436557186177140621e-01 -7.004585734701021416e+00
8.092436474640346944e+01 1.408162408381098130e-01 -7.906959779606577143e+00
8.100448266889446813e+01 1.163641830291983204e-01 -7.712104562222687143e+00
8.062798498052843854e+01 1.016357213608164722e-01 -7.361280543256000009e+00
8.030809153518266896e+01 1.187341649147038852e-01 -6.684839927176198238e+00
8.105838346342645195e+01 1.478358326293766067e-01 -6.429376264776907490e+00
8.120489899121160704e+01 1.274778733865980784e-01 -6.238336233325696867e+00
8.096948325322244955e+01 1.573373016802251667e-01 -6.468477631218734203e+00
8.024021651678575040e+01 1.224167087955651267e-01 -6.211250790899701002e+00
7.061067677721591451e+01 2.994802579698027656e-01 -1.158752848946251968e+00
8.083924481197146861e+01 1.654140623786828357e-01 -6.017809585358824265e+00
8.047329638929670637e+01 1.601510501210582360e-01 -5.713166978307070210e+00
7.966071361908906567e+01 5.535680592496022151e-03 -8.925254233266075032e-02
8.022774967409145574e+01 9.467392735954288652e-02 -4.108843875856204697e+00
7.740396159533123921e+01 1.293050804687899125e-01 -6.641011712410471723e-01
8.052710121014288802e+01 7.228480605500431366e-02 -1.862480428382821351e+00
8.034307514491169400e+01 1.531901740003205059e-01 -5.872624645531521637e+00
8.124212186049530260e+01 1.125138534547563129e-01 -5.580958436401616929e+00
8.067167336562607716e+01 8.088655139433081898e-02 -3.752920869575017360e+00
8.075286407328296434e+01 4.132228064452748706e-01 -3.717606108913014129e+00
8.027522035812179979e+01 8.890550713185359222e-02 -3.581732173927224760e+00
8.036332104050580938e+01 9.513946041199202591e-04 -6.186850130221480809e-02
8.074313695562062776e+01 1.230675140943634366e-01 -9.087746467251994531e+00
8.068975689965047593e+01 1.262035404462349408e-01 -9.027185786952395929e+00
8.053592513168064215e+01 1.364826246906286067e-01 -8.234176330642295483e+00
8.078106309275484875e+01 1.266291636835012724e-01 -8.927747165236080917e+00
8.057320483507889719e+01 1.225123284447042632e-01 -8.805728332592615004e+00
8.048213670064947678e+01 1.185542845295478459e-01 -8.320413903233305319e+00
8.071418205438405380e+01 1.074288525731709187e-01 -8.276070696332800125e+00
8.089647971475281452e+01 1.149028354525830492e-01 -8.198904516776879703e+00
8.079496346336206614e+01 1.397549831950903043e-01 -8.453223586662694800e+00
8.063744386220363936e+01 1.106248617989011723e-01 -8.442685963243771852e+00
8.061972370659347575e+01 1.443527080446990463e-01 -7.987694257781414287e+00
8.094879002515416744e+01 1.304653225180052167e-01 -8.064498967313209477e+00
8.080897353557163854e+01 1.110657243908865360e-01 -8.585557540065700266e+00
8.090239789927622382e+01 1.359121587702382117e-01 -8.234204002711813075e+00
8.101910689291965184e+01 1.348270810057232705e-01 -7.286841867271302675e+00
8.088072966356881466e+01 1.479071043407683139e-01 -7.622958626004249894e+00
8.062649886515974629e+01 1.068888988389558592e-01 -8.060228986888782643e+00
8.110674000367237113e+01 1.386689680819326587e-01 -6.442524292721889978e+00
8.083653999878779928e+01 1.011101370173531216e-01 -7.440340927477433475e+00
8.107086051417275030e+01 1.203107047826689896e-01 -7.079970056698471126e+00
8.046810908857918321e+01 1.483174175502036396e-01 -7.101635455190097090e+00
8.065544124677842319e+01 1.531323469102989498e-01 -7.211300926778402065e+00
8.033155668650425696e+01 1.171677301480014699e-01 -7.213298208455634075e+00
8.029197517078387136e+01 1.248400626955591952e-01 -6.899952120146953582e+00
8.102395669539700407e+01 1.460669252910732629e-01 -7.084407623280371880e+00
8.095489358779036593e+01 1.235861096455252162e-01 -8.266887095940772312e+00
8.075822644754681789e+01 1.293399099767722216e-01 -8.996930282388639455e+00
8.088261947840167920e+01 1.328061760627249621e-01 -8.402619737851967585e+00
8.091611743398587464e+01 1.216311474894098965e-01 -8.278137322787632257e+00
8.079478710060421065e+01 1.395823248377436598e-01 -8.465558344630046861e+00
8.052696668404863090e+01 1.323969395303652152e-01 -8.395498830821562564e+00
8.063195207508073281e+01 1.389970881631243105e-01 -8.372810791888818827e+00
8.085610903121684601e+01 1.154762446742016169e-01 -8.606720903393362931e+00
8.050261042008195034e+01 1.212370552956538727e-01 -8.418100699154287270e+00
8.100541177328626929e+01 1.258802959359631157e-01 -7.650524897901886057e+00
8.057482003296709649e+01 1.146428120499101144e-01 -8.481333766133305474e+00
8.073145923703037852e+01 1.385679633733451765e-01 -8.544218590294399007e+00
8.068788729439839358e+01 1.480380773015354257e-01 -7.781084773313788006e+00
8.059892797011163168e+01 1.232516897660286131e-01 -8.815362052964768935e+00
8.035331562544898532e+01 1.276996076567561145e-01 -7.520403918049570535e+00
8.072625073171437293e+01 1.053642385576512575e-01 -8.071394591133667973e+00
8.044808403671122221e+01 1.195916621247625350e-01 -7.881807178790442237e+00
8.048533813416636917e+01 1.341196834665554227e-01 -7.927579584687146408e+00
8.081955620332766443e+01 1.060095095625922523e-01 -7.991251697887103767e+00
8.039728842454891833e+01 1.254831869416884182e-01 -7.496552090371870314e+00
8.062650270130600916e+01 1.088738786930612962e-01 -8.276897361846392798e+00
8.098813942623655748e+01 1.149881527472843001e-01 -7.682699538496492231e+00
8.103377666306664651e+01 1.127401838407925266e-01 -6.998999520722130718e+00
8.085103551005231282e+01 1.486904076196901570e-01 -7.540882754060233673e+00
8.038477432997298422e+01 1.434447496258077492e-01 -6.510711465273635312e+00
8.066042713805825315e+01 1.311931635612382796e-01 -8.909425027263004893e+00
8.089328283562176125e+01 1.206931831103587593e-01 -8.709030013455894448e+00
8.092719395793513115e+01 1.179091668328830222e-01 -8.267680694587856038e+00
8.058402798822027080e+01 1.225351485815785735e-01 -8.805497181255041994e+00
8.068628183133445475e+01 1.266516236455642319e-01 -9.022193462040556611e+00
8.067869284459939649e+01 1.169657996294106994e-01 -8.865504353536355353e+00
8.072553842305453031e+01 1.202461509991876731e-01 -9.057417636029475361e+00
8.060174465955989831e+01 1.153155518865146417e-01 -8.520389410756122217e+00
8.081722100904238459e+01 1.365543483926520696e-01 -8.497703158296342707e+00
8.071981941730038557e+01 1.279218498012944238e-01 -9.030619317413687952e+00
8.052886843517637772e+01 1.280819320850800080e-01 -8.482832706827114322e+00
8.078159174659428743e+01 1.228339193130565249e-01 -8.974928653653606148e+00
8.077541579640087832e+01 1.292663428587394470e-01 -9.001816432386862132e+00
8.083688692476538051e+01 1.287739074264989680e-01 -8.879908359327025380e+00
8.083119696209001859e+01 1.193472764975815059e-01 -8.953335774250746226e+00
8.075732915859224192e+01 1.245593712477259807e-01 -9.086133210438143593e+00
8.063223611061448537e+01 1.217508006378009711e-01 -9.013315238813504493e+00
8.063844497629715136e+01 1.304274928364329011e-01 -8.762496531606588590e+00
8.091341924922079443e+01 1.341299028714908470e-01 -8.341496969089128299e+00
8.065870554905791323e+01 1.089058823905465351e-01 -8.273723712681428921e+00
8.058768342272159657e+01 1.330384933703512851e-01 -8.673522727451494774e+00
8.060742699842710124e+01 1.248698466745696012e-01 -8.827915909290728891e+00
8.084265917616393438e+01 1.338449781240490244e-01 -8.662534788072473901e+00
8.079532567398551635e+01 1.370609498591925657e-01 -8.635425673266146518e+00
8.073948143035968883e+01 1.359675971957363949e-01 -8.689320972912287999e+00
8.075921144835550081e+01 1.249909311892591496e-01 -9.083218134214801509e+00
8.076211954147537142e+01 1.166069796326952845e-01 -8.878067130196576784e+00
8.061353433324173068e+01 1.285155036133285300e-01 -8.803144462415469107e+00
8.065390655541165188e+01 1.211606230986622956e-01 -9.002980093815548202e+00
8.077347244756469991e+01 1.144676543843443084e-01 -8.790843511332353089e+00
8.077871702992709402e+01 1.152963014066179792e-01 -8.828667087999015450e+00
8.069164608999419386e+01 1.245314433402420762e-01 -9.035160026495768548e+00
8.087544189555551100e+01 1.226280869100168647e-01 -8.704407273938633338e+00
8.070488737121324618e+01 1.252123582670456592e-01 -9.075639983871687022e+00
8.080973862361399540e+01 1.189132038538689012e-01 -8.943362330527232729e+00
8.060867886805864657e+01 1.143705345294430131e-01 -8.731123655412746487e+00
8.049715658453777678e+01 1.282384861733169568e-01 -8.482519366999049737e+00
8.067195515927794247e+01 1.248089364600934170e-01 -9.034181112529017454e+00
8.063873555770022961e+01 1.223858799849449480e-01 -9.021941635986566510e+00
8.078394262091018163e+01 1.276657600957809002e-01 -8.902511749358554383e+00
8.077655955428068069e+01 1.237347966409976241e-01 -8.969852091184794318e+00
8.074112834246574266e+01 1.232210661893014259e-01 -9.087887892576056004e+00
8.085625367153433274e+01 1.251441605014487202e-01 -8.669155994186381164e+00
8.084345009275550353e+01 1.243406258826199456e-01 -8.974485211849597022e+00
8.073144725787652476e+01 1.272051736528481969e-01 -9.048396410385070254e+00
8.069762219158606342e+01 1.217469013325852556e-01 -9.077110724583842938e+00
8.064396435462356294e+01 1.268371843311022762e-01 -9.017165809018193201e+00
8.084046120994175055e+01 1.344138656720005598e-01 -8.631044506321510212e+00
8.063137595549996206e+01 1.368942302421287671e-01 -8.496290004650088434e+00
8.063639076354586166e+01 1.307642706176679048e-01 -8.753195919737763120e+00
8.083896520121007256e+01 1.276415387443673166e-01 -8.913600774763908774e+00
8.064187986187403112e+01 1.200536502759313451e-01 -8.978122878929706729e+00
8.084617373210839730e+01 1.191596164386283380e-01 -8.689635873484252926e+00
8.062873094226760884e+01 1.174221000076373644e-01 -8.888886484500851282e+00
8.077099751888773937e+01 1.235534356016449453e-01 -9.090425645292134149e+00
8.079986493324794594e+01 1.180700307592266879e-01 -8.923603703952631250e+00
8.068550797109627126e+01 1.269049573916054829e-01 -9.018922743959642219e+00
8.069455876336023437e+01 1.302329806160122116e-01 -8.945397194774393768e+00
8.066905211593795855e+01 1.249628825336899229e-01 -9.033708298159742967e+00
8.076434962424993103e+01 1.268618195582787156e-01 -9.059207561029570144e+00
8.065202465615244876e+01 1.233283578432170374e-01 -9.030624222221689479e+00
8.071055504626940547e+01 1.256456756241329797e-01 -9.071475502142295255e+00
8.083486647222723320e+01 1.206886187091695262e-01 -8.972796301456783752e+00
8.081699273970438924e+01 1.259773557427295854e-01 -8.947127889241277998e+00
8.073085318120479315e+01 1.234804451846610029e-01 -9.087238266622529537e+00
8.076137204437472406e+01 1.275043459386714373e-01 -9.045958282994694954e+00
8.074404956869337013e+01 1.247422580985483309e-01 -9.083655254246872701e+00
8.066600918094972883e+01 1.301662386748641542e-01 -8.944405824021931295e+00
8.081942921349093467e+01 1.309377386401222865e-01 -8.795876185929701663e+00
8.074761507461900578e+01 1.264843583796564364e-01 -9.063735930085647041e+00
8.075982717075640949e+01 1.246249502032479861e-01 -9.085968581285561285e+00
8.066064137646276322e+01 1.228785894703423587e-01 -9.027245699322650196e+00
8.062515370821152771e+01 1.194538297527705933e-01 -8.961885025211195455e+00
8.075144934409452446e+01 1.231467308089088664e-01 -9.088532692749904385e+00
8.070565000349684226e+01 1.251529295993374924e-01 -9.076295396800547977e+00
8.099968939107512256e+01 9.448536785235873980e-02 -5.638447442992021941e+00
6.912669777183954523e+01 7.316081099900301199e-01 -1.433560885190319434e+00
9.446109435040796143e+01 1.383990864429133771e-01 -4.442964331533776068e-02
7.340449683869368869e+01 2.268443915991650295e-01 -1.678827554298292501e-01
8.156776083963697488e+01 4.972631768711130995e-01 -7.499777791453750009e-01
7.579474715069397917e+01 7.448330963410145777e-01 -2.176208032365143819e+00
8.027106100856272519e+01 7.907316657301151352e-02 -2.174296786231740608e+00
7.185516176744047812e+01 4.402290019286805856e-02 -4.413181859559077047e+00
7.749599145367830033e+01 7.610008894839239701e-01 -7.076375794529283780e-01
9.190849267789521093e+01 6.765150109403160750e-01 -9.897384900990360279e-01
9.554788000424795769e+01 5.437521586598526024e-01 -1.195469963799619784e+00
7.144764382368646238e+01 4.780323275048105613e-01 -3.950512881951013799e-01
9.582346038561829005e+01 6.110786396313723223e-01 -1.342290484760001457e+00
7.273022025350348940e+01 4.271853158665193106e-01 -2.004686929895606262e+00
8.913736849833142628e+01 9.861698289073676793e-03 -1.163858683802855426e-01
8.994916544718438445e+01 5.344183580877649442e-01 -7.635333710265694851e-01
7.833416594151719892e+01 6.269381149715489432e-01 -2.459401036520106332e-02
8.465533388261422942e+01 7.989059227754278236e-01 -4.176773091319195830e-01
8.413518323352623440e+01 1.828870942562662860e-01 -7.225096239785347429e-02
9.511571637735421803e+01 1.964466246912136005e-01 -4.557831342517281170e-01
8.226982306600824302e+01 7.200497419807532218e-01 -1.058118599817673977e-01
7.599407947191453161e+01 2.793944082751545488e-01 -4.674628478396735676e-01
8.800795803969489839e+01 4.110591686727551597e-01 -1.275904350196940540e-01
8.277072604045798698e+01 3.459229788108597603e-01 -1.181940811731464064e-01
9.345369942982868849e+01 4.196615959841810128e-01 -7.410873962357190578e-03
8.250073887608218115e+01 2.663282457847865881e-01 -2.027248726497418441e-01
8.630454822123536474e+01 7.034640875236624069e-01 -8.612738004028986927e-01
8.701642726713861009e+01 2.351624728091102345e-01 -1.479314206626108630e-01
9.226527609651029138e+01 6.810100235104891986e-02 -1.297050952301652904e+00
6.746595951974019556e+01 5.868880665723689299e-02 -8.129206891008716740e-01
9.118046778592643875e+01 5.845282667923761277e-01 -3.926332490368713013e-01
7.632946948209985294e+01 3.417629606242338774e-02 -2.408903508673276406e+00
6.952136498937363740e+01 9.787001666380101828e-02 -9.302123758108921114e-02
8.138250967416809090e+01 6.378390199587715692e-01 -6.184952897765706448e-01
7.375118422162037746e+01 5.569246795394436900e-01 -3.195020062868667021e-01
8.849114906152914273e+01 7.089175267028591243e-01 -8.866243224932651712e-03
8.368032947537649591e+01 1.704060908763095974e-02 -3.299245830568979798e-01
8.393613990104897482e+01 2.546063838902147825e-01 -5.337930007212440264e-01
8.940116968486937310e+01 3.161473833828886554e-02 -1.978430742358762706e-01
9.626019217400491357e+01 3.251506098119475441e-01 -1.559309964419751449e+00
7.082580891463236128e+01 4.592959235363726633e-01 -8.792218149203677446e-02
9.644108374431360176e+01 7.413406843334916507e-01 -5.228557095380135245e-01
8.000483144002059532e+01 8.460107825332768838e-02 -1.780243377317061837e+00
7.313186841306557540e+01 3.029307710974801348e-03 -7.231153617442851456e-01
9.709336585427081445e+01 1.121832684876816338e-01 -9.049906664532527678e-01
7.679305654938079329e+01 6.078722993131373542e-01 -1.515722360615502140e+00
6.799793304828537543e+01 5.804385981016481066e-01 -7.948647831732777447e-02
7.227708909653935621e+01 4.544932729064745103e-01 -1.162722078947363569e+00
9.694379409955134008e+01 5.934228323533189409e-01 -2.074544952194052883e-01
7.965339052533460062e+01 6.855321278917257954e-01 -1.337547132393864580e+00
7.022966674639610574e+01 1.239708398516304322e-01 -1.224528174308514350e+00
9.076211566232137784e+01 5.245745458948819495e-01 -4.693807499454411003e-01
9.377611312290528645e+01 2.443037047480528523e-01 -5.542119573483912376e-01
6.493817097935099980e+01 1.094210105371181546e-01 -2.166559396983704366e-01
8.594126123578897136e+01 4.035589558578033809e-01 -4.212877019554635005e+00
9.249246552829924894e+01 1.494033341089326394e-01 -5.265390310963123932e-01
7.055315611042325941e+01 1.673848224662853046e-01 -2.558320594085126576e+00
8.064578667712116555e+01 6.479813535571590233e-01 -2.829859433456690887e+00
9.328050737305080986e+01 5.601583695625433901e-01 -1.083681648675897780e+00
6.820028969962913834e+01 2.093256144689003007e-01 -2.148135632702801168e-01
6.537365665407999415e+01 1.706476992536440918e-01 -2.950812123032169332e-01
8.616115861350209570e+01 4.462597598782531150e-01 -2.783916019614945725e+00
6.898114389795898660e+01 7.182059198505860165e-01 -1.728013971025530893e+00
8.735414736380366207e+01 1.320135684153168343e-01 -8.906024456741991058e-01
6.654935927138673435e+01 4.945247686418227651e-01 -4.188104469620216319e-01
9.281649025473585368e+01 7.570636201548426314e-01 -2.339307166361273449e+00
6.772229260894214065e+01 3.056329453495210124e-01 -7.173287736585627350e-01
6.869696564409426287e+01 5.488908871437346848e-01 -1.722404077311538328e+00
9.047197861006877417e+01 3.301469168290205314e-01 -1.979538828927031036e+00
7.936371341935952728e+01 3.689465656493342571e-01 -5.888923318338290525e-01
6.573720034765818809e+01 3.674886104819479749e-01 -2.799538193833491784e-01
7.527475145287347402e+01 6.921820767261942509e-01 -2.244972623013818502e+00
8.871827764187479204e+01 3.008318472993787296e-01 -7.679440554719160761e-02
8.316403367294000759e+01 2.620086960892495931e-01 -1.479244807027361441e-01
8.666391049941955771e+01 5.728628696834897616e-01 -2.478080858418124088e-01
7.505853427224508323e+01 1.902587875642748338e-01 -2.917026391420685538e+00
8.981336880118927013e+01 7.867036123084317767e-01 -3.855367297833192652e-01
7.127233837060603605e+01 7.809944193805377077e-01 -9.872790261138215673e-01
8.524428308856045078e+01 4.839693636037016855e-01 -2.045850341492520208e+00
9.476456648351506828e+01 3.182204650967576653e-01 -8.051261186517646440e-01
7.461837387917735498e+01 3.520536126810936417e-01 -1.663969882790549970e-01
7.243316389083381068e+01 2.896793860128829556e-01 -1.204462712871617658e+00
7.003859748052397549e+01 2.007049154570481331e-01 -9.767417868604124642e-01
7.480099671563340280e+01 4.333940007506177361e-01 -1.331085680633685153e-01
7.398030444262033711e+01 6.639034827351508739e-01 -4.805507902100113471e-01
9.099238766885454766e+01 5.495707034980623629e-02 -2.437603573860715467e-01
9.174201816448933755e+01 3.852443345277553610e-01 -9.826721024606948074e-01
8.482421928933105448e+01 1.588988360122395860e-01 -4.335787174453692994e-01
7.766689702450246102e+01 3.436146707488383911e-01 -1.179721727211254123e+00
6.601637781552503270e+01 7.755135581794938560e-01 -1.779663446178158415e+00
7.693311066291141742e+01 3.819434043721101069e-01 -1.350831815071260156e+00
6.713104714302667730e+01 4.673671544194108463e-01 -1.832524611173116103e-01
8.790204299141893785e+01 2.808662178815861110e-01 -3.857663471213351736e-02
9.413587881848836503e+01 5.195801199725835762e-01 -1.588106310715142397e-02
7.801958911500992144e+01 5.107919410818020367e-01 -1.684828753065841511e-01
8.550226390794918530e+01 2.222645707415562277e-01 -8.694633562062892285e-01
7.912808130379573868e+01 6.502871711064670546e-01 -1.760787235219871960e-01
8.201207945840567959e+01 6.195103042961496165e-01 -1.520936583036410772e-01
7.854906723128891599e+01 6.706243458147894687e-01 -6.482308146093826440e-02
6.637546646054549626e+01 3.953379669442234623e-01 -9.270209782223699790e-02
