3.184801517457285627e+02 7.477768534362301267e-01 -3.810221959377713130e-02
2.834049986706951358e+02 5.817621581986335277e-01 -1.267640111329730601e+01
2.606830102677051286e+02 2.422195797601540690e-01 -7.619240991345571645e-01
2.932782277252022141e+02 1.123645501837305938e-01 -1.271880335972513087e+01
2.619673240304724686e+02 6.986707503633414751e-01 -3.950373477472205463e-01
3.296120440754771153e+02 1.223933447707775957e-01 -2.079961490945278491e-01
3.364655299762483764e+02 4.453995150988961926e-01 -1.386011229542329359e-01
2.491318211865565502e+02 4.446420494107182486e-02 -2.510315832188491303e+00
3.514628280801864548e+02 3.830395940333950477e-01 -2.910026529061827683e-01
3.292057237164295316e+02 7.899593753566489518e-01 -5.129486688346551748e-01
2.875582418816732684e+02 7.297959254606898316e-01 -1.770072292503946088e+01
3.535228088488433400e+02 6.160922909101786971e-01 -1.160028310636611826e+00
3.025585929984596305e+02 5.495334747906034378e-01 -8.886108868945020944e+00
2.426592292043550856e+02 5.731429683992389501e-01 -6.942909389133784526e-01
2.633359106999176333e+02 1.567856491944547362e-02 -2.630876439935888378e+00
2.524672651933869929e+02 1.359838392692232778e-01 -2.517988600780445285e+00
2.759630223969483040e+02 2.302412872526115317e-01 -1.443929377955158966e+00
3.393456653110887373e+02 6.872126866971981496e-01 -4.564364698037851609e-01
2.739765777356085437e+02 6.751110849434365235e-01 -1.308210092095781318e+00
2.639431889262423283e+02 8.908525795286807714e-02 -2.311838800026657648e+00
2.796679043750023084e+02 4.718574597321858466e-01 -6.817313273222200820e+00
2.772614935058650190e+02 5.006152027738497434e-01 -3.770102652205010507e+00
2.660093090227512107e+02 1.947881531414996092e-01 -1.163827671709979361e+00
2.927169225532021528e+02 5.952577021430758286e-01 -2.441744125309461566e+01
2.848100429171904580e+02 4.839391586618786434e-01 -1.799604114517601516e+01
3.132301103987439888e+02 6.022674664745967243e-01 -4.116528795206925717e-01
3.005161912025849347e+02 2.220982854943661933e-01 -1.537310295735101207e+01
3.376579988788087689e+02 5.914437946099494470e-01 -2.714872218075770061e-01
3.054340724078800235e+02 3.246681926438771959e-01 -6.315606848425161957e+00
3.040159596216076352e+02 2.714718962235478927e-01 -8.727168307530183355e+00
3.381098952219664966e+02 7.146016006856212854e-01 -3.657647729263666103e-01
2.496467753155984042e+02 3.883843519905270103e-01 -6.908945066061642493e-01
2.844111030283354467e+02 4.940094390567579818e-01 -1.643531512487702173e+01
3.451116292121980109e+02 6.951934828188037763e-01 -8.968126189980395457e-01
3.222839286924155431e+02 1.413195660191881309e-01 -3.833367526592669772e-01
2.696414434596281922e+02 3.500323018017842958e-01 -1.147561915198700572e-01
2.994631206437081801e+02 4.213421983124410741e-01 -1.707191291606920913e+01
3.322435434326739596e+02 4.040937271667395803e-01 -1.733894911261214256e-01
3.246806222906003541e+02 1.800740670982197977e-01 -3.880364070743761579e-02
2.462706598905110127e+02 5.416694709696291410e-01 -3.637254683188824167e-01
2.862862459047531161e+02 1.486449339736588271e-01 -1.365053147172727499e+01
3.146626380721552891e+02 2.531654419656057670e-02 -1.382563345138653643e+00
2.781729906921679003e+02 8.556198769765033241e-02 -9.123230087602435256e-02
2.434602498775131778e+02 3.603244452365757522e-01 -8.915024908670389214e-01
2.597887543677799158e+02 4.322482532480831363e-01 -1.035528603982231732e-01
3.521059906698420718e+02 2.875125059680841422e-01 -1.087775298517980327e-01
3.022829422043107570e+02 6.515508379173640119e-03 -6.506196483717204826e-01
3.444252558769815096e+02 3.138537426965605781e-01 -2.198365635262558571e-02
3.084646773896383820e+02 7.054900336978775499e-01 -1.484398754666718556e+00
3.129508655729706561e+02 3.086275924007698124e-01 -1.366433442916853425e+00
2.365676753301136443e+02 4.513143940465494386e-01 -3.330634973954134104e+00
2.415800253888143629e+02 2.579826922492611807e-01 -1.241515302782747243e+00
2.558516460075863108e+02 3.532358194745217617e-01 -9.754221096513336908e-01
2.818288977049909363e+02 1.678286011036532466e-01 -5.778503134743356640e+00
3.076358929119143681e+02 4.095717601235691063e-01 -3.418209207495705115e+00
3.103383030594796423e+02 3.755764398046224639e-01 -1.853319068635238320e+00
3.114188817885446952e+02 4.922115606799502135e-02 -1.700212376344938603e+00
3.480234044016486905e+02 2.727264147134042527e-01 -8.305026238059644295e-02
2.669706410847533107e+02 6.631625014063450285e-01 -3.479879992371018860e-01
3.338429221393641342e+02 7.223267665513991576e-01 -2.769731889148480120e-01
3.318087830839014032e+02 2.131043021672300031e-01 -7.926705420280683034e-02
2.535215990689245587e+02 7.970935195780340932e-01 -5.027801962931351121e-02
2.450407146414061117e+02 1.880328435873562243e-01 -1.002414276742551014e+00
2.958810057708647037e+02 7.752130716756899798e-02 -7.149312223689311629e+00
3.257524104972358714e+02 4.573122582967077965e-01 -3.119503014875694702e-01
3.208596478710502424e+02 6.132811054487129904e-02 -1.059048522615705368e+00
2.946254117215447650e+02 7.706023073421094383e-01 -2.051784325226322636e+01
3.348053250900564990e+02 5.188675542870152535e-01 -1.885742165385817237e-01
3.167571093909450610e+02 5.679015809905743062e-01 -3.679122512335378237e-02
2.392286241979199133e+02 5.210643537347745546e-01 -1.655342436482962976e+00
2.740794946126868012e+02 1.006703045931064272e-01 -1.266101865100919266e-01
2.539973360215159630e+02 2.159308348550100301e-02 -3.092843802359218852e+00
2.912738714817871255e+02 5.566164938217007530e-01 -2.381584330511438452e+01
3.235446529384848873e+02 5.353784861733855704e-01 -3.189572100446929626e-01
2.897475839445380075e+02 3.350595526131300850e-01 -2.539195424343662211e+01
3.263474987148069317e+02 3.026397719435708900e-01 -8.865430528663353904e-02
2.563678560823804560e+02 6.692096551025806805e-01 -6.824393940666841074e-02
2.709298236558553299e+02 4.250474865499758170e-01 -1.991828263861130516e-02
2.647088906529883161e+02 4.747421775399856547e-01 -4.155953469053345617e-01
2.719312536807793208e+02 1.089479823426491162e-01 -7.277072781755503650e-01
2.472231858767850383e+02 2.390695222712586332e-01 -1.416890690983800827e+00
2.882373963654754903e+02 6.117978014061482561e-01 -2.026766557572439709e+01
2.974497369548577126e+02 7.833649791859944589e-01 -1.663744842693360582e+01
2.800745794999010627e+02 6.848892646597264100e-02 -1.523056173076958175e-01
2.687537378770677492e+02 6.272878310718628114e-01 -1.261448684824334754e-01
3.155945830900790270e+02 2.548337671048991893e-01 -1.203177944717875647e+00
2.977371017814780316e+02 6.499703670138224920e-01 -1.756883178533831824e+01
3.465665727799432148e+02 7.439796193901621058e-01 -1.146514499011682453e+00
3.189568252068491461e+02 6.409587700871111071e-01 -2.923830596012885405e-02
2.509108606909829291e+02 5.060496239503969873e-01 -1.977012034349344138e-01
3.062660414093311374e+02 2.079611110490539871e-01 -5.413915154550587694e+00
2.400964798906715032e+02 3.348315053572102629e-02 -4.486626751768866411e-02
2.582249314843675165e+02 2.904109289143430583e-01 -9.102294078928121479e-01
3.502064946366783147e+02 6.365610975034488028e-01 -1.172243999908544332e+00
3.279117131544133485e+02 3.995292728114716585e-01 -2.447921374809576833e-01
3.401731246152248787e+02 3.386157418334799774e-01 -3.805968073189894968e-02
2.384604004543906797e+02 7.657979684319409230e-01 -1.841012486562193073e+00
3.429727005708487582e+02 7.522713679790853369e-01 -9.100861681929305336e-01
3.413739686512010394e+02 1.688060484657446514e-01 -2.486622270694695824e-01
3.493678190226258948e+02 1.590604587259771829e-01 -6.200947629825822593e-01
3.525927020359353605e+02 7.170879008788260123e-01 -1.481083473787055960e+00
2.705990353103001098e+02 3.642205881008381274e-01 -4.594694522074714051e-03
3.269589326874911421e+02 2.518073536556547642e-01 -3.817061388283693457e-02
3.028816377796871961e+02 4.040272593991745542e-01 -9.581816693173557553e+00
2.539752846656261625e+02 6.151081143736056855e-01 -7.144977754037383499e-02
3.158322741055750953e+02 6.369534784671141425e-01 -1.311832524199335326e-01
3.388161385499188327e+02 3.559429687198245595e-01 -5.833873937779259639e-02
3.114264458882361168e+02 1.952684828438048525e-01 -2.365430609349637336e+00
3.328021576251908300e+02 5.460686481787838109e-02 -3.905517611297956715e-01
3.336965266497097673e+02 3.790184977085360174e-01 -1.272650609181985026e-01
3.439782060168204794e+02 6.920809568642072307e-01 -8.381940562300207453e-01
3.428103823365082690e+02 4.324093246273964103e-02 -1.362869039898376711e+00
3.474417854135905372e+02 4.681096260626048111e-01 -4.124798529315454876e-01
2.406210905514021192e+02 2.955994305210325052e-02 -5.190563921176661460e-02
2.854088509812918915e+02 3.275625627705170961e-01 -2.016876936310722357e+01
2.726362613454925850e+02 6.832337409168683928e-01 -7.404614534684130778e-01
3.208392608784036497e+02 6.541132884589315744e-01 -1.355721731613169223e-01
3.016174002495928335e+02 3.099931629829670854e-01 -1.383990988105316156e+01
3.352109366036003735e+02 7.676037832933690908e-01 -2.987815062601987259e-01
3.148590024982795512e+02 1.881946863227711431e-01 -1.747470748914702332e+00
2.920224269689230141e+02 2.371510637087030082e-01 -2.524423457519267799e+01
3.420066211168750669e+02 4.334399132159086898e-01 -1.732627751829644291e-01
2.637767342254400091e+02 5.640395345910643732e-01 -4.170742997499801152e-01
2.558090043170362264e+02 6.573922471072382034e-01 -9.281070816227976472e-02
2.781059523173323100e+02 2.642542791034948602e-01 -3.807464945836771086e+00
3.178195865495914063e+02 5.776334791806507774e-01 -9.495047981733537729e-03
2.446035816447535751e+02 5.183613860180130706e-01 -4.969876855771335200e-01
2.516265567893177888e+02 6.244916911992325348e-01 -2.930240295866249137e-02
2.684364210570321347e+02 2.580723938338262413e-01 -5.982285942710687809e-01
3.490673605157849124e+02 2.121558202773379809e-01 -2.506026324983109399e-01
3.004709129377178556e+02 3.730899926513182585e-01 -1.642709388403484994e+01
2.930576267288699341e+02 7.448528490878545405e-01 -2.138795579737445607e+01
2.479601879646718032e+02 1.675352502827085754e-01 -1.851094617555244293e+00
2.979434107730859296e+02 1.783447097847195295e-01 -1.954804914268699179e+01
2.754057644388935273e+02 4.097954311689442908e-01 -2.011381379584477269e+00
2.842946142859609608e+02 3.516135985284602472e-01 -1.734255386099668073e+01
3.191925106590268797e+02 1.488665348423083568e-01 -1.028688126185535623e+00
2.830593229761053635e+02 6.723637325473617865e-02 -1.514246000826078298e+00
3.175056249187990147e+02 6.967963865049794370e-01 -4.594061735369490279e-02
2.652394801856335675e+02 4.739349734783381840e-01 -4.281131444084551041e-01
2.574886728223196997e+02 6.097240076817794785e-02 -3.283631804354074202e+00
3.357822843784232418e+02 4.160797049626692168e-01 -1.205245997956314319e-01
3.253741565767702468e+02 8.822472913062856525e-02 -3.216284666842131879e-01
2.728970084209362312e+02 7.300061782085802697e-01 -7.736149588333081084e-01
2.993996559124968257e+02 5.077659042389383037e-01 -1.523086079191904219e+01
2.678611307265091455e+02 4.889653197110140903e-01 -2.604179755120410444e-01
3.531813002720756458e+02 1.552853964781447660e-01 -7.038131634605465647e-01
2.744050545845944953e+02 5.411703200236742672e-01 -1.501787116485258089e+00
3.513599499040984711e+02 9.602674798663823896e-02 -1.499074796601196358e+00
2.812443576216601855e+02 7.534495942331309593e-01 -7.363061453422309555e+00
3.121832291889343196e+02 1.189997649811106728e-01 -2.529332675002304853e+00
2.953522237330727194e+02 6.070875786402196717e-01 -2.347407489527444469e+01
3.237474174250340297e+02 7.881977733761238447e-01 -5.482492577239503895e-01
2.886475125622141604e+02 3.329933888392728192e-01 -2.504068432134442190e+01
2.500870441168434581e+02 7.104978205795252875e-03 -2.544251022770070758e+00
3.448831829955921080e+02 1.688760930305697183e-01 -4.520814351055479907e-01
2.878302506317182292e+02 2.913026714952338669e-01 -2.342966016444128741e+01
2.630904474246992208e+02 3.889095388063573133e-01 -2.868437275064422698e-01
2.414198684859092623e+02 1.331042259070498168e-01 -7.323060310013271845e-01
2.697250835109643390e+02 1.235215341589174232e-01 -1.419923024852870697e+00
3.298594172340373802e+02 6.753394558534674408e-01 -4.143701061382741302e-01
3.040319859423900652e+02 5.289272193461348470e-01 -5.895406825110415916e+00
3.285978633284480566e+02 3.408060740159881558e-02 -4.164356728616686043e-01
3.100457119347943262e+02 1.401419556415616496e-01 -2.939903296662107923e+00
2.907951235136255264e+02 2.250019943637343589e-01 -2.333810836833738023e+01
2.868234938565134371e+02 3.976326282523018341e-01 -2.213093337298224128e+01
3.223815025261423557e+02 7.949779534167255024e-01 -3.865248441087908993e-01
2.771047445950543988e+02 4.521801917159387618e-01 -3.663684215475097261e+00
3.372601084354569707e+02 4.593932857529447467e-01 -1.481154633584917668e-01
2.968504292722881814e+02 7.760638026564987690e-01 -1.802591677564341310e+01
3.312839876876498693e+02 2.164325312964288650e-01 -7.921040341991929246e-02
3.409888517622553081e+02 3.123305621298435031e-01 -1.371023365526574493e-02
2.564082174052084042e+02 6.685470078088029400e-01 -6.901510211441627685e-02
3.070315886360430682e+02 5.497665493220070809e-01 -3.042044872243699238e+00
2.801807592118112780e+02 5.852345220891475019e-01 -7.497199052929728325e+00
2.396822571231477923e+02 1.070593905816284164e-01 -5.265429926456705045e-01
2.667485465575189210e+02 4.843761751583288699e-01 -3.673283253377548907e-01
2.616360972619808081e+02 7.417054087462173761e-01 -4.754600236000787739e-01
3.392806870477901384e+02 5.593395202474280570e-01 -2.988248559051335240e-01
2.365642355529572285e+02 8.372351150601231584e-02 -5.194251094611586073e-01
3.053641262415474671e+02 3.436059194500927783e-01 -6.096651710610869301e+00
3.278336493773185794e+02 5.255672186083287789e-01 -3.959891857563191397e-01
2.589639704942576941e+02 2.744362028933525766e-01 -9.138242448884277280e-01
2.457462766821461457e+02 7.074442209194402587e-01 -1.939355862755811344e-01
3.076234021720105716e+02 1.550831508654009275e-02 -1.256878542893362427e+00
2.435933143940631567e+02 7.748126710569587239e-01 -4.079775725574385503e-01
3.133227941336988351e+02 4.269007944340409977e-01 -6.198622549949955873e-01
2.609550257608853485e+02 4.463323805146122147e-01 -8.523875348417488118e-02
2.895384776659213912e+02 6.458526593162230434e-01 -2.071657985167589899e+01
3.089833954489734538e+02 1.993441837905165007e-02 -1.262046930133356337e+00
3.229048626367545012e+02 3.031915399730766292e-01 -6.643972697519182069e-02
3.496575332212595413e+02 5.993887800244431796e-01 -9.968271541258694191e-01
2.377309946969657517e+02 2.801459407780466093e-01 -2.335222296062175573e+00
2.537522010556477881e+02 6.199073217971334815e-01 -6.987837203021551868e-02
2.797953499714819259e+02 5.689204682287173354e-01 -6.732285471967720092e+00
3.462719177860169566e+02 4.968597015764241731e-01 -4.633656217634020136e-01
2.431924218301748795e+02 2.069195942310115832e-01 -9.695973457091892067e-01
2.946334928301146761e+02 7.487062851094443416e-02 -6.382194995454472775e+00
2.515427841058312595e+02 2.469581053098401091e-01 -1.232511595500807466e+00
2.487221877546943460e+02 7.227203584719478213e-01 -1.200133235432743611e-01
3.215583814978047030e+02 4.757184279553159922e-01 -1.082059280423791486e-01
2.671305601907416190e+02 1.848708174445531649e-01 -1.233422522029824941e+00
2.725804885529450985e+02 1.413830448501900428e-01 -1.915320295339047740e-01
2.741325196694572242e+02 7.853149643424122139e-01 -1.398659144258093345e+00
2.935138918231410798e+02 1.532601240606226989e-01 -1.917887978270648475e+01
3.387331104470047762e+02 4.139329737668658860e-01 -1.151369257277462255e-01
3.187119147182895631e+02 3.513852807347953577e-01 -1.823138178522591968e-01
3.062762998679506836e+02 7.191193282556693767e-01 -2.697693277000646095e+00
3.517534184704175573e+02 7.706983447459303527e-01 -1.591261581284856730e+00
3.359621008701794835e+02 1.762786181152646015e-01 -1.050093000278459893e-01
3.504655339130341076e+02 3.969151513506154472e-01 -3.221667767501220081e-01
3.076014496384088375e+02 4.682943546443900651e-01 -2.979210763739599255e+00
2.636265373920558659e+02 1.159960931369996423e-01 -1.979764288667007932e+00
2.663689817752381828e+02 4.985478688565105898e-01 -3.988463685795575198e-01
2.392726713695136027e+02 5.811568096427340846e-01 -1.605123525337271984e+00
3.204126704771433651e+02 1.993901200476926316e-01 -5.450650798588075885e-01
3.377455722183087801e+02 3.597067534694289859e-01 -7.266824412388543653e-02
2.887523894579866237e+02 2.739038806513773294e-01 -2.412913422035711619e+01
2.798754021207929554e+02 7.552582288204823247e-01 -6.216319033023440355e+00
3.193941258062732231e+02 1.710195479539661501e-01 -8.797483933861411920e-01
2.551163862963745714e+02 3.886815242321962072e-01 -7.673066927552762984e-01
2.653463348967822526e+02 6.448852541544281003e-01 -4.807110905538967138e-01
2.951849309575559914e+02 5.073896626214605687e-01 -2.575107295039058997e+01
2.487454146320112045e+02 5.242915499727828221e-01 -4.056512465385586075e-01
2.545371170344348002e+02 2.717554105040335122e-01 -1.474763836116830484e+00
3.287657817552955066e+02 2.000030049580115432e-01 -6.220540494193854686e-02
2.425540185939198636e+02 2.446485886866043846e-01 -1.108307437221013991e+00
2.459214745369695265e+02 4.922336025233645107e-01 -4.585384255554749156e-01
3.227734350421642944e+02 2.391029601588120779e-01 -5.080688533901257797e-02
2.472921831061887588e+02 2.499450681019582121e-01 -1.374062426496154510e+00
2.898255140879285818e+02 3.349830593484324215e-01 -2.537128126224363101e+01
3.343348737857886590e+02 1.276291817511944204e-01 -2.100097943121322919e-01
3.401038948859001039e+02 7.379758696183057465e-01 -5.873736684393716656e-01
2.762547242261521774e+02 3.204095613927695485e-01 -2.426513229108148817e+00
3.483618621686984511e+02 5.435313651340998448e-02 -2.122478815850028067e+00
2.800432898059662534e+02 6.788848661421842401e-01 -6.403065383550063494e+00
2.492451256341337000e+02 3.010104447559276974e-01 -1.188103018462569826e+00
2.616309410893858853e+02 4.543712171801441713e-01 -1.241380114570740656e-01
2.527008278353665673e+02 3.049783584849163343e-01 -8.687839021609822243e-01
3.137303558237481980e+02 7.327549565184704461e-01 -3.010710407157492496e-01
3.335036247662832238e+02 1.606344809948148100e-01 -1.289600576103714091e-01
2.970134081732546179e+02 4.389369610162810464e-02 -2.053891664663382244e+00
3.294946442310502448e+02 6.960976102249015751e-01 -4.691706027971624393e-01
2.784305574468075406e+02 6.334627467357495378e-01 -4.871674518979720148e+00
2.927849443842554820e+02 2.831857280853253972e-02 -2.667501875259912780e-01
2.734843442402727760e+02 6.189872337909425593e-01 -9.059295170266313812e-01
2.607170102641293852e+02 1.338045929633923936e-01 -2.131691213829713938e+00
2.448173000955232794e+02 2.608679954029134440e-01 -9.346669232723097132e-01
2.580150842887690601e+02 6.319126132259456075e-01 -4.168700867985110879e-03
2.629557644390361020e+02 4.605608050418660837e-01 -2.946779151805051788e-01
3.426474696219013936e+02 5.534561110561279085e-01 -4.201564128435418821e-01
3.103986419087651143e+02 3.787076266735830421e-01 -1.469046499321218446e+00
3.156413296416355365e+02 3.164175466021003635e-01 -7.827144560108743043e-01
3.040625869186370664e+02 6.037063630216170651e-01 -5.227100241993132279e+00
3.007672612593835311e+02 2.851961436712073250e-01 -1.562973551276055417e+01
3.172036133825065463e+02 2.891800284146998079e-01 -5.680215379285735722e-01
2.820266361987762025e+02 7.237614365113670400e-01 -9.274819676433772031e+00
3.251087738511739644e+02 6.480444782270609883e-02 -4.098696839152849991e-01
2.988504035808596200e+02 3.605770756879841249e-02 -1.422022847383016320e+00
3.020858414661050233e+02 6.672279906095729407e-01 -7.251267416892464013e+00
3.088611964230278772e+02 5.501579455724835421e-01 -1.613887749292787444e+00
2.850561276058227804e+02 4.863356427391451325e-03 -5.242422207189393335e-01
2.418196092228907332e+02 7.453169417198062252e-01 -8.471946360737254711e-01
2.907169056160324772e+02 9.784627348950841741e-02 -8.745032630132413942e+00
2.877779799522075450e+02 5.909646218561430686e-01 -2.076882821028391035e+01
3.490104987658546065e+02 5.175986750398052783e-01 -6.657809172737024772e-01
3.532585020351720004e+02 6.804689605750698922e-01 -1.386014709316980786e+00
3.418495415935267374e+02 5.973691115038834987e-01 -4.716523628394341250e-01
3.050290065244175821e+02 6.492971749340267218e-01 -4.267152625836955870e+00
3.469506261547277290e+02 7.765344105888258852e-01 -1.210419578796869011e+00
2.381713869356820794e+02 3.609184719162488175e-01 -2.132941452602211019e+00
2.687986463467755129e+02 1.263826210348789093e-02 -2.046470182628765233e+00
2.843337157762537117e+02 5.365407922571719945e-01 -1.596235098958301002e+01
2.504213423633604521e+02 6.088006449580776747e-02 -2.762565573060289381e+00
2.711158027147030225e+02 4.206291946093883016e-01 -1.639106951169265816e-02
3.449507041452471867e+02 6.136531870562533797e-01 -6.958193893156099374e-01
3.114838276706841498e+02 2.373804271606463553e-02 -1.212887841358302854e+00
2.833159291835527824e+02 4.311469686455237649e-01 -1.394263642195657305e+01
3.408567285857855040e+02 1.450822764988955182e-01 -3.899862256368416547e-01
2.595836806997895678e+02 8.504301025214006104e-02 -2.942721060688228807e+00
3.272479942825040666e+02 2.169206792077777168e-01 -3.240087020359926767e-02
3.520302686867200350e+02 3.388346984245918514e-01 -1.771036022059841175e-01
2.571253906122646526e+02 5.356861111984975166e-01 -1.780324875500177428e-01
2.763671168741909696e+02 5.642917105761661167e-01 -3.453883374267636253e+00
3.236712163551440540e+02 7.939808692262478873e-01 -5.532451851392861109e-01
3.445413188274214917e+02 8.975573397694226740e-02 -1.236164699966860514e+00
2.530575179980925213e+02 7.051686414418593118e-01 -1.122047089111568446e-02
2.861783869016882136e+02 7.542721682481358381e-02 -4.391284412478754007e+00
3.128299712330660327e+02 4.430683883385941879e-01 -6.935890460850403505e-01
2.954848577527786802e+02 6.634410667213607171e-01 -2.223940921886723032e+01
3.034871295734834007e+02 7.618713246350813373e-01 -4.807063397215834755e+00
3.314180094598885944e+02 5.694734409530661789e-01 -2.918291281917132496e-01
2.704292265083137181e+02 3.746568567767427638e-01 -3.175373730171257569e-02
2.981974326227416441e+02 1.040988280901384844e-01 -1.059330584641102746e+01
3.270876472477245898e+02 6.887672772678385957e-01 -5.652103792006019090e-01
2.399374208984059464e+02 4.841943413550168218e-01 -1.413728061042097250e+00
3.148467000915076142e+02 4.046815075459981870e-01 -4.953240182551751358e-01
2.436481576335313264e+02 2.106581855729753316e-01 -9.517843313436813446e-01
3.325967486976324494e+02 2.250234117136806489e-01 -7.380755372426350824e-02
2.363678818572981015e+02 4.352506992980567091e-01 -3.841208230652673361e+00
2.544814516623467853e+02 1.551227240093033255e-01 -2.782833557127338153e+00
2.754717481107628032e+02 6.599422055898983286e-02 -2.272411539805022918e-01
2.815954937624355807e+02 5.631660126838927000e-02 -3.571679863423224410e-01
2.558600558918761294e+02 2.133110878694569890e-01 -2.176327092549090736e+00
2.601214021712918338e+02 1.950403998796837457e-02 -2.839728097462740131e+00
2.660703796028330430e+02 7.481510769009067641e-01 -4.925409731430817062e-01
3.024415046653776358e+02 7.922448828362433915e-01 -6.232963617068462803e+00
2.471448849199832409e+02 2.277071818602089126e-01 -1.460381099274575822e+00
3.486399899914785578e+02 1.997190685217323791e-01 -3.099294277688322552e-01
2.691183766955158490e+02 3.081014101323474308e-01 -2.996146551803917091e-01
3.075474529178883927e+02 2.820167093209214326e-01 -3.729956811209931722e+00
2.784118588844980309e+02 4.613448092379615062e-01 -5.446787489610916744e+00
2.368385910156831073e+02 5.520224877725680157e-01 -3.276252361433917848e+00
2.747905654988582000e+02 6.565897656996488863e-01 -2.117432421567711387e+00
3.055970390837761670e+02 3.796151598693606188e-02 -1.825062826770042168e+00
3.412926124216942299e+02 5.773463115236568965e-01 -4.425091423309676641e-01
3.023037605960550991e+02 4.781718490257504950e-01 -9.777653160634590890e+00
3.514246698691177926e+02 5.343350046335197945e-01 -8.409753273919251537e-01
3.275629681876783366e+02 8.014946457607129149e-02 -3.386988488080912019e-01
3.323968653738110675e+02 3.557423516257230411e-01 -1.409273302628573643e-01
3.448882450424578110e+02 7.863949983580047487e-01 -1.107742175929919082e+00
2.694402334871784888e+02 7.541300157393844295e-01 -1.573691871174140722e-01
3.141321874111475836e+02 1.332359574567998084e-01 -2.285698788477541488e+00
2.764404544482729307e+02 6.998268539594355575e-01 -3.521044033438352372e+00
3.475846432631175844e+02 4.115420552493272328e-03 -2.307711711333972016e+00
3.421256772363446998e+02 2.068769193049314892e-01 -1.204014795102893998e-01
2.610452580188422189e+02 4.833442158205867867e-01 -8.554967377495809044e-02
2.727902741566887244e+02 1.737034325657182965e-01 -4.174682420309176051e-02
2.955548383914612032e+02 4.941518780659877041e-01 -2.618201159300184244e+01
3.316280543275061632e+02 3.474133727866199894e-01 -1.477600235617119451e-01
2.621898795005569127e+02 9.354183916271974208e-02 -2.474461404109734808e+00
3.233796381765673686e+02 7.107721026059161673e-01 -4.926939453660690305e-01
2.657149611330737002e+02 5.010748141131224354e-02 -2.422268705777347098e+00
2.588132948975246563e+02 4.990589417696607022e-01 -8.276986262695019969e-02
2.913180632981811868e+02 1.197374047436250977e-01 -1.273144364546416973e+01
2.525231887607181420e+02 6.146459629550000692e-01 -9.504237594885830281e-03
2.669483367858169913e+02 6.864431692175290145e-01 -3.520835495602396281e-01
3.344698375296458153e+02 7.681418366793514307e-01 -2.879614539065155077e-01
3.086603513256532096e+02 3.301549710984491570e-01 -2.918210508269619030e+00
3.221158412237064113e+02 2.653125419121812878e-01 -7.806700617716566537e-02
3.261877167140902998e+02 1.527479535030902905e-02 -4.060163681442607864e-01
2.385139092945640016e+02 3.174319219793759195e-01 -1.947363924769511589e+00
3.171576114830595543e+02 4.094671218669979074e-01 -2.337044161680454923e-01
2.406036404301598850e+02 1.070431437682665410e-01 -5.066857218212015290e-01
2.493080878395646778e+02 1.670970360485153350e-01 -1.936471709517376905e+00
3.183131400626926393e+02 2.920626381903232427e-01 -4.622997705745733876e-01
2.639069864936214458e+02 3.609835013541617954e-01 -4.076544100593331721e-01
2.935383383902309333e+02 2.445932294402900983e-02 -1.839643841191546392e-01
3.506068539272604880e+02 7.192091337219378433e-01 -1.412479052931815637e+00
3.442342650115471656e+02 4.503196530077003823e-01 -2.358184392615835789e-01
2.966608319672259313e+02 2.199512091066193609e-01 -2.420180805324998019e+01
2.845720571095623654e+02 4.682959664371570963e-01 -1.662260227977091276e+01
2.532282493358949864e+02 4.279037260322693381e-01 -3.532093441883610296e-01
2.463857551143637465e+02 5.953206254553168320e-01 -2.789670816053892444e-01
3.390534855485072967e+02 4.446316336976363637e-01 -1.546521489686525641e-01
2.979124946255750501e+02 6.423459160373256038e-01 -1.783140243174442929e+01
2.735739949412221677e+02 1.402253463636169706e-01 -1.191136255174172522e-02
3.303125732734140456e+02 3.418020294399795045e-01 -1.541887847673547030e-01
2.574669474115016783e+02 1.271643793683637225e-01 -2.865865896813557079e+00
2.882409923603192965e+02 6.524373956710135536e-01 -1.956545939514844434e+01
2.393630489836210415e+02 7.386503414821697644e-02 -1.612382019184984416e-01
3.199684320106437667e+02 6.330617542046037549e-01 -6.693776838753620617e-02
3.106994745861415481e+02 1.762594999923623451e-01 -2.950649311996894397e+00
2.573632203384707395e+02 5.403177504042425694e-01 -1.733505985949308492e-01
3.531654106470267038e+02 5.485691428344128262e-01 -9.158145083513710150e-01
2.944099725854798635e+02 3.944026776074598395e-01 -2.846464373770342249e+01
2.455190175266114352e+02 7.660238713132847543e-01 -1.502906420681758559e-01
3.041682871904490639e+02 5.241097724129119007e-01 -5.995701062612647902e+00
3.237335117310210535e+02 6.259283906589043767e-01 -4.115022197753636646e-01
3.142679882664386355e+02 6.029693591938866115e-01 -2.601510018474162966e-01
2.878438101251043690e+02 7.303249378952507698e-01 -1.838345862664172614e+01
3.105770495931790833e+02 7.406876215510588279e-01 -6.777332081536772135e-01
2.424054725856865389e+02 5.650964998656420324e-01 -7.995690298156765685e-01
3.339912873455559748e+02 3.785523672063297873e-01 -1.274595658085608540e-01
2.712789401048754598e+02 1.912557539480586044e-01 -3.216530388928509621e-01
2.927363905526242434e+02 2.568673671582997198e-01 -2.677527322740451154e+01
3.204112040629421472e+02 4.016414821983003147e-01 -8.047673295986763897e-02
3.359193858807759057e+02 6.713614377972402236e-01 -2.753233080565314350e-01
2.415982034280622486e+02 5.689231651672651546e-01 -9.983947787097209314e-01
2.481831538967286406e+02 2.724123658880160948e-01 -1.379279932365157890e+00
2.904614801540772078e+02 6.777640983778630002e-01 -2.115434961969059557e+01
2.860530269464597950e+02 1.019558450937358973e-01 -7.903071613160136621e+00
2.505368633900265820e+02 3.222660056798883899e-01 -8.423393825943459312e-01
2.848470870390304412e+02 3.034226924827705396e-01 -1.850479179407668440e+01
2.832818284169873664e+02 5.130502293780578871e-01 -1.339799366199008901e+01
3.283932793194944679e+02 3.858031683065156758e-01 -2.241572077261426987e-01
3.387145083674132593e+02 6.218611843699719532e-01 -3.312742162528807266e-01
3.523636400774873891e+02 2.489091036492690479e-01 -1.349929488185301896e-01
3.468906904542383813e+02 5.062910281546801894e-01 -5.412450836038632529e-01
3.007996273776905696e+02 7.813896759751299825e-01 -8.195097857945890851e+00
3.156169540124953983e+02 7.267189199887718054e-01 -1.391445899979786294e-01
3.432254153339700906e+02 6.959593283039126055e-01 -7.857444027258325692e-01
3.069102806793444529e+02 3.736183474570562435e-01 -4.341489307343349147e+00
2.438036019714416227e+02 2.405115672751852451e-01 -9.683603202612270922e-01
2.795601232114632353e+02 4.380904336749761874e-01 -6.793485334566652156e+00
3.365904660660556829e+02 4.208335832922370234e-01 -1.211613210475351726e-01
3.252203827450492781e+02 5.918607745919178820e-01 -4.635661958458305865e-01
2.992196787928323261e+02 2.358216789816735826e-01 -1.886738362273236191e+01
3.121677258520618352e+02 1.508289222619552394e-01 -2.497290107990492114e+00
2.807564987983271863e+02 4.290584468287935577e-02 -1.702102610664118706e-02
2.947505261637875265e+02 3.800606012344360796e-01 -2.871786289243541646e+01
2.924239741329616891e+02 3.181297302246093861e-01 -2.822193570650528116e+01
2.927994650149591394e+02 4.181960582733154630e-01 -2.776472938470012508e+01
2.930336067668521309e+02 2.762496709823608620e-01 -2.798137889822829294e+01
2.936537457120933254e+02 3.811580181121826394e-01 -2.873315168562392330e+01
2.946865652131054958e+02 3.599116325378418080e-01 -2.890031593551814026e+01
2.919649170981397219e+02 4.676533222198486772e-01 -2.653541961551221462e+01
2.913157341926466302e+02 4.544249057769775835e-01 -2.621914112699729671e+01
2.907552819830883664e+02 3.545633077621460072e-01 -2.654593038036333752e+01
2.924616323132206617e+02 3.214317798614502175e-01 -2.824551925256455220e+01
2.946197363449451814e+02 4.254807949066162220e-01 -2.800968384074177919e+01
2.948587531725831923e+02 4.492878913879394531e-01 -2.761363960869452328e+01
2.934424943539220294e+02 4.289298534393310991e-01 -2.797136246535220394e+01
2.960697043035477236e+02 3.439225673675537220e-01 -2.678608328658142668e+01
2.956179140020577734e+02 3.495363950729370450e-01 -2.783267666600676193e+01
2.918484491714105502e+02 3.984591722488403653e-01 -2.751529352107082360e+01
2.955384960800757312e+02 4.029655933380127397e-01 -2.703595239616184287e+01
2.933807273177106367e+02 5.002114772796630859e-01 -2.665053511541374576e+01
2.941389700174649420e+02 2.796533107757568359e-01 -2.844520588829182373e+01
2.898875608290204013e+02 3.854856014251709095e-01 -2.528162199011545042e+01
2.942961131370054773e+02 2.813390016555786244e-01 -2.849703365945478950e+01
2.955100075193811335e+02 4.014283657073974831e-01 -2.705153910284006002e+01
2.969341935046022058e+02 3.622956991195678822e-01 -2.534842759834987191e+01
2.958106794453524344e+02 3.484332084655761830e-01 -2.791742031102235444e+01
2.890650544434983544e+02 4.340214252471923939e-01 -2.436019443712642030e+01
2.944994698630131325e+02 2.996897697448730469e-01 -2.881059937481865774e+01
2.927893911041944648e+02 3.818696498870849942e-01 -2.816020063110468641e+01
2.935355998737086907e+02 3.199162483215332031e-01 -2.893632021005938171e+01
2.952396300034695287e+02 4.500910758972168080e-01 -2.704583802728417652e+01
2.945059881102532700e+02 3.363407850265502930e-01 -2.898022796961963365e+01
2.916822600262466949e+02 3.669230222702026811e-01 -2.706393847006516395e+01
2.937754925316785943e+02 3.408125400543213224e-01 -2.899385226898068879e+01
2.948721823903493942e+02 4.103436470031738281e-01 -2.769714733576556753e+01
2.953570036189401549e+02 3.902974843978881947e-01 -2.817942053142096626e+01
2.953818640310323076e+02 3.871099233627319780e-01 -2.823349672637245789e+01
2.923349460605315357e+02 4.081734657287597878e-01 -2.735238387190714349e+01
2.901045281886128464e+02 3.421579122543335072e-01 -2.598514107750045454e+01
2.931500966722109069e+02 2.917480707168579324e-01 -2.832739762978002318e+01
2.932985872777486520e+02 4.639009475708008035e-01 -2.736115160799813495e+01
2.946246841813454012e+02 4.335673809051514005e-01 -2.786349575486415375e+01
2.911575982955523614e+02 4.797856807708740234e-01 -2.518897551189315109e+01
2.910761230272136686e+02 3.715480089187622181e-01 -2.644073320714486997e+01
2.905226862355787034e+02 3.554225921630859708e-01 -2.659364175773192329e+01
2.911820768669064137e+02 3.402048826217651811e-01 -2.716435288617179111e+01
2.903023527923471647e+02 4.050756931304931863e-01 -2.568724313208199206e+01
2.947707320197123977e+02 2.641459703445434570e-01 -2.787113484317647050e+01
2.936526850023823272e+02 5.594335079193115678e-01 -2.540891069930946600e+01
2.932803934046442578e+02 5.346075534820556863e-01 -2.592320850824770062e+01
2.943745330673503986e+02 4.147973060607910156e-01 -2.814033860090109584e+01
2.918732176350082455e+02 4.515507221221923828e-01 -2.680975354009278888e+01
2.940724503295325576e+02 3.628815650939941628e-01 -2.892877327406750965e+01
2.914828373698404107e+02 3.928918361663818470e-01 -2.694534327341881763e+01
2.932467247030068052e+02 3.378169775009155495e-01 -2.875963330631677195e+01
2.939183733275508530e+02 4.001171588897705078e-01 -2.853275805389435149e+01
2.943814588891933113e+02 3.890796184539795366e-01 -2.853171200789387285e+01
2.920580605543834736e+02 3.799946069717407560e-01 -2.764356291294040702e+01
2.945976130708962160e+02 4.109078884124756081e-01 -2.825345140962857116e+01
2.923714840447805159e+02 3.736176729202270730e-01 -2.825054158451488817e+01
2.918316674903894068e+02 4.199934482574463335e-01 -2.727068147450832925e+01
2.921277801410712414e+02 3.809260368347168191e-01 -2.762789726994459372e+01
2.933306538351874906e+02 3.374722003936767578e-01 -2.875695039605943393e+01
2.926038218340443109e+02 4.215080261230468861e-01 -2.773066751928533336e+01
2.920780757469630657e+02 3.094527721405029297e-01 -2.749914597607812894e+01
2.957684632883079985e+02 2.842713356018066739e-01 -2.785462099690428417e+01
2.932713413237177633e+02 4.514234542846680132e-01 -2.758809111213517440e+01
2.957703932557048461e+02 3.281460285186768022e-01 -2.803247515666616607e+01
2.934963067642332248e+02 4.100921154022216797e-01 -2.824795466470241223e+01
2.945957475053417625e+02 2.784938335418701283e-01 -2.846694960746567915e+01
2.928891098583717962e+02 4.238930702209472989e-01 -2.768093893901681923e+01
2.916107098318323096e+02 3.609746456146240567e-01 -2.709335566081616875e+01
2.915483965413039869e+02 4.424088954925537442e-01 -2.636199379537830367e+01
2.966322534552762704e+02 3.011847257614135853e-01 -2.573160993460388468e+01
2.955796292589068912e+02 3.006527662277221902e-01 -2.794529490692619333e+01
2.930812634779207997e+02 2.818001031875610463e-01 -2.811889847100161433e+01
2.919434382165515558e+02 4.720767021179199663e-01 -2.646163860889382491e+01
2.948362555981421451e+02 3.595517451318678837e-01 -2.840394969822419924e+01
2.937969033046394998e+02 3.247135370565482626e-01 -2.897392910804808608e+01
2.940502017190008246e+02 3.482661492710120710e-01 -2.899743847299141208e+01
2.940774370280296353e+02 3.666348879093237478e-01 -2.890303783509040514e+01
2.959076292924837617e+02 3.251186645516073170e-01 -2.809142355904012334e+01
2.933708511673041244e+02 3.557585839996204591e-01 -2.873659205310650577e+01
2.930829782783641804e+02 3.589000073816589476e-01 -2.872702783277468086e+01
2.942426209097509968e+02 3.274879079716403463e-01 -2.894011785685218996e+01
2.950420164408643586e+02 3.585988969764279943e-01 -2.847424400807440037e+01
2.921082252868279738e+02 4.255934791424589303e-01 -2.716597266136852085e+01
2.919126873739354551e+02 3.524844259799254642e-01 -2.777022821603729597e+01
2.925065926400149579e+02 3.732314655311658180e-01 -2.824344163164923671e+01
2.917475578424383684e+02 3.269502091956340006e-01 -2.772380923071137104e+01
2.942335227101702912e+02 3.990707300464668150e-01 -2.835865127387467766e+01
2.953978492507365559e+02 3.134000295226928579e-01 -2.792074613235137548e+01
2.953054877537639982e+02 3.918778235914874841e-01 -2.814000610594976948e+01
2.946110684788197318e+02 3.250609156731594229e-01 -2.899449995895442100e+01
2.935030340783479801e+02 3.190202679647130002e-01 -2.892938810781944881e+01
2.940101158256399003e+02 2.961121653461213921e-01 -2.871169327935640325e+01
2.955635145326824613e+02 3.594370565668757456e-01 -2.770737842505074511e+01
2.932327546994273462e+02 4.167613016338238552e-01 -2.815041902322214185e+01
2.943491106586204751e+02 2.567875004691087537e-01 -2.783368749696650823e+01
2.926669134036022797e+02 3.470518031753688781e-01 -2.831890763571844261e+01
2.928097175519245638e+02 3.904205478540992424e-01 -2.808439845091638176e+01
2.925367733359228168e+02 3.044220169123156294e-01 -2.805028470863157608e+01
2.940420088257615134e+02 3.214841651157053781e-01 -2.897135506583190079e+01
2.922418399474349826e+02 3.304609771279324315e-01 -2.766753771005221552e+01
2.947099363423940872e+02 3.648290104096119091e-01 -2.886473733154975463e+01
2.939096418081639399e+02 3.393948744684747165e-01 -2.900423894307212436e+01
2.931258580163249690e+02 3.210849433827241417e-01 -2.869687876097496471e+01
2.934165313526979162e+02 3.810650656461782582e-01 -2.857619096815991355e+01
2.942151485179962833e+02 3.736390608512252243e-01 -2.868361572136163318e+01
2.941653103282379789e+02 3.481134068296773965e-01 -2.888014094297162515e+01
2.935539378559323609e+02 3.663128372032938285e-01 -2.885862756587558664e+01
2.930826915137471360e+02 4.119265179917581676e-01 -2.821524347205676975e+01
2.935596492522323615e+02 3.186524264211718083e-01 -2.893069644115078987e+01
2.945167701534373350e+02 3.372008553506092854e-01 -2.898052625515002845e+01
2.943436559433624780e+02 3.624105930328369585e-01 -2.881692463621514122e+01
2.937800975705123392e+02 2.889672438266687182e-01 -2.858506338773846878e+01
2.950193018393119360e+02 2.923744357105950153e-01 -2.846153818527241697e+01
2.940016991753699358e+02 3.049769016950559797e-01 -2.883171561584153153e+01
2.937113850333696519e+02 3.463069879990600675e-01 -2.897841500344913612e+01
2.934403038898684599e+02 3.567009614775112913e-01 -2.873205112692435037e+01
2.923453833643666258e+02 3.808294355273142973e-01 -2.819993665411126216e+01
2.933487366508277319e+02 3.895762169232921956e-01 -2.849350845671029830e+01
2.947496724754202546e+02 2.985919832863363488e-01 -2.846542604425566125e+01
2.946167405705247120e+02 3.595497593995796715e-01 -2.889056260867643289e+01
2.927558248234860230e+02 4.029995634147699457e-01 -2.795676018981660604e+01
2.930526043429754282e+02 3.859855359658719287e-01 -2.852742611258545580e+01
2.942794964610180841e+02 3.792152443581268684e-01 -2.863419291125590860e+01
2.934978114185691993e+02 3.411468983643303754e-01 -2.875582268757653992e+01
2.934075347875843818e+02 3.804980348214882513e-01 -2.858123339790711626e+01
2.939112705699708386e+02 3.647011617661595761e-01 -2.890335559493672335e+01
2.929771873361538610e+02 3.599820999923286635e-01 -2.872222291532683514e+01
2.938681783141021810e+02 3.357849801260967548e-01 -2.900192743410034879e+01
2.946277411082185722e+02 3.388749549109458248e-01 -2.899524270734506004e+01
2.952028014702229370e+02 3.888598406267432250e-01 -2.815343677655168975e+01
2.939418404382269614e+02 3.426834565778452135e-01 -2.900281877231879335e+01
2.941324321411675555e+02 3.533668327001849851e-01 -2.898458130875800265e+01
2.933558291151535400e+02 3.308306407641086189e-01 -2.873928301986954281e+01
2.930614774515885870e+02 3.390343722889253009e-01 -2.876482195183463730e+01
2.941444921903660088e+02 3.313330003276203639e-01 -2.892434352671899234e+01
2.942220787531225028e+02 3.400539102952209181e-01 -2.892317610325130062e+01
2.946030527433032944e+02 3.332156529650577848e-01 -2.899920642308863705e+01
2.932608222038239774e+02 4.245153983812291476e-01 -2.803566081116053610e+01
2.951986477331812466e+02 3.188506240316655305e-01 -2.868291101632770790e+01
2.949527398927164086e+02 3.204661518526321085e-01 -2.862281812381182888e+01
2.935511172784865153e+02 3.704934633182169756e-01 -2.865813147006472761e+01
2.944296027097029196e+02 3.127552797062690959e-01 -2.891747606926820424e+01
2.938960641440678501e+02 2.896106832739060444e-01 -2.859907737018334828e+01
2.941796344677970865e+02 3.577389954380988946e-01 -2.882206861459823699e+01
2.944722529661336239e+02 3.637819936658768238e-01 -2.882984888274141255e+01
2.932786983345567364e+02 3.514497643864703535e-01 -2.875083086087318307e+01
2.936613048591999586e+02 3.196325755927164058e-01 -2.894216645892998940e+01
2.940792880671946818e+02 3.296380018866935102e-01 -2.900487627715382288e+01
2.932658116422066996e+02 3.442089190452233827e-01 -2.876182246344693283e+01
2.933796919469206728e+02 3.276968627257930144e-01 -2.872550774683071140e+01
2.949467115442062664e+02 3.426522304794836216e-01 -2.856695291150265703e+01
2.937208903191596505e+02 3.784757381536079102e-01 -2.876761987747457994e+01
2.928780470597317844e+02 3.680134647792344116e-01 -2.824348029861720732e+01
2.928306399973604357e+02 3.234660548660640011e-01 -2.822060792016891639e+01
2.938501833121417803e+02 3.009689876624633276e-01 -2.877747716305760051e+01
2.939397210646174585e+02 3.411062196657488332e-01 -2.900474417988288067e+01
2.929819837890187841e+02 3.291532221680368853e-01 -2.874344987842071575e+01
2.943588361441137522e+02 3.213503605776497629e-01 -2.894672981990525429e+01
2.940532385556130635e+02 3.857017854489960818e-01 -2.872363742620173355e+01
2.949666177568456646e+02 2.959466739520964507e-01 -2.849023417816536963e+01
2.936757299512329382e+02 3.478425554267310371e-01 -2.897106438185968358e+01
2.949212771981741525e+02 3.573449209216547073e-01 -2.845023127301662313e+01
2.930219446278813393e+02 3.648453889236408232e-01 -2.869649138613281281e+01
2.937951006547370412e+02 3.274249334099365027e-01 -2.898323497116293979e+01
2.941097341737254851e+02 3.379738789288864176e-01 -2.901683911474194844e+01
2.936493906003170196e+02 3.326284069318032888e-01 -2.898486934245693192e+01
2.946695232241870599e+02 3.373461158612122146e-01 -2.900495898289615226e+01
2.943424804360310532e+02 3.440658167730826777e-01 -2.893087025410410718e+01
2.941845798690847573e+02 3.113702444054715635e-01 -2.887275655817489550e+01
2.947907011714538044e+02 3.823586535580151269e-01 -2.869845427087072309e+01
2.937651021294817610e+02 3.594521554450307299e-01 -2.892512858214331928e+01
2.945637762998304083e+02 3.152052186365780218e-01 -2.895081995905443861e+01
2.939403007166139901e+02 3.612118163845968732e-01 -2.892901543022691513e+01
2.938349569049962611e+02 3.247724293405925833e-01 -2.897627400265705333e+01
2.930261498642528295e+02 4.129847120025874618e-01 -2.819888783200173776e+01
2.932296079424376103e+02 3.133641952076525183e-01 -2.862957009427205080e+01
2.943812028195312678e+02 3.217476192032651117e-01 -2.895137628616930670e+01
2.940132964511712430e+02 3.311416997308971322e-01 -2.900485391615857367e+01
2.936645902324143549e+02 3.529362236274393161e-01 -2.895064685459810860e+01
2.937819689720199676e+02 3.425283490578105994e-01 -2.899194947858762461e+01
2.936413753811426659e+02 3.418381033300149086e-01 -2.898252257707368429e+01
2.934671793255294006e+02 3.039762541151763142e-01 -2.879968158018806790e+01
2.940097346460415793e+02 3.341720695375138273e-01 -2.900926093062331290e+01
2.937531190346382459e+02 3.219304957681088375e-01 -2.895927497698956543e+01
2.941218803134430573e+02 3.497243459231698659e-01 -2.899760846551243176e+01
2.934435296697358240e+02 3.404696724868251922e-01 -2.875703377910298997e+01
2.941081286177808352e+02 3.214940109305375326e-01 -2.890713886816112677e+01
2.947747518372523814e+02 3.588933818381299101e-01 -2.892331623618074588e+01
2.942150639699538033e+02 3.539262098334221007e-01 -2.885560104618772215e+01
2.935358221509839609e+02 3.335847492506180956e-01 -2.897771562127439537e+01
2.929525620274317816e+02 3.269869619157288465e-01 -2.873501012381780129e+01
2.940586134295218699e+02 3.604731160614554342e-01 -2.894282739020579598e+01
2.943805937303349651e+02 3.396095271909409519e-01 -2.895220128931076431e+01
2.934989058343553552e+02 3.378999045638374499e-01 -2.875247147807815651e+01
2.946432013117615156e+02 3.520995789851415481e-01 -2.894469924204196332e+01
2.940839726689779923e+02 3.461554680995386768e-01 -2.900530358630227923e+01
2.938737753175861371e+02 3.342796948568114712e-01 -2.900128864956457164e+01
2.943707955723118630e+02 3.658284144924623948e-01 -2.879234689428892580e+01
2.940430905740789171e+02 3.322879382967823814e-01 -2.900856098042104136e+01
2.943353983129787252e+02 3.406342449100208114e-01 -2.894147688960320863e+01
2.936427039033114852e+02 3.240786615128233294e-01 -2.896234895678863808e+01
2.941527482910427693e+02 3.274019181074603324e-01 -2.892501616945925491e+01
2.939058619034196909e+02 3.291879090129634644e-01 -2.899449905958951845e+01
2.942875060365857962e+02 3.344748529736502052e-01 -2.894629348141728897e+01
2.942981439474450553e+02 3.101988912891564532e-01 -2.888155031469760559e+01
2.943377954248724109e+02 3.352117969930430985e-01 -2.895386767750514068e+01
2.942772475860189161e+02 3.378494234961030851e-01 -2.893861653686385438e+01
2.934968012579985839e+02 3.408414619171261650e-01 -2.875567449962628785e+01
2.941885688823011265e+02 3.200822851400448865e-01 -2.891591174313060009e+01
2.941331235012074785e+02 3.386868432394077866e-01 -2.891099091526074361e+01
2.943590662476664193e+02 3.894143234197542380e-01 -2.852252990748265660e+01
2.937621781545996100e+02 3.274683262128866290e-01 -2.898140874620502672e+01
2.936118653544638732e+02 3.336539588936355827e-01 -2.898329590562990532e+01
2.939218490079391586e+02 3.306874472363485751e-01 -2.899885345801704872e+01
2.942601763070437642e+02 3.372230411120988869e-01 -2.893699557083735741e+01
2.933825295735982195e+02 3.320509395458680624e-01 -2.874255557112092418e+01
2.941757517639572939e+02 3.317425478029371599e-01 -2.892954792843077172e+01
2.941709077791537652e+02 3.433662850790876742e-01 -2.890262197069201378e+01
2.938687527177982588e+02 3.243331275269126790e-01 -2.897632646786144051e+01
2.936211645485385588e+02 3.199613767394160480e-01 -2.894167617594733244e+01
2.937209105657048553e+02 3.306112109435060953e-01 -2.898649877063315827e+01
2.937262913140075966e+02 3.389800397479793004e-01 -2.899197700820936063e+01
2.936572314665675094e+02 3.156117254554788309e-01 -2.891656266126571495e+01
3.511192892776730332e+02 6.560875479249471676e-01 -1.273283350740150643e+00
3.029311225257791875e+02 1.651419345054634322e-02 -9.100641843711543277e-01
2.731247621302687207e+02 2.835552308017068590e-01 -1.481325397838509084e-01
3.520608001435513188e+02 5.432013973029792275e-01 -8.938559697025943995e-01
2.569073561696772003e+02 5.084199182989087573e-01 -2.938198846356247507e-01
2.696619073421683197e+02 6.023163976973332501e-01 -9.040182579091524118e-02
3.139886225813554574e+02 4.426834967950265542e-01 -4.718590426444348451e-01
3.274698211938561485e+02 2.327632190905490062e-01 -3.852008804874373915e-02
3.005135963322334192e+02 3.210520224812736245e-01 -1.507229380161256493e+01
3.359539845984668318e+02 2.501110161389437647e-01 -4.777951386128227729e-02
2.611116674004950937e+02 6.999868808564487788e-01 -3.323277088700147819e-01
2.832281473444772359e+02 9.621384316166703421e-02 -3.788843994357482536e+00
2.381497484438566801e+02 1.101456033965793752e-01 -7.167691451722698615e-01
2.765249042877409238e+02 4.236517542322797147e-02 -4.957460343320720386e-01
3.060111210550837768e+02 2.275902686743573045e-01 -6.189798740823481360e+00
2.968574613280479753e+02 5.722826981872793928e-01 -2.239518043379213097e+01
3.302248190638956657e+02 6.510605229187658161e-01 -4.040808543192952462e-01
2.365782885534471802e+02 7.223142185640303303e-01 -3.616658921686310535e+00
2.447457461830857710e+02 2.891222433466409392e-01 -8.974508826842745313e-01
3.479072860059470145e+02 3.326415482807004165e-01 -1.080778677432420870e-01
2.873979918435633749e+02 2.646004168983499549e-01 -2.294347097327249685e+01
2.657838879804025964e+02 7.757678653744870534e-01 -5.027873177625847845e-01
2.630246790529164969e+02 1.231568309069187156e-01 -1.922692607605862136e+00
3.344104165508175583e+02 7.901971290641713885e-01 -2.955775954815264561e-01
3.168354089616001943e+02 4.007794487919369431e-01 -2.460359722843318553e-01
2.648419173849899835e+02 6.468024183907680746e-02 -2.455891233946442043e+00
3.542928476704353216e+02 3.716340952168004641e-01 -2.307735554055591887e-01
3.432415407798281421e+02 4.664489323501000984e-01 -2.545830180010875687e-01
3.440044087163602740e+02 4.753121025645937192e-01 -2.985086748193194750e-01
2.922363990964042273e+02 5.892512857515396218e-01 -2.418016596060742529e+01
2.976493034979094432e+02 6.290776492770842054e-01 -1.794910840272972763e+01
2.606026924974495955e+02 1.474405291698056286e-01 -1.904953099011041928e+00
3.096143962270042493e+02 6.162446935384646718e-01 -1.092469911620027156e+00
2.520303725188189503e+02 3.388270329546373416e-01 -6.451327567578395428e-01
2.514901620556427133e+02 7.354648497719938893e-01 -2.359979398179032004e-02
2.895988587755111894e+02 1.575158122512285153e-01 -1.696220083370812048e+01
2.852474367798938033e+02 3.447697711915096996e-01 -2.033936262984150289e+01
3.246433787142805159e+02 4.211411818078940605e-01 -2.425427997855784668e-01
2.670449759159513405e+02 3.649540947573196026e-01 -4.562462125718179107e-01
2.939531870239160298e+02 6.444985476211486652e-01 -2.349070767897405076e+01
2.460836928231371701e+02 1.792907969584464634e-01 -1.343483743829777755e+00
2.835906022809909928e+02 4.973540960259377197e-01 -1.511516261131691508e+01
2.799785818083208824e+02 1.437579145830724658e-01 -2.172037315825483095e+00
3.119270074057051261e+02 7.439576551785455349e-02 -2.143904497016948074e+00
2.540320285299254124e+02 5.264733224141668333e-02 -3.450458303117333259e+00
2.528176949192855432e+02 5.196519444989874392e-01 -1.059045566204809552e-01
3.109605337703077339e+02 6.681531510127322049e-01 -6.088921069775712347e-01
2.470275939634142333e+02 4.267555025277204317e-01 -6.637300216548855936e-01
3.184671564018628942e+02 4.124661904619075781e-01 -1.157771544828404692e-01
3.213809006151452081e+02 7.166878240327312355e-01 -2.539274058330202033e-01
3.226494899968286063e+02 4.839814899637508439e-01 -2.154028604878392705e-01
2.997217754753038435e+02 7.105470554980251041e-01 -1.183379309967751425e+01
2.438705331268325267e+02 2.084420948771401605e-01 -9.495672204522223048e-01
3.255857145099055856e+02 5.528445646878370479e-01 -4.387402849417031403e-01
2.588167439253976454e+02 2.168429026135228477e-01 -1.466445553203336694e+00
3.195835713433777983e+02 7.442936963450573762e-01 -5.990289531605305640e-02
2.911143245381007318e+02 6.855829244752869034e-01 -2.145163058558367197e+01
3.202352981717309035e+02 5.239373707041643513e-01 -8.858170581700534896e-02
2.869629287266018878e+02 4.572352974448041230e-01 -2.140971189472351810e+01
3.052807213523415157e+02 3.566822400725083164e-01 -5.930900256995331965e+00
2.576132440928766982e+02 7.411515903722381005e-01 -2.253285991267112501e-03
2.483329901352539366e+02 8.636555412219587557e-02 -2.199676229984048437e+00
3.320409315464884230e+02 1.956785976051615417e-01 -8.773570936936737896e-02
2.816252518898286894e+02 7.619842344890188635e-01 -8.102039800435932193e+00
2.681950003033583698e+02 1.447752017422541948e-02 -2.069258151082100206e+00
3.486388682775565258e+02 1.650534201784245314e-01 -5.607320155525908900e-01
3.497919845141746578e+02 4.900303687552300946e-01 -6.131161542122455232e-01
2.640352741343722869e+02 1.181309382428814142e-01 -1.902813414386335333e+00
3.039542320029552229e+02 6.378208296743240746e-01 -4.916716593068669816e+00
3.423157046807323241e+02 3.107042354226685274e-02 -1.393842883041949809e+00
2.779973433643391445e+02 9.011310869440711246e-02 -1.267602871237507589e-01
3.398883231212096234e+02 1.737991190908506622e-01 -1.682811649347834559e-01
3.409234498930869677e+02 4.377463350301514788e-01 -1.593760252111361408e-01
2.708118912267531186e+02 2.625804268530848584e-01 -1.264801306036875683e-01
2.726466638958243038e+02 5.488828523483516575e-01 -5.559357840891359093e-01
2.892390444040199782e+02 3.858984240745604866e-01 -2.479201264171548758e+01
3.260088662382987650e+02 3.108119843723964326e-01 -1.026618330057265521e-01
2.797690862632348399e+02 3.789284224003895973e-01 -6.450394273880148965e+00
3.338608169893750528e+02 5.280946918964406489e-01 -2.046058501990423439e-01
3.092585530146041606e+02 5.615092437891625599e-01 -1.213701665952177766e+00
2.417026473866326910e+02 3.983066660274137138e-01 -1.133051942317534699e+00
2.959792342764649220e+02 6.103418165251401906e-01 -2.252328945858925024e+01
3.311545189433368819e+02 2.354852852061951538e-03 -1.117815907844775802e-01
3.291662902631115344e+02 2.969025127897577110e-01 -1.170650384311897885e-01
3.366370017277849911e+02 7.973274081290067095e-01 -3.293110184330664825e-01
3.452635956236207448e+02 2.799218069357162220e-01 -3.474411051900400116e-02
3.079766828072484941e+02 5.763816935612036119e-01 -1.851530305793033904e+00
3.142965367849528207e+02 6.899565805182011902e-01 -2.436695384758961469e-01
2.502104981248549791e+02 6.393251573984370939e-02 -2.648287234093000375e+00
3.017176807728840231e+02 7.788257050824841654e-01 -7.265509540112707221e+00
2.760552261346596197e+02 1.287710227829428344e-01 -1.409652098442212842e-01
2.740648675668703618e+02 6.744821215161888039e-01 -1.297764969271528290e+00
3.468488771166312290e+02 2.415755917904633121e-01 -1.232016415484645522e-01
2.557130068438861485e+02 7.577522327524649493e-01 -3.511573054421904955e-02
2.394026499408987831e+02 3.620796143433917952e-02 -4.184354257684715084e-02
2.421914195258408995e+02 2.074982385555227682e-01 -1.051549142360585165e+00
2.403770618992787149e+02 5.952842781187176469e-01 -1.327978658205773321e+00
3.159534313714004838e+02 3.137770814423721522e-01 -6.640928523065375844e-01
3.382911536360704758e+02 4.510773249296589071e-01 -1.540451980845388147e-01
2.946987351626468694e+02 1.871550664943205378e-01 -2.351828624930664091e+01
2.938367063219452575e+02 3.338425655288171368e-01 -2.899856010876231238e+01
2.942742886631755823e+02 3.365788160415951746e-01 -2.894072605611227189e+01
2.939480212847836924e+02 3.327225710026184835e-01 -2.900392255270525510e+01
2.941809612113322032e+02 3.277845499563892262e-01 -2.893006608475584684e+01
2.940537954492224344e+02 3.339238312540619424e-01 -2.901144998629191818e+01
2.939913501847631778e+02 3.336867571871975358e-01 -2.900767505119816647e+01
2.937031278821561386e+02 3.256976743918620354e-01 -2.897211179723693064e+01
2.940663661316975777e+02 3.325987368952463830e-01 -2.901031367245038339e+01
2.941177554656247821e+02 3.388965846661418091e-01 -2.901714544052982347e+01
2.939933106969787673e+02 3.585392485136691398e-01 -2.894905178895929154e+01
2.936973121662780386e+02 3.255783352953252607e-01 -2.897133827687416741e+01
2.941043658342653089e+02 3.269334758708969946e-01 -2.899797583955170666e+01
2.937184070844103303e+02 3.363474435050552991e-01 -2.899211398669894635e+01
2.943003848454256968e+02 3.387434483460565193e-01 -2.894053581650136664e+01
2.942044937414913193e+02 3.302974433448809810e-01 -2.893488403696128231e+01
2.946991653642161850e+02 3.041046204210200443e-01 -2.849653582079692171e+01
2.938107727798162045e+02 3.414795840454092346e-01 -2.899554010197366338e+01
2.933134981259232177e+02 3.407986336864774479e-01 -2.876074393573357568e+01
2.937650350192549809e+02 3.319868113464619630e-01 -2.899168506250366661e+01
2.940970625451519709e+02 3.351789259549899924e-01 -2.901505019515779438e+01
2.941587382034724669e+02 3.384138711899462582e-01 -2.891630542723172681e+01
2.941330955323063563e+02 3.237647525407264526e-01 -2.891662999704596260e+01
2.940605220512220512e+02 3.363772372450647419e-01 -2.901374795893226377e+01
2.941924708338381720e+02 3.341223919402288578e-01 -2.893034571150428746e+01
2.937681614838987798e+02 3.279618473927664035e-01 -2.898319587798969721e+01
3.039611740487645193e+02 1.754831325456681912e-01 -8.474802653921804207e+00
2.992121447887496402e+02 2.945404444964784818e-01 -1.898368018264566004e+01
3.181043056435992185e+02 5.639677840830510380e-01 -1.493119381082071671e-02
3.089504567097442873e+02 2.438103589563526963e-01 -3.113985747735830589e+00
2.428049840139100866e+02 3.756995258223030376e-01 -1.009582902328291842e+00
2.770541654718763311e+02 6.306467523742430581e-01 -3.969244409875547941e+00
2.953555670461055911e+02 1.288809281985139610e-01 -1.616441454775799969e+01
3.283272123353161192e+02 7.928966375599455496e-01 -6.104381283309363582e-01
3.165084544579551675e+02 5.375070915423481033e-01 -1.094320358427384593e-01
3.341629845112977932e+02 6.836636038201253374e-02 -3.817028022763432338e-01
3.532999167366776305e+02 3.274097417579575620e-01 -1.488395172829223845e-01
3.400107010071232025e+02 6.804677519164691324e-01 -5.109978554299746678e-01
2.635970140504046526e+02 2.859753533711081874e-01 -5.025286964444439786e-01
3.247847981002356619e+02 3.791194893332008875e-02 -4.520768057355927794e-01
3.301879784706541159e+02 4.271260838014534489e-02 -4.094722965856784636e-01
2.838151606693465396e+02 4.732337575253058870e-01 -1.521919812255077531e+01
2.626480337221483978e+02 7.201971985000185095e-01 -5.498156652204571060e-01
2.735698624839824333e+02 1.366428926780132169e-01 -2.011040982142522221e-02
3.129468833795413616e+02 3.530272267207592019e-01 -1.089600675906505778e+00
2.710510186098846361e+02 4.809913138076085115e-01 -5.372208247970185896e-02
3.463956648503675524e+02 5.563980077651055067e-01 -6.405346155850941692e-01
3.154044708177426628e+02 1.527223965615420558e-02 -1.244752748902150152e+00
3.010597661706377153e+02 6.147796131403331366e-01 -1.041739073008922922e+01
2.895026654730198743e+02 3.040067765563318480e-01 -2.516475200088835606e+01
2.518251399412681621e+02 7.711237600177853757e-01 -3.686126063740120112e-02
3.149038944820312054e+02 5.210745556850365778e-01 -2.536151883657659090e-01
3.328765559255252242e+02 6.225174505989676810e-01 -2.606117686966925584e-01
3.510738015084710923e+02 3.615311506104557093e-01 -2.314457324377310332e-01
2.982878319860852798e+02 2.593470993125005508e-01 -2.274175212086883491e+01
2.847820251674373822e+02 5.765114360359260282e-01 -1.673384739971282542e+01
2.876416539728120938e+02 2.862842972560169109e-03 -1.164084950216511594e+00
3.208647976889466236e+02 1.932109333129913564e-01 -4.171545000793259184e-01
2.393089777867312193e+02 6.700588621393949174e-01 -1.539534781077345871e+00
2.941224613052462473e+02 4.326554642397426598e-01 -2.805160330352068243e+01
3.071029366047720828e+02 7.671556320750578806e-01 -2.080967540757070466e+00
3.190099416497935181e+02 4.894907380934235275e-02 -1.342804909670393121e+00
2.704365112919432477e+02 1.631692690862936515e-02 -2.009285748492259938e+00
2.413038729581290909e+02 4.501701105943247128e-01 -1.145364077953546555e+00
2.821173690362574007e+02 3.122635396049013301e-01 -1.040476117579484772e+01
2.532389338902151508e+02 4.107078320289471174e-01 -4.109326344527863828e-01
3.246635370982783115e+02 5.996699359201941304e-01 -4.746414241271673662e-01
2.858557406873077866e+02 2.032865592822627188e-01 -1.752064132462943746e+01
3.355995162180619218e+02 2.659139319145975011e-01 -4.680200161231107270e-02
2.937222670962689222e+02 8.131707546166228040e-02 -7.371963646262319259e+00
3.493293305753728646e+02 1.088516587633386878e-01 -1.249812284321651923e+00
2.794024520019353304e+02 5.192950973677284976e-01 -6.038143469239150463e+00
3.423453093899987607e+02 5.355536084730160296e-01 -3.857655767548479608e-01
3.064660531985647367e+02 5.745247746157846613e-01 -3.504249247381064247e+00
3.224871646011471853e+02 3.000910939308903957e-01 -7.608492336431453562e-02
3.496525315248952097e+02 7.428997373879535626e-01 -1.420882578923121420e+00
2.741880593290922548e+02 7.863403932404102736e-01 -1.815455813130548712e+00
2.510438315912792291e+02 1.208528639803476551e-01 -2.367418290547039117e+00
2.651210342929111903e+02 6.917339898803566145e-01 -5.051739557128629432e-01
2.801418225306192085e+02 6.367835492453934876e-01 -6.486174541428860962e+00
2.580824956127766541e+02 7.044629758346094839e-01 -4.847478761600782123e-03
2.605525043037785053e+02 4.470089729980891713e-01 -6.015094823899104493e-02
3.455479250951652830e+02 1.763605527137739881e-01 -3.899820126201861692e-01
3.212753619697024874e+02 1.902953361865666326e-01 -2.887675116817705057e-01
2.569683454772246591e+02 4.617750254946283994e-01 -3.619767381665486838e-01
3.350189629769364501e+02 2.154679885927101302e-01 -6.342932684032445700e-02
3.022388652724774261e+02 7.527608470270465979e-01 -6.490424853936564986e+00
2.377675806551300752e+02 2.727739752394299777e-01 -2.326596306218784438e+00
2.454691206274322326e+02 2.160532627118753324e-01 -1.073059035435095288e+00
2.483977237048666495e+02 7.168980332632949315e-01 -1.305603145076294769e-01
2.616982470446216098e+02 3.816927183166345938e-01 -1.613304530717421525e-01
2.560323354888313361e+02 1.020539411096853533e-01 -3.366104543011510852e+00
2.784206571016428597e+02 2.828527713772871141e-02 -6.975008384831636876e-01
2.833727295290908046e+02 4.642097114478745401e-01 -1.372819720541769861e+01
2.472183812172750663e+02 6.514735477272628472e-01 -1.998883444213994665e-01
2.751698210241254969e+02 7.006260796474051977e-01 -2.100580345424905460e+00
3.052551179153276166e+02 9.221520628933066455e-02 -4.105000218910192622e+00
2.686482676287096183e+02 2.529832334091898782e-01 -6.330512081589009243e-01
2.670939009571121687e+02 5.119797199171575164e-01 -3.022297828937650643e-01
2.367940297916186410e+02 7.816859072613199233e-01 -3.090061253932497642e+00
2.403081779354439504e+02 7.462490214209849260e-01 -1.214765597150335719e+00
2.458367411277740189e+02 4.003260850306804008e-01 -6.624481903493657509e-01
2.539966320873876100e+02 6.068135627037983815e-01 -7.730226915607481264e-02
2.968348099744882802e+02 5.859866296843903033e-01 -2.206131811172979695e+01
3.315868744218022357e+02 7.295984508393497936e-02 -3.738565425355788174e-01
3.429751110469197215e+02 3.383113382123517088e-01 -2.631242583771666380e-02
3.279898951185760438e+02 5.512210261123698940e-01 -4.225545910934664362e-01
3.525065433670560537e+02 4.207227686795280697e-01 -4.217215808210519334e-01
3.377848778643119658e+02 4.999118996560090178e-01 -1.894962889151607932e-01
2.716526441677287380e+02 5.888254021094274648e-02 -1.484621123710256452e+00
2.908278797254132542e+02 1.487396896766519372e-01 -1.661120308012810298e+01
3.024348700624548201e+02 3.517100635286658505e-01 -1.009295565654544369e+01
3.095302663220186901e+02 6.597335834422071166e-01 -9.756494202357426371e-01
3.373702220335036372e+02 4.252802515123512705e-01 -1.251556705675271886e-01
3.483425093323868396e+02 4.957901635841455157e-01 -5.428779926874380823e-01
3.442059210889235601e+02 2.379353561298014896e-01 -8.494340128759579611e-02
3.106518218782306917e+02 3.911756749859283677e-01 -1.428043247977418106e+00
3.267633389397955739e+02 3.937771020470477445e-01 -2.370261430751551546e-01
3.404767350434481159e+02 6.476249840305897676e-01 -4.541843726671552783e-01
2.927887613425813242e+02 2.246207767651246801e-01 -2.575621592520137781e+01
2.591922937840427039e+02 1.531685059012939387e-01 -2.149777837038522321e+00
2.890867847554848140e+02 1.150337010950088362e-01 -1.088032193925173807e+01
2.434433667236777694e+02 3.319904932639811679e-01 -9.369927841667959889e-01
2.492843963949526653e+02 1.650563555100014179e-01 -1.949338824234354783e+00
2.668374400539478870e+02 7.291649169535964203e-01 -3.611986246922790356e-01
3.133574265738255917e+02 6.766942406772761265e-01 -2.900007154116837071e-01
2.936106642963123932e+02 3.298052503615853670e-01 -2.897760476517044381e+01
2.936419727016635761e+02 3.334181741874669425e-01 -2.898520737028560035e+01
2.937822986747571008e+02 3.546168816294962833e-01 -2.895268576225324964e+01
2.936373339028552323e+02 4.335481166839599831e-01 -2.797606912882126551e+01
2.939059664712144695e+02 3.558884936864031845e-01 -2.895635118838121969e+01
2.910024704186305939e+02 4.681335449218750333e-01 -2.540282385353105710e+01
2.928852992413108041e+02 3.286170632118166068e-01 -2.874335182240847431e+01
2.924802055574477322e+02 3.756278514862060880e-01 -2.822944369851982316e+01
2.941654459755355333e+02 3.122155342711923631e-01 -2.887521388161819402e+01
2.940360615649994998e+02 3.654622016711044363e-01 -2.890823984839637006e+01
2.936074047021767797e+02 3.496668293144525319e-01 -2.895915380563356933e+01
2.946044171879989335e+02 3.507280918484982912e-01 -2.894563879360571335e+01
2.934635024218559352e+02 3.255267466092612860e-01 -2.871124856581311846e+01
2.942270348176226662e+02 3.472512560089955902e-01 -2.889595705109116963e+01
2.931675694777593435e+02 3.504669345017826232e-01 -2.875472164590351554e+01
2.929448211280155192e+02 3.074839115142822266e-01 -2.857827482319243018e+01
2.940393317870912142e+02 3.032680994328426083e-01 -2.881221743063478513e+01
2.938508028826173586e+02 3.156040607241273332e-01 -2.892599677349171827e+01
2.942388387161873311e+02 3.092493170614276088e-01 -2.886606507938952859e+01
2.940999607612355362e+02 3.620017064488898484e-01 -2.893653476247613554e+01
2.903885560434420086e+02 3.908711433410644864e-01 -2.578730875646170162e+01
2.939119260567202900e+02 3.316530385373128720e-01 -2.900012202090458047e+01
2.898678332443851673e+02 4.230593681335449441e-01 -2.494229926189108326e+01
2.937695689994627060e+02 3.582495897140605678e-01 -2.893253234613309388e+01
2.943183956713765497e+02 3.513186737816178518e-01 -2.889111973722402738e+01
2.942603271422011630e+02 3.559755325317383035e-01 -2.885039173430416071e+01
2.942850175276795994e+02 3.564754908101464559e-01 -2.885158348642437076e+01
2.940802135913967845e+02 3.439811162281152246e-01 -2.900959347021114709e+01
2.943878151508082510e+02 4.157388687133789507e-01 -2.812744931913767132e+01
2.927893494750103400e+02 3.187963008880615456e-01 -2.818746594257516591e+01
2.941432558195175488e+02 3.488587257868460689e-01 -2.887207189546614217e+01
2.935975603596295400e+02 3.407502128404591435e-01 -2.898065553977253117e+01
2.939056229244732208e+02 3.214763173402536700e-01 -2.896495694565942003e+01
2.936627980477750839e+02 3.347772936624226481e-01 -2.898769109977160952e+01
2.935127401976861847e+02 3.387905994453528358e-01 -2.897598909138734413e+01
2.937041600900461162e+02 3.553744187178848324e-01 -2.894239990568488707e+01
2.946853943002001301e+02 3.365494068076252954e-01 -2.900874962351974062e+01
2.934043604283697846e+02 3.314835404130320740e-01 -2.873991791336279533e+01
2.939385336985362756e+02 3.355351215881366977e-01 -2.900617207054450475e+01
2.944644152677493594e+02 3.180836743773753916e-01 -2.895063581103564232e+01
2.952886224485534399e+02 2.888808488845825417e-01 -2.775565629782498789e+01
2.930832864832857467e+02 4.066475391387939786e-01 -2.828683172832782233e+01
2.934124167499699638e+02 3.276412636108149701e-01 -2.872401936342898665e+01
2.934236754065840387e+02 3.396672354455507747e-01 -2.875696502368798946e+01
2.936690303500952268e+02 3.526555909564632607e-01 -2.895227165948421799e+01
2.936361078851759885e+02 3.516171925694062672e-01 -2.895392521091223514e+01
2.934852418037807524e+02 3.232160633072518330e-01 -2.869676366349262153e+01
2.944321730037423777e+02 3.442862674955839974e-01 -2.894578746118265400e+01
2.938311803527689108e+02 3.416086755698874988e-01 -2.899680315082052573e+01
2.945461566665227338e+02 3.498599052429199330e-01 -2.894013783893178626e+01
2.938273049589624293e+02 3.405865000597079195e-01 -2.899773471006594505e+01
2.932885614273282613e+02 3.289166688919067383e-01 -2.873407499351112904e+01
2.937903571888086844e+02 3.347740662644481113e-01 -2.899635430204065401e+01
2.937179170150332084e+02 3.401417537130115853e-01 -2.899041778332394514e+01
2.942541948210827627e+02 3.417196886717510651e-01 -2.892367870056340706e+01
2.941506396692731187e+02 3.386799130471834784e-01 -2.891416812671160841e+01
2.929066991354530387e+02 3.936294078826904630e-01 -2.804612285532456184e+01
2.943219266770372542e+02 3.330801046137972232e-01 -2.895354812883092777e+01
2.940679757675381438e+02 3.466233552754350855e-01 -2.900312518344950519e+01
2.941901506622317584e+02 3.432943598289430187e-01 -2.890642421224330505e+01
2.922736518655069631e+02 5.103572368621825950e-01 -2.573379139199119692e+01
2.940602799458363279e+02 3.258148929709909769e-01 -2.899183652768324393e+01
2.944020067792923214e+02 3.421301139276089476e-01 -2.894834513020872535e+01
2.938642024859189519e+02 3.297120907546496893e-01 -2.899338761434590950e+01
2.941443240101438619e+02 3.398268973174908836e-01 -2.890985041924685461e+01
2.924005793708990950e+02 4.044466495513916460e-01 -2.796139237669943967e+01
2.943735024707832508e+02 3.374698955828374092e-01 -2.895601932728057193e+01
2.936875019368362132e+02 3.337017059326172208e-01 -2.898862049365128968e+01
2.937588675918095760e+02 3.357494482394883795e-01 -2.899474954912507840e+01
2.941085859679252508e+02 3.296404886600322603e-01 -2.900633798015786979e+01
2.937347445222657143e+02 3.282534818272780375e-01 -2.898195825798325842e+01
2.941478805662579816e+02 4.798048019409180132e-01 -2.715478698133932767e+01
2.942015022628060024e+02 3.365080963545009074e-01 -2.892814929789643941e+01
2.938036474276097465e+02 3.427536958765640684e-01 -2.899314311710761061e+01
2.941627719590638890e+02 3.339835287992390933e-01 -2.892533169762842604e+01
2.831184870073133197e+02 5.215820579428090964e-01 -1.340768439740624629e+01
3.288856659868835095e+02 7.681760426104857764e-01 -5.528988124860850784e-01
3.265849733299138506e+02 3.052223516524968927e-01 -1.069585175104009050e-01
2.787519496734323639e+02 5.106020691550924862e-02 -9.745859344309719396e-02
3.506955136710669194e+02 2.206072238328370128e-02 -2.697603853287162234e+00
3.397314648853135282e+02 7.658849777448318852e-01 -5.355729593862491589e-01
3.353150369187194997e+02 3.501266319113189307e-01 -8.911157558689095093e-02
3.442058811073339939e+02 5.733519175332940643e-01 -5.437619781317524215e-01
3.371685932606623624e+02 9.895800849698054014e-02 -3.890802005755596427e-01
3.418286158797061489e+02 3.521940788645046283e-02 -1.199678702175439593e+00
2.941138225192842697e+02 2.428581524271396508e-01 -2.727005221614489372e+01
2.909798230982554514e+02 5.412440478025508650e-01 -2.414767019752055788e+01
3.362919794596376164e+02 1.703019775479094611e-01 -1.202930888787210190e-01
3.329222158385459807e+02 7.594657385712184627e-01 -3.046820963881493038e-01
2.469946453337237529e+02 2.067764805831832087e-01 -1.401934415961345382e+00
3.313965398489834797e+02 7.141064941572011771e-01 -3.512943984018379040e-01
3.139201688626026794e+02 5.777184340964771625e-01 -3.605099072710618024e-01
3.142539175450497737e+02 4.143288788196203276e-02 -1.642149644195393554e+00
3.117255723954481255e+02 6.206711632049568550e-01 -5.606555880954315896e-01
2.373423210279945295e+02 1.262115568872868576e-01 -1.169230225193430783e+00
3.475440861858227208e+02 7.459733423962855436e-01 -1.215462361439789696e+00
2.903116060204506539e+02 6.448160933502509184e-01 -2.177013466011235465e+01
3.154001949382098360e+02 3.540917855140557902e-01 -5.806950240996655577e-01
2.805493988584889848e+02 2.862575952021862435e-01 -7.526257583657371519e+00
2.531634484205859508e+02 6.531001780248208988e-01 -8.902216807880910729e-03
3.020186741536446675e+02 4.127384284146299875e-01 -1.063629854550293174e+01
2.578866035305425157e+02 3.828853857150684714e-01 -4.850068768377918116e-01
3.465842774771344352e+02 7.003008634775713670e-01 -1.038751177881424237e+00
3.511019177179205144e+02 1.781485885009975734e-01 -4.545987499534087650e-01
2.541453520683466536e+02 7.291971311991077287e-02 -3.522625129564429525e+00
3.230962532629154111e+02 6.220586286248735997e-02 -6.198513023292506752e-01
2.661422508146698078e+02 5.137767439205670472e-01 -3.926572518194499373e-01
3.542470201156496614e+02 2.148143517549744308e-01 -2.712438605939118674e-01
2.818228125851513823e+02 3.890185817767317089e-01 -1.116303241396219015e+01
2.494780685542839933e+02 3.035039430013184436e-01 -1.177036494507969655e+00
2.957473616507486440e+02 4.007219185741947576e-01 -2.716536426072689636e+01
2.781672999196126739e+02 4.841803237221314338e-01 -4.832900047432842960e+00
2.440116738069474991e+02 1.930300996812129577e-01 -9.286997417232097929e-01
3.210508477299822516e+02 3.704607142848840295e-01 -9.247214572342028760e-02
3.340709433270504860e+02 5.979269993723356214e-01 -2.335460683265471737e-01
3.457908459688106859e+02 3.937010678079847503e-01 -1.499527422341759841e-01
3.004687098200394644e+02 4.380022875979533992e-01 -1.516443360705702759e+01
2.870982647138760626e+02 5.875580543465470651e-01 -1.929358888990184795e+01
3.429166856376251644e+02 1.619313452735456349e-01 -3.725206361136798039e-01
3.182358517515053222e+02 1.045793315216116542e-01 -1.521552069834435361e+00
2.448037712175552372e+02 6.876516182669393240e-01 -2.867205719579307144e-01
2.999018191560091964e+02 4.983489686781332195e-01 -1.576688287111247355e+01
2.614403082062294175e+02 1.148151143738932040e-01 -2.279103896779514749e+00
2.728172187055862992e+02 1.454580861032962469e-01 -4.778634196072181067e-02
3.031894956234543201e+02 1.560723397505376642e-01 -8.883893660122998526e+00
3.386977643695357187e+02 3.164927985158551005e-01 -3.893724412636645482e-02
3.252284108263755229e+02 1.874447686976057625e-01 -1.143148682275377942e-02
2.431279160690881156e+02 4.515927344210224348e-01 -8.018275126189658986e-01
2.971162997479286219e+02 5.300398639087703367e-01 -2.180465615232327892e+01
2.753482472728707080e+02 4.655482547903458945e-01 -2.229852161573351754e+00
3.077021541630202250e+02 3.379955011861787151e-01 -3.291490657140506482e+00
2.645777701326262559e+02 2.521986459992138774e-01 -7.099094986942385832e-01
3.196252851323725963e+02 7.872181803201512285e-01 -7.873572078425639109e-02
2.629760262177509844e+02 5.569936679530441692e-01 -3.747312072430727392e-01
3.246358483174089429e+02 6.604581984765433011e-01 -4.975195647316293934e-01
3.096692746167199743e+02 4.622205558818208160e-01 -1.686718831549236075e+00
2.464955058323013191e+02 2.280915760672707349e-01 -1.240584206744433038e+00
2.976379972083935286e+02 2.791752432495159808e-01 -2.445534271706986473e+01
2.767471574396228107e+02 4.728085368434232771e-01 -3.814430670134679069e+00
2.892071238411914464e+02 4.404368013342934707e-01 -2.424006217670233454e+01
2.386531030949733179e+02 6.130984495685937175e-01 -1.966010696730468688e+00
3.092066010815701702e+02 5.114998810903678139e-01 -1.392317923262611279e+00
3.172187364948084678e+02 5.203791531242157181e-03 -1.068783851706081256e+00
2.511507074477428887e+02 3.659559246111854236e-01 -5.634887081753607863e-01
3.042365727485165507e+02 3.281866127901305052e-01 -8.275178265551758727e+00
3.060226095903919941e+02 2.936221178352692585e-01 -5.750038640727307637e+00
2.697975962488334858e+02 5.442046758904294235e-01 -5.522893636443889503e-02
2.725376732459894811e+02 6.830606719854417919e-02 -1.121108169841030344e+00
2.858834866226337681e+02 6.031001679586135422e-01 -1.720865527060672662e+01
2.671342642296489203e+02 9.038011825776709474e-02 -2.205863377384199797e+00
3.301633206969273715e+02 2.707678243361510972e-01 -9.479840325160120151e-02
2.685574078967862306e+02 7.333053526801718291e-01 -1.978700756139779582e-01
2.940069701934676232e+02 7.986530285452634326e-01 -2.032776562280997013e+01
2.407947080536713145e+02 7.254356641565558039e-01 -1.100774684937388059e+00
2.843596503907007218e+02 3.199961749227777513e-02 -2.907405744724099739e-01
3.279380554993043688e+02 6.299301043628730001e-01 -4.936816125355799056e-01
2.745206540995384898e+02 6.652191898626204081e-01 -1.670234255360455888e+00
2.642809525424701746e+02 7.765746606412018416e-01 -6.425228356996179890e-01
2.590819977521612145e+02 6.746531095195112959e-01 -4.054014192450663967e-02
2.917452581226649500e+02 3.262343190048062613e-01 -2.771934479552086472e+01
2.377527270805565536e+02 4.284598114502842225e-01 -2.317696217771458844e+00
2.559232878642080777e+02 6.346881190715265575e-01 -1.161134740663509468e-01
3.530157330899560293e+02 2.360503113100566042e-01 -1.651110683014350156e-01
3.485802667321162289e+02 1.319878185067226706e-01 -9.169922469277037580e-01
2.708705086908814792e+02 7.373767432369993102e-01 -1.930311597974591065e-01
3.406113703585602366e+02 2.616553963236479818e-01 -1.125198177182779209e-02
2.600742616621087109e+02 2.205789156201310441e-01 -1.038598766809189611e+00
3.215663915312526910e+02 7.066257801932630533e-01 -2.437951013622001450e-01
2.409962876381009949e+02 8.348218006661164980e-02 -2.745374196725783866e-01
2.568668815812187063e+02 4.169269073511609469e-01 -5.247151216014909192e-01
2.526915189330615874e+02 1.374873069215275523e-01 -2.493878719508874298e+00
2.851762619043802260e+02 4.952415805043161590e-01 -1.766355949169640382e+01
2.484488073395518200e+02 5.622075655114178172e-01 -3.210306333760761244e-01
3.048550439859970993e+02 6.917956765698712873e-01 -3.945356675077512865e+00
3.126073160174778423e+02 9.787116883534747319e-03 -1.018860513370666521e+00
