2.689595836954194965e+02 3.814880369294741946e-01 -1.677636133504469607e+00
2.377096563462825429e+02 7.194083049209265557e-02 -2.559368592418505006e-01
3.004871453127823884e+02 3.845798342002919035e-01 -1.364876013233056362e+01
3.158903320050164325e+02 3.217871041455851872e-02 -2.192603765310142672e-01
2.741299960326717837e+02 7.624803761829054283e-01 -1.206704488470815795e+00
2.749438480436575674e+02 1.467384518634985147e-01 -9.034829457754994797e-01
2.644723222529096915e+02 3.054569103867286195e-01 -5.284711587548897249e+00
3.544128639455361736e+02 2.683020172167230877e-01 -4.820467164631280887e+00
3.472267806321403896e+02 4.342664165563572265e-01 -2.662603558326689157e+00
3.294948520910401157e+02 2.523034601459342441e-01 -1.691495720570861172e+00
3.145360538057288409e+02 3.685901454834793478e-01 -1.811569527552752135e-01
3.013974596064545040e+02 4.113067536521529677e-01 -1.066372837847948851e+01
3.236029356601694644e+02 2.553511366809440089e-02 -3.218405207817656710e-01
3.183958112367628814e+02 6.873576048656587778e-01 -1.124396915554159021e-01
2.602966220187363433e+02 2.598658271251605423e-01 -4.666931388091968280e+00
2.530524311018262438e+02 7.144592550779695905e-01 -8.544962729474912422e+00
2.824045040285151913e+02 2.137022583036898293e-01 -1.204662123784685290e+00
3.528199788633287426e+02 6.334308709491189848e-01 -1.338366665418177393e+00
2.453735985758767981e+02 5.226398594219083815e-01 -3.453832597878017552e+00
2.907861656659351297e+02 7.719462872461430036e-02 -2.021772787134233251e+00
2.848152957052866441e+02 1.587618787885458627e-01 -1.648488626546270819e+00
3.270846514457275589e+02 4.605327177322507959e-01 -1.415609520683186684e+00
3.525718912383703696e+02 2.226354050561301090e-01 -5.286064024815252615e+00
2.660644855846695123e+02 1.135355729331363889e-01 -1.353573934481297814e+00
2.775786478833419437e+02 4.438137925378435877e-01 -1.971233001254227402e+00
3.327715594534111574e+02 3.511884235547018118e-01 -1.777682374867431081e+00
2.507975777086671201e+02 7.722054985749875478e-01 -6.736446106378659593e+00
2.986509733799238688e+02 1.073851713382890927e-01 -1.209654300811534178e+01
3.222205442923735745e+02 5.039160900420702749e-01 -8.908783767301267642e-02
2.707814488139155742e+02 4.652921418990541014e-01 -3.742582666095704003e-01
3.319933426533764305e+02 1.024444031005427580e-01 -2.082725142717873013e+00
3.032389284769908500e+02 2.343852713576874969e-01 -6.174853513076164369e+00
2.605407575836005094e+02 5.482294198938918450e-01 -8.014174518460588814e+00
2.809615489079374129e+02 4.828480547123593647e-01 -7.363900743835717355e-01
3.503929603630384690e+02 7.286066433845524992e-01 -1.036205729982715429e+00
2.480408882332336020e+02 7.571842312190141255e-01 -1.275504269535658430e+01
2.544456730251667977e+02 7.231683916289604053e-01 -8.884247031924296323e+00
2.885961250152927278e+02 7.083397871474175211e-01 -1.284966349729629753e+00
3.249332725843703429e+02 6.912834866365071829e-01 -8.271603808720331408e-01
3.400811507073036069e+02 2.821234252849004753e-01 -3.340174512522242178e+00
2.667296278182458877e+02 4.575369324666588022e-02 -1.406913392501928373e-01
3.369937209638504214e+02 7.483202920585081408e-01 -7.303375722507003953e-01
3.118601171315353326e+02 4.859966677947463731e-02 -6.499577836276378973e-01
2.978978482484223491e+02 7.888667958960730031e-01 -1.389442011702759849e+01
3.207660287612165462e+02 2.297270635301681685e-01 -7.718694002703927470e-01
3.453691734504137685e+02 6.610009875691784664e-01 -1.022907224820540861e+00
3.423472701360590236e+02 5.081968722128784588e-01 -1.403758220056063655e+00
2.870337377633266556e+02 3.206609017271684348e-01 -1.844097346594189224e+00
2.571209891394877900e+02 5.147351122651734334e-01 -5.821623363294301967e+00
2.516240073627161564e+02 4.215821666745788732e-01 -7.135496411729305599e+00
2.767632339257866079e+02 3.301380644793687202e-01 -2.183907791002936971e+00
3.463097564504593038e+02 5.369940556605651283e-01 -1.740410027329770237e+00
2.895522775118411687e+02 3.582683157486112879e-01 -2.759074704224194985e+00
3.262928674512052112e+02 3.176868977733924293e-01 -7.359529779207795164e-01
3.097976691273607912e+02 5.959703629161835492e-01 -8.586467122817639797e-02
3.063437502196275091e+02 6.543762477217998086e-01 -1.321289058980183784e+00
3.132125308166454261e+02 5.345193714777960459e-01 -3.553154296026847514e-02
3.284457284100941479e+02 4.519953566178833149e-01 -1.663278262804197993e+00
2.923858987337297890e+02 8.088921236344898125e-02 -5.437539923255900298e+00
2.790590150554018010e+02 1.723260023490952308e-01 -9.600254941185256685e-01
2.467961161593540851e+02 6.988231805762641358e-01 -9.925751158789923423e+00
2.684639397961701093e+02 6.296932474068915875e-01 -2.266504768118710267e+00
2.423423546673167834e+02 6.797794018927605375e-01 -4.868325438897224799e+00
3.071100563311227916e+02 6.443502758846795242e-01 -7.458768595240131694e-01
2.488758153259316543e+02 1.266234046729537155e-01 -7.439789226274267087e-01
2.446552312447369957e+02 7.817515512691300961e-01 -2.910206852286187029e+00
3.019827913788801652e+02 5.829163909807280053e-01 -6.377804535181152090e+00
2.856113287629971751e+02 4.778593319322273492e-01 -1.407214953343132846e+00
2.829395650456546036e+02 7.921278497832661136e-01 -4.019115880869743029e-01
3.186925771017364468e+02 2.026725511082489994e-01 -1.001602908094813449e+00
2.950437863275644190e+02 2.982162987069507110e-01 -2.832266966224038285e+01
2.966250438791104216e+02 3.634615875744652835e-01 -2.658015856620099981e+01
2.566265601428318632e+02 4.886845850162031546e-01 -5.658087897678562683e+00
3.170342332771342626e+02 6.342535274462253458e-02 -2.649882425306869793e-01
2.436859890779658144e+02 6.233617354777720720e-01 -2.952113357032010388e+00
2.919052348190232351e+02 9.514134904389753844e-02 -6.132047128519200641e+00
2.589357689560687277e+02 1.800776514107063075e-01 -2.017158848748799471e+00
3.351697158371134151e+02 5.670496230225453571e-01 -1.401254954239746775e+00
2.550634242505780378e+02 9.546463349837511214e-03 -3.741280630610979596e+00
3.432576975369822208e+02 2.404539996326823525e-01 -4.965717786085829921e+00
3.084745660711980122e+02 1.960979063752721352e-01 -1.327057018044719428e+00
3.375889923679674212e+02 1.375352330449700344e-01 -4.087631107885501436e+00
3.346311466448245255e+02 5.874378547032175213e-01 -1.218966753230437350e+00
3.312104475718438152e+02 1.908793570525396943e-01 -2.186641714713535301e+00
2.393909576515106892e+02 2.738269800356589179e-01 -1.007302599795035558e+00
2.717076564264897343e+02 4.004205109445544419e-01 -8.004124059241116695e-01
3.048904604842188633e+02 3.953770122657259134e-01 -4.063332576610049429e+00
2.724048812684694099e+02 3.395955862357948329e-01 -1.363676776351441911e+00
3.418730134075588580e+02 2.283427512999512861e-03 -1.047995344538457996e+00
3.490428652907540936e+02 6.691756503740193818e-01 -1.095535902969211772e+00
3.385858833947654034e+02 2.948951947554371289e-01 -3.326187763103244599e+00
3.103703578916333754e+02 5.582849214220040324e-01 -2.650199964040802353e-02
2.616832423350910517e+02 6.045285063916832069e-01 -7.886302725209256792e+00
2.404423634848809002e+02 1.339608235989827312e-01 -3.374152992256809203e-01
2.631169017879014405e+02 5.743700348209042073e-01 -6.751000314633356147e+00
2.944545328901886592e+02 1.630194004841295508e-01 -2.080797880104849185e+01
2.796394521526117387e+02 1.619576254018536762e-02 -5.154438049325302806e-01
2.384328968434652722e+02 4.295932747455850631e-01 -9.629363386851508277e-01
3.199730906465649127e+02 7.385397298116981313e-01 -7.068534213232544050e-04
3.494436453184197262e+02 6.145796815992956574e-01 -1.397314195639299594e+00
3.546284514665329084e+02 2.642970941001720475e-01 -4.850562788003774273e+00
3.258224340943511379e+02 7.783550198800193165e-01 -1.246633722425742441e+00
3.463249974001805640e+02 7.319902551264498847e-01 -8.006875549338243747e-01
2.584515026003334697e+02 4.294248516963626305e-01 -6.190845222347020282e+00
2.744573118840526149e+02 3.291531394726321391e-01 -1.309708558660702016e+00
2.612941066839015889e+02 6.097497612294298097e-01 -8.030228920225741973e+00
3.429737311581344557e+02 3.600871674856557791e-01 -3.069153372528247381e+00
3.307251409151309645e+02 2.258195114418516669e-01 -2.080792315992471053e+00
3.194816817707195469e+02 5.125450203780800712e-02 -3.341173339339956194e-01
3.418727515441404421e+02 1.270900431187343138e-01 -4.702931957383913897e+00
3.131678327451348878e+02 6.361493584485552466e-01 -2.500903616514180486e-02
3.372866639533592092e+02 4.538198017526522965e-01 -2.156347034200731372e+00
2.926329359517926036e+02 1.079471333047677811e-01 -8.647342060195379432e+00
3.247864973710038612e+02 3.830304936632545898e-01 -2.040792392142505018e-01
3.395377156315984735e+02 6.805338664449397390e-01 -6.736349017381396687e-01
2.981405653080653337e+02 6.947107048483076586e-01 -1.494438607442746303e+01
3.491324777827350658e+02 7.025188096124842518e-01 -9.748643590874596088e-01
3.478017256122352023e+02 2.871302248319468342e-01 -5.036279979998467660e+00
3.532708294165315124e+02 2.400191239824644163e-01 -4.870246684203798360e+00
2.438694895508065486e+02 1.411932517106268825e-01 -9.459444277827206982e-01
3.342330174023136351e+02 2.488995690496993429e-01 -3.204156354330749412e+00
3.016567201223647317e+02 3.194372895770423715e-01 -1.062881783580037443e+01
2.824233530484136736e+02 5.588623666129591827e-01 -5.963115846021749267e-01
2.829049237772842389e+02 7.076804076028606616e-01 -4.732784206029094776e-01
3.137200163225578535e+02 1.589860958433017210e-02 -6.248835619226105198e-01
2.631309014948328695e+02 4.069574731566500403e-01 -6.369566515741458268e+00
2.563432311934044492e+02 3.008699941034919667e-01 -3.839980076071518589e+00
2.943847644383150168e+02 4.743395251483373265e-01 -2.606759563665933399e+01
2.810749960407739536e+02 7.901009864853584252e-01 -4.953636366149343218e-01
2.644207141956770215e+02 4.184549618127397785e-01 -6.167022213176967860e+00
3.455220995143980645e+02 6.574933204780027962e-01 -1.036632168540075005e+00
2.913792264604802540e+02 1.122555066887278158e-01 -5.640480864505080127e+00
2.802816616265789662e+02 5.742641570748667768e-01 -5.839892317819410650e-01
2.527061274413669025e+02 7.180226000768752392e-01 -8.560550976985952687e+00
3.352249740202677231e+02 2.151035753634305547e-01 -4.042878218628501052e+00
3.443714629755168062e+02 4.111497118166886344e-01 -2.941813053921908061e+00
2.598628216932568193e+02 6.506660063785955073e-01 -8.139937438640219014e+00
2.572896387144358528e+02 7.596623755076843398e-01 -6.519446572808188733e+00
2.860431686428867124e+02 2.923240315307731318e-01 -2.054075196996969499e+00
2.487201534061668724e+02 5.601899309993744192e-01 -1.077906737659475667e+01
2.773044186992095206e+02 3.392688595206465596e-01 -2.164806705193369041e+00
3.238326061658134449e+02 7.718807859902868662e-01 -3.021738846742149098e-01
2.852512807405357762e+02 2.211277864232259194e-01 -2.022176662803860658e+00
2.377740605477327449e+02 5.999022066692281246e-02 -3.919022197269558805e-01
2.408947037741228883e+02 3.442860748333462784e-01 -4.024760606143668262e+00
2.882663108121183200e+02 4.125987670346564773e-02 -9.064326714580134281e-02
2.483944932671111019e+02 3.273403806238844305e-01 -6.645813941111327061e+00
3.024594463549585726e+02 6.757784245064055728e-01 -5.141295098122169449e+00
2.433218993181291125e+02 7.475252188296400702e-01 -3.200628432273962432e+00
2.961533520450544756e+02 5.919847885180121727e-01 -2.197783297770633126e+01
3.284063933235929653e+02 7.659930534283028170e-01 -1.644953797483854174e+00
3.034848906587715760e+02 7.215479346613526968e-01 -3.341696171039342911e+00
3.166407031629134963e+02 1.478301852953226581e-01 -6.551226819046259697e-01
2.620103998560910554e+02 3.054959224625933278e-01 -5.843601527880827540e+00
2.958085741051910418e+02 4.400128789827087994e-01 -2.682791223743213749e+01
3.325369025861083401e+02 1.607621108301968693e-01 -2.609002504375281806e+00
3.407515207023167250e+02 2.320756278690833951e-01 -3.816587264143982416e+00
2.988362904658939101e+02 5.255265604124922385e-01 -1.676455879404965543e+01
3.045902582551674413e+02 3.862767373872602605e-01 -4.327830994319397107e+00
3.091630727906867833e+02 5.157152973241153626e-01 -2.523545832148689216e-01
3.220415347799980736e+02 1.525443321944293384e-01 -9.475661740819054657e-01
3.336179917918400406e+02 1.974699593853841972e-01 -3.050817614755099605e+00
2.746721438714719739e+02 7.734546326247758452e-02 -5.529286782391101829e-01
3.384399985472801404e+02 2.077880037945722125e-01 -3.963247590353324856e+00
2.787247215572101595e+02 1.723671767701858704e-01 -1.061169791341096014e+00
3.214127136509594607e+02 2.796328565460489898e-02 -2.608846404789109674e-01
2.452848637798484219e+02 7.984753472690012677e-01 -3.926635110160529685e+00
2.464453365415772339e+02 5.811961551630806522e-01 -7.714059229675402918e+00
2.717604009594428476e+02 8.656105039961631276e-02 -7.819554702808474422e-01
3.178879846450323043e+02 3.754562692277184643e-01 -5.479145021263480686e-01
3.499195979739949394e+02 6.409138087785413163e-01 -1.324276113075032235e+00
3.157049877583931448e+02 9.547470535414631643e-02 -3.670717030291391625e-01
2.538691332166422967e+02 1.767532093704192453e-01 -2.706628351149175327e+00
3.291284311985568820e+02 7.388764924745748752e-01 -1.366724843510146670e+00
2.666560197015946869e+02 9.839399641679141828e-02 -9.801683648338777033e-01
2.678040085586520149e+02 4.852795034971928434e-01 -3.308236674146324496e+00
3.516897233266525404e+02 3.287511144279819941e-02 -5.985042424252513538e-01
2.701692673895024654e+02 6.915237632560020109e-02 -7.949839655405716021e-01
3.084319943533116657e+02 5.976813988290394786e-01 -4.315483394593829236e-01
2.392978546718624102e+02 4.606005589460021032e-01 -1.900513310025449432e+00
3.074628094034165997e+02 2.790659785506604540e-01 -2.339188800368695365e+00
2.871579846274299825e+02 5.002261586960138340e-01 -1.401487037798841540e+00
2.731107604583714306e+02 4.423498200637364895e-03 -2.852134610180557805e-01
3.116558224932173857e+02 6.024226480338121803e-01 -1.981817446969128785e-04
2.688423075493528813e+02 2.639821021492118613e-01 -1.805668159144586449e+00
2.501359746096158574e+02 6.197695277860341134e-01 -7.451718759065011355e+00
3.271335553692334202e+02 3.525086041132440839e-01 -1.114170762328522635e+00
3.057443952499401121e+02 5.118221384123944340e-01 -2.513482608603377244e+00
2.515985015264714093e+02 4.705367786109233563e-01 -7.312871810375901838e+00
3.111063814490668165e+02 6.668342514317567860e-01 -1.178515871118727271e-03
2.654847194579062943e+02 1.944618411974207567e-02 -2.170162865157205800e+00
3.508193822741645249e+02 5.449586376446313718e-01 -1.962659539220288574e+00
2.766119644346987343e+02 6.275213190467989754e-01 -1.854193354114066272e+00
2.415078492698181662e+02 3.953730735507184346e-01 -4.883270898048737152e+00
3.200002453653409589e+02 1.304174773463272208e-01 -1.019129764932658500e+00
2.999078544784948690e+02 5.379335068021604549e-01 -1.290400781122429130e+01
2.387964603304975810e+02 4.332423048752198635e-01 -1.341215438319695252e+00
2.899352861960620089e+02 5.311218332591081115e-01 -3.503818884967330405e+00
2.907741992446519816e+02 1.883548701539722592e-01 -6.022697795804787368e+00
2.555480742107875471e+02 4.887857829132679632e-01 -7.089298225333577896e+00
3.317113945917106435e+02 3.775352741061928086e-01 -1.560737388503662615e+00
3.392374687200589278e+02 6.406409155645392817e-01 -8.414199073026419340e-01
3.444678902691005646e+02 6.353825369982966098e-01 -1.025700076606509858e+00
2.800568848241021556e+02 4.323165999305071949e-01 -6.679009427999493820e-01
3.031368916659436081e+02 6.942161128916559676e-01 -3.731052967310161783e+00
3.214451014463935508e+02 2.043222668799393738e-01 -8.531957375893066686e-01
2.547997403190425700e+02 7.700987682251736466e-02 -1.624151922102043399e-01
2.403996663076395919e+02 5.006317112936542468e-01 -4.258943431044865058e+00
2.819924281539551885e+02 1.974917924655749876e-02 -5.487855211054726290e-01
3.494217954787412737e+02 4.414887722596292363e-01 -2.778798309213898143e+00
3.366418483983090368e+02 5.988304774480802672e-01 -1.347283136200594145e+00
3.066114697824666564e+02 6.100846893101370405e-01 -1.224105877798698616e+00
2.527979013381337836e+02 3.882358704706174168e-01 -7.035972783021488652e+00
2.758077519370052073e+02 1.502029662219979966e-01 -1.312808653049203356e+00
2.841427730289886426e+02 7.266601885957176821e-01 -6.806071604271898279e-01
3.418986201369179980e+02 1.021521341485401024e-01 -4.531147598824970757e+00
3.142793813263250513e+02 5.084867389992190345e-01 -1.261671536919785896e-01
2.583002187732852803e+02 4.936805596240196881e-01 -6.605728945028429777e+00
2.624921712826968019e+02 4.286572540540944942e-01 -6.702991538947935979e+00
2.389671953794461672e+02 7.965476973717797726e-01 -2.339515997493465616e+00
3.172787015641752077e+02 3.975223965573182472e-01 -4.478503055459459592e-01
3.384017249346326253e+02 7.513459160259832181e-01 -5.681608400808011439e-01
3.280018136040147283e+02 7.055803843267570707e-01 -1.723718796722042867e+00
2.731736653484944668e+02 3.706441380770773009e-01 -1.713104055765167999e+00
3.261610293223997701e+02 3.087521762193962127e-01 -5.548075038434752138e-01
2.483780156476397565e+02 4.208822966891300199e-01 -8.784473019970429064e+00
2.772977929938905959e+02 7.691385578032859938e-01 -1.621375270988947070e+00
2.782112870596110952e+02 6.843434649596147334e-01 -9.604735759484731572e-01
2.945132041694600957e+02 9.465732944638702295e-02 -1.130134194890502464e+01
2.559156777202970829e+02 1.521534790510579473e-02 -2.907090978247683477e+00
2.673888079685435741e+02 2.992444141393891255e-01 -3.606319487982545535e+00
2.443328768871810155e+02 2.760199350889951456e-02 -2.740698905491332771e-01
2.596406166017753208e+02 5.426705487409826389e-01 -7.668454166998784238e+00
2.652381048774946635e+02 1.923302603761811724e-01 -3.280879495052671402e+00
3.101388970638943192e+02 6.301295716710394457e-01 -4.246671648158887452e-02
3.356038359307183896e+02 5.250951332077973266e-01 -1.769985010151454485e+00
3.229934947744026204e+02 2.858276931006948907e-01 -2.447905060398334609e-01
3.090392730438079525e+02 3.381938264325896615e-01 -5.942338453581249569e-01
2.515974099096519865e+02 3.455742510397186162e-01 -6.657401676018373848e+00
3.401982046656883085e+02 4.494084184208941846e-01 -1.803442835563791480e+00
2.734318021994280343e+02 3.216834082402433848e-01 -1.764614652854665344e+00
3.514666761066708887e+02 5.652816282824351113e-01 -1.820394320065907845e+00
3.127554953376535423e+02 7.617047987088145788e-01 -1.344337714775924522e-02
3.542438108751121604e+02 7.891333000950183640e-01 -1.052706544250485265e+00
2.885133843438573535e+02 2.571232220623330122e-01 -1.018035364114987074e+00
3.001942440269328927e+02 6.069179421915501527e-01 -1.100943774704502687e+01
3.113782355598179947e+02 8.143986912009482104e-02 -3.075776357716932252e-01
3.058349929659831901e+02 4.816657717510937076e-01 -2.696531085161413266e+00
3.302775887409187590e+02 1.689188140335594612e-01 -1.822617693194838573e+00
2.485916265447813203e+02 6.698229685159138302e-01 -1.183980856724561015e+01
2.457524160518653957e+02 4.045068410202684039e-01 -3.798529799818429531e+00
2.393285558844258674e+02 7.408598830829847826e-01 -2.955423928936544709e+00
3.489462417903380924e+02 7.598229950151331735e-01 -7.699820576085952828e-01
3.168911045438240421e+02 2.084041526143675938e-01 -7.571276830435949012e-01
3.465927930196243096e+02 5.474742130765969383e-01 -1.643211442678977674e+00
3.478028572511236689e+02 7.319159706936082532e-01 -7.869832683537025808e-01
3.234006386587885231e+02 1.116574988556288672e-01 -5.701300898677601481e-01
3.530136408321948807e+02 5.832365399209082230e-02 -1.883787838774500623e+00
2.717635733632731103e+02 6.229026994887183477e-01 -7.210968298869064874e-01
3.078803745502151514e+02 5.294295903569190553e-01 -7.743712267203773925e-01
2.643971440124069545e+02 6.635376175471874305e-01 -6.506099896639916835e+00
3.043703673236406644e+02 5.702943026630024059e-01 -3.461595558033385700e+00
3.342973303263347589e+02 2.957398958948696532e-01 -3.067150529062030451e+00
2.810736828062304653e+02 6.938540005885433792e-02 -8.927927340778635257e-01
2.987318094373775352e+02 3.675816534868731750e-02 -2.020398802328791543e+00
3.433807167421240365e+02 6.774364511660276866e-01 -7.002573115187937791e-01
2.975226792311233908e+02 2.707618403576713684e-01 -2.477039879167968905e+01
2.373709392665270173e+02 7.036620233524023549e-01 -7.133569640731212136e-01
3.425571106972953999e+02 1.536110068287926123e-01 -5.357943707153981272e+00
2.906624010427233884e+02 1.233657130955213843e-01 -3.389725758467154737e+00
2.430457892884295745e+02 1.853050790045726037e-01 -1.705702146513213613e+00
2.577558284434383609e+02 2.345766094964185644e-01 -2.967836106724616396e+00
2.470844057907402771e+02 7.145493322736792274e-01 -1.068677012587290953e+01
2.969450578144199540e+02 4.233630746398314021e-02 -3.252836592761599199e+00
3.028932915160913808e+02 5.290312125306048663e-02 -2.134858673667239692e+00
2.863382531661879398e+02 4.621097121547108610e-01 -1.534044429709348956e+00
2.894676424609475589e+02 5.573251928605534866e-01 -2.783408259561783726e+00
2.834049592049151443e+02 2.489654608466375374e-01 -1.368041255966145453e+00
2.533929278141191048e+02 7.839217193652828763e-01 -8.628024160788466901e+00
3.273909932861897687e+02 5.817287882750482586e-01 -1.677405238762352591e+00
2.684101438761539953e+02 2.187823583482094714e-01 -2.064308236321573453e+00
2.864508956797092196e+02 6.500690442959093929e-01 -1.040417902654308335e+00
2.423663209832036216e+02 2.475136012491134518e-01 -2.923573276764137585e+00
2.634233895876697034e+02 4.083297861749046742e-01 -6.341108978166748678e+00
2.933670374431268328e+02 1.384381781044548010e-01 -1.420202536825196482e+01
3.296632014720576649e+02 1.797817555594586059e-01 -1.714783776468152832e+00
2.693580699882513727e+02 1.656912105733056029e-01 -1.230460601570171786e+00
2.948484432774558854e+02 5.881030594508117604e-01 -2.418266584698531219e+01
3.193032053162500574e+02 2.748472593720650003e-01 -7.074257899860179055e-01
3.010514288367202766e+02 2.920126709878382090e-03 -1.605897601193344293e-01
3.248045232233642992e+02 4.652200651029262390e-01 -3.418296189866324442e-01
2.921224970761113582e+02 3.128708290399146441e-01 -1.514974190702352885e+01
2.501862422322031989e+02 2.269191976199154137e-01 -3.803970176708129980e+00
3.206021584424796060e+02 4.776476354976439964e-01 -1.092921917799243303e-01
2.707433120483664766e+02 1.281236320803856021e-01 -9.865306209825555062e-01
2.607572441615994308e+02 1.154914850666617920e-01 -1.640830345488881958e+00
3.149009055130558181e+02 5.163268550099749943e-01 -1.560613019168209659e-01
3.329810873196301486e+02 3.319954380681501283e-01 -2.014540435356586112e+00
2.753444020083793475e+02 3.568277923308715849e-01 -1.213555388692708403e+00
3.525309249336933135e+02 3.617941929504862042e-01 -3.460543838483126855e+00
2.622871658746157095e+02 7.582208200291415956e-01 -7.290857712379044564e+00
3.214299205361805321e+02 3.636911027821383424e-01 -2.722300072447414454e-01
3.000248730114118416e+02 4.155260923119331595e-01 -1.400510165210484992e+01
2.823855484053567579e+02 6.349516709060655240e-01 -5.107904230336772766e-01
3.243820728999888843e+02 5.473574032901180608e-01 -3.242975196949028360e-01
3.328647555460573813e+02 4.882290634857699291e-02 -1.277921889642398057e+00
2.677028493801528839e+02 1.036694620347811124e-01 -9.665780099947893778e-01
2.708220844718460398e+02 1.141779724933985468e-01 -9.609304175088536626e-01
2.973555171375815007e+02 1.981326265392829578e-01 -2.315124366970284342e+01
3.068853088309364239e+02 6.444734641845556444e-01 -9.120586657047859980e-01
2.495924340538526849e+02 4.742929489660691056e-01 -8.048270984853317600e+00
2.722931233794276409e+02 7.619137276779549550e-01 -9.057673151864710226e-01
2.862969899484949110e+02 4.346956526522167685e-01 -1.624816633131667132e+00
3.397499563051314908e+02 5.109053420677679425e-01 -1.406905762399758508e+00
3.183045103172145218e+02 2.346155754185340891e-01 -9.308071013985967923e-01
2.918867625441050677e+02 4.970351035245295646e-01 -1.415545616710847909e+01
3.394995976883002982e+02 2.547492668448880782e-01 -3.591231372084100926e+00
3.494756252945151118e+02 1.803181607902719086e-01 -6.796585028957371932e+00
3.350024478489925741e+02 6.580072650835164794e-01 -1.014437790285444230e+00
3.298786658454459371e+02 2.857049311510778677e-01 -1.809652645721096409e+00
2.803626796382907855e+02 1.351185616598144512e-01 -8.876807507733172065e-01
2.449054182767828820e+02 2.022778496099676693e-01 -1.128627154982106084e+00
2.881459467118445446e+02 1.632737828237558753e-01 -6.944852188663910297e-01
2.452667633858561658e+02 7.713504180865139725e-02 -1.794159302735766626e-01
3.305790810916822693e+02 4.624781255233529342e-01 -1.436948253508790962e+00
3.131642414500843188e+02 5.334765449978887686e-01 -3.599620967446735820e-02
2.425276528855480365e+02 4.761540768869281653e-02 -8.728309395634935297e-02
3.287707163082037596e+02 7.971171283314771872e-01 -1.539614136152639423e+00
3.239672464123673308e+02 3.566548552604922317e-01 -5.423724747520341193e-03
2.923575736541478136e+02 4.908865938058025735e-01 -1.560404677874834611e+01
3.118550440360669427e+02 3.872006419538960298e-01 -1.672900130124861662e-02
3.137137048738508724e+02 6.021767206744943479e-01 -6.872566666144551417e-02
3.489463664598178525e+02 6.217500010067957827e-01 -1.245275662434087494e+00
2.994517976849319325e+02 1.867390659923329477e-01 -1.652868650093862612e+01
2.808218014057944174e+02 6.693803178377777385e-01 -5.807433301051392327e-01
2.657690442971837115e+02 5.605918285972504300e-01 -5.555116571753305088e+00
3.512281783870353706e+02 7.451304731481767085e-01 -1.047111013261533108e+00
3.157729601557398382e+02 4.460899955624132440e-01 -2.136967285875327471e-01
2.762275933237854701e+02 5.234079080261142547e-01 -1.686129048519843465e+00
3.539937865576748663e+02 2.577452180947216731e-01 -4.769812798974214729e+00
3.369732990622428588e+02 7.127417373116543553e-01 -8.403151545553917412e-01
3.525664190332544194e+02 2.772030962285800260e-01 -4.589334289889389851e+00
2.407801916454610307e+02 2.989551463245056495e-01 -3.264829958411374911e+00
3.431321515722491426e+02 6.127276088472577431e-01 -9.064237972669146881e-01
3.206849863668359149e+02 4.863006452002786029e-01 -1.007907447936478157e-01
2.698378978924973808e+02 6.429302584795242026e-02 -6.576802789545345140e-01
2.646758056990165642e+02 3.098561083848639375e-01 -5.269266045078126126e+00
3.437775521969613806e+02 2.000537602425370154e-02 -2.436276044425876197e+00
3.419379462062832999e+02 2.221561028265360282e-01 -4.412385660878333837e+00
3.007662785387479403e+02 7.053242990882838681e-01 -8.394261576534161051e+00
2.518421737110355991e+02 2.939309234392215031e-01 -6.253183447430981090e+00
3.258891788289050737e+02 7.348589426059034535e-01 -1.400050763720797509e+00
3.221266652789888667e+02 1.564122847604472732e-01 -9.410698376667021581e-01
3.538964101456298295e+02 1.362443278514695322e-01 -5.052038006284504057e+00
3.055950525209100874e+02 5.411935047815399358e-01 -2.686654981370113049e+00
2.714295159795962604e+02 4.521304629305353817e-01 -6.021670809168385707e-01
3.451926538260255484e+02 5.938556032474296975e-01 -1.331522673337040441e+00
2.671088780978236628e+02 1.262932116147289507e-01 -1.646641540267913539e+00
2.526445729264488023e+02 3.936677138361492356e-01 -7.220073714832485834e+00
3.193214823931792807e+02 5.535530959629663128e-01 -1.087077627978333821e-01
2.568727635462478815e+02 1.740174138318532071e-01 -1.661143915976776020e+00
3.269572597813912012e+02 7.755020997950086148e-01 -1.716313883862188971e+00
2.890242203152801039e+02 6.758574418195530953e-01 -1.741146395609096009e+00
2.393776234899584949e+02 3.926629383161559655e-02 -1.378183477428901460e+00
2.962022908246524935e+02 2.129796916830198339e-01 -2.567866227469848539e+01
2.638520108982025931e+02 7.390136193795003861e-01 -6.476630773290612098e+00
3.104681475455764144e+02 1.294954435427933016e-02 -1.818188708451916602e-01
2.429338570117897973e+02 6.886434959995705318e-01 -3.788922797519920227e+00
2.463019681447526352e+02 2.669795899011020990e-01 -3.242859268294692843e+00
3.464019440800639131e+02 4.707090176188913344e-01 -2.349001589936416945e+00
2.850222667785373005e+02 3.263080584305766974e-01 -1.775479307225966696e+00
2.587830872106940774e+02 3.373150404883990539e-01 -5.066528990582217951e+00
2.755610236173947101e+02 8.034315617463366754e-02 -8.386204834617654313e-01
2.774357387695798138e+02 1.512306006852363327e-01 -1.787150871385579709e+00
2.951217737370909049e+02 5.826797001342315374e-01 -2.419545886977773463e+01
2.865983897725289467e+02 7.784738892155004253e-01 -8.213745424008961349e-01
2.790453402730835251e+02 3.189716342334560778e-02 -6.792811284932358529e-01
3.079722417150753131e+02 1.100334834960976504e-01 -1.814190099861580974e+00
2.533504136902009236e+02 4.022242790499224729e-01 -6.969484779907927141e+00
3.382354916381038947e+02 4.288717968658741220e-01 -2.216353341240121289e+00
3.097381406797348404e+02 2.439239979406472303e-01 -3.398487125542941634e-01
3.316928623949518169e+02 6.272333215354666258e-01 -7.358054960769827568e-01
2.475056331695456322e+02 9.015225800603612893e-02 -1.942544843799869358e-01
3.038183407808311358e+02 3.710588579241728691e-01 -5.034855809535789817e+00
2.566642232214267096e+02 7.004487329905932924e-01 -6.302117254375319888e+00
2.593847181921213974e+02 7.898031099506854780e-01 -8.243797844861919799e+00
3.052083494547864575e+02 5.843509004735635282e-01 -2.732612796996661153e+00
2.839373561470833351e+02 2.271854216275850380e-01 -1.561802477757568974e+00
2.737911801347612482e+02 6.828732612498227272e-01 -1.425034660484563620e+00
2.504354699880341002e+02 4.161749395510159211e-01 -6.190710161153697655e+00
2.375253351451756600e+02 3.324882955969860054e-01 -3.155183696993898446e-01
2.381861510437874756e+02 3.785142765892689498e-01 -5.903907451164777109e-01
3.345491982003118778e+02 5.719216587405827612e-01 -1.290676676175144033e+00
2.909800006343504037e+02 7.250942169556626737e-01 -6.756159391841854323e+00
3.169074715853132602e+02 3.195508030846465064e-01 -5.572012740351739435e-01
3.021860896906372318e+02 5.121729268260201140e-01 -7.078833227704316222e+00
2.944798251078390763e+02 8.507578195382303017e-04 -1.617093471014013351e-01
2.610299134120215854e+02 6.061968368325457157e-02 -1.087002562885423629e+00
2.546076902504352972e+02 3.467554574020315084e-01 -6.404782106338815062e+00
3.469400330274258977e+02 6.491053221977680643e-01 -1.067845022591724646e+00
2.961439030229047376e+02 3.485356544583527727e-01 -2.782719214213524950e+01
2.986680199272360028e+02 3.146144771767657167e-01 -2.128938213781584565e+01
2.957484508469505045e+02 4.430695372521258335e-01 -2.675824478802495676e+01
3.016717873275555348e+02 3.006981140546888254e-01 -1.074249315023545748e+01
2.969591087343266054e+02 4.632034231790067569e-01 -2.394909831621760787e+01
2.907161666873980721e+02 5.535837901564913954e-01 -6.606026827459911210e+00
2.928907855771545314e+02 4.116378145055765714e-01 -1.966992083386724843e+01
2.927435269738141983e+02 6.242787377639578139e-01 -1.661199359466881020e+01
2.966598542544758743e+02 2.046089240269236831e-01 -2.455029982260898436e+01
3.299684087797197094e+02 5.551239372819271045e-01 -1.415343700150517137e+00
2.941360402989221257e+02 4.204398608289383055e-01 -2.621830794624639083e+01
2.957320958757007929e+02 2.455727872445788162e-01 -2.723913286317408122e+01
3.042284264812507786e+02 2.890445021193799313e-01 -5.248943610746788835e+00
2.998712791561137578e+02 2.587487738944629911e-01 -1.632292423829181516e+01
2.981834952550176467e+02 4.164068395091953256e-01 -2.088242055909903527e+01
3.012954873620136595e+02 2.494960611024656660e-01 -1.172587847908046932e+01
2.925002433638695152e+02 2.688647863449971087e-01 -1.814564116939805061e+01
2.985356107407398554e+02 1.869637140084485227e-01 -1.882065379662802940e+01
3.018679975141910177e+02 2.781066496813786038e-01 -9.814889491072239736e+00
2.933834257731375601e+02 5.605146829731325608e-01 -2.032409776226931797e+01
2.932347838149517543e+02 6.661149968665212029e-01 -1.847142743289145628e+01
2.941414656168077499e+02 1.906859607989283278e-01 -2.147980394483639799e+01
2.928629274667761138e+02 2.375677742280859206e-01 -1.893056443195860794e+01
3.075219075914063751e+02 1.519048178541711480e-01 -2.772149614979370291e+00
2.990777050377237174e+02 3.694904199347581186e-01 -1.862939470887554450e+01
2.963424303282421306e+02 3.338598616740789393e-01 -2.744472256983020131e+01
2.971490702574516263e+02 2.871060582885341383e-01 -2.562893267449390322e+01
2.959607863133451247e+02 3.202563185739504825e-01 -2.794984891407058214e+01
2.951736183303763710e+02 2.785001463782484366e-01 -2.820218584533776607e+01
2.965212303975870896e+02 2.375961525449757361e-01 -2.641661685142384997e+01
2.957653889197904391e+02 4.489599864664580164e-01 -2.663517970237119670e+01
2.958984143663931263e+02 3.014110782403898181e-01 -2.825658104000418902e+01
2.954238035694210680e+02 3.977338324112592027e-01 -2.793745178946124241e+01
2.947602073497757829e+02 3.048901778347822833e-01 -2.804623509347401722e+01
2.962049232612471314e+02 4.165146082669387018e-01 -2.624302021225572545e+01
2.934604673666268013e+02 3.796761823615437681e-01 -2.298451759781736570e+01
2.966181521879997831e+02 3.756981038312509069e-01 -2.640106267525361616e+01
2.957182081379858687e+02 2.448736933813802086e-01 -2.721700221079336757e+01
2.948445679718805081e+02 4.758615469180730861e-01 -2.671853768546633390e+01
2.962083270619767177e+02 3.306830176151343004e-01 -2.744048803598737862e+01
2.945516855100858606e+02 3.655817113477743407e-01 -2.752412285913248269e+01
2.960173019329882891e+02 4.249770820901749291e-01 -2.664864425133290737e+01
2.935154052863526886e+02 4.843902477981281152e-01 -2.306107311811725324e+01
2.954891849580112080e+02 4.945102688098184096e-01 -2.600880150552077907e+01
2.984491368557914370e+02 2.334339649559238894e-01 -2.153806268078350428e+01
2.946803722494560134e+02 4.344736834499167144e-01 -2.726689024034589082e+01
2.969548817292138665e+02 3.039850183793001426e-01 -2.638346382735677054e+01
2.759508321331031766e+02 2.954658063804181944e-01 -1.655202966679457877e+00
2.970831048764407569e+02 4.812005482041883386e-01 -2.276034289919646980e+01
2.969328702630818952e+02 4.541684237462759177e-01 -2.415647268747332177e+01
2.951140128655825947e+02 4.286068439483642911e-01 -2.761537050140920257e+01
2.953730055183839340e+02 3.886251263010900292e-01 -2.806890342776267033e+01
2.961367902731253707e+02 3.447788269686076212e-01 -2.785666997394418232e+01
2.959675673946367169e+02 3.885829925537109819e-01 -2.730475106595294221e+01
2.954751183137382213e+02 3.143197463482618748e-01 -2.853055291925733883e+01
2.949904808209724933e+02 3.867815780628613975e-01 -2.820299742923455000e+01
2.950842246517730700e+02 3.444503859938830015e-01 -2.849753946004317129e+01
2.962892654429786603e+02 4.012618434964652647e-01 -2.655520685600412634e+01
2.954886436882319458e+02 3.697847873932949003e-01 -2.829967199825374280e+01
2.964933308717952514e+02 3.871190001608940667e-01 -2.618331851491727136e+01
2.948680801644480880e+02 3.541538846591943956e-01 -2.849920795782271910e+01
2.958751791409382008e+02 4.642493437540978762e-01 -2.576874855975117384e+01
2.958214320568064863e+02 4.343417320435101203e-01 -2.694518310568265562e+01
2.964614034991567451e+02 2.981438906842789893e-01 -2.749848919460677266e+01
2.953930766059244206e+02 4.149683716996299676e-01 -2.765601788939073913e+01
2.953036606979393923e+02 3.625557184219360685e-01 -2.849263083644656547e+01
2.962286936186175126e+02 4.046309471130371538e-01 -2.648004286861621637e+01
2.967378581276640830e+02 3.521384376158659402e-01 -2.603469971425230156e+01
2.952005067569523931e+02 4.686704909106814698e-01 -2.682442816907437333e+01
2.959754726359806227e+02 2.670257936247671937e-01 -2.752163914587869442e+01
2.946934084129607072e+02 3.589174727546245447e-01 -2.815574089376107381e+01
2.958529683234729646e+02 4.328547319536779625e-01 -2.697812367113656506e+01
2.947134324838623343e+02 2.765481828862940694e-01 -2.762682708430310896e+01
2.964905649915338017e+02 4.466521432120713619e-01 -2.496067516053471991e+01
2.960634237178735475e+02 3.774705244823222117e-01 -2.748537103088309053e+01
2.948209562261002930e+02 3.407602988247435682e-01 -2.817843193998229978e+01
2.957578963848018816e+02 3.755456713474075170e-01 -2.793325242523540197e+01
2.947127181335837918e+02 4.181960129677573801e-01 -2.751875460622412817e+01
2.952912138961052051e+02 3.706184946873742891e-01 -2.842354615200784451e+01
2.953536432860521472e+02 4.036634445190430132e-01 -2.784397037075381220e+01
2.954855649698324100e+02 4.169545807989006869e-01 -2.762328807309828349e+01
2.956248442296209191e+02 3.442198679127045358e-01 -2.849805625240274765e+01
2.949785485866739805e+02 2.698707491116985047e-01 -2.784582345577749152e+01
2.957503931726295150e+02 3.792730569839477539e-01 -2.788402220423078859e+01
2.954234627115610579e+02 2.931829237273331779e-01 -2.838398473919027154e+01
2.961465059153297261e+02 3.380751132965088002e-01 -2.790355389648021855e+01
2.962466315934331647e+02 3.736332654953002930e-01 -2.700492915572024444e+01
2.964404216343684197e+02 3.513792492189076189e-01 -2.731722742138031279e+01
2.965508567226083301e+02 2.750309705734252930e-01 -2.676489022618886437e+01
2.957825281265647845e+02 2.626659072116703242e-01 -2.770528457693117730e+01
2.951952164905931681e+02 3.959144156958402938e-01 -2.813350461366690425e+01
2.968323748132294213e+02 3.623446464538574441e-01 -2.593019785789957510e+01
2.951606924302219568e+02 4.311821358577113128e-01 -2.756650476868871635e+01
2.959156287753464198e+02 4.427766276404700441e-01 -2.625815211431489260e+01
2.967342706749179797e+02 3.902350272888460703e-01 -2.545526285366061714e+01
2.952386024459097484e+02 4.473258972167968861e-01 -2.725764275426987737e+01
2.951360584329427752e+02 3.184878831609493921e-01 -2.862578062819089197e+01
2.960731253496429645e+02 3.755413055419922208e-01 -2.751365445098800677e+01
2.962460517646719040e+02 2.862759024104741257e-01 -2.738658954641078225e+01
2.951094106011551617e+02 4.281986236572266069e-01 -2.762291308957696145e+01
2.953676524259783491e+02 3.834425076785288322e-01 -2.813838344004316383e+01
2.958653045640284063e+02 3.230825737728415525e-01 -2.831665654132664400e+01
2.966364432790889509e+02 3.200484216995783116e-01 -2.696433866031664195e+01
2.951566615092387451e+02 3.410664758223506121e-01 -2.862538826742326137e+01
2.964644318885837038e+02 2.944887834057562936e-01 -2.747891154957610382e+01
2.962314218912524666e+02 3.380760006140571261e-01 -2.739742126173654313e+01
2.958804514836560315e+02 3.811334371566772461e-01 -2.786826224626004489e+01
2.950881605558917045e+02 3.412404253132383936e-01 -2.850412331797086196e+01
2.955194619222957613e+02 2.976964549448284925e-01 -2.842437744791526200e+01
2.949557193254560161e+02 4.275889602837837922e-01 -2.762261608833479087e+01
2.956222143340139610e+02 4.106127280859221407e-01 -2.737956177649396494e+01
2.953228361066156253e+02 4.617025778128326374e-01 -2.696457872074077500e+01
2.954123576056456955e+02 3.366922140121459961e-01 -2.853314700776332913e+01
2.950584362579859317e+02 3.479619129459265991e-01 -2.849142355890305467e+01
2.959390509576420527e+02 2.854236937424751708e-01 -2.810530740161052421e+01
2.946973720344739149e+02 3.499369248025639423e-01 -2.819339864732922862e+01
2.950944238796692503e+02 3.094624757766724077e-01 -2.841928230137643396e+01
2.952732469669197712e+02 2.983928082215038802e-01 -2.847291409053120148e+01
2.966662107108199962e+02 3.034522922652921340e-01 -2.698493896213519250e+01
2.954775305990685297e+02 3.226169414647516720e-01 -2.854809998021069362e+01
2.948514032213069527e+02 3.540593385696411133e-01 -2.850263953151692320e+01
2.963187109061929050e+02 3.545062601620370679e-01 -2.726260480969867928e+01
2.957842513137763945e+02 4.421966450993505271e-01 -2.678010396008311744e+01
2.943803581483647918e+02 3.301137029787307164e-01 -2.766257811792141652e+01
2.948716264687531066e+02 3.904839651531504807e-01 -2.817873335891890108e+01
2.950899558034499819e+02 4.043724680858270526e-01 -2.801807488940045587e+01
2.961924364026211833e+02 3.368109541024805198e-01 -2.791593160526716133e+01
2.954227467707236201e+02 4.364908499833248801e-01 -2.725830630216158568e+01
2.956801626201011572e+02 3.577090696343822041e-01 -2.812609486927776814e+01
2.951878805396074767e+02 3.582275390625000444e-01 -2.853537172170717895e+01
2.951855497915971114e+02 3.618882317605967569e-01 -2.850839819953792187e+01
2.957882784255065189e+02 2.781832853254697646e-01 -2.800263169721095835e+01
2.952861198465130315e+02 2.950678019699465859e-01 -2.843459472323718273e+01
2.958460677199144016e+02 3.320375111482664066e-01 -2.829895681409556829e+01
2.953283091138717964e+02 3.286871661681429191e-01 -2.862356460994395846e+01
2.953941602706603931e+02 2.473726039478049143e-01 -2.735797876432068776e+01
2.952500028050356491e+02 3.116269357272996032e-01 -2.858152256845304251e+01
2.954415882141352085e+02 3.673011625591604545e-01 -2.832540175607032751e+01
2.952786416100860265e+02 3.930502281806348974e-01 -2.816645789839276404e+01
2.961421093598631273e+02 4.068380462473082382e-01 -2.701719690983655298e+01
2.949521721831192167e+02 4.151496012914869249e-01 -2.782467241893220944e+01
2.955403819632104501e+02 3.515591022386865827e-01 -2.845708146491788781e+01
2.952262384110123321e+02 2.696426244978157860e-01 -2.801339956499981909e+01
2.957702078943187871e+02 3.295624719382843071e-01 -2.830272961918681673e+01
2.947199049572351441e+02 3.225546109785223381e-01 -2.818021049460605454e+01
2.950387212972630664e+02 3.879316062929555886e-01 -2.818178415912602119e+01
2.952309195714371413e+02 3.497360019789768626e-01 -2.858296385149057528e+01
2.955831942966677843e+02 3.608119487762451172e-01 -2.838520242415795991e+01
2.953055784130449410e+02 3.481093120560625476e-01 -2.858359849234674854e+01
2.952215266100753297e+02 3.612678348603255984e-01 -2.851003447072460872e+01
2.951626713459374400e+02 3.444550257857496578e-01 -2.861316687688946203e+01
2.955410622008940322e+02 3.219948375605452551e-01 -2.854533701559408243e+01
2.956518995855354319e+02 3.752297000949130212e-01 -2.792952124543348447e+01
2.951952271403899886e+02 2.813483603942024125e-01 -2.824986257986246940e+01
2.956702713442431332e+02 3.076233308087289453e-01 -2.828386826741553151e+01
2.949119542408208190e+02 3.499790626996958642e-01 -2.851067427743668503e+01
2.961661899775294842e+02 4.519607541874750556e-01 -2.546599525316239365e+01
2.958929357715373385e+02 3.200978046075875216e-01 -2.831805299755581373e+01
2.954792169333403535e+02 3.758012213805028701e-01 -2.823301994928796788e+01
2.953472376684190408e+02 3.333422032655779521e-01 -2.862051619015603166e+01
2.958590942287862617e+02 3.443925219207157329e-01 -2.824096743661545972e+01
2.954133599319076211e+02 3.410962104797363725e-01 -2.851680313054183813e+01
2.958227542343174150e+02 2.613876107234884283e-01 -2.767509804648038596e+01
2.954097860703149081e+02 3.509060639825712369e-01 -2.846324783986726814e+01
2.957858626770621413e+02 3.173135533029167177e-01 -2.831259387864670529e+01
2.959231033661832271e+02 3.561787000810759940e-01 -2.772840411512386183e+01
2.958166822280347787e+02 3.054358360947938000e-01 -2.827789823939994918e+01
2.955209749527307395e+02 3.270933579110211209e-01 -2.854764195845696406e+01
2.950521646848167165e+02 3.253946901683782422e-01 -2.850722041567160048e+01
2.947689767117302040e+02 3.680073236635442169e-01 -2.807846469452978155e+01
2.956838474355521953e+02 2.831076340663449820e-01 -2.807336808483980661e+01
2.955652576134580727e+02 3.464283422749655506e-01 -2.848788808884488333e+01
2.951650807067142637e+02 3.393602609634399636e-01 -2.862931036882909908e+01
2.951008251871108428e+02 3.137786437891982860e-01 -2.844753974520751427e+01
2.948452726235841510e+02 3.709378835891485870e-01 -2.838671211478135703e+01
2.954643023439845138e+02 3.422097168698008951e-01 -2.851096679247082832e+01
2.950610267810372989e+02 3.274645489693964184e-01 -2.850996301874210914e+01
2.949778040805139767e+02 3.013048841611898898e-01 -2.837071290984406957e+01
2.954091202750801131e+02 3.033273644613582731e-01 -2.847569129412206124e+01
2.951331246551635559e+02 3.323300597311235061e-01 -2.864408655811760340e+01
2.956786245020791171e+02 3.319551645800080109e-01 -2.829167361052952145e+01
2.950356453489840760e+02 3.442900404559934846e-01 -2.850719188413974692e+01
2.949113316729923326e+02 3.067333396539239643e-01 -2.843561590807924944e+01
2.953298462911425872e+02 2.927305127231215054e-01 -2.840036298245006918e+01
2.953132632215729814e+02 3.540607034514481888e-01 -2.855097646930407151e+01
2.953418155530912941e+02 3.490665193555889112e-01 -2.857541632249275665e+01
2.954525863414008313e+02 3.279931756508033813e-01 -2.854914302035817286e+01
2.952326271129426232e+02 3.051253520358290783e-01 -2.853955695704854989e+01
2.953505616523106596e+02 2.967279340777179697e-01 -2.844482186249038591e+01
2.952159113769151304e+02 3.134364661922701134e-01 -2.859530734907693628e+01
2.948827834293692263e+02 3.198326367196583364e-01 -2.852265245655888037e+01
2.953792521011963004e+02 3.114516308821313473e-01 -2.856461326431567116e+01
2.955270022422150760e+02 3.237029306779115601e-01 -2.854722817652164579e+01
2.955064660354288435e+02 3.461968961100905795e-01 -2.849028057573777062e+01
2.953387524362107115e+02 3.185883934452904964e-01 -2.860271517654778606e+01
2.957035619709851062e+02 4.254541704146208025e-01 -2.711011633277370692e+01
2.952803871803888569e+02 2.956933655273514261e-01 -2.844257020801093461e+01
2.954163014709934600e+02 3.328185274162917540e-01 -2.854321696978237100e+01
2.952437481366465022e+02 3.000109497133727765e-01 -2.849302330131173733e+01
2.952378180229857776e+02 3.058001817359162766e-01 -2.854416647851511968e+01
2.951530350745741771e+02 3.252103857826428857e-01 -2.863975799852116211e+01
2.951991628635626626e+02 3.457047923708975734e-01 -2.860464120047131686e+01
2.953277827804153617e+02 3.274753064018442461e-01 -2.862286858826235303e+01
2.955189737300459569e+02 3.447044895235085171e-01 -2.849792169376972950e+01
2.958016909957607368e+02 3.030495307671992045e-01 -2.826467188834889299e+01
2.952449511020525961e+02 3.322467237735338141e-01 -2.863241600865092451e+01
2.952705915758327819e+02 3.212400085292788088e-01 -2.861878887989066911e+01
2.961176606628174568e+02 3.889882290135540099e-01 -2.731943715801671146e+01
2.952414690389173302e+02 3.324615524265199240e-01 -2.863265110330639729e+01
2.950974105011560482e+02 3.217262703382606781e-01 -2.848690019221236014e+01
2.949765013845934618e+02 3.453583737629692951e-01 -2.851526087055033187e+01
2.953175134882823158e+02 3.307847050193033489e-01 -2.862507690985295028e+01
2.957722429687891008e+02 3.201270585435905813e-01 -2.831391346969975942e+01
2.951230932790427346e+02 3.199362172406911009e-01 -2.863178876954200547e+01
2.952566091768887873e+02 3.386687008445372626e-01 -2.862171195016917125e+01
2.951980593660567251e+02 3.368055748818977735e-01 -2.863165178424479151e+01
2.954750233722640473e+02 3.319953317199130227e-01 -2.854337826493719987e+01
2.955287583665239595e+02 3.708881427751742343e-01 -2.828780254088798429e+01
2.950618077907658972e+02 3.172445886007198013e-01 -2.847490991230097634e+01
2.949040170192965888e+02 3.363894831567161847e-01 -2.854547944497399214e+01
2.952314156903431694e+02 3.409353190849007120e-01 -2.861832829420572821e+01
2.949649018256820341e+02 3.336784970194832667e-01 -2.853477111395838151e+01
2.957349418251203588e+02 3.090014979736891987e-01 -2.829121334640677077e+01
2.951060091496671021e+02 3.396828703368537372e-01 -2.850327319808423709e+01
2.952167626084198560e+02 3.346924896762620283e-01 -2.863306697422835967e+01
3.515466169536110783e+02 2.462394918784214792e-01 -5.569172450729295676e+00
2.736090111435660788e+02 1.196890414361214544e-01 -1.188437097078916205e+00
2.603414567840920881e+02 3.654358537222005682e-02 -1.708068058071753548e+00
3.046091169222256667e+02 2.097087412879991286e-01 -5.227431227220972865e+00
2.932002864831748639e+02 6.398097557305518768e-01 -1.896402706775689495e+01
3.430835269265147645e+02 2.606654552696946459e-01 -4.628747124167219340e+00
3.085068682723535289e+02 6.731735046783566823e-01 -3.479386883415838683e-01
2.620947199367821554e+02 3.866484316519869235e-01 -6.648958946182968788e+00
2.870913758531711437e+02 5.719737441780208265e-01 -1.246687855544559964e+00
2.988857131797640250e+02 6.892201779886550916e-01 -1.270284067804297656e+01
2.433521507838649995e+02 5.979738628008026691e-01 -3.286545274146202900e+00
2.473097030439300568e+02 2.801266536936685703e-01 -5.098335217193749713e+00
2.662734179459911275e+02 1.870229900830449321e-01 -3.224877760225467238e+00
3.234472316722230971e+02 1.034671885596332025e-01 -5.714441009387212222e-01
2.379639195870813353e+02 8.344961723430507905e-02 -1.951223482493702477e-01
3.069059863765795058e+02 3.549497242900351290e-01 -2.159317021380194213e+00
2.697411437195978579e+02 2.186646128078147122e-02 -2.058198078724815805e-01
2.805789290189597978e+02 2.899911400979209852e-01 -8.945065934529047302e-01
2.835075889503323765e+02 5.637539045047776920e-01 -7.423817838690593973e-01
3.229504953494508754e+02 2.518395870493964073e-01 -3.328020474146519136e-01
2.906282223393698700e+02 7.500311095756407864e-01 -5.633424155482816609e+00
2.645161020721233740e+02 5.377002871080254209e-01 -6.502520397897594506e+00
3.064664976792743118e+02 5.039020966517911981e-01 -1.953691385825510496e+00
3.539735972077953647e+02 1.754974670082519173e-01 -5.325454727479473682e+00
2.766383276904771833e+02 3.244808878443427580e-01 -2.184431132365115769e+00
3.471438881735705309e+02 3.057437665689183848e-01 -4.799021815982434269e+00
2.534544981125283698e+02 4.029176224129049633e-01 -6.928984845495644862e+00
3.505335779859356080e+02 7.661876248040072612e-01 -9.665748464429207987e-01
3.212408749197103361e+02 5.480572594115062923e-01 -7.908618453576798935e-02
2.558663471646136998e+02 7.856903687141699733e-01 -7.541924299250603703e+00
3.148649140331401668e+02 4.490099475989586253e-01 -1.595398709618839894e-01
2.795724197033545124e+02 6.476847699273319270e-01 -4.237401271676222714e-01
2.416848483453937320e+02 7.222821044553562331e-01 -5.856324835211850655e+00
3.246859476695738067e+02 4.479879300374938200e-01 -3.189845981954053666e-01
3.277518525485643295e+02 7.783157778044830222e-02 -1.202935558265667421e-01
2.502115327703363903e+02 7.185735700630314637e-01 -7.712247664529500391e+00
2.701980616478163029e+02 7.740436612346612844e-01 -2.059137184333936776e-01
3.354726356943519363e+02 1.201963557994996101e-01 -3.990331889843759861e+00
3.119269242671923053e+02 2.493586574870433961e-02 -7.192062182122782588e-01
2.949745185319421807e+02 2.359288874977448769e-01 -2.674838397202672979e+01
3.163897715290395922e+02 2.026217813477386720e-01 -5.937849937971307890e-01
3.433383561217867737e+02 6.710971890172583443e-01 -7.223358899298857327e-01
2.726141404227738008e+02 3.630075655148142233e-01 -1.498729791608961026e+00
3.130762319409227530e+02 2.282252443482614968e-01 -1.928904094100150346e-01
2.751908108998740659e+02 1.457250011201546014e-01 -9.344938289996537195e-01
2.481748803911781351e+02 5.117496841519354467e-01 -1.033239518887775077e+01
2.888874501000508417e+02 8.628994648004545062e-03 -7.114533527309490069e-01
2.410702758962648886e+02 7.786325859395373250e-01 -6.235977943374822807e+00
2.391077060384523634e+02 4.656623340138860839e-02 -1.071361307564165477e+00
2.828469156533394653e+02 6.622075298257535936e-01 -5.189922666648509875e-01
3.330583434160661227e+02 3.816233583314327937e-01 -1.693892149452328022e+00
3.139376817130868176e+02 5.204611833425801942e-02 -5.873729809975450911e-01
3.488010221650496874e+02 1.421078873664628206e-01 -6.839408584399858881e+00
2.913760027263394932e+02 8.921713787635444926e-02 -3.601537239433742599e+00
2.719605893795952056e+02 6.507969760545592175e-01 -6.849280799901830141e-01
3.402438668566354636e+02 1.344399090079203890e-03 -2.883505884078640058e+00
2.444949600041568658e+02 7.575737221043308267e-01 -2.921211674781795331e+00
2.945701820423992672e+02 1.667068668724265290e-01 -2.111588255236843281e+01
2.572388993986160699e+02 3.177340710321051032e-01 -4.143216854482695055e+00
2.515682578603676802e+02 5.872323359954716437e-01 -7.487713933948493050e+00
2.496983030429774715e+02 6.199275994150921232e-01 -9.219102003222371167e+00
2.967141807123350077e+02 4.370252909774606787e-01 -2.448765474713956181e+01
2.531676685993041076e+02 4.254727447623771197e-01 -7.186933940688180478e+00
2.885429496182331377e+02 3.345156968515932139e-01 -1.176918580945984560e+00
3.306902643791946730e+02 4.725682383759006178e-01 -1.412148443795880670e+00
2.609834374786455555e+02 2.203838283796245578e-01 -4.223997590251136636e+00
3.362031771792216546e+02 7.030006133665347434e-01 -9.319944619799633845e-01
3.417541053632062358e+02 5.810614676210377194e-01 -9.497465190557631276e-01
3.395669703937662689e+02 1.829811184391676449e-01 -4.026819085417333355e+00
2.460269195431168612e+02 6.067095044768123779e-01 -6.203475668917240782e+00
3.324306303899551267e+02 3.493283756726789924e-01 -1.721019030593383681e+00
3.111121305174780787e+02 5.295474477316771678e-01 -4.207196118241256048e-03
3.202618310106668105e+02 7.990395164176781195e-01 -1.269067883067019099e-02
3.023480985614104384e+02 3.932013243853526574e-01 -7.342090930470097199e+00
2.677489457330219125e+02 2.984335128311331742e-01 -3.340593784320974091e+00
2.378888243634887942e+02 6.809600122043102388e-01 -9.006986806984462746e-01
2.863536030546080724e+02 1.335775834156917863e-01 -1.557596175557196094e+00
2.971430778094374432e+02 1.936596902270145415e-01 -2.285192841833504218e+01
2.791840334184819312e+02 4.138472959554628239e-01 -6.687960561426286032e-01
3.281219915373595768e+02 4.888938884359698145e-01 -1.665023062409622945e+00
3.294729530836426079e+02 6.264378733495488127e-01 -1.398166604812153491e+00
2.550253440566000904e+02 4.211591584749823092e-01 -7.012936115434238005e+00
2.996857846034170052e+02 5.193653027669805633e-01 -1.411688315781919911e+01
3.006568357450881877e+02 1.534777557752949884e-01 -1.225577619354593928e+01
3.457374326167627601e+02 2.698248014952290275e-01 -5.818643784154519771e+00
3.347574747847755816e+02 6.087163933203113553e-01 -1.127129503637885666e+00
3.494173697418929123e+02 7.061923654245559900e-01 -1.015656980182575220e+00
3.189063983176831698e+02 6.417647401007957331e-02 -4.520791113873414147e-01
2.846013617543411556e+02 6.129185237647952200e-02 -4.459608898810248356e-01
3.381803986820909245e+02 4.607488439558361515e-01 -1.972237330632488295e+00
3.262467465383625722e+02 7.399211944772871030e-01 -1.539306885327181629e+00
3.534327803756648905e+02 1.043437728788322305e-01 -4.242547308199774214e+00
2.667934562656942603e+02 5.560026950579660676e-01 -4.338296692038998259e+00
3.096001786295364013e+02 3.392576450325206494e-01 -2.905791640885779792e-01
3.445789267331283554e+02 5.204726950002329655e-01 -1.750537713848760557e+00
2.629643602966352205e+02 7.345542099561630511e-01 -6.754142587706108536e+00
2.583706012903988380e+02 4.819681787239960546e-01 -6.670948933647153467e+00
3.031542628270107684e+02 3.719849072417822922e-01 -5.674251627648988716e+00
3.183310807405429159e+02 4.670260989813481700e-01 -3.356651259986348501e-01
2.772231417700912175e+02 2.760566637677342450e-01 -2.199269560918881705e+00
2.952655029853904693e+02 3.251104474450681181e-01 -2.862723088903599233e+01
2.950891202775114834e+02 3.407609230882597817e-01 -2.850480847688262287e+01
2.952857160867089306e+02 3.312735159732786983e-01 -2.862845752426806456e+01
2.957198063992397010e+02 3.294078392343680051e-01 -2.830090353385380197e+01
2.952913040199980514e+02 3.547686717845771054e-01 -2.854874419072852731e+01
2.955717914616602684e+02 3.576444584720810949e-01 -2.841180667070686638e+01
2.957262404563352334e+02 3.138682351452248276e-01 -2.830509547587200103e+01
2.952170978033176993e+02 3.068130946506844592e-01 -2.855430283868994934e+01
2.954101549154295867e+02 3.185048484899229981e-01 -2.854434343341095826e+01
2.951657981191585804e+02 3.398855913725565836e-01 -2.862785649686803424e+01
2.953722643124588103e+02 3.331464447631923287e-01 -2.861790490697076095e+01
2.957121447987240117e+02 3.550061655031718222e-01 -2.815263780990946785e+01
2.953463894964254450e+02 3.538710582317725617e-01 -2.854889960702296747e+01
2.949819151795851440e+02 3.508868651300174335e-01 -2.849410324429688757e+01
2.950825816065375307e+02 3.233948754180617779e-01 -2.849551565979789913e+01
2.952561832430229174e+02 3.016223331124515683e-01 -2.850668675645550110e+01
2.952672936170368416e+02 3.062489022072124589e-01 -2.854390881448814454e+01
2.950544263900984561e+02 3.306182029625508445e-01 -2.851575944202156521e+01
2.957588805671493333e+02 3.193791626883109025e-01 -2.831319189705452644e+01
2.951600872520234020e+02 3.164971832828993303e-01 -2.861568921652585118e+01
2.954932544996694332e+02 3.077137687203455596e-01 -2.849992392236744365e+01
2.955879419121798719e+02 3.079134490263795709e-01 -2.849674177725221824e+01
2.950711582092154686e+02 3.425647164551030577e-01 -2.850467108383880088e+01
2.956957957850972889e+02 3.148989085014808342e-01 -2.830605051721450849e+01
2.955774050270654243e+02 3.253654301158756534e-01 -2.854607196775726763e+01
2.951975902265793366e+02 3.278866757647776464e-01 -2.863754585175663436e+01
2.953203879264306124e+02 3.428228187460273801e-01 -2.860330396960417687e+01
2.950979741153873306e+02 3.449842335151975803e-01 -2.849344516439907338e+01
2.953821520981787785e+02 3.378858903510980616e-01 -2.852980470635159804e+01
2.953912529294485694e+02 3.821144104003906250e-01 -2.815566869934229643e+01
2.953258050795096210e+02 3.203535680002016495e-01 -2.860990899469736348e+01
2.952844458010108610e+02 3.400766159855401760e-01 -2.861530672857292501e+01
2.954605949308952972e+02 3.476966329967244862e-01 -2.848257342070802878e+01
2.951555190444890968e+02 3.460697995752146650e-01 -2.860730160620862250e+01
2.952741182243141793e+02 3.345552470020314306e-01 -2.862718782932782347e+01
2.953576131001140084e+02 3.342326190423978716e-01 -2.861851615858230957e+01
2.954314758663716134e+02 3.292231182155567759e-01 -2.854859343126807047e+01
2.953891143160537354e+02 3.372748208463820507e-01 -2.853174005905746924e+01
2.954368913248360968e+02 3.319118278081082396e-01 -2.854450501368929949e+01
2.954860845812319212e+02 3.457139023442575843e-01 -2.849325936542308213e+01
2.954244826423464474e+02 3.471570669160672917e-01 -2.848624458991912078e+01
2.953472919973743842e+02 3.417945820783698241e-01 -2.860380900147776373e+01
2.954883699542714339e+02 3.282673160112951072e-01 -2.854791062379129585e+01
2.955001428915296060e+02 3.155113855132092859e-01 -2.853346053566590612e+01
2.951038231800343965e+02 3.184869810310125837e-01 -2.847224336707103376e+01
2.952274120662826249e+02 3.315176785579893592e-01 -2.863466303287976444e+01
2.953208850574894200e+02 3.269638549838568276e-01 -2.862320400691328715e+01
2.951870598389455154e+02 3.192513881486870875e-01 -2.862255181636239953e+01
2.954583256037370802e+02 3.302520764883296045e-01 -2.854661246151813359e+01
2.951026759955045691e+02 3.397615475094795667e-01 -2.850380417571120972e+01
2.618419971358832186e+02 2.058688858736326677e-01 -3.976595039258783881e+00
2.542743102747902242e+02 7.850449347518837495e-01 -8.902391746929659178e+00
3.284057311622424322e+02 7.922013753109057310e-01 -1.629008421398338680e+00
3.344385225236511019e+02 4.144707625246049076e-01 -2.091753682195265807e+00
2.761361832710318822e+02 4.579728291333112766e-01 -1.768266878685902821e+00
2.893811033076920012e+02 5.609293517900934001e-01 -2.158187698753204931e+00
3.000920524119010793e+02 8.337299828947687674e-02 -7.647431571097040859e+00
3.521648027965418351e+02 3.043010041216547834e-01 -4.359648913177752050e+00
3.054527468218612398e+02 1.424478502369390387e-01 -4.488049481378705963e+00
3.500574900926107489e+02 6.988351084478336972e-01 -1.087488280062466783e+00
2.387835840640331355e+02 4.706431848045121713e-01 -1.448524114786453154e+00
2.906963198533908894e+02 3.295294602210135232e-02 -1.086437777358738366e+00
2.911941694702895234e+02 2.604843939304673506e-01 -1.002755553114163511e+01
2.600802719000059255e+02 2.498480554722116165e-01 -4.282169623596061570e+00
3.380485679072927496e+02 3.686434084792284960e-01 -2.719836292042002945e+00
3.165720205371983411e+02 5.085256932111285183e-02 -1.974184440850934863e-01
2.487602753224334151e+02 3.338045585249429514e-01 -6.841859467558158769e+00
2.845441665230840158e+02 2.586446488474217209e-02 -8.684476882839591017e-02
3.243192592511149428e+02 3.515288115578561468e-01 -7.144104166136494571e-02
2.376904682057995899e+02 9.757624651773116886e-02 -1.086049710157724613e-01
2.576036195112964720e+02 1.813361793682096157e-01 -1.908726091575174921e+00
2.498449963959328670e+02 1.179836109583579096e-01 -9.903132937495410237e-01
2.738654011182878776e+02 5.912383855936179655e-01 -1.456305470485406373e+00
2.867591055667603541e+02 2.368016737247397030e-01 -2.065946459859409057e+00
3.239833010759396643e+02 6.677031867000443599e-01 -3.290905621771436085e-01
2.580678445462356763e+02 7.088256462209757691e-01 -7.431002170272030583e+00
2.773377277491849782e+02 2.206353627876621037e-01 -2.072077501720041681e+00
2.823721493266438074e+02 4.493545261269697999e-01 -7.566731964753224959e-01
2.605684134936288956e+02 3.031569948385872681e-01 -5.758669572944794979e+00
3.291096373749123813e+02 6.063144614653888098e-01 -1.608344114494985044e+00
3.030349087013139524e+02 2.311079260957054626e-01 -6.670437877592167553e+00
2.792769788205434907e+02 7.824393017821251739e-01 -3.351004659908053962e-01
3.272113753360292776e+02 6.124344684101566960e-01 -1.704358941799273497e+00
3.084213293111963594e+02 4.229344771827032168e-01 -7.532761640761418409e-01
2.864106345597062386e+02 1.087817528435474079e-01 -1.181686792273275000e+00
3.212553366411098068e+02 6.268870163601496515e-01 -6.615160785899887319e-02
2.559067165591970365e+02 7.309639141315614486e-02 -2.753254224614226642e-01
2.689954736604175878e+02 6.608613999480374979e-01 -1.292737677303363641e+00
3.540332659562764093e+02 1.492658955250148745e-01 -5.288451483241921380e+00
2.979101425728947561e+02 2.033776957434577093e-02 -4.204243427318827275e-01
3.150052316677404747e+02 5.975085113090018440e-01 -1.422704544135919846e-01
2.813357786764405546e+02 5.450612534888766847e-01 -6.751225651970208519e-01
3.435500503867430098e+02 7.443610672552645191e-01 -5.092544591970445955e-01
2.526842339167047840e+02 6.947407635699548445e-01 -8.514953532210068232e+00
2.728834359271390326e+02 5.285699447587050015e-01 -1.445699657879204958e+00
2.721590232933360767e+02 3.946019392677906912e-01 -1.132506736492604249e+00
3.445852283474225715e+02 3.902126782686552997e-01 -3.242177996456678812e+00
2.442223638257766822e+02 5.785811654454037223e-01 -2.768212797595364094e+00
2.646974952929128904e+02 5.839922438916568884e-03 -3.623110200512012824e+00
3.198447496032470099e+02 5.690414180541618627e-01 -4.579965580171289213e-02
2.833393914613865832e+02 5.112763855022238735e-01 -7.692291322121553865e-01
2.879546305348698070e+02 4.446723804193311036e-01 -1.303880981488675594e+00
3.128844341673380995e+02 4.993051724446442297e-01 -2.873299172714760194e-02
3.465890307659470864e+02 7.580991312456454301e-01 -7.361395373544284970e-01
3.305090687899249815e+02 8.344303595620161662e-03 -2.836102119092264937e-02
2.968560664303997214e+02 3.159560820090329125e-01 -2.634496340137467385e+01
2.461529128790785421e+02 1.606155082452507543e-01 -1.220607838005999479e+00
2.654225741250528472e+02 3.255740294529547163e-01 -5.181546194183520804e+00
3.123086252869499049e+02 5.592948142650902010e-01 -4.628567729014256178e-03
3.319646197233364546e+02 5.269642377800929367e-01 -9.448495582409806026e-01
3.073160278078340752e+02 8.824130818662594133e-02 -2.576861245498542452e+00
3.226438017812564567e+02 4.379778605170607242e-01 -9.083752157538606264e-02
3.009348445839938222e+02 1.712034064647796616e-01 -1.225643994673748161e+01
2.934465805368901670e+02 2.090875270952478882e-01 -2.050163229585950120e+01
3.028633827027398979e+02 3.797536261653275957e-01 -6.110757621066167822e+00
3.395615881570239480e+02 3.558778170296768018e-01 -2.655152877617737772e+00
2.514272354523119191e+02 7.437131691244529552e-01 -7.133902426704374022e+00
2.939106425793585231e+02 7.272687580118734063e-01 -1.936493303648065023e+01
3.407656400208820742e+02 1.933635045550724518e-01 -4.084759557433804034e+00
2.954918221999204206e+02 1.211196003526706089e-01 -1.691890067081029159e+01
3.476632783559064137e+02 4.319923836965481462e-02 -2.415883654564542127e+00
2.793673389188770670e+02 4.799720413923599382e-01 -6.046681142498723238e-01
3.091800454466618930e+02 4.910341462905533638e-01 -2.726912491875093658e-01
3.485890921137927876e+02 7.687932634919073527e-01 -7.221715917977783450e-01
2.434906506567970723e+02 4.061609538675571840e-01 -2.919815003683176258e+00
2.411372552769108495e+02 2.692584003907859125e-01 -3.226950620791838364e+00
2.422391245743393142e+02 5.384230711016949611e-01 -5.052272550053229061e+00
2.482936796981640555e+02 7.670457946373022695e-01 -1.282915133620573656e+01
3.261594566577533669e+02 6.459954359044440819e-01 -1.313643394901404582e+00
3.356890734071367888e+02 1.337127563863758639e-01 -4.120128614807274658e+00
2.703181839630520358e+02 3.398641228549313942e-01 -6.417496065076859768e-01
2.470635557006410181e+02 6.238506701689425227e-02 -4.655200393324654407e-01
2.550392763267772693e+02 2.730896220097948079e-01 -4.844436647149193753e+00
3.102091185924323895e+02 3.621709670755858257e-01 -9.806212685934212470e-02
3.362506840556334851e+02 6.857157670688766027e-01 -9.944774623448732198e-01
2.671916965115614175e+02 1.540902365040055511e-01 -2.296335545957978397e+00
3.181419742821693148e+02 6.358250323526822845e-01 -1.627521724009654280e-01
3.144876831264895145e+02 6.559803450099068733e-01 -1.120130708300243888e-01
3.418268284824090415e+02 2.854143171611779328e-01 -3.478558700804089465e+00
2.686072922818333950e+02 6.795362155805894089e-01 -1.906110468902848076e+00
3.189347700093538833e+02 7.161973805764757506e-01 -4.870066673954440151e-02
2.399214227186574249e+02 2.902317716507601397e-01 -1.797153803216914092e+00
2.748552549391411617e+02 6.676671524439085903e-02 -4.953361505539780052e-01
3.046992632847988602e+02 2.447386463325851857e-01 -5.042159407524047232e+00
3.422093053970162941e+02 1.909672681877460088e-01 -4.734489830241907171e+00
2.630239822217806136e+02 4.848203118991695759e-01 -6.640803635582789965e+00
3.530407019942408056e+02 7.341868889301143009e-01 -9.977464245188615299e-01
3.508532287128647909e+02 4.274635586045944513e-01 -3.058247358049558606e+00
2.984286332448309622e+02 6.187527316942265099e-01 -1.567607934423616989e+01
3.331673685912418819e+02 5.176924393151346449e-01 -1.095273133848959857e+00
2.947327083472716822e+02 3.686650037765503152e-01 -2.808342706563839641e+01
2.959518382415215001e+02 3.384602069854736328e-01 -2.787915057545246356e+01
2.941402374624694289e+02 4.360894744021466263e-01 -2.598406136873837369e+01
2.950545853521839490e+02 4.819469451904296875e-01 -2.656529780122674111e+01
2.963918128372645810e+02 3.950066804885864480e-01 -2.668844768994084760e+01
2.946234028897270036e+02 4.232441902160644642e-01 -2.746279635224364668e+01
2.917092800766754408e+02 4.804547566677005443e-01 -1.276388916128356144e+01
2.961472946768994916e+02 2.835067510604858398e-01 -2.778566826704051707e+01
2.970150987708792627e+02 4.760977268218994363e-01 -2.286251655865316934e+01
2.971610541476144931e+02 3.737542629241943359e-01 -2.507096076460272371e+01
2.928976853670801006e+02 4.411606319803487719e-01 -1.932488324610692842e+01
2.945015184611897894e+02 3.271509170532226896e-01 -2.760883133265522815e+01
2.941835878989449498e+02 4.667046070098876953e-01 -2.544914290237603893e+01
2.962427258431891914e+02 4.551626205444336271e-01 -2.540884914608229295e+01
2.935808458705374733e+02 1.987265211502833584e-01 -1.986707161959217771e+01
2.962687481720420237e+02 5.670990467071533869e-01 -2.263281579662148602e+01
2.952757692672499843e+02 2.682827711105346680e-01 -2.797481923399208981e+01
2.967958443957891745e+02 3.099586486816406361e-01 -2.634212729803867248e+01
2.938730338001124096e+02 4.458225978592458283e-01 -2.483662369704149953e+01
2.965009557497568835e+02 4.404274940490722767e-01 -2.510549321076784679e+01
2.943784558960325057e+02 5.114993572235108088e-01 -2.532185434534184054e+01
2.958288861397977598e+02 5.228589057922363725e-01 -2.492249973952341691e+01
2.955973237021357818e+02 5.815631866455078791e-01 -2.344030824205117725e+01
2.939377891187743330e+02 5.547651290893554910e-01 -2.277634145652137576e+01
2.940880588696133486e+02 2.946076631546020730e-01 -2.659450858833905329e+01
2.944801901476789112e+02 4.165767908325550550e-01 -2.701608537573933688e+01
2.956785440140464516e+02 3.613212673531036589e-01 -2.809078603904837834e+01
2.952105713389173047e+02 3.953096701842502281e-01 -2.814076534616638980e+01
2.964223992388079978e+02 3.461723004920517210e-01 -2.736425155550536914e+01
2.957970870269853094e+02 3.241337288968954566e-01 -2.831331387459067983e+01
2.958543993625119128e+02 3.851391635115175571e-01 -2.781050704777575078e+01
2.949756972005703801e+02 3.573381264971404736e-01 -2.846266420279349418e+01
2.955267276107315411e+02 4.214654094256401473e-01 -2.754381558452785939e+01
2.950737888972501537e+02 3.281061789953471641e-01 -2.850856650236250189e+01
2.956285674566111084e+02 2.617585205427058748e-01 -2.781467950171575509e+01
2.955780747646458622e+02 3.214654367877799457e-01 -2.854337362401603784e+01
2.944296336591808085e+02 3.179178380467047038e-01 -2.759425693958206693e+01
2.962672580071577499e+02 4.079344086150076265e-01 -2.642498594985704230e+01
2.961390578455146851e+02 4.000200440985806072e-01 -2.713841373779314381e+01
2.966415975400689717e+02 3.659814241312331906e-01 -2.654961695559210355e+01
2.943249956150544335e+02 3.546708315381904009e-01 -2.766092215601753779e+01
2.960230769836513218e+02 4.560067892370609499e-01 -2.598221789412673388e+01
2.960413742408496205e+02 3.020397909474708542e-01 -2.792837618352746532e+01
2.965367753091785517e+02 3.366141421012475710e-01 -2.684879123516907384e+01
2.951307596126333692e+02 4.321006534623670348e-01 -2.755131580537906544e+01
2.945813512807675352e+02 3.913771387858644424e-01 -2.790819031838532638e+01
2.953791180742667848e+02 4.618932118645537321e-01 -2.673368988889995279e+01
2.960918117796832689e+02 4.751728654465974810e-01 -2.555025877084453967e+01
2.956003949077255015e+02 4.975409052644517161e-01 -2.550810822922412058e+01
2.948981379034849510e+02 2.833598663103997217e-01 -2.813967844912624727e+01
2.955543912913648228e+02 3.538210035860751557e-01 -2.844115314722986554e+01
2.946577892655911342e+02 3.440664667282240519e-01 -2.821948153468356679e+01
2.946154838967539717e+02 3.578963605384437030e-01 -2.818205840996849076e+01
2.950785734091653580e+02 3.427865738804544704e-01 -2.850275297196348845e+01
2.959458669725876234e+02 3.094492847908733579e-01 -2.794440206285053208e+01
2.954467924017553742e+02 3.855741163469541544e-01 -2.811092504141094395e+01
2.949960456201048373e+02 4.399738922564170318e-01 -2.740003612777574915e+01
2.962031691070786792e+02 2.659860216921089426e-01 -2.751407002698616466e+01
2.947618480138234531e+02 4.265824352085548776e-01 -2.737679181961560815e+01
2.956096766599740135e+02 2.814466258704443336e-01 -2.821633578730705239e+01
2.958939233248447636e+02 4.322098998146158277e-01 -2.648016289856830596e+01
2.955120655929824238e+02 4.056790592887274949e-01 -2.781413210326368102e+01
2.949396798813750706e+02 4.148703226407446931e-01 -2.783086350730016179e+01
2.960308287060844918e+02 3.508497334102852472e-01 -2.779340939961154078e+01
2.961534762304203241e+02 3.824826474256917686e-01 -2.742464355778092511e+01
2.963571137589273690e+02 3.179606354739684115e-01 -2.751105892167604949e+01
2.955238081872688554e+02 3.101998701706385475e-01 -2.851159147613864064e+01
2.949797561570612743e+02 3.384989636523012546e-01 -2.852911775010297291e+01
2.951697685339001396e+02 3.608666090573305896e-01 -2.851764891587233919e+01
2.965197673390404134e+02 3.490888834128634821e-01 -2.672933430539227473e+01
2.945493672368421585e+02 3.760803128174498022e-01 -2.745042252030040331e+01
2.956760057428895152e+02 3.334983828568656161e-01 -2.828623452413172856e+01
2.946387318727245201e+02 3.037772564837115663e-01 -2.807118812014150677e+01
2.948027709735816302e+02 3.676503946762313957e-01 -2.807189080000258841e+01
2.952773541470718897e+02 3.934168088038358935e-01 -2.816164536496555471e+01
2.953589023718025715e+02 2.930388126966662066e-01 -2.840025068799117847e+01
2.954776436267189297e+02 3.846834868285826659e-01 -2.812287751409378700e+01
2.947701223804336337e+02 3.763593681064809626e-01 -2.801150537464901191e+01
2.959177070071067419e+02 3.579738485249862046e-01 -2.770894190603282681e+01
2.948795171946269988e+02 3.920611411581265138e-01 -2.815825040591530026e+01
2.957322364944024571e+02 3.306229644015417080e-01 -2.829821289822215036e+01
2.958211728590212033e+02 3.218439585019041149e-01 -2.831562739970373599e+01
2.953350589815050284e+02 3.822396354581941158e-01 -2.829708229313540357e+01
2.950042629052464918e+02 4.039686293713783960e-01 -2.798166038310356285e+01
2.943302393631097971e+02 3.649776254106177342e-01 -2.760773944136352043e+01
2.956810924843251200e+02 3.406775573817789060e-01 -2.825362257807243083e+01
2.953740650564845396e+02 4.058322560778079846e-01 -2.780937427275463847e+01
2.954239923188688977e+02 3.675401352948609035e-01 -2.832303951797412722e+01
2.949837462071121763e+02 3.794838220892337577e-01 -2.828293707261251555e+01
2.952257631794245185e+02 4.010885339386807136e-01 -2.805793888609379039e+01
2.957115509485164466e+02 3.367500556417972746e-01 -2.827477806721855202e+01
2.953559019446457228e+02 3.630130809594472319e-01 -2.848420043516081890e+01
2.956933885673943792e+02 3.640105279073875266e-01 -2.806386548968769645e+01
2.947109759003230920e+02 3.424114557211466181e-01 -2.820744377242746737e+01
2.945890787582720236e+02 3.461156751381400665e-01 -2.823394943478555774e+01
2.956226200120788690e+02 3.112081660016395857e-01 -2.851191505075642851e+01
2.955025089765150028e+02 3.277174663144317712e-01 -2.854787907777512146e+01
2.957329957090533981e+02 3.769383520445344637e-01 -2.791353421821029812e+01
2.945489995475280125e+02 3.734541439458696210e-01 -2.747116108666534728e+01
2.957641095217362590e+02 3.047008627671921044e-01 -2.827286317706361274e+01
2.952336450812031217e+02 3.383709802266281486e-01 -2.862476300603300672e+01
2.951641537993194788e+02 3.289919474435716862e-01 -2.864159445923996117e+01
2.955957466169803070e+02 3.645687005106107992e-01 -2.835100815771706451e+01
2.952427851116604529e+02 3.197792324580481238e-01 -2.861784288815196220e+01
2.949897927549588985e+02 3.470279210616610821e-01 -2.850748512314171279e+01
2.955209803484156055e+02 3.696938694663034486e-01 -2.830049145806304622e+01
2.947367221422281887e+02 3.164555281293821576e-01 -2.814464462766371966e+01
2.955692831659226272e+02 3.143193802491419664e-01 -2.852677466029562225e+01
2.948642401056218318e+02 3.512379142395951614e-01 -2.851385095844393547e+01
2.948463706995504481e+02 3.628845724140464246e-01 -2.844980254991536839e+01
2.955092501746195808e+02 3.372866263508078610e-01 -2.852908577576253890e+01
2.953856584702699593e+02 3.160922880209415808e-01 -2.858731519434159196e+01
2.952582549794352644e+02 3.401955931223681340e-01 -2.861768570333716255e+01
2.953117332110883240e+02 3.168445611056920352e-01 -2.859939481592786237e+01
2.952103435886103284e+02 3.726816204118121312e-01 -2.841029407821462271e+01
2.951356785691506275e+02 3.497523558104689290e-01 -2.859183329709935606e+01
2.950077022939226481e+02 3.140219410985349846e-01 -2.846829056237281463e+01
2.951716413343589238e+02 3.518885337885750975e-01 -2.857700680103905810e+01
2.948995364735840212e+02 3.397940875904025271e-01 -2.854237192196190520e+01
2.953064899482535566e+02 3.480806842173650439e-01 -2.858364095039398123e+01
2.947761870532342527e+02 3.473261226915391187e-01 -2.817925645889241792e+01
2.949264031266077950e+02 3.390216158278033243e-01 -2.853850859326083267e+01
2.952678562237973665e+02 3.230130705785174694e-01 -2.862326566583921661e+01
2.953735869049251619e+02 3.288362451633644601e-01 -2.861850677439928248e+01
2.955074295244785958e+02 3.302436835781177860e-01 -2.854526671349640665e+01
