8.367935858483824063e+01 6.243943669331459834e-01 -2.122835630960890063e-01
7.686487997859060783e+01 3.483957254319817176e-01 -3.992577001726081987e-01
7.110183640871512978e+01 4.072595708820141991e-01 -5.231292676677616882e-01
6.904267800660545618e+01 2.686313481057870933e-01 -2.758487564346554954e+00
8.105823367106214050e+01 2.303389470698919972e-01 -2.932191667753877518e+00
6.003579300994624646e+01 5.433776605157299988e-01 -2.168711992919414300e+00
7.890511169098472521e+01 7.364364219308376924e-01 -8.016852151499611612e-01
8.479597595394133691e+01 3.792336607648680857e-01 -2.925369427107614162e-01
6.095660410607055724e+01 6.869892546090413665e-01 -2.949428358252434101e+00
7.023434184472856145e+01 1.120220753332245023e-01 -1.171083611534124547e+00
7.918600259271985919e+01 5.791174657572381035e-01 -1.064962435397646789e+00
7.067337875421173976e+01 7.517324560946829770e-01 -1.202697096983017300e+00
6.177236219211582835e+01 2.881073267760718426e-02 -9.445963081238567538e-02
7.363258766298415026e+01 2.086636677344585467e-01 -5.169327868915761570e+00
7.801038030611969987e+01 2.825095647873700488e-01 -5.145346112420471352e-01
8.406306273277724017e+01 6.098579773519108294e-01 -2.792667324662527761e-01
8.032314414120307333e+01 5.969273442748856962e-01 -8.407130121704960990e-01
6.782381400637871138e+01 2.770944240057962027e-01 -5.054356456702729261e+00
6.054848941144692276e+01 1.801012641045266760e-01 -9.821549456812562751e-01
6.721561122928224563e+01 5.283628425707559417e-01 -4.152900296595398721e+00
7.130869267485600460e+01 7.117184523727064782e-01 -2.895450071597761021e-01
7.599671713108064353e+01 7.588463277353700853e-01 -3.160357478990000746e-01
8.610211900919389905e+01 3.708804673066260493e-01 -1.028309096271538436e+00
7.841264058288754768e+01 6.049131279619621715e-01 -5.154803288217169044e-01
8.173111668534846785e+01 5.240265360932618854e-01 -1.314255935145907522e-02
6.289071304638888904e+01 4.999477248790114570e-01 -1.584371675590611428e+00
8.230635843118071193e+01 1.064514003498391870e-01 -9.654531699101857878e-02
8.557418482232810675e+01 4.248954636157579734e-01 -7.212226475225178568e-01
6.958065972299456803e+01 1.021468551031611167e-02 -1.452916130340013434e-01
8.396094817145096556e+01 6.581232356363222458e-01 -2.829660118271810632e-01
6.924865414061295610e+01 1.537478968014018565e-01 -1.965599243712019994e+00
7.642653171663639000e+01 7.405308357994744295e-02 -1.191963077630132650e-01
7.931742377840109270e+01 1.944228583776845820e-01 -4.362690981812431090e+00
6.251046308816617625e+01 1.029911172143259113e-01 -1.648573320572446488e-01
6.657689290659959624e+01 2.884365246894136092e-01 -1.256400386358197119e-01
6.982229406367193292e+01 6.353798591213242197e-01 -1.173748785972496211e+00
6.857518949382871654e+01 5.443598933332970402e-01 -4.744952815704293947e+00
6.345860739241128812e+01 6.752628434303444838e-01 -5.411121333944617362e+00
6.473393683223041251e+01 3.129953046922665516e-01 -1.616334721065490587e+00
7.738844516896421055e+01 1.657934476749250985e-01 -1.245166814368210861e+00
7.755459887554496845e+01 4.091080857036878959e-01 -4.217088917235359835e-01
7.455582967883223944e+01 7.639602975957990871e-01 -1.683533481001798560e+00
6.510280634097239272e+01 6.257653330187216978e-02 -1.889233662116237555e-01
6.213012951741921341e+01 3.600364065502886235e-01 -7.722843397349604677e-02
7.990322454643182937e+01 4.336528440272698903e-01 -1.817651989324810868e+00
7.964712421941820253e+01 3.522544653191255204e-01 -2.646918793697397909e+00
8.725792918860807390e+01 7.192308285268100843e-01 -2.863121604392106501e-01
6.616481076396244987e+01 1.723256027223058484e-01 -2.521311888165476134e-01
6.573192423957888764e+01 9.101811487459962602e-02 -2.803987250507746776e-01
7.477131065202678428e+01 3.413496537363058109e-02 -1.438710094214123325e+00
8.109281867690343404e+01 1.852535585763910309e-01 -3.641565768114491064e+00
6.128693359360988069e+01 4.953067080535312749e-01 -1.101231527549861422e+00
8.431697685180981239e+01 3.221411772633824833e-01 -2.582643613567828789e-01
8.683527739610805440e+01 4.421625560426662438e-01 -8.559792360103661846e-01
8.774631272906549384e+01 7.755988356257135230e-01 -4.893597336051860175e-02
7.190735227577759758e+01 2.389264241441775016e-01 -5.176630914292688068e-01
5.975089534282059844e+01 2.487312578724717727e-01 -2.050642861068014078e+00
5.881475994913829908e+01 5.399074653595517526e-02 -1.234419376780157840e-01
5.915840145755483093e+01 4.059639498226298715e-02 -6.197781992929680683e-01
6.169426563638601380e+01 4.208599714936478442e-01 -1.220159985170966355e+00
7.152012352569936127e+01 5.161393934120340754e-01 -2.490755081761782397e-01
6.734716112446540137e+01 7.237512563042021174e-01 -4.371331463554628982e+00
7.323797195916651503e+01 5.587535528991407485e-01 -3.130214776148691591e+00
6.430386794995824573e+01 2.198418760475788769e-01 -2.511293030630136425e+00
8.523431579703967031e+01 4.621964331909138024e-01 -5.565407851587022003e-01
8.510317607254528127e+01 6.185188481470739186e-01 -6.568969243989923879e-01
7.237568307002695178e+01 6.539275948508633807e-01 -2.031062670021685168e+00
7.708256771858479794e+01 7.875106640022067062e-01 -1.621408817193517593e-01
7.222573794019228899e+01 5.732679808569723923e-01 -1.691909689361086766e+00
6.319773376934254827e+01 6.458478912926368665e-01 -3.212586594085834690e+00
7.512909256997197360e+01 3.991771549743788894e-01 -1.137423910885320799e+00
8.262827244048033037e+01 3.854634276645312330e-01 -1.030891501558261064e-01
7.010740727754712509e+01 4.646447234450963859e-01 -1.607745328179164490e+00
7.542262352888390353e+01 2.435250833985019292e-01 -6.511858870781069841e-01
6.834449125561361882e+01 7.810702279874550680e-01 -3.871466266712713544e+00
6.466483702204671147e+01 5.866175464773674131e-01 -1.749125873963260025e+00
6.676453846816440318e+01 4.558662423620779558e-01 -5.255513411128474033e-01
7.844277945633015747e+01 8.685011231495104456e-02 -1.156700157142760199e+00
7.287949380907234342e+01 7.323627343598637651e-01 -2.250770636494197063e+00
5.907897382950643816e+01 1.270320734109744998e-01 -3.238825235400232677e-02
6.367766812938130272e+01 6.686969085796645729e-01 -5.925076553846653660e+00
8.576440633487143828e+01 2.016809807731167747e-01 -1.115449888327920025e+00
7.610472334271945272e+01 7.950390406391190101e-01 -2.901640644463676644e-01
8.163740717650914291e+01 5.666318075713504543e-01 -6.224024614027657415e-02
6.811627461616471635e+01 1.514852499305329447e-01 -3.250435476665535894e+00
7.561002824545231249e+01 7.014997197471128931e-01 -3.807083517469415090e-01
5.949518349693443042e+01 1.369717201408447438e-01 -5.923517744615872660e-01
8.711599246450171563e+01 3.379189179921848196e-01 -1.140568361710031953e+00
8.195775560608400667e+01 2.361494663863312332e-02 -5.134265926000991520e-02
7.282623032132451613e+01 6.898915291696108287e-01 -2.433715833253943472e+00
8.635603710517639797e+01 4.730868989845314343e-01 -9.067555326200672505e-01
6.058701550444565243e+01 4.815929779041682769e-03 -2.284312616321872103e+00
6.381935213331349388e+01 4.875205500342084664e-01 -5.560604680518078879e+00
8.299264255788102673e+01 2.961546342604198800e-01 -1.174557191123485889e-01
7.384400209181528396e+01 3.099432209199174948e-01 -5.449353632362893052e+00
8.313711776426677602e+01 3.356886808835770064e-01 -6.411641106590500183e-02
6.546295557799162168e+01 1.323608949831928949e-01 -9.520723108683193381e-01
8.061596768408671210e+01 6.615302133336756207e-02 -3.439097886773963442e+00
6.591652150728833703e+01 2.625423971878570462e-01 -3.327727273162404131e-01
7.431575675560696936e+01 5.072553311500750395e-01 -4.089934871179941922e+00
7.891153288213411088e+01 2.387359958076447075e-01 -2.313450251849109573e+00
8.350855028478136433e+01 3.620978583590260258e-01 -1.131176707694894756e-01
7.065594280132293648e+01 2.513673985225459151e-01 -1.470608690447165579e+00
7.946392229244261785e+01 6.023071730108279231e-01 -1.033308102490989810e+00
7.238975361536971320e+01 3.342276763311001209e-01 -3.019712969581214157e+00
6.469570394163999083e+01 4.504999369956665389e-01 -1.729816824826722499e+00
6.072384233868161374e+01 1.680740992697723687e-02 -8.658095473195964731e-01
8.030958522726595561e+01 1.706281949009436638e-01 -4.290333816551830104e+00
7.377047183278918396e+01 4.421120325924067784e-01 -4.046460391467610940e+00
7.117748780415637100e+01 4.989351076599354839e-01 -4.212921475861883813e-01
6.629802666773731801e+01 1.077331988486880665e-01 -6.540331763823006850e-02
6.762134966871906272e+01 6.108571793258386062e-01 -4.362420381496620259e+00
8.559189913294545704e+01 7.179076491007605476e-01 -8.521592231994077338e-01
8.064467046641645709e+01 3.709019424258208075e-01 -2.001137252295170477e+00
8.243927109021632305e+01 5.461505318839618983e-01 -5.054234340070861559e-02
8.375067631107989996e+01 1.661218856367657759e-01 -2.153278646616269276e-01
7.840383388328548619e+01 5.537672801177667692e-01 -5.207591272228024870e-01
6.652453870546324310e+01 2.876434215317127396e-01 -1.514566237143982752e-01
8.200647917920829855e+01 2.300302779632477645e-01 -1.053082850727289112e-02
8.486634301428385641e+01 7.322008670323074675e-01 -6.233047647881109210e-01
8.159607928191856274e+01 6.881347005524042215e-01 -4.922917717519242897e-02
5.937334130165605472e+01 7.976326076939006526e-01 -3.387193709243218720e+00
7.461947243270199692e+01 6.485244884062821846e-01 -1.834586014139615306e+00
7.101716570206023960e+01 5.202134429231280999e-01 -6.270959776449540612e-01
6.309921339412024821e+01 2.189606201325627888e-01 -1.114205663510083655e+00
8.769795277792090360e+01 5.736574777530251135e-01 -1.004073291351153252e-01
6.358398999727191381e+01 3.965569928057415816e-01 -5.125331059445841220e+00
8.588998571991126596e+01 4.600380222395481639e-02 -1.034886895129555118e+00
5.873668489261587666e+01 6.970052448799193279e-01 -3.922706992216407618e-01
6.978911891398207956e+01 6.421220587244165223e-01 -1.164512088013468949e+00
7.370109698203098958e+01 3.015317168381848045e-01 -4.693809227384770466e+00
6.810209757860360469e+01 3.376220033857408875e-01 -4.645108513173017428e+00
6.268910673247909671e+01 7.229119149879910111e-01 -1.662343635543154008e+00
6.497531557538957259e+01 5.120741314021058921e-01 -1.579682190443841172e+00
6.749126991096792949e+01 1.873650547835997715e-01 -3.789482920711513270e+00
6.126805718708219928e+01 2.730090769705058595e-01 -1.021935435366560840e+00
7.196073664539638060e+01 7.057275808484322344e-01 -6.195612692961591783e-01
8.270057821603353432e+01 8.815378756376528180e-02 -4.182564203375529477e-01
6.871984938256292708e+01 1.826797772308921819e-01 -4.552767657809969393e+00
7.913565021771071883e+01 6.778052330297537065e-01 -8.884450534755521378e-01
7.767040299550367877e+01 5.844580089510224008e-01 -1.556406443938034012e-01
8.291599293679300331e+01 5.942394598709046516e-01 -8.179637322699790519e-03
8.728557133878129548e+01 6.633707027762137942e-01 -3.166874913535785985e-01
6.830031991497985189e+01 4.834522510499574821e-01 -4.645162311910786102e+00
6.342991887685424501e+01 2.404984038076486697e-01 -2.714039874814125231e+00
7.479774423153757823e+01 3.145150366604290149e-01 -2.707580006967034603e+00
7.784998675222644238e+01 3.259317706574055284e-01 -4.239278359285967857e-01
6.572467367725292320e+01 4.784853069484021337e-01 -5.382593278866224518e-01
7.850220851348541373e+01 4.954102338224278812e-01 -6.682912470058484100e-01
6.022269898371639840e+01 1.465903917489493613e-01 -3.091707405544050213e-01
7.261384261317613209e+01 7.772106227210676677e-01 -2.190010744514454100e+00
6.884778249079487011e+01 6.817648303433349044e-02 -1.529281446343803808e+00
7.161086940101837683e+01 7.683795618114177550e-01 -2.327835227265717399e-01
6.947001316292164574e+01 4.393394347775358977e-01 -1.472436185739623982e+00
7.571422995107329257e+01 8.081878554141204429e-02 -4.000811241138592655e-01
7.685072826695355275e+01 1.001090933318213028e-01 -4.838756256267828237e-01
7.742841080705086654e+01 7.628564659675745041e-01 -1.620163865059164321e-01
8.081424393469981737e+01 6.334556202301757644e-01 -8.361824415029822655e-01
7.589967620178391883e+01 4.699647527132589930e-01 -3.707091201311326634e-01
7.298956320585494950e+01 1.389602354066132583e-01 -6.546959873625382009e+00
5.956680162886286922e+01 5.614936040284618235e-01 -3.635076634483690228e+00
8.670621653757153524e+01 3.900027740091311368e-01 -1.054379288013298055e+00
7.964748710431314294e+01 5.817970629357580581e-01 -1.081003257681009577e+00
6.185644786904421011e+01 5.310911605404750047e-01 -8.272462962343657411e-01
6.590820608224646548e+01 7.672747241044637623e-02 -1.460404329928754463e-01
8.485335082371757665e+01 4.886982827287009862e-02 -5.652568006930098754e-01
8.176733117184875255e+01 4.116182456553228453e-01 -8.627166225210862460e-03
7.000447711599112210e+01 4.037422117874929772e-01 -1.454478910601709751e+00
6.926074933812348888e+01 2.544687733447828157e-02 -6.649087058980901466e-02
6.720413827243805827e+01 3.457231290024473935e-01 -3.678078575996976074e+00
8.608288151924138276e+01 2.058350966055675080e-01 -1.673145953343871950e+00
6.441785942244085561e+01 4.308899330709901020e-03 -3.826907608987812348e-01
6.158150656762482811e+01 7.480004816614876928e-01 -1.264395517638577271e+00
7.319242589910891184e+01 1.926836755400108125e-01 -6.633044204293043755e+00
6.402688526121973212e+01 1.349315751288212850e-01 -2.436519606574993890e+00
6.539115432892680246e+01 1.450607812418726328e-02 -1.990056003719306021e-01
7.539573063355138061e+01 3.779215381170775157e-01 -6.689120522156306592e-01
8.659093837692211082e+01 2.712236130437238879e-01 -1.737683249949129483e+00
7.630955814280298455e+01 5.378275549046092063e-01 -2.516850375353278935e-01
8.418332678742811481e+01 1.566192679037653745e-01 -4.067129289142659143e-01
6.039938595606614058e+01 1.121120177265955697e-01 -1.395812763539335810e-01
7.494096087675015383e+01 4.633714247740918224e-01 -1.424936638660854182e+00
6.419464515907058910e+01 6.181912970637759575e-01 -3.382117676109256621e+00
5.888355464139444706e+01 7.854077581602685321e-01 -3.241401484675187072e-01
7.200779379664984958e+01 6.205731763996355510e-02 -2.684252742179523699e-01
7.028503054887522694e+01 4.191473736379197068e-01 -1.796989891316806087e+00
6.684247325251328675e+01 4.271126399770275306e-01 -6.904761005045867428e-01
8.122853842065292440e+01 2.117630801311236599e-01 -2.555549792912443774e+00
8.005936635980074811e+01 3.837160959789411019e-02 -3.265845245242926964e+00
6.206040092892295235e+01 3.096159969205339313e-01 -2.022187292995926144e-01
6.234875004484835870e+01 6.859433663287354266e-01 -3.372487419139930109e-01
8.431888704728720541e+01 5.079264961655638455e-01 -2.664070521455628726e-01
7.418635421127655150e+01 2.890425919372975883e-01 -6.468821251742316036e+00
8.703251736142480866e+01 1.221274141008812236e-01 -3.761674206560655875e+00
8.531999108117216224e+01 2.590372586169418789e-01 -5.181383253767879449e-01
8.314801287224464943e+01 3.578024137554490225e-01 -5.268633787794134438e-02
7.646867315881051752e+01 6.247957753164421479e-01 -1.888640217009628364e-01
7.715221856395207567e+01 7.573373196614822112e-01 -1.962237651230498148e-01
6.095154280445884609e+01 6.673947446666306238e-01 -2.950209940087927141e+00
5.969811928048437011e+01 7.423272456754066440e-01 -3.635902251815418929e+00
6.011214026121123766e+01 4.270736521689811882e-01 -1.786963771905166309e+00
6.443676828816364832e+01 1.780786115846566542e-01 -1.639251736462448372e+00
6.879510450851884684e+01 1.147500970909125367e-01 -3.155537934154778679e+00
6.258739212543426333e+01 9.613944327156213887e-02 -2.159410783123901223e-01
6.976542566790786282e+01 6.042533120843391892e-01 -1.175818601877061553e+00
8.170746070265900585e+01 1.708237635705142296e-02 -3.466723727867752070e-01
7.565255377999102393e+01 3.991028033376829431e-01 -4.083722107439617388e-01
7.243207751445463316e+01 6.385054489693106072e-01 -2.260771931333258600e+00
6.521232296485170821e+01 2.194110326003491651e-01 -1.544806543368322904e+00
6.414295852920307084e+01 1.369982888097326379e-01 -2.342956134680657776e+00
7.155303926227044542e+01 2.853843324620529143e-01 -2.569936599677814515e-01
6.547886203147713502e+01 6.420497324942862072e-01 -1.074553568226387368e+00
6.309347331634806721e+01 7.516603142095168444e-01 -2.683489912256710408e+00
7.786791256120075388e+01 2.743084439696686916e-01 -5.752278598971388712e-01
6.799975983234445209e+01 6.509470557981327232e-01 -4.228665612178784450e+00
8.206242927834568945e+01 3.669037071329416255e-01 -3.414856685478990378e-02
6.941667771307419343e+01 1.897116384057432881e-01 -1.516782186421995471e+00
6.572057312924737005e+01 7.867921236488049086e-01 -4.868069056162785402e-01
6.111713262223164378e+01 6.185766617528746236e-01 -1.950306764891657219e+00
7.833115976939967595e+01 7.929788979611095412e-01 -4.868906324395627649e-01
5.915101934216680490e+01 5.775223028792976221e-01 -1.664974919709080625e+00
6.693418570346689478e+01 7.296582820140796732e-01 -1.538277914615501452e+00
6.597699344095116203e+01 5.964025702418770392e-01 -4.750020573270310464e-01
7.776841522521257843e+01 2.099968865495680514e-01 -8.990074468091209248e-01
7.034779495446524322e+01 6.131890296734415768e-01 -1.704242467055942400e+00
7.621772423533442975e+01 4.061465543345322837e-01 -3.043838007038684457e-01
7.869972491951116922e+01 2.326691789760538809e-01 -1.697411294849197505e+00
7.482542587248951804e+01 2.048357773834017515e-01 -3.355412045882786298e+00
6.363725297263890468e+01 6.765160340570408604e-01 -5.927690009832008222e+00
8.021016654817115921e+01 3.551998380603094696e-01 -2.145027694030970267e+00
8.761574892162269634e+01 1.971835121193896700e-01 -2.036476680262250039e+00
5.942309944276188816e+01 1.728968795995932950e-01 -8.814264507772580082e-01
5.897580625951425048e+01 3.804654003623609282e-01 -3.938950809389457630e-01
7.323436621564525240e+01 3.267628423767787033e-02 -2.156719958853626107e+00
6.164472136244283718e+01 4.487446466415719870e-01 -1.244512242407167069e+00
7.905703958189050695e+01 4.751985576446880050e-02 -1.937715438390797518e+00
8.386362996502376177e+01 1.543275955696981477e-02 -2.552906444101978312e-01
7.065509799258103385e+01 3.141666439274817119e-02 -2.510950079463369899e-01
6.050095503275466058e+01 3.047921062438920248e-01 -1.940636102131914287e+00
7.136894738388217263e+01 7.138231228131461936e-01 -2.648029127238979985e-01
7.377709538469812856e+01 6.828666490201799055e-01 -2.763467676802912276e+00
8.646090753561946940e+01 2.416346111861671919e-01 -1.947218147691362367e+00
6.224392693309667379e+01 6.628243626780239151e-01 -8.214625598822748731e-02
8.732647195872092993e+01 2.599968533788145630e-01 -1.650084774372849949e+00
8.531717066593047605e+01 5.114340629148780293e-01 -6.472627433209564574e-01
8.152585665502822110e+01 2.989289708223760722e-01 -4.594599041504844328e-01
6.727038973604756222e+01 3.506060439804279949e-01 -4.014186027829049763e+00
7.989109913833657117e+01 2.550652350599945106e-01 -3.961495457073015647e+00
7.547887517878011465e+01 4.738452032499508859e-01 -5.208532985504158441e-01
5.981739032279639190e+01 2.884309645805508415e-01 -2.029723978906888160e+00
8.601462010594416085e+01 3.188125536409054384e-01 -1.150368757948218024e+00
8.604107482657693140e+01 4.157227138932728661e-01 -9.521161135913414064e-01
8.437760376831271003e+01 5.872470706587248346e-01 -3.016367188146302780e-01
6.334016194610781980e+01 1.521766425941928902e-01 -9.954664986511422287e-01
6.191801943978093448e+01 5.545269373729081464e-01 -6.685206773292783344e-01
8.352236814403650556e+01 5.353734496723743241e-01 -1.312186846500650594e-01
7.273581727005097264e+01 5.516595551855766333e-01 -3.106943780143796019e+00
6.129532559059094865e+01 4.184814436820362693e-01 -1.089314821836395719e+00
6.633910354020603961e+01 5.369872931155089679e-01 -4.467541645621238566e-01
7.885273313946449036e+01 7.270103089033207455e-01 -7.823900536591641419e-01
7.176147415066411384e+01 7.774950488270309101e-01 -2.977792607642304468e-01
7.650800066825748047e+01 4.671126666334126654e-01 -2.228821950316149381e-01
7.493562280681624088e+01 6.948203819562188688e-01 -1.003340618907789583e+00
6.786151979932014910e+01 7.594304990567709579e-01 -4.118491257241499781e+00
7.728685902454522250e+01 7.654292377118220303e-01 -1.926910736907039290e-01
6.819413133831675111e+01 4.995121936647896610e-01 -4.371451651642360936e+00
7.669941246041263128e+01 1.065535816540823799e-01 -3.020598641432067355e-01
8.504625937790630985e+01 5.131405496843997049e-01 -5.381531130298305987e-01
8.051961752132348238e+01 6.297739574412165586e-01 -7.931393169495850604e-01
7.581054264190311187e+01 1.644152285826116500e-01 -3.922785756006024749e-01
7.424916066392866298e+01 5.261862914101249622e-01 -4.205258219078199744e+00
6.282081215883998482e+01 5.742814418320566494e-01 -1.629328993631842692e+00
7.365226638886680632e+01 7.365380388358515606e-01 -2.351526610955865237e+00
6.394130963274324841e+01 7.887032259165262238e-02 -7.913904917367744485e-01
8.476809401858268700e+01 7.176013683331167181e-02 -6.201693522886576604e-01
8.122071301518771236e+01 7.079590328353811968e-01 -4.004003404910465025e-01
8.291506242302507701e+01 2.248864598648379620e-01 -2.392187099046360343e-01
7.012976852427243557e+01 5.815613478904391176e-02 -4.130447283203091402e-01
7.299412708924811000e+01 3.276685807329737798e-01 -5.046920140164604440e+00
6.849306697667006461e+01 3.439110145547780717e-01 -5.563005001088161983e+00
6.469194654467256100e+01 6.658871532489334388e-01 -1.724265000312119378e+00
8.256290508483841961e+01 4.605908107761969572e-01 -7.022556312492836406e-02
6.921508342199388153e+01 7.834350337218118354e-03 -5.611797185628989576e-02
6.758455772335635459e+01 3.840949057941125400e-01 -4.803206467185124673e+00
8.420535636429190163e+01 4.888297116728031466e-01 -2.616539375531667933e-01
8.555237163900362418e+01 4.871152786398193490e-01 -7.173653928342843544e-01
6.064810306543037655e+01 1.478079294299989577e-01 -8.485194647205210883e-01
7.707685962838706928e+01 7.005683718244783975e-01 -2.111256365216274411e-01
8.695813798367822756e+01 8.458052251499566243e-02 -3.811781915178608759e+00
7.224463744368259199e+01 3.323151091673522406e-01 -2.248665109379959670e+00
5.860672061507810326e+01 7.711785170132445799e-01 -5.778964323680650939e-01
8.675329526544369685e+01 1.353640475483773586e-01 -3.291116167892407240e+00
8.098071332927693788e+01 2.655260096828264693e-01 -2.884182124401420744e+00
6.657178372137339295e+01 4.430142790951614451e-01 -1.796567460413226180e-01
7.446389117966919002e+01 5.634424171380332247e-01 -3.077536915497175674e+00
8.315565501156626738e+01 9.493352056127289662e-02 -4.391199543994623866e-01
7.942900602320540315e+01 1.271247127386604947e-01 -5.620378260114123670e+00
7.978297983112207703e+01 4.390191416715896189e-01 -1.831883187368595456e+00
8.229266209999528314e+01 3.701229243515138378e-01 -9.949816585142629011e-02
7.090176750492638291e+01 5.564873829866839178e-02 -3.797508321818022226e-01
7.916824199879673074e+01 5.216101569351886402e-01 -1.215785344605826435e+00
6.145000087392475052e+01 6.610876847058295702e-01 -1.136567118343525751e+00
6.797876394779643761e+01 4.116181707594833705e-01 -4.752549816332536814e+00
7.767604019819277994e+01 4.226646912718716731e-01 -3.094352383432357745e-01
7.269415473434605701e+01 1.265870081580909301e-01 -4.853368685671683558e+00
8.422952973055114967e+01 3.468364189986865576e-01 -2.621011513881748578e-01
6.077162127715246953e+01 5.625688762581215752e-02 -5.458146870623246764e-03
6.745502528007330056e+01 7.997387965811152410e-01 -4.174889118862108894e+00
7.306550812187430211e+01 4.721191667507129153e-01 -3.701414797358902664e+00
7.353999439292790896e+01 3.886916098790291763e-01 -3.922597131979104645e+00
6.720000251587784135e+01 2.961924021526331496e-01 -3.373126447426913366e+00
7.873775496375913008e+01 4.482502138676752179e-01 -1.036699451088100243e+00
7.596004130811269306e+01 1.808298391676979311e-01 -3.262836339381921524e-01
8.535736708925831806e+01 1.536041302678662346e-01 -7.685684463129165422e-01
7.841761146158503948e+01 6.992446643194315525e-01 -5.184563996648503537e-01
6.537245842814309071e+01 5.800114109895606607e-01 -1.331702651274764948e+00
6.505283103511655440e+01 2.915778460466677754e-02 -2.028774711146216214e-01
7.448957151273724264e+01 4.415614945818436832e-01 -3.614606288453838800e+00
8.329286265941813383e+01 5.367017602293232548e-01 -5.625983795213421179e-02
7.845119081149069018e+01 6.207543547074294565e-01 -5.674038477383139822e-01
6.682004659331047947e+01 5.848485109659687931e-01 -7.227736617349386217e-01
6.231010970235285384e+01 1.362255735935625350e-02 -3.909411614097431653e-01
8.740643333676499083e+01 3.217691267290367918e-01 -9.810859873664943276e-01
6.014011963504335512e+01 4.943732961147964677e-01 -1.969754760188251019e+00
8.220875234460345382e+01 3.755869609083236638e-01 -7.921212837526553363e-02
5.881005177794349947e+01 3.897120045818905365e-02 -1.989915521285774425e-01
7.569962457876570738e+01 2.238615571768547141e-01 -4.420728458200897104e-01
6.154304033005089281e+01 2.601400098288377261e-01 -8.913117657462751309e-01
8.184599839976191049e+01 4.371271352527986709e-01 -5.940464136152634423e-04
5.992657996696902245e+01 3.096379008253573040e-01 -1.823470713865165793e+00
5.912667782096237090e+01 7.231717923152860550e-01 -1.679498148640485411e+00
6.257222273172958182e+01 6.847977097323237894e-01 -1.465771657073866141e+00
6.630826090212141821e+01 5.013215682435364640e-01 -4.398604319960816578e-01
6.897216853726499153e+01 3.775058464008675951e-01 -2.810889333664978729e+00
8.264984424526805640e+01 2.483165910590958425e-01 -2.284835751737675502e-01
6.272128633950163135e+01 3.169720507869167037e-01 -1.411995136125333339e+00
8.122101608980067056e+01 4.875407241703681449e-01 -6.688544601385058019e-01
6.053074155122835265e+01 5.972739871944076073e-01 -3.228368930658749303e+00
7.384649797120489723e+01 3.575791933208993800e-01 -5.139580680036309523e+00
6.654249824334014818e+01 5.053254970694019965e-01 -2.101966683045915496e-01
8.643578858204820392e+01 2.069426390567329355e-01 -2.165561903586414427e+00
8.669798548703077756e+01 3.600364042415377108e-01 -1.181047479696944125e+00
8.249478206287807325e+01 1.400151342428987422e-01 -2.478407945355960429e-01
7.617242962375536308e+01 5.750147129226660381e-01 -3.101304757158224179e-01
6.448846658302187507e+01 7.501518934341062650e-01 -1.887369482977141910e+00
8.038704006868107399e+01 1.066784027705737492e-01 -4.362395500895000389e+00
8.079241061021929227e+01 7.401848186533657170e-01 -6.541505498819464304e-01
8.143832288743381298e+01 6.374568104596353146e-01 -1.411965872294621560e-01
6.393227391208393584e+01 5.584537422616698832e-01 -4.977714279941982234e+00
6.578062623771687356e+01 7.770913656333159336e-01 -4.393504893757324004e-01
8.622434462356631002e+01 5.354129860673232377e-01 -8.332655421329172585e-01
6.369419508992834267e+01 3.393864767347862799e-01 -5.028387576216073462e+00
6.913946144305855057e+01 6.064330507740206544e-01 -1.571159481916103218e+00
7.532001512608792382e+01 2.318584792970073138e-01 -9.215048110008465798e-01
8.050249031168574732e+01 5.174123210829807418e-01 -1.116868721735619685e+00
7.646340223083493015e+01 2.083420546107540572e-01 -2.844856995078012818e-01
8.464762534490492385e+01 7.730556669653854129e-01 -4.956970946410992340e-01
8.601411121772476065e+01 6.786432835859190771e-01 -7.959243903209526350e-01
8.431057481008812715e+01 3.940772263458580671e-01 -2.499774393685876561e-01
7.103682904644198004e+01 1.697540869293883148e-01 -5.509650343355838586e-01
6.954519681659502339e+01 7.231081755544060963e-02 -5.520312839852506981e-01
6.863090741125654404e+01 2.302046049796802052e-02 -9.513420393139933448e-04
7.462359090670501871e+01 7.904996973235290936e-01 -1.422359330719976001e+00
6.823403788766896128e+01 9.239767030463158504e-02 -1.765289643363010086e+00
7.216893611793022956e+01 4.718107123200424025e-01 -1.520802900969146609e+00
7.159712607128840034e+01 4.581682300164628963e-01 -2.659107516976588759e-01
7.020614673297413333e+01 5.278298985542451138e-02 -4.023372282927578092e-01
7.236852207877744547e+01 1.955093685507326429e-01 -3.216176747298900018e+00
6.428477284587614804e+01 2.371234038305528868e-01 -2.562600404632174644e+00
7.120448359906455948e+01 4.248809025259774330e-01 -3.910597721657140813e-01
8.554635824057221782e+01 6.498153839953298982e-01 -8.166274317412604011e-01
7.739052604340808728e+01 6.893616013852064128e-01 -2.218957682271897325e-01
6.772989579086672052e+01 6.691390578176870108e-01 -4.295655990881821040e+00
8.760335516481683271e+01 2.947833821115363184e-01 -9.738737653621752921e-01
6.176119934552885127e+01 2.790227651445630896e-01 -9.832400908675209550e-01
8.389466673987526235e+01 4.517030700388331710e-02 -1.350465001767151285e-01
7.988205255476879074e+01 6.098886512366075152e-01 -9.328341298085477407e-01
7.416843913482080097e+01 4.025751365703358897e-01 -5.447760968763278200e+00
7.338209658569894600e+01 6.404838961637040473e-01 -2.651922580341670610e+00
7.197896899889057920e+01 5.032878065508967352e-03 -6.753035346267859118e-02
8.513962296826908016e+01 2.659390677960452032e-01 -4.137524951992733735e-01
7.668929012461379102e+01 7.593875161663725670e-01 -1.257735470583994652e-01
6.327501574895696024e+01 7.634492806879031868e-01 -4.259739569820632177e+00
7.506730654123717272e+01 7.064068780723713192e-02 -1.875686658109976035e+00
8.714561833860594220e+01 1.310334601473092386e-01 -3.823675238123039666e+00
8.006148696884936555e+01 2.869659337370918384e-01 -3.177181311035850442e+00
7.063950267437634523e+01 8.029896617238591050e-02 -8.471812129168380112e-01
5.900095192910345787e+01 7.336108748395753221e-01 -8.682012627808830540e-01
5.941617556749420004e+01 1.661294974864706564e-01 -7.936510403027681182e-01
7.956946858379328091e+01 1.474426442506945600e-01 -5.949282497676757764e+00
7.044490437683833761e+01 3.309957897271549321e-01 -1.797917947460252241e+00
7.809338099597492544e+01 1.167922403692025074e-01 -1.069510936988867567e+00
6.304012082850337606e+01 7.138301955423770329e-01 -2.321271156386106593e+00
6.102123582329252116e+01 1.911841005635709079e-01 -1.529957297210430500e+00
8.287146584619515011e+01 9.766710061216699046e-02 -4.797852448028203098e-01
7.701889350935768164e+01 7.089530890520220341e-01 -1.915381833401432754e-01
6.597837611122454859e+01 5.640574061246478310e-01 -5.136681603973829446e-01
6.991038637220353280e+01 5.442556705456873534e-01 -1.282950238886085392e+00
8.367765476307798167e+01 6.269717696127847795e-01 -2.130533993248146796e-01
6.472874361950276523e+01 2.402645967487020973e-01 -1.427392700486376675e+00
7.406399326178927822e+01 2.422815107181170713e-01 -6.890099880720211623e+00
6.997033616479312457e+01 4.211257510479736732e-01 -1.375985091650519854e+00
7.570466075473436263e+01 2.565281824822413514e-01 -4.315363211038369951e-01
8.033268848275557161e+01 1.702314111937200392e-01 -4.144367628140969373e+00
7.175727607969241717e+01 1.594493560510467367e-01 -2.631687065503235390e-01
7.240885565374153998e+01 2.409725164414647791e-01 -3.419291737665784314e+00
6.414793601864009531e+01 5.520455826402720367e-01 -3.808813087639181916e+00
7.299668064133676637e+01 2.002600335490827832e-01 -6.487685927051978219e+00
6.529446539453212495e+01 5.006322069089396143e-01 -1.528432816258429972e+00
6.582210063079611473e+01 2.046183403877767371e-01 -3.085938851210201506e-01
6.909091072209196227e+01 3.621358375641965388e-01 -2.168001409556027603e+00
7.449801797502199463e+01 1.665467251246846025e-01 -5.542014525989923612e+00
7.179879466681195765e+01 1.678677874853731211e-01 -3.171577173329217514e-01
7.560972452158310375e+01 1.852665390896599540e-01 -5.003114796359635630e-01
6.412974239304345758e+01 7.847691974807071702e-01 -3.415636539832253238e+00
7.942886307902284670e+01 2.184259514190529661e-01 -4.233516602592813705e+00
6.553502636868169873e+01 7.215245126959306532e-01 -9.095285272569421098e-01
6.920227037022354466e+01 4.601565874933524203e-01 -1.730691030981259537e+00
5.880867662061425705e+01 3.837197663851403817e-01 -2.402470701927933439e-01
6.675731283423374407e+01 7.927354312372398848e-01 -7.141013751363899376e-01
7.355487609142204519e+01 1.423069883779251033e-01 -5.218310269126184231e+00
8.633124839801806161e+01 3.069761333817941362e-02 -1.023515443456703089e+00
5.986231518327060996e+01 6.343015737418419286e-01 -2.750636338898418742e+00
6.261535469405248477e+01 7.759625263542626605e-01 -1.507745061965443556e+00
6.242264536464388414e+01 4.369957253884213522e-01 -6.640646468167493710e-01
6.912162173013818744e+01 7.052251402528750823e-01 -1.474744103184554067e+00
7.837736765821813378e+01 6.090137442207269741e-02 -1.003170443739196172e+00
7.349497741142118912e+01 4.459947628867557134e-01 -3.573967464488631673e+00
6.725947088282400443e+01 5.585813345113878059e-01 -4.169129655051103001e+00
6.653957828704326971e+01 6.160818202318970593e-01 -2.623207288926702185e-01
7.808325657391536367e+01 4.317079292631389453e-01 -3.255239536766754149e-01
7.354656009033604391e+01 5.045300137097459281e-01 -3.202279975037405357e+00
6.164101389570620881e+01 6.154704719640746724e-01 -1.274699755926945510e+00
7.490548481087245136e+01 5.440845393880259229e-01 -1.325349884355301322e+00
6.842737193550510710e+01 2.280730547507860140e-01 -5.169088807756483384e+00
6.974229662830771304e+01 7.268116398009230039e-01 -1.154131308131933764e+00
7.264383434308327026e+01 5.289695964175401555e-01 -3.168295321764799333e+00
6.188089707269303830e+01 3.423812363582625085e-01 -8.088352037664110483e-01
6.529433683445049041e+01 6.528293960756115233e-01 -1.422097566742648977e+00
7.923236421551497699e+01 9.406062559874664442e-02 -4.301463340956535042e+00
6.597772518110562601e+01 6.440442158594035238e-01 -4.818614869434912906e-01
6.443857522991210374e+01 6.733311925780341989e-01 -2.034540278264025837e+00
7.075269516809967740e+01 4.737677251371581466e-01 -1.211040708642411312e+00
6.947063820031385717e+01 7.913701040333749326e-01 -1.370305723576324963e+00
7.524487272264516946e+01 5.665207893746899703e-01 -7.459167111795864669e-01
5.916263384498789435e+01 7.030924622731277163e-01 -1.940068876148599353e+00
5.877613525200965228e+01 4.587370931320954859e-01 -3.271103168015660478e-01
6.476539742749002926e+01 3.143559482031227370e-01 -1.576331940961726463e+00
6.762669515055738145e+01 5.129611667501937644e-01 -4.587433894050021443e+00
6.870165427391644641e+01 1.335374468934969194e-01 -3.912432397135449769e+00
7.407221601865539640e+01 2.778985906717119647e-01 -6.651811349653615757e+00
6.337042137581919121e+01 5.024405322916136729e-01 -4.606071881024854875e+00
5.879275015545801608e+01 6.291870231072493880e-01 -3.362988894319498545e-01
7.369592946448364046e+01 2.145727423262694666e-01 -5.284674337827938828e+00
6.029718480350974374e+01 5.441234646111992035e-01 -2.320475036710408556e+00
7.390494826681245399e+01 2.540588196599782300e-01 -6.079705617982265942e+00
6.389115227711867107e+01 5.075830736851200120e-01 -5.253462629934459116e+00
7.310201460787658334e+01 3.143814693709618968e-01 -5.261181960451962958e+00
7.344098092162666092e+01 3.878572101731595639e-02 -2.122643607174309999e+00
6.169154037874837826e+01 7.978116248469536709e-01 -1.215634975679187102e+00
7.963446906183816054e+01 3.229234207998907258e-02 -2.790173356019582496e+00
6.371966980293264271e+01 7.155613495570612992e-01 -5.881567114009014219e+00
6.299407985318730852e+01 5.039010032176666209e-01 -1.754279613415130834e+00
7.335112650636966691e+01 1.660052064011267037e-01 -6.276896724117965398e+00
7.365869798251225120e+01 1.836840344655931712e-01 -5.214227225079151040e+00
7.345505784642736558e+01 2.318288746928524324e-01 -5.237829822638497390e+00
7.107148919758354566e+01 3.110909368160741928e-01 -5.616129591479113170e-01
6.186192919953876412e+01 7.167433815162077559e-01 -7.037502811770471878e-01
7.273415469264878652e+01 4.354373039077839569e-01 -3.836696550791637517e+00
6.360164771648783955e+01 7.104407377418279212e-01 -5.947655685561114680e+00
7.672927614390533790e+01 3.089941051326539623e-01 -3.498175965690770162e-01
6.369577374779203893e+01 6.874686960843878758e-01 -5.883675113780987509e+00
6.226357648292749047e+01 6.970555510031222202e-01 -9.295937322201099084e-02
6.345216283410347557e+01 5.875217711119929964e-01 -5.206910143811160019e+00
7.554072402768061067e+01 3.807114598961893193e-01 -4.704735221463501316e-01
7.291631955460569259e+01 1.652155599431871513e-01 -6.455630010074026259e+00
6.412966380997248450e+01 7.671662545988686688e-01 -3.442313161269605626e+00
6.365681460836813699e+01 5.699540004659491288e-01 -5.836918069188305580e+00
6.441837959187134288e+01 7.594898232552156347e-01 -2.090738706008806957e+00
7.441981882882959098e+01 2.648414753665217503e-01 -5.491140258075774661e+00
6.391358790285550384e+01 5.581469378114730651e-01 -5.215678317508092299e+00
7.433722803744474561e+01 2.538038536306450044e-01 -6.354453108977210718e+00
7.309299016929684001e+01 1.811524223562554492e-01 -6.763167948125729190e+00
7.323301624779612951e+01 1.557960595911790369e-01 -6.764424941973315342e+00
7.401078797830126632e+01 2.910187214076062623e-01 -6.416041685612655421e+00
7.453032929174375454e+01 2.422890415531101793e-01 -4.925074363172302405e+00
7.418702544553771361e+01 2.716621729733918467e-01 -6.641341884628059411e+00
7.286656225561870315e+01 1.542671219935063953e-01 -6.175832117379864705e+00
7.311592835088359266e+01 1.736093052327613850e-01 -6.808354400202235368e+00
7.411255546608573752e+01 1.442265662734112386e-01 -6.662629746648873308e+00
7.286303836406938217e+01 1.963610676546455602e-01 -5.975413472945918514e+00
8.111217521730098667e+01 2.893491605588243906e-02 -1.865396895497054341e+00
6.811386803207598462e+01 5.417113079736476378e-01 -4.249012732963367789e+00
7.456122247968673378e+01 2.354944092855996429e-01 -5.008616559346057429e+00
7.399211850574370430e+01 2.552812329948259684e-01 -6.650989538220061448e+00
7.440529985690903914e+01 2.814046183005036728e-01 -5.699194457272069414e+00
7.438892511784062833e+01 2.263053085969133349e-01 -6.289082116994704208e+00
7.406443314346103080e+01 2.613516330024920897e-01 -6.773850054079624705e+00
7.386219336050763218e+01 2.594570046724765655e-01 -5.716044589434661205e+00
6.041834290142760011e+01 6.052995223357188204e-01 -2.843511441580893973e+00
7.317954769767979428e+01 1.895532770759213170e-01 -6.661576793976443867e+00
7.425834101165912671e+01 2.560741285384520727e-01 -6.602094525062329744e+00
7.413542807795147382e+01 2.531346038233077689e-01 -6.879063863390434186e+00
7.413033611900016240e+01 2.252871159475652307e-01 -7.043561051246780558e+00
6.793537403903587801e+01 7.994158337510436363e-01 -3.948576288487616104e+00
7.408621229631370397e+01 2.779384928987418957e-01 -6.652929088676745373e+00
7.387178078675491122e+01 2.554896708115463322e-01 -6.073197878555642859e+00
7.402002969825942102e+01 2.390364051377577848e-01 -6.728924293207434459e+00
7.810282052496066285e+01 2.566990834380483699e-01 -6.010014200199045309e-01
6.358782725752818976e+01 7.248981763011996815e-01 -5.920714727526236842e+00
7.404046987777303457e+01 2.784881246671342403e-01 -6.509432713183537444e+00
5.969891518638353745e+01 7.987686092912764657e-01 -3.658267948140817349e+00
7.384416235955298191e+01 2.636496436258180531e-01 -5.698076569257872315e+00
7.418038336666700161e+01 2.491562226116093015e-01 -6.840288801333239022e+00
7.409986471114471840e+01 2.680633954664048413e-01 -6.729579367199749917e+00
7.565060060553506105e+01 4.140902296222352327e-03 -4.716668286436639240e-02
7.393527406963038118e+01 2.790806658928026707e-01 -5.960832631320968744e+00
7.400503692428803504e+01 2.831929516843856853e-01 -6.473409990244086032e+00
7.410848626447615572e+01 2.387036972505293397e-01 -6.972115799926510427e+00
7.405404773208550750e+01 2.433519090114608374e-01 -6.883586030714608839e+00
6.733507206016405178e+01 6.134051380891847316e-01 -4.458213195452318978e+00
7.431624885200626807e+01 2.207492581735483739e-01 -6.648265202886087799e+00
6.408131070648720140e+01 5.979836077219039536e-01 -4.041305055241947386e+00
7.415809252911964222e+01 2.332566035362360068e-01 -6.953915462037404183e+00
7.407164417666618306e+01 2.440272003448246962e-01 -6.881510915044368737e+00
6.354536540232960107e+01 7.877173701406242623e-01 -5.884246367525140187e+00
7.415479642015368711e+01 2.430908821445725287e-01 -6.950338070288063719e+00
7.412838372183949787e+01 2.620980840917107035e-01 -6.809512694415752243e+00
7.411161954930059892e+01 2.652971334762707634e-01 -6.781504943264213381e+00
7.392359500633843084e+01 2.345361544600055304e-01 -6.470221051561094505e+00
7.401897839691845604e+01 2.569408192620065146e-01 -6.643662728395408834e+00
6.384440596893134057e+01 7.147828329779181145e-01 -5.466119854531186206e+00
7.427946187555787105e+01 2.616035593172560958e-01 -6.551797970092871459e+00
7.383948454411040530e+01 2.163022009717948668e-01 -5.821955415229494335e+00
7.425632372654382607e+01 2.071409748743918700e-01 -6.957191749407569681e+00
7.419606287184477367e+01 1.857579161646621957e-01 -7.091404257947718115e+00
7.420758749125309350e+01 2.318987642062815269e-01 -6.969451696613637282e+00
7.397746286397284621e+01 2.482342425192860524e-01 -6.426039770816883490e+00
7.417001890756320392e+01 2.119324933099402397e-01 -7.064586887869154452e+00
7.423583536681593387e+01 2.019363371246755967e-01 -6.972684785638066707e+00
6.363270895771638891e+01 6.432473569509640221e-01 -5.899148571973472421e+00
7.407677869507986657e+01 2.535558412727471622e-01 -6.826325905700237229e+00
7.417804356156891288e+01 1.886860590076329391e-01 -7.094577004360783867e+00
7.430536340658788674e+01 2.267601514649488781e-01 -6.599896862839254474e+00
7.436095209676435047e+01 2.501475481730234818e-01 -6.045360310068269349e+00
7.414330984192434926e+01 1.720163308524216006e-01 -7.031933422785067833e+00
7.403556236043039007e+01 2.697619395251828478e-01 -6.567640837522087160e+00
7.420495026440279673e+01 1.508975857609706761e-01 -6.783632790136016055e+00
7.424480282278554455e+01 2.794297569068311948e-01 -6.361315621778163454e+00
7.409367127871480818e+01 1.555578406534251501e-01 -6.836664999138746701e+00
7.420677131434423757e+01 2.123736976344982874e-01 -7.067573369248623116e+00
7.426329642321152846e+01 2.754245238547436414e-01 -6.407180647538529783e+00
7.423192262593180146e+01 1.984461286009429060e-01 -6.981603732803595364e+00
7.405858431330189262e+01 2.106325621389038560e-01 -6.991767453424255763e+00
7.422674576813949443e+01 1.799850080641534067e-01 -6.985296273109996790e+00
7.424275031574543959e+01 2.271336723180271688e-01 -6.843281428570387348e+00
7.425214341506941196e+01 2.619645018251976487e-01 -6.543422086423579920e+00
7.428367594144209818e+01 2.017598062774853540e-01 -6.756272070395805684e+00
7.402463940996452152e+01 1.960187401704444332e-01 -6.768448545550132422e+00
7.431967218936974007e+01 1.934633346041363666e-01 -6.501944299436311248e+00
7.414172092694387572e+01 2.214467077827688424e-01 -7.060149185620934631e+00
7.411715450917023418e+01 2.646767736128326498e-01 -6.787280043211239899e+00
7.403524858018310795e+01 2.522773560064237586e-01 -6.669711372563135399e+00
7.408882098451712750e+01 2.163858784809736813e-01 -6.986049542504126464e+00
7.440817983685067816e+01 1.949206766211555863e-01 -6.163205479892375216e+00
7.421617173962633274e+01 2.704082487885341446e-01 -6.657767927565560129e+00
7.405501283239830457e+01 2.245612210510204987e-01 -6.963527739024489627e+00
7.415690057929485590e+01 1.570091745750616663e-01 -6.904083014267958340e+00
7.398941780579772853e+01 2.006146163792061621e-01 -6.777784059681593476e+00
7.397336415137866084e+01 2.682911596832215362e-01 -6.329454371251285849e+00
7.401309007511841287e+01 1.591953837787315473e-01 -6.734219225843931511e+00
7.410775412204415602e+01 2.294889107877680079e-01 -7.021939420114676977e+00
7.429006463480946820e+01 1.745533039867356584e-01 -6.796866386203408439e+00
7.416132645006611313e+01 2.393094686412298167e-01 -6.912878718757046848e+00
7.385211212287194371e+01 2.024402828560145362e-01 -6.152615258683220567e+00
7.406672046234727702e+01 2.007082467620890098e-01 -6.991862402949501565e+00
7.423437042769667471e+01 1.810223648401243779e-01 -6.988262958422874149e+00
7.429439503037369263e+01 2.360318111521022277e-01 -6.518606166024627058e+00
7.420357765050103183e+01 2.018738451206532059e-01 -7.094734370742183494e+00
7.430984084061118722e+01 1.756157364942456944e-01 -6.801664817898030790e+00
7.416092122144951304e+01 2.331725491996359811e-01 -6.954854064165099103e+00
7.417644921291758919e+01 1.727826197484439996e-01 -7.039226922934884279e+00
7.411304177730768572e+01 2.173601942568845757e-01 -7.071304735792015350e+00
7.431549413717671371e+01 2.002310275166091502e-01 -6.768141213976349491e+00
7.415110518060052414e+01 1.694475687010097986e-01 -7.016078978262083155e+00
7.400502215232120307e+01 1.583591921568761052e-01 -6.489325052369864899e+00
7.403213456520201419e+01 2.048929642161715359e-01 -6.992184280014343223e+00
7.414457788218621204e+01 1.971819466251358843e-01 -7.093501271091220417e+00
7.395002616506083370e+01 1.457971489891341788e-01 -6.300517013172553860e+00
7.409877533055333743e+01 1.950817263521666678e-01 -7.095447134163516800e+00
7.428463693339259066e+01 2.144284028349421334e-01 -6.686461881163873855e+00
7.407324601261221630e+01 1.864434916579595092e-01 -6.955617640709904848e+00
7.410532107558555026e+01 1.492168322617991316e-01 -6.746017182607479512e+00
7.411613070262662006e+01 2.085542865471669005e-01 -7.092700013520550684e+00
7.419827445726795645e+01 2.225533933346458826e-01 -7.021973270029196357e+00
7.422299434562788178e+01 2.072601116629356754e-01 -6.951795421976928679e+00
7.415717386295180802e+01 2.155604197750980999e-01 -7.049118293516528411e+00
7.426213023856331574e+01 2.328298040665649493e-01 -6.804822726000839594e+00
7.399379757653173328e+01 2.323955121731782203e-01 -6.750729513600387754e+00
7.408569001364138273e+01 1.597077384518879040e-01 -6.887290992515075594e+00
7.416956647428389715e+01 1.967210481174069547e-01 -7.096561829399131049e+00
7.422158883480244640e+01 2.081427480767560623e-01 -6.947931759350668202e+00
7.416226474117262057e+01 2.007486565857641847e-01 -7.091709017866943299e+00
7.410157828368714661e+01 1.764843306467519246e-01 -7.032339559461844303e+00
7.410637685663787977e+01 2.129975633942207125e-01 -7.082770829169582782e+00
7.412382703100546166e+01 2.179766884268430072e-01 -7.070419981182699765e+00
7.417408435705894476e+01 2.064232935248717371e-01 -7.081786482585711084e+00
7.403388145522004038e+01 1.951998812240158809e-01 -6.981423330734021881e+00
7.421849779227154897e+01 1.971613269134218083e-01 -6.982596966255520954e+00
6.382955399910834160e+01 6.257066342000167092e-01 -5.545984076586025324e+00
7.423551091455138362e+01 2.013728383589979964e-01 -6.974332990822017742e+00
7.417496895532249823e+01 1.773953391506982447e-01 -7.062556966216503973e+00
7.411457887578501413e+01 1.858975866530159782e-01 -7.076512089882069922e+00
7.412294236159554828e+01 1.918422709954382965e-01 -7.092553915476715432e+00
7.405349184650773964e+01 2.088236707250289426e-01 -6.992726465839996131e+00
7.412071807737849838e+01 2.075996284539707304e-01 -7.094595234654336835e+00
7.401001738316409728e+01 1.962248204513561411e-01 -6.768585545088355637e+00
7.415688394198714661e+01 2.033687085020265961e-01 -7.086634588077445507e+00
7.419425901012557745e+01 2.188477828742229347e-01 -7.039513511485985475e+00
7.410350659904776194e+01 2.044038444284660694e-01 -7.096742387642288818e+00
7.401394530698442509e+01 1.840890446896552290e-01 -6.719770390126167392e+00
7.417859500069188528e+01 1.936181887822314429e-01 -7.098216292841584618e+00
7.408480205210528879e+01 1.942841524725394675e-01 -7.093384829757237497e+00
7.418764867733803214e+01 1.706399491897910570e-01 -7.026976721553632288e+00
7.407077947812325647e+01 1.862405321256861701e-01 -6.954644072756946294e+00
7.419050158701554665e+01 1.859412319641201294e-01 -7.091231896985803473e+00
7.423010582516833722e+01 1.943936079432724284e-01 -6.989170943263444791e+00
7.416750642308230113e+01 1.951873563244566068e-01 -7.096942495978741050e+00
7.421921144968413842e+01 2.050788186293282522e-01 -6.959687226235875102e+00
7.411998155323435356e+01 1.821282178422772013e-01 -7.062430013782138083e+00
7.421702504807045386e+01 1.903583954582788729e-01 -6.991614672666147001e+00
7.411156367241846965e+01 1.913796587440973473e-01 -7.090790415519363066e+00
7.413538988579549027e+01 1.976071243759720542e-01 -7.100540893572852674e+00
7.415835562225311151e+01 2.016090799953867418e-01 -7.089951839672606226e+00
7.424128251926855171e+01 1.992921433626434757e-01 -6.980850214874073423e+00
7.417058563133701909e+01 1.863336600019448730e-01 -7.090025552438102174e+00
7.418074599675989589e+01 1.856566149468867888e-01 -7.089678173775106451e+00
7.411813499988166143e+01 1.902081168339460060e-01 -7.088811007390237506e+00
7.418548169373013934e+01 1.929840964198712983e-01 -7.098814374906901037e+00
7.416644333532960331e+01 1.933702852613930767e-01 -7.096872834132530450e+00
7.419203631349186878e+01 1.927589526479126514e-01 -7.099437682661585924e+00
7.424761678448594182e+01 1.862475515041484286e-01 -6.995847620959608548e+00
7.420540273666331643e+01 1.948436335986733214e-01 -6.985100860988567639e+00
7.414904831738385838e+01 2.049912124565785865e-01 -7.082261133279713405e+00
7.417773003639905482e+01 1.846583535824255773e-01 -7.087157861775756906e+00
7.417275769693608822e+01 1.825989348294791426e-01 -7.081262047204963217e+00
7.414406290826153167e+01 1.970819679644215672e-01 -7.093511476846330766e+00
7.423331749418061065e+01 1.915284091894167984e-01 -6.992947603788921107e+00
7.412608216171898334e+01 1.949556073074731055e-01 -7.097497470996367852e+00
7.413470013703299344e+01 1.954389776206260088e-01 -7.098720040227591177e+00
8.024992340209621489e+01 4.487296274469017021e-01 -1.445245822588013818e+00
7.621981307371949299e+01 1.922704449911254165e-01 -2.673555078747456570e-01
7.058604027057737085e+01 3.400249337955594808e-01 -1.653637786229787077e+00
5.978497006220343479e+01 1.168006528688539936e-01 -6.387468174794909137e-01
6.401730880708322502e+01 2.073255349402186032e-01 -3.671523609248350972e+00
6.468482236786728379e+01 4.115732159766675169e-01 -1.725162817085666767e+00
7.433514281397307855e+01 2.699641628249727643e-01 -6.181150888418342149e+00
8.274412068040898305e+01 6.327491302421309749e-01 -1.009072572816428759e-02
8.391989047838330862e+01 3.048761943021227605e-01 -2.557756808091010692e-01
8.113460829718702882e+01 2.933096069840323561e-01 -2.114360007371820505e+00
7.777395939290539673e+01 2.769743554375869721e-01 -6.035880179523898104e-01
8.321504296110526866e+01 6.477785413841803397e-01 -5.779801360340119237e-02
6.690407596280266489e+01 1.011173006981994082e-01 -5.302562608069563699e-02
6.159298992801382155e+01 6.738983808088815364e-01 -1.266008186230980215e+00
6.840919930477059552e+01 7.493835397293910905e-01 -4.051351481782544894e+00
6.436741566685437022e+01 7.120891552485377751e-01 -2.284266295872301011e+00
6.015830196942828678e+01 3.322114932961004463e-01 -1.423731954791414012e+00
6.344120701353347869e+01 2.087046668070410560e-01 -2.345724082677860256e+00
7.503367101651757309e+01 1.461008096255995148e-01 -2.293127847635813676e+00
6.896766780255956064e+01 7.845396641673270111e-01 -1.773378253218958367e+00
7.199611982930539966e+01 7.624554387587731963e-01 -6.020174886743023812e-01
5.884983129182415951e+01 6.565587752296718760e-01 -2.988007313117191366e-01
8.630705634305358842e+01 1.671836458589178176e-01 -2.330844920676240939e+00
6.939770806012623439e+01 6.245095179195815360e-01 -1.476136360262819247e+00
7.030494240358913771e+01 5.207935749443640683e-01 -1.765320996630094008e+00
7.140098373124953923e+01 4.043302971682913305e-02 -8.044650295472959012e-02
8.579118968929802236e+01 5.788415274223813745e-01 -8.007113623526330715e-01
7.949419278503035002e+01 2.531671633423885348e-01 -3.856911992931682853e+00
6.586998668389274769e+01 5.688679035771124770e-01 -4.124123739373871667e-01
8.463807186572915953e+01 7.535716017866297411e-01 -4.836701955575976042e-01
6.068907231682764092e+01 1.331067528815777501e-01 -7.306878881841093465e-01
6.292305053120973923e+01 6.036679640724632034e-02 -7.000823544408163457e-02
8.144679488636626274e+01 5.896856851969599633e-01 -1.644263975649543352e-01
6.803319927625116748e+01 5.089207840087656143e-01 -4.511592907588189760e+00
7.378747150197966675e+01 6.709724736470239481e-01 -2.986539947933356309e+00
7.736553220253625796e+01 5.011856523382042239e-01 -3.777426991790045485e-01
7.990464960661779514e+01 6.486251743699629202e-01 -8.174636072445755630e-01
7.720364583633019606e+01 4.160348644978724697e-01 -5.147501932645269784e-01
7.666585835982930064e+01 5.568257736516224465e-01 -1.800400408996322699e-01
6.452370509216093808e+01 6.833238812837926224e-01 -1.854618789433609471e+00
8.667134213321369884e+01 5.483282584023713158e-01 -7.257078488908158542e-01
7.290029784330636176e+01 4.786586316226916771e-01 -3.587426076389534924e+00
6.773348420932005354e+01 2.665004769163470399e-02 -1.015662768418376383e-01
7.235210034773911048e+01 3.699834143495540628e-01 -2.598450555382632032e+00
6.352161049851870445e+01 2.303152314066267137e-01 -2.935171423804018076e+00
6.876561513869305031e+01 1.427593414479776113e-01 -3.886261685628834783e+00
5.876817842387455926e+01 5.158780870895615100e-01 -3.335545065917288055e-01
6.545873267790547345e+01 2.368582091637036202e-01 -1.193554920984269963e+00
8.246035252085556522e+01 3.948081063008103686e-01 -1.099094912950209502e-01
8.365315348385108507e+01 4.241012799135187028e-01 -1.520299431274799162e-01
6.990586137744000439e+01 4.030567262739948586e-01 -1.307803624944645859e+00
7.528562778030079983e+01 5.394706050427888755e-01 -6.870908190933389115e-01
6.214978685464375019e+01 3.491453205379746461e-03 -2.329450170684526158e-02
8.517900974618214605e+01 1.118416589716113574e-01 -8.429434201629537604e-01
7.896919603581299896e+01 2.436608691660954451e-01 -2.495173534413761107e+00
7.160834531687541471e+01 3.789924986451826405e-01 -2.660969023448631621e-01
6.735021792203254165e+01 1.912289240371240484e-01 -3.364921703804538922e+00
6.502035912947853546e+01 4.430717367330082590e-01 -1.587981536899716106e+00
7.360485157528498235e+01 8.165103218046544653e-02 -3.974567101142318482e+00
8.730547498250324168e+01 6.071557586092007908e-01 -3.085147664942569090e-01
7.551007726608204962e+01 7.263625655815324489e-01 -4.389008105326671627e-01
5.914689394816721091e+01 7.027222542898156066e-01 -1.941326804667817818e+00
6.270119649655176630e+01 6.209505405942943312e-01 -1.663624133329161925e+00
8.700308967449215913e+01 3.593555947971785458e-01 -1.058796553405275898e+00
8.425679458659629972e+01 7.362015050947078310e-01 -3.287112812105243420e-01
7.583520925266502388e+01 2.842961943013861958e-01 -3.941605658908374776e-01
6.930449773663409019e+01 2.989059449992782502e-01 -1.859158958063364508e+00
6.202160847777059871e+01 4.647376132321272002e-01 -3.129265509705179693e-01
7.010163434899186541e+01 4.882390934013951522e-01 -1.600319017697010793e+00
8.215356443089704896e+01 8.899222920835481165e-02 -7.332520410305319591e-03
7.481556566450093726e+01 3.917132757685705124e-01 -2.156555825925475567e+00
6.255601738859786565e+01 1.777870618510440370e-01 -6.211291304326419516e-01
7.813475868865508289e+01 2.615586207362013971e-01 -5.892737976634999653e-01
6.144153859247085592e+01 1.521194081594229863e-01 -4.677210496607710488e-01
8.655961412578315617e+01 2.205747206598538401e-01 -2.183745412134120212e+00
7.695620534000929069e+01 1.680467859563022914e-01 -7.547869465022944979e-01
8.077964811565936998e+01 7.343488090192311635e-01 -6.626074488175512922e-01
6.087334424104163588e+01 3.517987151142714097e-01 -2.717114641996009272e+00
8.487984504000415598e+01 7.769495900293986734e-01 -6.591101956810115903e-01
7.923332626495677289e+01 4.379585605216851363e-01 -1.591569539539971156e+00
7.429728825542886739e+01 3.187804930353040356e-01 -5.934204739630888348e+00
7.185299562407610097e+01 5.961083959709781999e-01 -4.352336933343211034e-01
5.946444793294512721e+01 7.407005461159268944e-02 -1.214359194808466852e-02
7.343227221523072501e+01 4.865689435680892183e-01 -3.378287936179972917e+00
6.652671253362584025e+01 6.407737424865179998e-02 -1.415365806820277905e-01
8.304040344898136539e+01 6.098498728695149751e-01 -1.880383265599335635e-02
7.272842233242353416e+01 1.264666970442306915e-01 -5.207328620021636212e+00
7.801128650458458935e+01 2.129808316595182063e-02 -7.483854424267286642e-01
6.704711011321198555e+01 5.676777124845697742e-01 -2.626406540273543921e+00
7.865403958474090018e+01 3.516900827799438606e-02 -7.580252580977083765e-01
6.640253534328498120e+01 5.355724083539595837e-01 -3.263120795116235540e-01
7.984925424139744621e+01 3.641982170212985093e-01 -2.467193658063887352e+00
8.566092958514160216e+01 7.078008181914007269e-01 -8.415496960801656101e-01
8.766974416544016435e+01 1.526610279561382323e-02 -1.355498973614900571e+00
7.094175372040673722e+01 3.258535598467633965e-01 -8.487715804076622073e-01
6.035527298163446375e+01 7.739740886742444426e-01 -2.881882773368880546e+00
8.439911070815645644e+01 7.950376596913821814e-01 -3.638921471511190053e-01
6.568818610542969338e+01 6.937595589637961524e-01 -5.807922653917236833e-01
8.183534086007722408e+01 5.526072522202599147e-02 -3.140326536565098414e-01
8.072515417444373043e+01 4.604203776284844785e-01 -1.454384637141721726e+00
7.947790638578207734e+01 1.536505330009930448e-01 -5.404945710824610394e+00
6.149843035683672099e+01 7.428058604997161973e-01 -1.201782228015221499e+00
7.365197631059764660e+01 3.150763093851531305e-01 -4.483663185739853674e+00
6.386119132006710686e+01 6.513835922183897065e-01 -5.329468814679103161e+00
6.381716005372459932e+01 7.987769382982108368e-01 -5.571555388541490572e+00
7.389522672425822236e+01 3.314677626092800145e-01 -5.623163489968241002e+00
6.366222469128499739e+01 7.126025180734476550e-01 -5.937554032981153362e+00
7.312178167522725403e+01 2.279989454063608145e-01 -6.305572846418961319e+00
7.065127562658825866e+01 1.739894447471947436e-01 -1.293418848855896641e+00
8.023877505504431440e+01 1.955013874958546893e-01 -4.110340638405133973e+00
7.936606021151821722e+01 1.389501433643413886e-01 -5.247708136443992366e+00
7.377918067122803336e+01 2.575420463478293454e-01 -5.401044325672245350e+00
7.203968477025800610e+01 1.802507800897931722e-01 -8.414642633875668576e-01
6.355341606675335697e+01 6.866452008543304508e-01 -5.889877876210926289e+00
7.325846503229284679e+01 1.945376727960329288e-01 -6.497150976689074042e+00
6.353083448612726869e+01 6.657827922662794551e-01 -5.765092113527802375e+00
6.401239353109039598e+01 6.589519774985816980e-01 -4.548065789738974907e+00
6.338020187627123647e+01 7.978140986799305834e-01 -5.039085883469481608e+00
8.383930930929810188e+01 6.850951739958501679e-03 -3.033270120344973564e-01
7.109926071418115612e+01 1.483704296368530684e-01 -4.580979003289321616e-01
7.081571375279862934e+01 2.074504040244223857e-01 -1.100780926689534311e+00
8.147647697869835781e+01 1.690196096939329262e-01 -1.516929348514742593e+00
8.166497965697078598e+01 1.895803710667817443e-01 -6.407232365667809848e-01
6.371299045527710803e+01 6.734563854650725823e-01 -5.884042995906780149e+00
6.378210392689174313e+01 7.313480765750647317e-01 -5.629031856642013665e+00
7.383233785776798186e+01 4.292042303287040700e-02 -1.634946887772177337e+00
6.359183498122433065e+01 7.598633831645612569e-01 -5.941436174873956588e+00
6.770643988355591603e+01 3.985883189001404037e-01 -4.943931357539124605e+00
6.680234256281435989e+01 3.412968372592229960e-01 -4.756607489667973865e-01
7.350169513899025731e+01 1.567108763458459342e-01 -5.451368468274467638e+00
6.378872089456618255e+01 7.054533838660788092e-01 -5.649663369291806347e+00
7.413561951455309895e+01 2.235181029707282441e-01 -7.051474971690822713e+00
6.349686656421403086e+01 6.618106180235128200e-01 -5.600381746369015978e+00
6.338073538101453153e+01 7.061357377499952737e-01 -5.205999073741721439e+00
7.907783635850772441e+01 1.763899567770272070e-01 -3.464536761425303535e+00
7.961652494770726207e+01 1.171229453544673921e-01 -6.405547975452252629e+00
8.002963621953308859e+01 1.493133180841443863e-01 -5.637926914945528445e+00
6.851249219223156217e+01 2.294483301652421037e-01 -5.495300132991345343e+00
7.293311220051072041e+01 5.651666226841401963e-01 -3.019222577684096631e+00
7.388286103997542398e+01 1.144522402624189583e-01 -5.296190365958025836e+00
7.923212909150845462e+01 3.204904316051502278e-01 -2.500171872420076102e+00
8.244848507993120279e+01 5.126891340196826352e-01 -6.064144551606998057e-02
6.382813434980448619e+01 7.219220473137110128e-01 -5.457506836466203382e+00
6.360587620304067258e+01 7.078654871437404239e-01 -5.946410492522014479e+00
7.439593497055305704e+01 7.474450534588703704e-03 -3.901063917185389456e-03
6.344343560659386583e+01 7.463244704661589068e-01 -5.523116937871503929e+00
6.689795202158254028e+01 4.139922162426679098e-01 -9.454185156273842150e-01
7.305973201377409509e+01 1.707462146738659703e-01 -6.763505728686005192e+00
6.852756243930296876e+01 5.470784182412317120e-01 -4.824761099735775716e+00
7.611810253936477011e+01 1.795891327221722442e-02 -2.025217061330109036e-02
7.983542938672687228e+01 9.376963541131788649e-02 -6.466642629370289441e+00
7.328293028978615098e+01 2.240198212496634922e-01 -5.988489446715740350e+00
6.815607367514884629e+01 3.958735516038585089e-01 -4.558440532315998439e+00
6.864425246096482169e+01 1.923754195300836356e-01 -5.077985089156288545e+00
6.354254842291101113e+01 6.926836300322918305e-01 -5.800081129054629692e+00
7.424950968622734138e+01 2.751123893821741384e-01 -6.408014858685031179e+00
6.939664296350410666e+01 2.357873990471474057e-01 -1.675943148420937057e+00
8.066728641261508415e+01 7.478928589898437007e-02 -3.719463027607978312e+00
6.794473296316913036e+01 6.754566571020930166e-01 -4.251408373313132039e+00
6.341823237904101518e+01 7.395176734910421379e-01 -5.258517786888705636e+00
6.347142648359749018e+01 7.256047876774407435e-01 -5.695121905496224990e+00
6.968393412306633650e+01 2.086691126775918337e-01 -1.041997554525831093e+00
6.358372952849160242e+01 7.014052330035506211e-01 -5.902690993205530035e+00
6.368083886084813372e+01 6.664528649432130969e-01 -5.882624561497181048e+00
7.977802096142802668e+01 5.698204975164165020e-01 -1.098920260680410488e+00
6.383937916810442914e+01 7.024424151682429063e-01 -5.478443927375823641e+00
6.371075688986276475e+01 7.086016678869101471e-01 -5.882338060149510994e+00
6.368625781672229635e+01 6.901195410428209165e-01 -5.883280213718883545e+00
6.369552991688696864e+01 7.039095807284185824e-01 -5.882434473592708990e+00
6.347135005742538283e+01 7.291764349178178062e-01 -5.699422422546603251e+00
7.334182339933555284e+01 4.408919230716943360e-01 -3.770661802301873422e+00
6.351351173397133465e+01 7.667411494581373166e-01 -5.738074529728011797e+00
6.360830311123628888e+01 6.848141631932344042e-01 -5.933216006492274097e+00
6.383148151416750693e+01 6.944542831361733004e-01 -5.485914145758766125e+00
7.349049495165054680e+01 3.669621305805979006e-01 -4.161678024890207439e+00
7.433219886647856356e+01 2.404654052448259027e-01 -6.485022659329298556e+00
7.454857245374937236e+01 2.119098256602404973e-01 -5.253071197583335739e+00
7.923713635071700878e+01 3.385481284800375690e-01 -2.338705722824284461e+00
6.358869376848790722e+01 7.034344675858728024e-01 -5.904326764316373044e+00
6.384962903635528164e+01 7.500898860048259564e-01 -5.428580781267792865e+00
6.369333115495487618e+01 7.291322858288906694e-01 -5.877934321149895780e+00
7.910931865128793561e+01 1.711860403566953237e-01 -3.789016024170670072e+00
7.396544624201746387e+01 2.063060895870615363e-01 -6.495195694170286416e+00
7.365484666573910033e+01 2.172126686227232872e-01 -5.141588133625687895e+00
6.361274962696541024e+01 7.711627190265791798e-01 -5.967031499869034583e+00
7.332432605844948625e+01 1.702556869270109297e-01 -6.251179118062585971e+00
7.374576683648518838e+01 2.345008498831559207e-01 -5.229529776821471465e+00
6.362212406915973162e+01 6.912402225103844167e-01 -5.937266906286620127e+00
6.346570902792021940e+01 7.122630130315420471e-01 -5.473407069349438103e+00
6.364892613421034184e+01 7.138614199668822380e-01 -5.937493625526074403e+00
7.301127274738622930e+01 1.642210489057841505e-01 -6.642125755655360564e+00
6.355567746065090518e+01 7.324768236386314246e-01 -5.926114584269082108e+00
6.335298268329367488e+01 6.859383268936731781e-01 -4.852014941513647983e+00
6.358059400284739127e+01 7.805457075586372806e-01 -5.950807367335925413e+00
6.382136234979611800e+01 7.407331934850782673e-01 -5.436838134162989888e+00
6.357852149857767898e+01 6.993163029379891871e-01 -5.900980329072197605e+00
7.462139633045677556e+01 2.537504796683701658e-01 -4.392386873599940067e+00
6.357316232483368168e+01 7.187336749673683967e-01 -5.916493085545676323e+00
6.363377080716064427e+01 7.269779076942577412e-01 -5.954989750340647703e+00
6.354048951816869817e+01 7.169582871600925777e-01 -5.827122278699469859e+00
7.326979136580030172e+01 1.572943244293970866e-01 -6.574370826359968056e+00
6.370790999197984661e+01 7.060229293566353537e-01 -5.882583515561928600e+00
7.419107823340794994e+01 1.877132746234765615e-01 -7.094489129224641921e+00
7.396559542897222173e+01 1.839311036909032082e-01 -6.717984952453830871e+00
6.354362406100343463e+01 7.849787963106600319e-01 -5.882566611864940676e+00
7.298737503338080046e+01 1.967512532729811525e-01 -6.513850612296632647e+00
7.417609294573438206e+01 2.269722040179605327e-01 -6.994954846062441334e+00
6.345847128284651006e+01 7.984051304631892831e-01 -5.582197162896296305e+00
6.342436044535728001e+01 7.829793589903998319e-01 -5.319102859489417412e+00
7.407997206545333313e+01 2.246965914826161981e-01 -6.965005711605648742e+00
7.287598849212963614e+01 2.478798897957625869e-01 -5.674053249036415281e+00
7.277733054223759268e+01 1.914671277075357392e-01 -5.749624130558693480e+00
7.414516738826615949e+01 1.499823064327628630e-01 -6.813651302431827261e+00
6.323811975151689069e+01 7.817308126509199262e-01 -3.887734432448489486e+00
6.355711289929664076e+01 7.968661118993688453e-01 -5.889508074901822710e+00
6.343061935451439837e+01 7.892736182216417706e-01 -5.574242247251811833e+00
7.435758894436851563e+01 2.005357730649203196e-01 -6.474348796988674160e+00
6.358807478518289713e+01 7.448017749391695475e-01 -5.933342154901264820e+00
7.428669825265441773e+01 2.176971221086338171e-01 -6.664795738700945549e+00
6.371689210237340006e+01 7.022722267606035240e-01 -5.883309509831567752e+00
7.440485383164268285e+01 1.594225977144430040e-01 -6.224843239145909202e+00
7.379530471323295160e+01 2.121537952144528227e-01 -5.518877132611820002e+00
7.309804498395061501e+01 1.879896602073324319e-01 -6.712368798324167329e+00
7.426026911360098381e+01 2.572635829621642833e-01 -6.590970559165453047e+00
6.341749154611267159e+01 7.917913730093285585e-01 -5.330597913410827005e+00
7.324515339623542332e+01 1.582598585071059161e-01 -6.756272410938779061e+00
7.416838688157130832e+01 2.281731194935416596e-01 -6.986920859416317242e+00
7.411671571053170737e+01 1.983632747399458329e-01 -7.099357805621265172e+00
7.429511757665495963e+01 2.120876639846733802e-01 -6.703152985083101534e+00
7.420272033747913554e+01 2.418963439645259172e-01 -6.899888710500791333e+00
7.402018846808300623e+01 2.494704482988088223e-01 -6.682887992103129449e+00
7.428647066782484387e+01 1.634954582446563609e-01 -6.754625965739571747e+00
7.405647051832598038e+01 2.847201824567965334e-01 -6.595095667237107051e+00
7.399867176861855000e+01 1.847983197252043297e-01 -6.723265235629211745e+00
7.313743730484858929e+01 1.934142559342026113e-01 -6.666119208448305855e+00
7.445457490157559732e+01 2.067271189676767040e-01 -5.695493658761526135e+00
7.404789127617733868e+01 1.397072957325048992e-01 -6.419575918036392714e+00
6.367845785272547943e+01 7.033305432920613498e-01 -5.936132881357151447e+00
7.335381420208456404e+01 2.004560004290996678e-01 -6.004803145922669394e+00
7.304898166918995628e+01 2.134907504358804775e-01 -6.452947242138569628e+00
7.309754630624796334e+01 1.247721125338554504e-01 -6.709791971006664468e+00
7.304067442477428074e+01 1.620833215014636508e-01 -6.785511253314362001e+00
7.391600231905090368e+01 2.143927745181848088e-01 -6.498887622795574082e+00
6.352725189830432839e+01 6.981083640646513766e-01 -5.806972170111809994e+00
7.431027436372897910e+01 2.709626670468088250e-01 -6.165223089826519676e+00
7.390655158500251787e+01 1.672792141021041956e-01 -6.294349706618000084e+00
6.378240439498436842e+01 7.569601549834582555e-01 -5.607314645908193285e+00
6.357985673007873118e+01 7.703909197820989485e-01 -5.946500538964868632e+00
7.336856066114998498e+01 1.360761019399575333e-01 -6.030405386205414331e+00
7.388739408267038300e+01 1.894239391011138529e-01 -6.113878853630657417e+00
7.429062096001629811e+01 1.878335772638154710e-01 -6.799591006006987293e+00
7.414876409791501999e+01 1.646970011291210012e-01 -6.979572254804759623e+00
7.414250473426287158e+01 2.002902322500367538e-01 -7.101914924375198446e+00
7.402282377080176445e+01 2.049477642720236581e-01 -6.785001467002831355e+00
7.417705420657586046e+01 1.930145632721746995e-01 -7.097924978711411370e+00
7.431772917410408752e+01 2.316413097838513624e-01 -6.561550610824658847e+00
7.410772494038415914e+01 2.257736004298718235e-01 -7.039081549853245967e+00
7.409516633604853553e+01 1.900701564424589485e-01 -7.086765255351804349e+00
7.415534025039630706e+01 2.128126936867930918e-01 -7.059600065696923110e+00
7.431201231132180851e+01 1.967157274802525391e-01 -6.780861244394377430e+00
7.423001962824046984e+01 1.715271474651061390e-01 -6.957295558229909638e+00
7.412171738540851607e+01 1.804299382299645316e-01 -7.054774582751308643e+00
7.411104274651394519e+01 1.360752210950890717e-01 -6.501899299902495599e+00
7.420415846080328492e+01 2.337384728453006655e-01 -6.957132918063193117e+00
7.406024451311566281e+01 2.101056565244807384e-01 -6.992312081863963691e+00
7.422331849266643644e+01 2.498395792595348996e-01 -6.654614700498384217e+00
7.423263889025288620e+01 2.054205948097768131e-01 -6.960382642796652419e+00
7.399453737451000279e+01 2.330382266135117841e-01 -6.748738802720547270e+00
7.434614253341875667e+01 2.035508474423632919e-01 -6.454691997663278613e+00
7.384447167546926494e+01 2.506832003460693348e-01 -5.749548441172106727e+00
7.407396737827117761e+01 1.744643694214052521e-01 -6.886008371674844142e+00
6.352765792836044767e+01 7.764166899702158453e-01 -5.877315348820391527e+00
7.421191626036636535e+01 2.737624520791078209e-01 -6.625031108643447020e+00
7.429247337032008147e+01 2.405777598995706978e-01 -6.476437875913889641e+00
7.421658332704240024e+01 2.616806808015469388e-01 -6.738487497147459315e+00
7.412253513271059546e+01 2.103761311737971096e-01 -7.090036464444814612e+00
7.418537069377694593e+01 2.115991477200250825e-01 -7.067642198434577416e+00
7.403865734447231262e+01 1.981054268062480139e-01 -6.986983380872292315e+00
7.406467708356979074e+01 2.209636967732088175e-01 -6.974326446397740575e+00
7.416804195020424118e+01 2.152826830859805585e-01 -7.051631198012945134e+00
7.429440183672497255e+01 2.605722656811298998e-01 -6.275149354945639857e+00
7.424861066172513802e+01 1.880457632250638333e-01 -6.996399257418966400e+00
7.429747555160480488e+01 1.830501255474766831e-01 -6.805019547638192279e+00
7.423481708262909251e+01 2.024650368584732518e-01 -6.970892840297539195e+00
7.406714025021058490e+01 1.844425952277914671e-01 -6.946384058081155999e+00
7.421088782063809219e+01 2.491158551953308598e-01 -6.845079319133306583e+00
7.412640483459053087e+01 2.334150683262888881e-01 -7.003963957305990640e+00
7.417161937594197241e+01 2.380871962858657764e-01 -6.923026660404723032e+00
7.406935375866557081e+01 2.314235067105214483e-01 -6.940520790109154348e+00
7.413632587251191808e+01 1.963672488324034182e-01 -7.099730812396002122e+00
7.418594545834186249e+01 1.860614262564743715e-01 -7.091022378323501130e+00
7.412793166175815429e+01 1.825016280020191894e-01 -7.064567008584508478e+00
7.390531430756293219e+01 1.967213840593283747e-01 -6.139159980519743876e+00
7.422433648963107089e+01 1.973592515469317910e-01 -6.982988507406494350e+00
7.426525375129300244e+01 1.718221239399065903e-01 -6.786777498800274699e+00
7.420566991033713578e+01 1.691667181676608789e-01 -6.942802514908644973e+00
7.422117023371836808e+01 2.061516034430127542e-01 -6.955926020136183219e+00
7.421759235141061595e+01 2.442327587942577094e-01 -6.884432605356484380e+00
7.404746526472177948e+01 2.172447340400528448e-01 -6.981507178910814737e+00
7.402579980522537539e+01 2.125769415974409771e-01 -6.787707432307699129e+00
7.407829073303689427e+01 1.896352398620803903e-01 -6.968124865153074943e+00
7.410443752942910578e+01 2.264292243215711431e-01 -7.035841132104074802e+00
7.415585420852960397e+01 2.260149239845908320e-01 -6.997686509751724238e+00
7.409450000288782689e+01 2.087891358435213507e-01 -7.090306703850523640e+00
7.411260151475245550e+01 2.011244050073201783e-01 -7.099278677960962902e+00
7.418951265969940323e+01 1.793223204401714899e-01 -7.071798659863460124e+00
7.421989332551420659e+01 1.783790688378677491e-01 -6.980731900664007838e+00
7.417723138988273490e+01 2.091143815354605806e-01 -7.074686349228579196e+00
7.415257099998277113e+01 2.217542843706863942e-01 -7.020045357052276280e+00
7.409762955433298259e+01 1.983054337758313745e-01 -7.097737897233322713e+00
7.404935121197451053e+01 2.251431282777870690e-01 -6.961291387217738880e+00
7.410652889570823731e+01 2.068891351400746759e-01 -7.094285943860790589e+00
7.408234147044720430e+01 2.040271377842629852e-01 -6.995034129045768267e+00
7.421221655097950531e+01 2.139674193893361664e-01 -6.919079280334742066e+00
7.422881361328313687e+01 2.171546092973278275e-01 -6.904350128493810246e+00
7.412477219117123184e+01 2.155462471838174021e-01 -7.077865103392945834e+00
7.412162883523778589e+01 1.941911790157609397e-01 -7.096197218573133902e+00
7.408660706759620496e+01 2.182980174962400322e-01 -6.982128987261278397e+00
7.411743435243056410e+01 1.882323388318566382e-01 -7.083813783985806189e+00
7.417319664472557861e+01 1.986327481226826952e-01 -7.095498192295607964e+00
7.414069375795693873e+01 2.114886583855497548e-01 -7.089475419152954316e+00
7.407971951126856425e+01 1.780830300860840876e-01 -7.040066454948241237e+00
7.413097935604390898e+01 2.297466825535679491e-01 -7.023184101473647800e+00
7.417553988813605770e+01 2.204184684907676273e-01 -7.029667052818104445e+00
7.406742911720554901e+01 1.973932461584827214e-01 -6.987434392092993107e+00
7.413463459863676519e+01 2.020061354219957472e-01 -7.100941486736830122e+00
7.413389639189344393e+01 2.148154154656676251e-01 -7.080774394920746673e+00
7.415127241226559818e+01 1.880479046940548571e-01 -7.090959764709986679e+00
7.415154661683908444e+01 2.031061768857861660e-01 -7.086519849899985068e+00
7.409003551055133130e+01 1.856932180410381938e-01 -7.074083593999597852e+00
7.416535458378679380e+01 1.855622660225830778e-01 -7.087956762216803597e+00
7.413783494748734881e+01 1.927074810284824524e-01 -7.095243009731054151e+00
7.412645667053796217e+01 1.841480631742096752e-01 -7.071098010522202770e+00
7.415183264167275468e+01 1.899359346156767048e-01 -7.093323216574288992e+00
7.417433534141201790e+01 2.162730436652638422e-01 -7.048324415468322890e+00
7.417724234142416151e+01 1.988018687585516864e-01 -7.095785853611879190e+00
7.415973527631356887e+01 1.894214433226636407e-01 -7.093597263508890194e+00
7.418140665125631017e+01 1.876777241103374516e-01 -7.093455933610940178e+00
7.416012556602746031e+01 1.937140560197027628e-01 -7.096242036236410478e+00
7.417877756137539791e+01 2.019069691120416454e-01 -7.091822998621303498e+00
7.419522154685995474e+01 2.011782956172827874e-01 -7.094856623192008271e+00
7.416508248327323827e+01 2.009998532771330726e-01 -7.091666839089331376e+00
7.419330263080935595e+01 2.061604014876279867e-01 -7.084735446716082130e+00
7.415620245919200215e+01 2.082919990945077127e-01 -7.074565284667892584e+00
7.415671763223316759e+01 2.048610131082669317e-01 -7.083465544909553380e+00
7.415273620139272737e+01 1.943487200155330497e-01 -7.095455977118993118e+00
7.416905445924568596e+01 2.129581877445395066e-01 -7.060774220801101286e+00
7.409167104231319456e+01 1.926374732945978219e-01 -7.091527580291648647e+00
7.408888834307512639e+01 1.866674570247245646e-01 -7.077153456343794780e+00
7.412207142101235036e+01 2.023886373707556308e-01 -7.099697066395456169e+00
8.248862082403596219e+01 6.039918994876559699e-01 -3.660504137959780940e-02
7.171454905571330585e+01 2.792152035938017529e-01 -2.922850082531409099e-01
7.598653894800006015e+01 4.805323114328530210e-01 -3.560857914702159621e-01
6.439219659991867672e+01 2.084024278688464404e-01 -2.071078638578003783e+00
7.979191944935486447e+01 7.672628365406234385e-01 -5.917504913852840165e-01
5.867286729558527725e+01 5.699058231034678235e-01 -4.928398629743325210e-01
7.217433530535257091e+01 7.849738910215814380e-01 -1.049565874966002621e+00
7.515547369203214600e+01 1.682009556085329594e-01 -1.569740403630468295e+00
7.839051957965011752e+01 1.140067074943204722e-01 -1.141389913602754547e+00
7.341905632618971822e+01 1.091795783269952774e-01 -5.483128754151135986e+00
7.578164376868680563e+01 6.157642710692652344e-01 -3.524745069755228499e-01
8.259041774359945975e+01 4.710653199180222205e-03 -9.800365438856038780e-02
6.114642919006162458e+01 1.021040027121434823e-01 -5.903580218462195495e-01
7.261020145992968366e+01 2.552982297844154091e-01 -4.865694571281084180e+00
8.654349039956731815e+01 5.057854541035292639e-01 -8.140184512503977343e-01
6.530433768966537400e+01 4.124426152436051485e-01 -1.531700493160664811e+00
8.105466872634337960e+01 6.250303129186876028e-01 -6.906759187395333788e-01
7.536866738455303505e+01 7.394093142986851719e-01 -5.221854744236907875e-01
6.586412588575470295e+01 5.986259208881877791e-01 -4.150792992225252886e-01
8.670348958319311805e+01 7.154078453109340430e-01 -5.984848864477247954e-01
6.714657346645606140e+01 7.524245837589621511e-01 -3.673388064847621148e+00
5.922661504455930981e+01 6.488997441732946569e-01 -2.395305721852436953e+00
8.111114225807425271e+01 2.614186255152855520e-01 -2.501855366393501257e+00
6.952889734578926095e+01 7.737267420105941040e-01 -1.332910302793917756e+00
8.510663030886743741e+01 4.393183666314947056e-01 -4.907717772254517330e-01
5.893547947893556938e+01 3.767452784279148870e-02 -3.384028155227130075e-01
6.080727424551420057e+01 1.869850755151469812e-01 -1.634455753913339304e+00
8.541439678497899024e+01 3.690400692673306282e-01 -6.002412041617768423e-01
6.361629850606772862e+01 5.035086540624618134e-01 -5.631495945660577540e+00
6.508514473555780455e+01 5.464762006209100687e-02 -1.135108937803788326e-01
7.398684823749299255e+01 7.283347216003752678e-01 -3.303951982935437570e+00
7.460828892150117042e+01 5.578078277383720085e-01 -2.217037064663351487e+00
7.645436083824004925e+01 1.787511596993878737e-01 -2.681697200136451964e-01
8.382493915639533100e+01 4.732490522110706088e-01 -2.329383440758647505e-01
6.313751941873557882e+01 3.665566691814345912e-01 -2.141429520073929282e+00
8.153076261737500374e+01 4.167829175646151629e-01 -2.651062912683457284e-01
6.251476726386090377e+01 3.100792599763167456e-01 -8.134078446811697782e-01
7.722580236203788218e+01 1.283565140823791639e-01 -1.110641676352228435e+00
8.422658553739472609e+01 6.810667876117101893e-02 -2.686399367865971444e-01
7.058144993685974100e+01 7.061867759944692180e-01 -1.439109064187821474e+00
7.633895325603492665e+01 1.739940150530229837e-02 -7.996188599819988377e-03
6.330909776871371264e+01 8.429851690902949446e-02 -1.225712218677814241e-01
6.739531538006930589e+01 3.598317251400620642e-01 -4.548711897782065527e+00
8.457842923702142457e+01 3.311482322574352821e-01 -2.411487362261958978e-01
8.287889130593202935e+01 4.659808915651810768e-01 -2.895876457285949390e-02
6.159998383147701162e+01 5.841493619954239991e-01 -1.256411333838417743e+00
6.912024596168652124e+01 4.613650863365522103e-01 -1.870280022793596286e+00
8.065480136571868286e+01 1.228316481580368769e-02 -4.778036111836094779e-01
7.315363627897285426e+01 5.671267384126753575e-01 -3.079213646009461680e+00
6.666172536138371640e+01 2.488312658747333234e-02 -2.902248832168528025e-01
7.758124812349952037e+01 6.873894769138239047e-01 -1.468448773241453620e-01
6.199853031317564955e+01 3.407108575737169964e-01 -4.142917361823647560e-01
6.572398663239169991e+01 6.044630006759227348e-02 -1.288662124228193151e-01
7.256787506896580453e+01 1.468288585247501388e-01 -4.462907933267305616e+00
7.350648433735553056e+01 4.285993919701909238e-01 -3.692203407494581313e+00
6.867887919287986165e+01 7.800171394187495055e-01 -3.401671822880901974e+00
8.173476195708893499e+01 3.193095224342512028e-01 -5.232096272006508259e-02
5.972468524081173769e+01 4.437431880522115235e-01 -2.994418018786271229e+00
8.003645991548950178e+01 4.003980440801201413e-01 -1.974226485351754379e+00
6.393658250441274760e+01 4.493523753379087271e-01 -5.069480866182884959e+00
6.700424858875462064e+01 2.003744062299207540e-01 -1.213599178192979799e+00
7.409375456698268181e+01 3.782115513015855690e-01 -5.738134305554694947e+00
8.723888730578909190e+01 6.611403881525257376e-01 -3.172421259561884477e-01
6.493123525610663194e+01 2.456724814701751747e-01 -1.400083851681545699e+00
8.778483520105507409e+01 2.830977401208804589e-01 -6.586250530313912943e-01
7.789215600396769901e+01 4.186137435011336866e-02 -1.167900290497415838e+00
6.780550465880131128e+01 7.929009341268198341e-01 -4.031131236044112498e+00
6.879262185852044809e+01 6.920908826589649010e-01 -2.967211272345167128e+00
8.621678730717385974e+01 1.953297714072899094e-01 -2.016591390844823195e+00
7.895695232287584986e+01 2.354076263489702781e-01 -2.553152647236241801e+00
6.622334836487823395e+01 3.967216556383786341e-01 -5.062368412157137731e-01
6.821014613576014085e+01 6.350830924977790559e-01 -4.025274711047447163e+00
6.126980062864648602e+01 3.227642126958232272e-01 -1.054528764948586161e+00
7.919237614469561493e+01 3.845898760130403438e-01 -1.897828094220737283e+00
5.951453888165686124e+01 2.268080010833148086e-01 -1.799381245343713687e+00
8.567447049184207231e+01 5.790286128033924617e-01 -7.860899583573829341e-01
6.013217097032524805e+01 1.606635529823905451e-01 -4.348846295815983476e-01
8.368028304612013812e+01 5.212591754825807167e-01 -2.058274720665112245e-01
7.086212483624360914e+01 1.585734233930652382e-01 -8.235535497056982734e-01
7.676132942073502363e+01 6.752039255048877253e-01 -1.478242048576700329e-01
6.030763799654828716e+01 5.340516060563716971e-01 -2.293591031339415220e+00
6.795730849639438986e+01 9.360729976305452726e-02 -2.211580099588287052e+00
7.004934828567962768e+01 5.182554099687217697e-01 -1.512430510382325011e+00
6.970561459522464531e+01 2.979797369406093632e-01 -1.184231199060798323e+00
7.946354903267153702e+01 7.547028295028922196e-02 -5.269074133974180008e+00
7.146744188224914751e+01 2.948916154815305890e-01 -2.581317354637489014e-01
8.456243134143471707e+01 7.272330331659393465e-01 -4.247170612449598370e-01
7.114328292745443605e+01 3.492629337448299176e-01 -4.747641441547510999e-01
6.288847715210351907e+01 6.960311363242570604e-01 -1.705640263730636486e+00
8.703892052832637205e+01 4.887782275636602392e-01 -6.198259660657957637e-01
7.848203325833975441e+01 2.198265906168882511e-01 -1.177823266633604593e+00
6.435208627799411829e+01 1.433619022541814392e-01 -1.683293279356244065e+00
7.031912981255342743e+01 7.502763180348389627e-01 -1.609902764509059780e+00
8.578919942551483757e+01 6.691461940306913103e-01 -8.145336233237329138e-01
8.325897436578108568e+01 5.473031274247811551e-01 -5.866761816669126273e-02
6.225458461362041618e+01 2.656851310396123877e-01 -3.570573177389410602e-02
8.020435527752120208e+01 6.201855416622219508e-01 -7.874199960722617631e-01
7.475393875664107668e+01 1.277301348927474545e-01 -4.127494807072190852e+00
7.733373804437985655e+01 6.403424187778226084e-01 -2.557388252827207387e-01
8.215706470775823789e+01 5.363728335868981345e-01 -4.116670615808989270e-02
