2.425042909122861658e+02 2.629166628450283483e-01 -8.386265071239458191e-01
3.160262546807985018e+02 2.690569058879243025e-01 -4.011425142392417986e-01
2.742822283154604293e+02 2.040516495483164217e-01 -1.308342889756628935e+00
2.329162105552308901e+02 7.084340719020125743e-01 -3.884433948926859781e+00
2.917839622193605464e+02 3.920692722218532822e-01 -1.687225075681425679e+01
2.985463478899333722e+02 1.206745956194047315e-01 -2.402309268216060278e+00
2.570841708141691697e+02 6.767347809169108608e-01 -2.856936075993506963e-01
2.538115497426032050e+02 7.471460250097492484e-01 -1.391176670473920796e+00
2.358621782529982625e+02 1.680870348205937281e-01 -1.497426414210220269e+00
2.551060861398304951e+02 5.662514714109898595e-01 -9.719180460790231013e-01
3.117444446756689445e+02 1.617182940046961448e-01 -1.152862939003044540e-01
3.370156914363847136e+02 1.891667304423690910e-01 -1.898055560571178857e+00
3.310911961832522366e+02 5.012120579257296482e-01 -1.924300304231627345e+00
3.308142197781725145e+02 4.275047535300389168e-01 -1.919581436552414866e+00
2.905345357331972309e+02 5.218410318117018276e-01 -1.892632569438127277e+01
2.582860208957426948e+02 5.085201980391448329e-01 -1.701389109490534790e-01
2.761393321577382949e+02 6.874860129289790400e-01 -2.950319035466406614e-01
2.933320175618767394e+02 4.042007945486332243e-01 -1.006105815848353302e+01
3.467136341059318738e+02 4.822626214449640680e-02 -1.346665853964442994e-01
2.860059029226895859e+02 2.126066000659319055e-01 -1.623420102764069739e+01
3.331703720917067812e+02 4.707799577180893369e-01 -2.178416645384597228e+00
2.828010110943971540e+02 7.292583787148548824e-01 -7.719081546514573233e+00
3.181039107817799731e+02 5.289045540430935555e-01 -1.480097462324085622e-01
2.809982520473532759e+02 5.859581113903243876e-01 -3.643536334915258745e+00
2.623487343989020815e+02 5.792650082016984614e-01 -1.175469303854582703e-01
3.439599821011811400e+02 3.742550157764749919e-02 -3.317677991554958579e-03
2.375297999363708925e+02 1.708739331226105315e-02 -3.783949453108268912e+00
3.397510239893271660e+02 7.617727585333951279e-02 -2.859101863875824767e-01
3.194434352347450385e+02 5.705993534526397903e-01 -1.111554935275567424e-01
3.009120137376658590e+02 3.539520712033523142e-01 -7.143109636750498703e-01
2.696783056662988542e+02 2.377985022170719387e-01 -2.411460512925827637e-01
3.046785238402471805e+02 2.518516337254426141e-01 -3.888330763171979343e-01
3.327973256247258860e+02 8.650520424155042770e-03 -1.053229210934747556e-01
3.124301460572725659e+02 3.900662390765416987e-01 -1.678039531538103868e-01
2.996980686898614294e+02 4.498644511575710658e-01 -7.933015483551318914e-01
2.397527072063838887e+02 6.347420947777454581e-01 -4.470933190613593844e+00
2.710663443818815495e+02 5.476605747327308871e-01 -1.723533292498092562e-01
2.472902815041713041e+02 5.421061149170788296e-01 -7.099399073040062902e+00
3.066504042276189352e+02 7.385183081973820673e-01 -7.158696907622189021e-02
3.286237952320410045e+02 3.280598139957617287e-01 -1.124359384927000827e+00
2.688855900060146951e+02 7.009431644496243452e-01 -4.938846358253506930e-02
3.217040757735629199e+02 5.919778319514136522e-02 -1.266347842780941368e+00
2.736409871839015864e+02 1.095594731350597040e-01 -1.485884869281969056e+00
3.260335840434532315e+02 6.553392890326397158e-01 -2.985888531400844315e-01
3.207170206389554323e+02 4.921783147548114967e-01 -7.655121120261121348e-02
2.786823873624099406e+02 3.197874580926694521e-01 -1.620941168836471380e-01
3.227812330637759715e+02 1.464934242977879719e-01 -1.103331420751779035e+00
2.724683300732766611e+02 4.620613190257398806e-01 -3.642344391185332597e-01
2.838498949711805608e+02 4.721969766442214722e-02 -1.295348168552872548e-01
2.465681248415067444e+02 7.275956566545476178e-01 -7.505312855379897563e+00
2.593760057560749601e+02 2.787897891181294607e-01 -2.214099041893070052e-01
2.514154631918919733e+02 6.576525805561803661e-01 -2.396651781701132577e+00
3.422513919912171332e+02 5.129350631502042068e-01 -8.620762555448006070e-01
2.562172687082904758e+02 6.725081085311157558e-02 -5.966568841724340100e-01
2.959882282282363803e+02 4.873720013405192231e-01 -2.775233737877052853e+00
2.488344175903058328e+02 3.791537604102271364e-01 -5.699344928204053140e+00
3.093011570567746276e+02 3.626817703267930515e-01 -2.786769976982064398e-02
2.938970807708067809e+02 6.270257352842644183e-01 -5.605337481100582053e+00
3.243509316651691279e+02 1.796149874362137910e-01 -8.775992589858057080e-01
3.034989508944298677e+02 3.269682877168396673e-01 -1.988093938302547825e-01
3.137204376459760056e+02 7.645238711224511263e-01 -1.599380659992030440e-01
2.520308571096280730e+02 7.155352221108604027e-01 -1.928655321535524880e+00
3.364503624471796002e+02 8.834727794562048653e-02 -8.277936835355164114e-01
3.084375562515969591e+02 3.516687570357779347e-03 -2.859520500281577671e-01
2.681324337824937629e+02 2.957058505406543608e-02 -1.742030000344324259e-01
2.639213306712890130e+02 6.709666905340303522e-01 -1.445066735014911008e-01
3.410027890330846958e+02 2.304852903302586076e-01 -1.597706859745276597e+00
2.623137774254930150e+02 4.413467591093992448e-01 -1.002544204815659645e-01
2.785759664147842045e+02 2.999907159567982706e-01 -3.856286562898160464e-02
2.343914466449065799e+02 3.056216725203050322e-01 -2.821449848486122125e+00
2.963609056489064528e+02 6.470421089837826711e-01 -1.749029509565741325e+00
3.277734146968488744e+02 7.746965980310636102e-01 -5.236104183540243318e-01
3.060322461484261112e+02 4.235787716066611863e-01 -1.404780580172628468e-01
3.428089371796257865e+02 1.535887142321628041e-01 -1.469184944050019981e+00
3.107598107488668120e+02 4.159750902023947039e-01 -4.752678368321331531e-02
3.452781503069954852e+02 6.038685898675315578e-01 -1.127463988419298735e+00
3.146107214295869881e+02 6.913426008014219581e-01 -1.166426762868531530e-01
2.433881507181780819e+02 8.447446485006086803e-02 -6.926353292862846844e-01
2.659911605981023399e+02 1.030167731426624989e-01 -5.305683337026456670e-02
3.472528465294600437e+02 1.300880953889410607e-01 -1.983834450641992264e+00
2.883601090477189359e+02 7.966682469622834439e-01 -1.966482890949454898e+01
3.385853533922939960e+02 2.947034794890984188e-01 -1.742816161423983434e+00
3.265545546081017392e+02 1.158162073047996898e-01 -1.186592987873377414e+00
2.409823701273522829e+02 7.854202899503929247e-01 -4.765552760989774761e+00
2.346131055312303602e+02 7.760792176494808459e-01 -3.248026323998731257e+00
3.172748693565180815e+02 3.455038587980138742e-01 -3.196541676763479667e-01
2.383220369607119267e+02 2.215550954727890931e-01 -7.145315993584444580e-01
2.505536433313781401e+02 7.523389652665338767e-01 -3.127542862411871294e+00
2.605554963275972113e+02 1.985872475598829956e-01 -1.952294580424105697e-01
2.852856838042014260e+02 3.436964893327509318e-01 -1.729088158459723346e+01
2.875223611241972321e+02 4.343063252363415505e-01 -2.505350152979040246e+01
3.020395673745681506e+02 3.707176544046187905e-01 -2.627060661734764713e-01
2.980667420972327477e+02 6.198490027795928725e-01 -1.015674777079454305e+00
2.765683896385390881e+02 1.427041858701653676e-01 -9.305234594883290411e-01
2.448800838120897083e+02 6.147152691724343532e-01 -5.605377562518606638e+00
2.898078167547273551e+02 4.754311964153966064e-01 -2.200675104035963514e+01
3.347924541250092716e+02 5.992461323214353097e-01 -1.497584627719842798e+00
2.808018370980641976e+02 2.418098154830402025e-01 -1.763057714159950162e+00
2.451756232713165389e+02 5.558206793452149519e-01 -5.497944460919890197e+00
2.650673690975194745e+02 2.845905968801258901e-01 -1.435537839181456887e-01
2.763685527120657639e+02 6.484339242257218805e-01 -2.307855623705966919e-01
2.558673952524750916e+02 5.857890497168479760e-01 -6.087528396648540507e-01
3.143695866062590767e+02 1.482576720145235283e-01 -3.591659041066324609e-01
2.839716317829521017e+02 4.867733226659831103e-01 -1.314541094233517349e+01
2.466363811858965107e+02 5.793231494789025104e-01 -7.064549808356628269e+00
3.340863825135018033e+02 3.767458235050811718e-03 -2.829627266600309721e-02
3.449179841471145096e+02 2.959370043621171731e-01 -2.347080844001101507e+00
3.283509501579559924e+02 9.412347414979632676e-02 -1.220239329639194681e+00
3.309695928786803734e+02 2.215037566781533906e-01 -2.058519163879311886e+00
2.648771035899808908e+02 6.564174802836406641e-01 -1.236364600912362582e-01
2.355170939771042811e+02 6.397679100085604809e-01 -3.469310149044178448e+00
2.475480304799888813e+02 7.744859801583287018e-01 -7.360591626832038159e+00
3.463285013203387734e+02 5.113242474063025567e-01 -1.637542099164800202e+00
2.912342972204271518e+02 2.960743221439104955e-01 -1.836385303615999476e+01
2.695485495999664636e+02 6.940622852708950852e-01 -3.783055669681444078e-02
3.247041569787253366e+02 7.537374546231304651e-01 -3.294813498904903826e-01
2.565713162411338999e+02 2.539922395428052121e-02 -6.734722551209177954e-01
2.547975898408882074e+02 4.048257307562876384e-01 -1.128881050836005429e+00
2.901852285134914382e+02 1.109442259944242865e-01 -9.320146962862247975e+00
2.368624151779357021e+02 5.512476883621418855e-01 -3.234100041025982808e+00
3.225324447420869092e+02 5.220669103436983427e-01 -3.025376364583581400e-03
2.914197938643582120e+02 2.089947798889731437e-02 -4.552788382301842934e-02
3.304543517731184465e+02 5.408418428805598088e-01 -1.729257110824245602e+00
3.232162754798280275e+02 3.952610311083387673e-01 -5.634261284708310530e-02
3.090735608385259638e+02 8.547604108602273321e-02 -3.900160523891553210e-01
3.327448149290036667e+02 5.220194146580704742e-02 -8.510132137518422457e-01
3.432830198888584619e+02 7.257439553012132727e-01 -4.681679176731455838e-01
2.972871132515786599e+02 5.017145783617135146e-01 -1.764680861182920113e+00
3.126276022988647583e+02 4.160805517962880007e-01 -1.969643814920298830e-01
2.925628687326376394e+02 6.197835022228114221e-01 -9.694466561512918190e+00
2.360767080698421410e+02 3.607719584106288124e-01 -3.029021350354168085e+00
3.062045417286918791e+02 7.403511749197506653e-01 -6.728713191254422077e-02
3.259749544172725564e+02 2.857038513689661996e-01 -4.663424540242078198e-01
2.849825857634280055e+02 6.846444580342176955e-01 -1.500644175308435990e+01
2.425315093188474123e+02 4.721599355739737880e-01 -2.960137456822057533e+00
3.008376349780568262e+02 4.447486427148707455e-01 -4.594042299393091833e-01
2.999709621915695834e+02 6.809300787042493752e-02 -1.560345164834723297e+00
2.970256288832801488e+02 1.025568988808805981e-01 -2.663567281317690494e+00
3.108209572117511925e+02 4.333266100830573953e-02 -2.374920137322522329e-01
2.889560117228722902e+02 1.341512376261697059e-01 -1.288747698163919431e+01
2.541059350322054797e+02 1.726612058364484226e-01 -8.911099866615318499e-01
2.954179539960341572e+02 3.050461951052686471e-01 -5.120795684073629062e+00
2.325359495546897790e+02 3.794815157829424801e-01 -3.285902788074839709e+00
3.036488224513778391e+02 7.303047575194105967e-01 -1.040799071631320384e-02
2.493267527232124507e+02 1.609920516850678329e-01 -2.002779408613153400e+00
3.111768265795157049e+02 3.906311710430489526e-01 -7.329890783634640528e-02
3.190911413758582285e+02 5.612407256131722866e-01 -1.247302918532798566e-01
3.019145976625588332e+02 2.730126352205292650e-01 -6.187336738711662898e-01
2.404586383228266016e+02 6.315008987226707893e-01 -4.246875184205443965e+00
3.214139695366250180e+02 1.790600283698692841e-01 -8.456958112074075551e-01
3.267238704848372777e+02 3.130811444309645752e-01 -5.803288229389147457e-01
3.160489209212644255e+02 2.533868206687219238e-01 -4.226137599154465851e-01
3.399401453107046791e+02 7.823265949499687011e-01 -3.270917806415828410e-01
3.069423619554059997e+02 6.666666961927618651e-01 -7.173185342914799312e-02
2.667574383359029184e+02 2.363506496459751860e-01 -1.339123557142286522e-02
2.396969557191879403e+02 3.405722636211193644e-01 -2.463060389349593926e+00
2.778215875551694580e+02 2.089799117238405057e-01 -1.017162073241301562e-01
3.290139706162041193e+02 4.487438848598270802e-01 -1.179229995713691581e+00
2.605700988494874650e+02 4.287835013107118565e-01 -9.570294911518475306e-03
2.430840362623191879e+02 2.477615548791198830e-01 -7.758817684052990993e-01
2.385143714495322058e+02 5.121838970487460063e-01 -3.663627671061390423e+00
3.472979502903046978e+02 7.301656391578341398e-02 -7.171791252443009412e-01
3.417834826666384629e+02 4.602688084243713451e-01 -9.885192507480115021e-01
2.755154245746512061e+02 4.952812703314145582e-01 -5.448254522580536774e-01
3.045245036191041663e+02 7.981386242562256150e-01 -2.180494832003289016e-02
2.438245945476477345e+02 7.915428497032771515e-01 -5.297171358083120118e+00
3.081315059626649600e+02 7.039398055243908381e-01 -4.507204176146259456e-02
2.634169320302780193e+02 2.316691772911082525e-01 -1.150378755337885667e-01
2.815390483092658656e+02 2.577589501222032342e-01 -4.275942176516973170e+00
3.194870418981336115e+02 1.582748963419357002e-01 -7.706078132675318049e-01
2.529138056785019160e+02 6.477190185258646649e-01 -1.661620226951616042e+00
2.726471076775374058e+02 7.106255154604886881e-01 -3.006787132706811860e-01
2.735940483509963315e+02 1.146416741807089190e-01 -1.481115179770096546e+00
2.580760644839288034e+02 3.486765596066224160e-01 -3.431851519041377863e-01
2.450717265892522505e+02 3.537685734592476705e-01 -3.321368730534012048e+00
2.635583918263811256e+02 1.414694650316502544e-01 -6.626602877697053418e-02
3.363336990408389511e+02 5.940431720573634555e-01 -1.220068841822186112e+00
2.504262512718192397e+02 6.145970231762648561e-02 -3.280745590807686574e-01
3.385160382588752555e+02 5.594875967486446777e-01 -8.901685484839113593e-01
2.593409393508892435e+02 3.337174671739308596e-01 -1.426972026750365496e-01
2.710068886648879243e+02 7.624474624817645374e-01 -8.812906413575079256e-02
2.510688718425500383e+02 1.206524582472087853e-01 -1.033676109910401264e+00
2.941686972355264515e+02 7.147496836838782563e-01 -5.048516048351380014e+00
2.865104713334019948e+02 2.668797147821938553e-01 -2.017130899086661699e+01
2.339074393323764696e+02 1.424844885135228417e-02 -1.150874231663326697e+00
2.618838275248311334e+02 3.220974410226659645e-01 -6.677956377755475681e-02
3.176654517378653964e+02 6.055287610967097223e-01 -1.214311172027651015e-01
2.874937796854561043e+02 4.359651756752114249e-01 -2.504878443813473865e+01
2.805885344948582656e+02 6.151032180117702586e-01 -2.210780385266421622e+00
2.676702130503392709e+02 1.851095192974238079e-01 -2.039720844647420137e-02
3.154169667456339994e+02 3.215211978663381348e-02 -3.789233831516595208e-01
2.740675366293435218e+02 2.071271580279382407e-01 -1.265390252455199205e+00
2.986966773534265940e+02 4.689361701856993858e-01 -1.144615597535440177e+00
3.412715974048653607e+02 5.323584312152388476e-01 -7.507754438077887116e-01
2.825089937390865202e+02 4.152178816202008460e-01 -8.754131001030597048e+00
3.374096806266456952e+02 5.680710964021622456e-01 -1.112432637990034445e+00
3.354214650042515018e+02 7.468725899584334194e-01 -1.059777253604895719e+00
2.682541906040827371e+02 6.764728517891811510e-01 -5.793195970505524844e-02
2.794782638880583931e+02 3.756330671299307200e-01 -6.546762271082400275e-01
3.441851133032016037e+02 1.935610623885569148e-01 -2.157971100113389440e+00
2.375613174028881076e+02 5.077883704897531159e-01 -3.089216082633172711e+00
2.785001750417505377e+02 1.854327193380507499e-01 -2.317571806400287732e-02
2.366988727628097990e+02 3.487311563545518744e-01 -2.541264596152157385e+00
2.644669903215624345e+02 7.372383711418806218e-01 -1.228223400939509047e-01
3.373736211815015622e+02 3.619589045639786118e-01 -1.805328726341209000e+00
2.902266927382583503e+02 1.249895550162132968e-01 -1.108481839675017788e+01
3.277593995332334771e+02 3.286494576051775252e-02 -8.553235604769400258e-01
2.915348674366917407e+02 6.663042752946390923e-01 -1.275759949588665521e+01
2.710143607078414334e+02 2.358697720395119823e-01 -4.792833019763597102e-01
2.959108223951207037e+02 1.707154604125895592e-01 -4.139657089352158259e+00
3.450040149383639800e+02 9.646267301937144767e-02 -9.448564520400014599e-01
2.582593858699091811e+02 3.566119792722842741e-01 -2.931740680041685643e-01
3.027723279064392159e+02 5.338315020530183252e-01 -5.699030093818014536e-02
2.769176232364711154e+02 1.333065507129226335e-01 -8.270851689411804486e-01
2.554702256692595199e+02 7.139892689620488397e-01 -7.858694383923290339e-01
2.648259835476935677e+02 9.207602399829484252e-03 -1.625545803203834808e-02
3.129528412901066190e+02 7.975839046665247345e-01 -1.777791060211767471e-01
2.512805369794822639e+02 6.482845579524862956e-01 -2.689200758807195779e+00
3.138763432408795211e+02 6.944591416440960840e-02 -2.916648665692206932e-01
2.610769945475280451e+02 5.509188316633265581e-01 -4.902075823568719654e-02
3.087426374025525320e+02 5.831200461386466527e-01 -1.174990433575994961e-02
2.994232521157267115e+02 6.993687136212404232e-01 -4.433063668642748811e-01
2.928965479204132976e+02 4.039057099054910727e-01 -1.123915351239883620e+01
2.415554794079033911e+02 6.394680499491874892e-01 -4.050453583646103972e+00
2.626591174181382939e+02 5.406634187297350014e-01 -1.337973687467199913e-01
2.961563143912544547e+02 3.811527316426507328e-01 -3.439691835696420785e+00
3.235413135255332691e+02 1.708466837625946186e-02 -1.115544770556626153e+00
3.418083042068351460e+02 1.951059760424294354e-01 -1.544865016449010753e+00
2.698702338148669924e+02 4.137156518060304267e-01 -1.529361227654713051e-01
3.205688241423486602e+02 5.635054260233054446e-01 -6.047496520775517276e-02
3.302554122670152310e+02 1.433590157781026442e-01 -1.552253227431394267e+00
2.816525559692962020e+02 2.873921912915758936e-01 -4.607476955117266293e+00
3.153080993648669619e+02 5.265192124557594999e-01 -1.564893255888386570e-01
3.225156144088245469e+02 6.417017693713807924e-01 -5.879293023881407287e-02
3.200115539923735355e+02 2.302942306779326709e-01 -5.898425976317710484e-01
2.503385890610013860e+02 3.863620046345654924e-01 -4.043892842858886283e+00
3.474735996230595561e+02 2.056348048684047969e-01 -3.063672629419336602e+00
3.317478202247270929e+02 5.877370970110569193e-01 -1.886074311433388884e+00
2.591972541562898869e+02 6.902157126974433066e-01 -4.257448017991441458e-02
2.752615010842490619e+02 3.985470611501646387e-01 -6.565298469576945628e-01
3.254420233564402452e+02 7.734468605234490202e-01 -3.838893143706569311e-01
3.246755767642079604e+02 6.746015540704707325e-01 -2.348776556913537428e-01
2.615471602091839145e+02 6.250975108473905140e-01 -9.921101958740473348e-02
3.186321991355295040e+02 7.895336554860801215e-01 -1.359570616323867720e-01
3.286365947664437499e+02 5.141616177175997171e-01 -9.191443839790984782e-01
2.688775245450393072e+02 2.672069306273802680e-01 -1.141345966937000883e-01
2.885284234411301441e+02 5.983154729067395872e-01 -2.295777800498315813e+01
3.044021944490241367e+02 9.154238760859743917e-02 -6.488348040133411487e-01
3.179102641725964986e+02 5.699497007241461910e-01 -1.350155004060308583e-01
2.453220602129352130e+02 4.228120633454444111e-01 -4.547017038913847564e+00
2.401617679963435137e+02 7.225895376025932570e-01 -4.665544924966384954e+00
3.269776938253681919e+02 4.700812041873722591e-01 -4.023951003605943377e-01
3.035293244590436075e+02 3.067972897457140191e-01 -2.366842315959657161e-01
2.828025446482577081e+02 2.441100505007442190e-01 -7.815736405474597248e+00
2.493396511490393834e+02 4.539936691385975109e-01 -5.462493154296819142e+00
2.475302271206985836e+02 1.580057553030898287e-01 -1.703164900169275242e+00
3.433287048169187301e+02 3.192259560302384419e-02 -1.395369678036028488e-02
2.863335524430492569e+02 2.969405947220876141e-01 -1.997003526622333780e+01
2.570236230545299918e+02 2.902721234411355655e-01 -5.487090259413128779e-01
2.327829026451460663e+02 8.118091099830189450e-02 -4.557684507571855836e-01
3.060192959854273340e+02 4.277833329667689310e-02 -5.541378760819304361e-01
2.441797327667464970e+02 3.318279055287502444e-01 -2.303070089399331888e+00
3.017024319847257630e+02 7.781733857310189906e-02 -9.124338957062450017e-01
2.978003915781910678e+02 1.767529404659166081e-01 -2.775261879185883629e+00
2.347742203279377122e+02 5.265327805134154687e-02 -1.222979432446306580e+00
3.165218597665449352e+02 1.101394753767110379e-01 -6.096570495154083336e-01
3.358886766068798124e+02 6.612797440771069901e-01 -1.146747666192667658e+00
3.385070715288190399e+02 7.050287808308471071e-03 -1.519359926614313183e-01
3.106515273590206334e+02 7.656198856109388551e-01 -1.014121039803869417e-01
2.871923008161970756e+02 6.137234144440387729e-01 -2.231393713906627596e+01
2.467046904114096435e+02 7.573006352939646302e-01 -7.561528567476325513e+00
2.431212353552452328e+02 1.177718859343614560e-01 -1.669521069858977969e-01
2.542462606443701247e+02 7.446271789130448626e-01 -1.222268647959289467e+00
2.407132661816334007e+02 7.799543756829953045e-01 -4.775515379915392877e+00
2.894988978608201933e+02 6.236708309677341244e-01 -2.050925333840446996e+01
2.541600249209537026e+02 4.253030389892432095e-01 -1.357808318111302093e+00
3.461444725218275380e+02 5.568346172387630411e-01 -1.436770519725382611e+00
2.384635400234444944e+02 2.512259734553944357e-01 -1.132095552505854918e+00
3.333052320332767522e+02 6.235930390798961886e-02 -9.170193041194554251e-01
3.330961479790408930e+02 2.120787601939053690e-01 -2.407632006952031389e+00
2.849815622968552020e+02 3.254481768236290318e-01 -1.579401068497162264e+01
2.728278656798216275e+02 3.408469305596604215e-01 -6.307718910686911373e-01
2.673701954005518928e+02 4.794349040991826572e-01 -1.990614803821810427e-02
2.808165970970426883e+02 2.560100146400559606e-01 -1.889948134470193608e+00
3.343483426742843108e+02 2.176657876617954790e-01 -2.400205991496433544e+00
2.742047112334043959e+02 4.371093174351804445e-01 -6.835508425895034934e-01
2.944605548167367033e+02 3.127248069384935825e-01 -7.667143656437966470e+00
3.068048327197711274e+02 6.864374057233335602e-01 -7.153461487732214186e-02
3.442504633830967578e+02 3.734040358674234339e-01 -1.904343067739091566e+00
3.393761093206689452e+02 4.409584020861831433e-01 -1.123815465785972467e+00
3.113332608874266043e+02 7.081410772274394638e-01 -1.195580639133688589e-01
2.716609557879377235e+02 5.038470383322324331e-01 -2.613508861593026866e-01
2.667808935778701311e+02 4.887720808901189762e-01 -1.531323146905027785e-02
2.840822677541464714e+02 2.759374509546163590e-01 -1.261095731880324955e+01
3.000047615158205190e+02 4.566531339987852656e-01 -6.484870811227366749e-01
2.786454792751700893e+02 1.499152019737746977e-01 -2.778086814254633607e-02
2.341715178194604619e+02 4.824087022058276553e-01 -3.383542109628477235e+00
3.403020983235157928e+02 1.613489605821088468e-01 -1.305405561893309807e+00
2.520022824441250293e+02 6.059350277780742866e-01 -2.106874745642588032e+00
3.090331969439390036e+02 7.336255300086834685e-01 -3.007761423708775125e-02
3.240910475278826652e+02 3.305445732783320878e-01 -1.792334044574842300e-01
2.815112954374357628e+02 4.744528640098817363e-01 -4.425423581995398870e+00
2.940788793586434622e+02 4.895297650279297752e-01 -6.951951389911672941e+00
3.169753440900890382e+02 2.714174323913957632e-01 -4.310133753667926282e-01
3.428199425347786473e+02 7.073563529044686327e-01 -4.536955151572740208e-01
2.604546902059190643e+02 1.618150075698816526e-01 -2.740493352208238642e-01
3.144486756788774073e+02 8.844818101480249328e-02 -3.707346083606309350e-01
3.049550498601370236e+02 2.430846340060798250e-01 -4.358376743898948469e-01
3.076542914278477383e+02 7.997906600956214973e-01 -6.397975121097346229e-02
2.974645157271016274e+02 4.382382236530353303e-01 -1.773706055025860540e+00
3.356498148216266486e+02 7.795907879095087534e-01 -1.006560399385458826e+00
3.130354945936041986e+02 3.627696072750563605e-01 -2.133087600922953520e-01
3.451300146551307080e+02 4.430658480585151771e-01 -1.814548490134006986e+00
3.366610103378318968e+02 6.430197970168161081e-01 -9.973837063364712208e-01
2.657967609627690990e+02 3.474283035376347639e-01 -7.273279330704043866e-02
2.374441348337883539e+02 7.715587966618979721e-01 -3.805616856537955783e+00
2.699746392794197050e+02 6.523024188877142304e-01 -5.029845655824442124e-02
3.013732339081443570e+02 6.932614366270164474e-01 -7.548306089145871700e-02
3.066555198215854716e+02 1.376014565811524981e-01 -7.706727721397854669e-01
3.466937426726516378e+02 2.201028370233830411e-01 -2.896370884513729038e+00
3.436646607343386677e+02 5.552020476674247862e-02 -1.027364805810044163e-01
2.848227286275939605e+02 6.639270063764632912e-01 -1.528655414805154145e+01
2.776213523148572904e+02 6.053962475209767602e-02 -9.117698975986580079e-01
2.579621879886871625e+02 1.731544926393574491e-01 -6.457294375620872273e-01
3.316801538243431082e+02 2.919613781918189988e-01 -2.289099382059027743e+00
2.680296861504327808e+02 4.551685987449254900e-01 -4.245073962660082800e-02
2.690436846787808349e+02 2.037285381714175336e-01 -1.563430972127591301e-01
2.662739211378612936e+02 1.007267362814543016e-01 -4.347941792105729925e-02
2.713610379403916681e+02 5.405226629110753134e-01 -2.083426991725077781e-01
2.499420728354948835e+02 6.850343165814045676e-01 -4.530348375475843348e+00
2.902898748887336069e+02 7.560753570088252218e-01 -1.628470946639037464e+01
3.256080591844620358e+02 5.851212449360365664e-01 -2.110412713503861670e-01
3.216105687065936536e+02 2.063160888320761041e-02 -9.762431218891276519e-01
3.167856588099129453e+02 2.104245241990831128e-01 -5.381680165453852638e-01
2.433804611618057550e+02 7.217337939547791015e-01 -4.653548416543048738e+00
2.347708044064674198e+02 8.199073294260890432e-02 -9.318816791813379075e-01
3.336535903228855773e+02 2.747705624991817475e-01 -2.536404571489292437e+00
3.414637612327680927e+02 3.584260240024614852e-01 -1.353866850810026889e+00
3.211792963660619193e+02 1.050358684482865651e-01 -1.150641609290086409e+00
2.487722181799460088e+02 5.283271868825536455e-01 -6.170139754020277145e+00
2.622719033018780692e+02 2.248846803559105545e-01 -6.771644055618147862e-02
3.184826934701003438e+02 4.863928693809720372e-01 -1.624469968622462290e-01
2.958203829729604877e+02 6.214296135711567803e-01 -2.597071376006200527e+00
3.285016228028136993e+02 5.169832498066084803e-01 -9.233306246948378426e-01
3.091526124811313139e+02 4.137286279452174753e-01 -9.627715471337349590e-03
2.570897723635318357e+02 6.246140285464305553e-01 -3.026579522796132848e-01
3.146591219391551704e+02 4.670385269272855355e-01 -2.015877294823048282e-01
2.898662248997938491e+02 1.966538632568586853e-01 -1.847220789518443951e+01
3.293418346751539048e+02 5.211819617603997701e-01 -1.268863521510446679e+00
3.103238808292293243e+02 4.302132508389780452e-01 -2.451693997306592446e-02
2.875697839968652261e+02 7.628147139929440934e-01 -2.017575878540903744e+01
2.401694537848388507e+02 6.155792088592274558e-01 -4.256141628383465658e+00
3.300770214752858465e+02 5.027823603569111510e-01 -1.649880577167025963e+00
3.112829094397186509e+02 7.322950758154371798e-01 -1.224152472005614334e-01
2.834558138274458656e+02 5.580847933266536165e-01 -1.058973132296036823e+01
2.533767293903173368e+02 3.883548166800455115e-01 -1.657166380774942160e+00
2.722779435950439506e+02 4.037379061612422076e-02 -7.736925250412133304e-01
3.270225461208711977e+02 4.177969575089036103e-01 -4.351956400043562323e-01
2.356906935853069172e+02 6.738700623700557557e-01 -3.500301514186993757e+00
3.354641990208742754e+02 6.026354277598211517e-01 -1.396641740732187165e+00
2.625856584388196779e+02 1.490082381730216121e-01 -5.570792067650363194e-02
3.391699373217592210e+02 5.687735127501011290e-01 -8.049685609008089271e-01
2.452566712083213361e+02 5.006473574259841068e-03 -7.728807294419001828e+00
2.748159963332427083e+02 1.244220120821791370e-01 -1.594093988139862139e+00
2.327629419661440977e+02 3.067882420017861711e-01 -2.961193263854681845e+00
2.830670473199164690e+02 1.839302454314201141e-01 -6.512770126060491549e+00
3.005920124303619332e+02 4.076734547440739043e-01 -5.365410245778152731e-01
3.323383112559770893e+02 3.932595438279242739e-01 -2.368450897435303570e+00
3.475121801258181904e+02 1.840190301840267384e-01 -2.913057743274454658e+00
3.380955738485612301e+02 1.179422163432515130e-01 -1.057974203756888665e+00
2.934151637642912078e+02 7.504656510515151924e-01 -6.392145385891956799e+00
2.509629057213889496e+02 7.417485389267476359e-01 -2.810443986016313289e+00
2.406509194074067750e+02 7.885720195960816969e-01 -4.801817994579272941e+00
2.735458839658467127e+02 7.193956741360185703e-01 -4.045578823570056270e-01
2.806423132173320596e+02 3.991322081364652441e-02 -2.731038634297938694e-01
3.404644042265002213e+02 5.924691247055617893e-01 -6.188309544743632040e-01
3.196058927951559667e+02 1.342199975308293880e-01 -8.593893096226544737e-01
2.483423774330381377e+02 7.999307599186773754e-02 -3.621621705186201523e-01
2.386771968376214943e+02 3.369860055454902970e-01 -2.307623470340943062e+00
2.340699417047745214e+02 6.344258484984872659e-01 -3.498511749015902339e+00
2.990676260049419852e+02 5.064462941982847966e-01 -8.946978785386543453e-01
2.885268091260298320e+02 8.575633805809376731e-03 -3.290703466093679030e-01
3.054883030691932504e+02 5.452321526728008960e-01 -6.878244337606158332e-02
2.590931123646790866e+02 3.805486133938226212e-01 -1.367254519168207560e-01
2.960490820160627550e+02 5.767092758773939565e-01 -2.358562768215619165e+00
2.545744115444323938e+02 2.324597022318626027e-01 -1.062528874540015877e+00
2.644237601600484027e+02 2.985194194128510392e-01 -1.584522888003203067e-01
2.524275408852085150e+02 5.604553278745785239e-01 -1.921811580500680572e+00
2.440058243733292613e+02 3.130871804726674812e-01 -1.892783117796558390e+00
2.562200937106316587e+02 3.226918029586833825e-01 -6.612295516387196592e-01
2.764932897389806499e+02 3.732650014017119822e-01 -2.521159590503137538e-01
2.786115069141469576e+02 2.889845845605597610e-02 -7.674704298967940375e-01
3.026524761501717080e+02 6.979357439659970019e-01 -1.575301749519561825e-02
2.462656571646563748e+02 4.599929157090953402e-01 -6.133597481241482186e+00
2.416704789972809806e+02 6.657697599443215264e-01 -4.159794108515712630e+00
2.915852223568593331e+02 1.591640844859238957e-01 -1.273384310598577862e+01
2.761012196988625647e+02 2.807609704388686622e-01 -6.887706363845561564e-01
3.030026926331706250e+02 2.570850682251112351e-01 -4.181118492267907882e-01
2.858261107307310454e+02 2.498779551087642048e-01 -1.710978190147706357e+01
3.227247448259380462e+02 6.734405513693696166e-02 -1.455123447500568545e+00
2.863112948015808570e+02 4.542215273774241613e-01 -2.144545507122347772e+01
2.870483202095042543e+02 5.430570320842174059e-01 -2.262851813294915004e+01
2.810933680058556661e+02 6.020350607407196630e-01 -3.600716846516805347e+00
2.882113669233239079e+02 4.038858461682073298e-01 -2.570943571507234182e+01
2.854515225873642521e+02 5.869077316118926912e-01 -1.694863143699994623e+01
2.886249813671685160e+02 3.669395923614502397e-01 -2.564658763771486250e+01
2.911725267260017063e+02 2.550811431334945034e-01 -1.777025004832077215e+01
2.842639049283384907e+02 5.332847456072331571e-01 -1.408545054432953592e+01
2.828907521385592645e+02 6.988832179872889183e-01 -8.946814474561719521e+00
2.860549089725260501e+02 4.053900718688965288e-01 -2.023610047965285474e+01
2.897972117725400949e+02 4.073709487915039285e-01 -2.281910400583460685e+01
2.891146170187275857e+02 2.901298199256742705e-01 -2.390747828705576339e+01
2.899513185994949822e+02 1.859908103942871094e-01 -1.767357384317553581e+01
2.905164623578162946e+02 3.983180522918701172e-01 -2.060507020218914320e+01
2.908879707070137215e+02 3.658136506555884071e-01 -1.960551187365651415e+01
2.889285866239476945e+02 5.323534965515136497e-01 -2.367865911060930983e+01
2.882078276050094132e+02 3.220547251835025881e-01 -2.524762535348246928e+01
2.899210528802824456e+02 4.707294041480398206e-01 -2.212905205800758424e+01
2.901414396136779033e+02 2.919192790985107311e-01 -2.157556913268590648e+01
2.867931427228184589e+02 3.239180360769887690e-01 -2.296424464565319568e+01
2.809111863745857818e+02 6.921992194020722966e-01 -2.798372416502945992e+00
2.879732322725445783e+02 3.065936756780054395e-01 -2.466481075069094686e+01
2.915790940228985733e+02 4.798334402503397489e-01 -1.558328173737661970e+01
2.869564755744013382e+02 3.464580059051514116e-01 -2.326864856538287896e+01
2.873257344451027393e+02 7.807776459551455384e-01 -1.956023369626720765e+01
2.881227699565901048e+02 5.483264923095703125e-01 -2.404777152089690517e+01
2.875181035467060155e+02 4.389755725860595703e-01 -2.502594411734147428e+01
2.876679882168925815e+02 6.111020088195801003e-01 -2.275911544169463241e+01
2.889515452454519391e+02 3.650519847869873047e-01 -2.533592459474984437e+01
2.874258814273185294e+02 4.537358283996582031e-01 -2.493392141194419054e+01
2.890355511773065018e+02 3.796994924545288308e-01 -2.536011351826310189e+01
2.885305209961456967e+02 4.355609893798828569e-01 -2.539090569753954796e+01
2.883474062078101952e+02 4.045934200286865345e-01 -2.570731045696448902e+01
2.887928693397930147e+02 5.092154026031494585e-01 -2.402049571940582595e+01
2.867847626951296434e+02 5.160264015197754128e-01 -2.303112717765278106e+01
2.876226279951386573e+02 4.725803852081298939e-01 -2.473056990594034943e+01
2.876169203712410081e+02 3.670780181884765736e-01 -2.505228645983173763e+01
2.877297021296251387e+02 3.543739080429077482e-01 -2.544164194586422667e+01
2.893590976266891062e+02 4.712470531463623380e-01 -2.400286413225546056e+01
2.886961775119197569e+02 4.788848876953125111e-01 -2.492763493466256364e+01
2.894605515758773322e+02 3.411221981048584428e-01 -2.393165839765692837e+01
2.875949533463779062e+02 3.399187564849853738e-01 -2.479114442139373509e+01
2.871841201214465400e+02 3.763476133346557728e-01 -2.446280197421360469e+01
2.892272480528716301e+02 4.391844749450684038e-01 -2.435685153957529536e+01
2.881192626866786100e+02 4.518067836761474609e-01 -2.537821598575851922e+01
2.891558553656251433e+02 3.799405813217163197e-01 -2.474770401507938899e+01
2.872441024178808675e+02 4.898399829864502064e-01 -2.400991374489630203e+01
2.899313122211694917e+02 3.275018692016601896e-01 -2.300994454747455364e+01
2.879853561542186071e+02 5.858530998229980469e-01 -2.341205863568398371e+01
2.900962658493072581e+02 4.105335712432861550e-01 -2.165582115884811643e+01
2.887944729928315155e+02 3.997439384460449441e-01 -2.525504852873000416e+01
2.884867244908372754e+02 4.492115974426269531e-01 -2.525240319172164760e+01
2.900794803927313978e+02 4.090557575225830522e-01 -2.293283516151837631e+01
2.873357498996986692e+02 4.146764278411865234e-01 -2.447850862256009208e+01
2.875156603671397875e+02 4.315165996551513783e-01 -2.507023365862676556e+01
2.876057885130676368e+02 4.928644657135010099e-01 -2.451262826001517681e+01
2.883713191665646605e+02 5.624328136444092241e-01 -2.382889737784110906e+01
2.883501364814782164e+02 3.580083847045898438e-01 -2.565097903175654181e+01
2.881004275862297845e+02 3.658332109451294389e-01 -2.569907846827512898e+01
2.891559226928275166e+02 4.225887298583984597e-01 -2.449915823285274286e+01
2.880774549160333891e+02 4.937613487243652788e-01 -2.480646603936989436e+01
2.887638002193095872e+02 4.451543807983398549e-01 -2.488372871957266241e+01
2.868695496418108632e+02 4.108368873596191517e-01 -2.368889223608844219e+01
2.872672855890518235e+02 4.012120723724365567e-01 -2.450711375356970478e+01
2.891222495518372284e+02 4.839339256286621094e-01 -2.374483500566066851e+01
2.876249925631460087e+02 5.411617279052735041e-01 -2.386888561736936509e+01
2.888845260971957032e+02 4.447326183319091908e-01 -2.491613619344098041e+01
2.880308391365038005e+02 5.076174736022949219e-01 -2.462639103193433243e+01
2.875699324268082933e+02 3.861068248748779630e-01 -2.514304492973035110e+01
2.876589982786542237e+02 5.026162147521973100e-01 -2.438710674293137615e+01
2.867602235906520036e+02 5.134019374847412776e-01 -2.205191252103073296e+01
2.883442154500377228e+02 3.074656009674072710e-01 -2.495372736006056158e+01
2.886551213975915289e+02 3.609266042709350919e-01 -2.562650952975920760e+01
2.868461068837955850e+02 4.522576808929443803e-01 -2.356828402165415071e+01
2.888432377330861414e+02 5.290670871734619585e-01 -2.371185363325455597e+01
2.878636130856256159e+02 5.255917509055384462e-01 -2.437821088040683293e+01
2.884356053360635883e+02 4.547873393112340512e-01 -2.518514750202518471e+01
2.888222921541841970e+02 4.542385805787397257e-01 -2.479463782997240884e+01
2.877294128543194915e+02 5.178806170328001945e-01 -2.418019993400533707e+01
2.886875280817220073e+02 3.547126727318808959e-01 -2.559621164958829809e+01
2.891456913335743479e+02 4.768624595504465380e-01 -2.385457301482025017e+01
2.880375138692888868e+02 3.995438768352303494e-01 -2.554887710792216637e+01
2.880160750253167521e+02 5.400609409732458621e-01 -2.415412978160025048e+01
2.891810575957071592e+02 3.851329691260517163e-01 -2.474084593774557206e+01
2.880531472107347213e+02 4.932404551165061601e-01 -2.481450622693265728e+01
2.884603137076018697e+02 3.972593363046630355e-01 -2.562272098351945715e+01
2.880329920643821993e+02 4.402890572134211533e-01 -2.536130229182016294e+01
2.877511798624085486e+02 4.567585468292236772e-01 -2.485417670188706296e+01
2.878628275126785638e+02 4.774088261770710884e-01 -2.501680264895446726e+01
2.888556406919063875e+02 5.335987643366962851e-01 -2.363933365422397159e+01
2.874006439668379471e+02 4.060591450796993129e-01 -2.446858064110263342e+01
2.882730048980253059e+02 4.527134418487548939e-01 -2.537410548134944577e+01
2.877533618783374436e+02 4.134867058470965140e-01 -2.553942167710032507e+01
2.882536190717825093e+02 3.753596376488118613e-01 -2.572762360000827897e+01
2.882820341174340797e+02 4.528699263596325797e-01 -2.537280252228782373e+01
2.885329476034789309e+02 5.067955215574814209e-01 -2.450785099621055352e+01
2.890347095550401946e+02 3.796243815327055016e-01 -2.536002523489237248e+01
2.894177629171119861e+02 4.182396165224695483e-01 -2.461678012781062819e+01
2.887614693887173303e+02 3.714481967133045348e-01 -2.530999580989083952e+01
2.875810313609534887e+02 4.810900537525848453e-01 -2.464882003213164197e+01
2.888960711346616677e+02 4.692050321166719162e-01 -2.462604978793129362e+01
2.874748590844370710e+02 3.085820474669785929e-01 -2.424470479698253200e+01
2.871120390495107131e+02 3.458740068170834125e-01 -2.421745995751466296e+01
2.879480631983245189e+02 4.531832507024116663e-01 -2.526102167091247708e+01
2.888037753541217398e+02 4.525854781263012327e-01 -2.480959782897026145e+01
2.880175268956318178e+02 4.648385012125315630e-01 -2.514353210275396933e+01
2.885923761991448941e+02 4.054500092051936955e-01 -2.560451526137991607e+01
2.886716721613968843e+02 4.197323173719928469e-01 -2.553192911624699946e+01
2.879403558519227317e+02 3.832962092180471902e-01 -2.555735206296716555e+01
2.887431240690658001e+02 4.368127339143365595e-01 -2.540548008605586006e+01
2.876273373717760933e+02 4.569571818180384604e-01 -2.487381584427126668e+01
2.881549993867117792e+02 3.527060129352429518e-01 -2.561989054976319835e+01
2.881662249464837942e+02 3.436946167433997945e-01 -2.553968066256945946e+01
2.891756648686768472e+02 4.215125558369265946e-01 -2.451487185091623289e+01
2.881744538787311853e+02 4.455553926120989772e-01 -2.543991683109414126e+01
2.879581478178765792e+02 4.339923264532621339e-01 -2.541236139160366037e+01
2.873727291340384227e+02 4.738125087629878052e-01 -2.413347726250652414e+01
2.881729037844789900e+02 5.068218708038330078e-01 -2.469696842186203867e+01
2.881698945884266436e+02 3.733003538655436104e-01 -2.572387513147453220e+01
2.875442722528547392e+02 3.956488525297934267e-01 -2.516038840037822055e+01
2.882499317698775485e+02 3.819842597659797723e-01 -2.573783626567121630e+01
2.893579369901912060e+02 4.287736062427394135e-01 -2.450434214713853720e+01
2.886131407709789300e+02 3.333304894799632989e-01 -2.540095850493456808e+01
2.883973103386587127e+02 4.029452123463219682e-01 -2.571241876553187211e+01
2.873378585022696257e+02 3.174482261949818085e-01 -2.366392862706241473e+01
2.883320789324755538e+02 4.106203615977095378e-01 -2.568409939756132587e+01
2.886008248231700009e+02 3.664401734536783528e-01 -2.564317427315948095e+01
2.879383874887734578e+02 3.940543459161651163e-01 -2.556434532903197621e+01
2.880468149186218056e+02 4.758704957997615392e-01 -2.502291991508555569e+01
2.881201997483441346e+02 4.153938168028636913e-01 -2.565924869452575052e+01
2.874644973226985485e+02 5.001445512412749927e-01 -2.444584800654251922e+01
2.879663384904095551e+02 4.526277000908447423e-01 -2.526469161049959311e+01
2.890289666914759437e+02 4.299561025659600633e-01 -2.509436428364211480e+01
2.890364012297833369e+02 4.410656231263539451e-01 -2.498875692064422793e+01
2.876142839313408786e+02 4.287989726117309996e-01 -2.506643166290353975e+01
2.878216226795607326e+02 4.659614420227412568e-01 -2.514474711268584173e+01
2.880063651247886014e+02 5.057634859104457314e-01 -2.465287440507544048e+01
2.885152578328987829e+02 2.223818415160433715e-01 -2.150980141924947375e+01
2.880073088241471169e+02 4.192210854381634433e-01 -2.549218066120332082e+01
2.881878751650883714e+02 4.271089710015390506e-01 -2.558936369644666797e+01
2.884628257662333795e+02 5.238858531981288591e-01 -2.423062764119690726e+01
2.889331959429811150e+02 4.470008105475016258e-01 -2.490254567304019417e+01
2.883464875586346920e+02 4.563244878586277808e-01 -2.533953480098115918e+01
2.885399284518404670e+02 5.222138843547214915e-01 -2.426958751526253266e+01
2.880734179922145017e+02 4.609302041697704855e-01 -2.517867338230296070e+01
2.872896541810584381e+02 3.758689617612155365e-01 -2.442817598224697662e+01
2.885591516836022947e+02 3.899947443838934769e-01 -2.565164446197709225e+01
2.880877442113356892e+02 4.634212493896484597e-01 -2.515285635647116536e+01
2.882576700909030478e+02 3.687318727169937027e-01 -2.570775111996315587e+01
2.887440247304314198e+02 4.740823613222165389e-01 -2.499635663917614181e+01
2.883771834194440657e+02 4.366594063134420778e-01 -2.552136109941679365e+01
2.885642246135067808e+02 3.532167742687196688e-01 -2.557862928620293275e+01
2.888107508534553176e+02 3.770816457818316758e-01 -2.531965687912533269e+01
2.886147609682030861e+02 3.729649891293904118e-01 -2.565964846539659661e+01
2.877488633501643562e+02 4.217855884463242444e-01 -2.550224470253242259e+01
2.887198839686595306e+02 3.886075281064226838e-01 -2.566903773624868990e+01
2.885338069186110488e+02 4.223701521629859568e-01 -2.549774982606272644e+01
2.885247480906846249e+02 4.511808726658445012e-01 -2.523661150374685747e+01
2.883139909734765070e+02 4.026632140436799401e-01 -2.571349947264800306e+01
2.879478087522485907e+02 4.271624771338895510e-01 -2.545609608435975346e+01
2.876258610216317493e+02 3.956566472151334946e-01 -2.514389062333431824e+01
2.881113067152479061e+02 3.875366611626363533e-01 -2.573998499237207938e+01
2.883092703718794496e+02 4.436631048157034241e-01 -2.546060573619147149e+01
2.878349610974534016e+02 4.172026772172683917e-01 -2.551692763536626885e+01
2.880590277494833913e+02 4.344384602293092645e-01 -2.540072998058509057e+01
2.879273683132339556e+02 4.081650306078743462e-01 -2.554161712100996695e+01
2.881069891209488105e+02 4.269434911782200581e-01 -2.558879681256123817e+01
2.882431272265196753e+02 4.536618309761326073e-01 -2.536371376798847521e+01
2.878715527271677956e+02 4.106870508462222569e-01 -2.553899723286487955e+01
2.883861993883281230e+02 4.330398295706091583e-01 -2.554974528215934626e+01
2.882386480822718227e+02 4.416890465709378266e-01 -2.547636303694245541e+01
2.883420160882765799e+02 3.951697817755621678e-01 -2.573110053424319688e+01
2.888137593339830005e+02 3.859462450238643205e-01 -2.530772040834015613e+01
2.888026851531436137e+02 4.200316377604709217e-01 -2.512858270955934259e+01
2.879759817993728461e+02 4.151421680828417671e-01 -2.551274804470934043e+01
2.881772360897982139e+02 3.872189587405154843e-01 -2.573988223877605819e+01
2.885111322397098093e+02 4.190207444310318774e-01 -2.551836690231399629e+01
2.878367136828757111e+02 3.736203053663755824e-01 -2.554313664334003420e+01
2.880842284852816420e+02 4.093388591968047385e-01 -2.568753812260641567e+01
2.882609461103913304e+02 3.644688840242157335e-01 -2.568959105154555544e+01
2.881748353693382114e+02 3.911582992317970686e-01 -2.573730330406809230e+01
2.880983037876620756e+02 3.719005263577017106e-01 -2.572092939421747460e+01
2.881843812454345652e+02 3.897635771339411637e-01 -2.573853381372002147e+01
2.880406197566612718e+02 3.853926307583994126e-01 -2.554901860570058503e+01
2.885393194657702907e+02 3.765524836994236235e-01 -2.565748867572332159e+01
2.883664442612438279e+02 4.316924899541584870e-01 -2.555956311033439121e+01
2.885639692494527253e+02 3.674534265276503398e-01 -2.564322620374868578e+01
2.883853783948024443e+02 4.205243199187107539e-01 -2.563383106244754828e+01
2.885097315437649854e+02 3.864886797429077370e-01 -2.565232385736846865e+01
2.881438267986612800e+02 3.954310029748338007e-01 -2.573110742342075241e+01
2.880412587416664110e+02 4.118514772162679138e-01 -2.551866947914541583e+01
2.882047093385535277e+02 3.786327084348868333e-01 -2.573445245879862497e+01
2.884998990396389900e+02 3.762055333267593227e-01 -2.565366203990365435e+01
2.881239679765215556e+02 4.133309326959381247e-01 -2.566974510328702763e+01
2.881102777958708430e+02 4.195001334963580075e-01 -2.563635446571754883e+01
2.880517542240139619e+02 4.136943343655170580e-01 -2.551100083987374489e+01
2.886156173271654097e+02 3.786550963757346899e-01 -2.566547643584943117e+01
2.882388114463447550e+02 3.963515925970365616e-01 -2.572938538361557903e+01
2.883717582256205674e+02 3.787806522847182999e-01 -2.573206301377091876e+01
2.886323819719745529e+02 4.282062297155320718e-01 -2.546526032588964839e+01
2.882497748066568874e+02 3.931191996457448212e-01 -2.573472602339462512e+01
2.880310886068018021e+02 3.906678658604624821e-01 -2.555440649650932983e+01
2.882581752365438206e+02 3.774528770218755769e-01 -2.573178034803752112e+01
2.880097156558666711e+02 4.009501412198251957e-01 -2.554973005854252222e+01
2.882447120072731650e+02 3.988132152371752226e-01 -2.572400635640921962e+01
2.883189002570815660e+02 3.762239006902838301e-01 -2.572835127103986963e+01
2.881526941957284293e+02 3.898104310754205715e-01 -2.573858009407098635e+01
2.883654312083776858e+02 4.017986732653915372e-01 -2.571592255461264287e+01
2.880237019007875574e+02 3.857310836161820244e-01 -2.555142305178883788e+01
2.880850664130505834e+02 3.995105595775599872e-01 -2.572166307301245070e+01
2.881240241242799698e+02 3.812314253946462173e-01 -2.573831971670879426e+01
2.883331713591718994e+02 3.743028172003037835e-01 -2.572361235234760102e+01
2.882655987534861310e+02 3.752545647332399259e-01 -2.572718483215466279e+01
2.880810672233325249e+02 4.009186023714251812e-01 -2.571775415435255852e+01
2.880088266738874836e+02 3.879293529502008120e-01 -2.555540961846441661e+01
2.882606021062484274e+02 3.840480628273117425e-01 -2.573901001129337374e+01
2.881855931410722178e+02 3.901342277497394373e-01 -2.573823383991198099e+01
2.881650229726621433e+02 3.950003748324079078e-01 -2.573192101477738802e+01
2.882428943286022331e+02 4.043441786452897091e-01 -2.570803214915770596e+01
2.880138007265512101e+02 4.028026682288814442e-01 -2.554598934679918543e+01
2.882528475488160211e+02 3.932547327068679488e-01 -2.573452768582988881e+01
2.880792620116160379e+02 3.855483368655199250e-01 -2.574041674214039332e+01
2.881101408493715894e+02 4.016725746611086167e-01 -2.571578072708974361e+01
2.881237034037362719e+02 3.863420903699438802e-01 -2.574026486410553005e+01
2.879256599304096085e+02 3.905868669353996236e-01 -2.556601546980598272e+01
3.276337577511690711e+02 2.446344248293078616e-01 -9.286541670294107265e-01
3.409070048071065457e+02 8.140760120458674642e-02 -3.158215133085768844e-01
2.807359949282354137e+02 6.885560133284663875e-01 -2.852410071024935601e+00
2.633628228351888083e+02 5.835132156974436324e-01 -1.470929163636672810e-01
3.127543828000502799e+02 2.175018739752293540e-01 -1.630423093397758427e-01
2.885285179303025984e+02 4.513848464816941908e-01 -2.523493010347818810e+01
2.663203661332303795e+02 1.158689738649117396e-01 -4.259445306451704882e-02
3.339144372949744479e+02 5.274060918714451596e-02 -7.009062017124391142e-01
2.950787764734143366e+02 7.158591203623871912e-01 -3.107957363477280577e+00
3.354001599173022896e+02 4.641163485081607476e-01 -1.822864752457490800e+00
3.417468325558179458e+02 6.026651828326657911e-01 -5.935091851600918789e-01
3.012148955910200812e+02 5.329180356517099204e-01 -2.332734901045319942e-01
2.374682924795017414e+02 6.423736161992470162e-02 -1.805657482309912076e+00
3.144948591039333223e+02 5.469323645550082658e-01 -1.795626342420158505e-01
2.920934793820537152e+02 7.610748536890019622e-01 -1.044521168774659614e+01
2.984565128486016192e+02 2.539262759428164706e-01 -2.125010611890282064e+00
3.095168797073154110e+02 6.619917221054547607e-01 -2.346931480909901502e-02
2.599987413119315534e+02 4.229268881402246660e-01 -1.953559010864410264e-02
2.535421651792236730e+02 2.071873016993999173e-01 -1.179847815377626397e+00
3.292608784142722129e+02 3.530988789716518750e-01 -1.486617559812698719e+00
2.383159990944431001e+02 7.455085612071350454e-01 -4.342680382031423925e+00
2.609881429811351268e+02 6.113664022968254841e-01 -6.091270915425755356e-02
2.357198307788999614e+02 7.092751159948250672e-01 -3.494474489620695401e+00
3.171528181616889697e+02 4.026163582567915400e-01 -2.472708055514438730e-01
2.341305322525706174e+02 6.346445912846215842e-01 -3.398796834771152131e+00
2.830898015428670647e+02 7.026423438807131161e-01 -8.828203382971818058e+00
2.971673434572863925e+02 1.799255253401025115e-02 -6.563608031711192226e-01
3.476069973165294300e+02 1.944320637907219207e-01 -2.988130589202785625e+00
3.388022397370544354e+02 1.425192656361887744e-01 -1.238583940642011383e+00
2.898765030216405876e+02 1.861347601912324290e-01 -1.767521235371888011e+01
2.464019399108665027e+02 1.135328607316144628e-02 -5.911308483522724089e+00
3.114872464117524942e+02 5.090356867535821284e-01 -1.287678645523999132e-01
2.449497946067837688e+02 5.615033863734461561e-02 -1.861847448392388138e+00
2.542322535057505490e+02 3.366597447238327961e-02 -3.763161973875090438e-01
3.269693816607817780e+02 1.451974026871968027e-01 -1.100225773213745706e+00
2.735980038588807020e+02 3.979255710444047911e-01 -6.523636600182134426e-01
3.109190150181061085e+02 5.755674156164528599e-01 -7.205310587036457826e-02
2.765483435705619968e+02 4.309631523917763912e-02 -1.339255830224867827e+00
2.395271065438655569e+02 4.423361528709440771e-01 -3.474194969842058445e+00
3.307224134469915384e+02 3.220299981225004382e-01 -2.025782363974129474e+00
3.393455179368557424e+02 7.246897401661602789e-01 -4.381311364351016535e-01
2.579410302286711953e+02 9.987495970766366304e-02 -7.431079617932344616e-01
3.252948239436936433e+02 3.142514322607130595e-01 -2.846814983989667813e-01
2.928793990185424718e+02 3.814015472292741626e-01 -1.148976562611976604e+01
2.740431105532439915e+02 7.891633786881082635e-01 -4.059710027013844758e-01
3.203604992340060562e+02 5.586553573609197576e-01 -8.066999293662040216e-02
3.219470132844136856e+02 5.907722459343530685e-01 -2.848251767887323427e-02
2.517242532902156142e+02 2.836344739923472580e-01 -2.563824952151931402e+00
2.478408022782684839e+02 7.821244145791101943e-01 -7.206530113898037548e+00
3.152312874314051783e+02 1.327731667056153142e-01 -4.601387567384107591e-01
2.418883969390348625e+02 1.711549468949123132e-01 -3.416926436456108745e-02
2.442916388259680502e+02 4.340049400575765820e-04 -8.681201847225590296e-01
3.187056323825685240e+02 3.918487487835488614e-01 -2.491261895885090727e-01
2.809538605431488918e+02 8.849150336056721411e-02 -1.526559405711757633e-01
3.446708686005299000e+02 3.367077048905273706e-01 -2.206986337314091440e+00
2.846918825563573137e+02 4.325045502757953186e-01 -1.545810036444528990e+01
2.571310931944994991e+02 6.429019545285039605e-01 -2.971327190364826953e-01
2.656575003987204582e+02 7.729914683494129024e-01 -5.752674760394897030e-02
3.027960379184081603e+02 2.571115946698782073e-01 -4.139727201076970897e-01
2.796592475907506241e+02 4.773063080659922242e-01 -1.194017703669099095e+00
2.614502105163978172e+02 2.920180281459489047e-01 -5.000951858862785065e-02
2.689498126506219933e+02 2.268164211946020470e-01 -1.571902664839606445e-01
2.524236363050185901e+02 7.982537325111265236e-01 -1.611792304689129374e+00
3.315414842253666166e+02 3.733025854298825941e-01 -2.258298307510569813e+00
2.409524517853613759e+02 1.234046620208117950e-01 -9.862097057363937436e-02
3.078586504281441876e+02 1.607900757303634132e-01 -5.047074901565773430e-01
2.714138592747108873e+02 5.279475258539657601e-01 -2.129152549842759368e-01
3.060377594318915726e+02 4.835861339139873039e-01 -1.011243532906615367e-01
3.240068082262623079e+02 6.689484429947730737e-01 -1.704827892963815816e-01
3.449397952035569119e+02 5.183308131901444016e-01 -1.362214846055044726e+00
3.235910879692471553e+02 5.370575493062766936e-01 -2.647111598783320405e-02
2.673524400118618587e+02 4.946543547458954748e-01 -2.161656570432243102e-02
2.910972895021769773e+02 3.452259451311199823e-01 -1.834632141988539189e+01
3.430279368885675240e+02 5.678738353933313610e-01 -8.269980117711481782e-01
3.158739777026750630e+02 3.606631590521571229e-01 -2.778135826538677411e-01
3.040602466373895254e+02 4.315271669359481699e-01 -7.647247495491923952e-02
2.502764392197773304e+02 7.291910611132580433e-01 -4.022379099714942896e+00
2.858876590305172840e+02 3.011916099410232028e-02 -1.646044086499743042e-01
2.645585489944091933e+02 3.097918542870903846e-01 -1.606191251785945850e-01
2.428647425846754686e+02 6.541033731990384403e-01 -4.162369325033735024e+00
3.072952793168238372e+02 6.854728783054447883e-01 -6.565194745141335331e-02
2.874913816020276158e+02 2.777066278115002951e-01 -2.331920236589534667e+01
2.321808397491818710e+02 1.575706867587674809e-01 -8.905797986449237591e-01
3.207936663758043210e+02 2.389842272377933341e-01 -5.654780419107374723e-01
2.758971640173164701e+02 3.283270954483740733e-01 -5.693760869598442076e-01
2.491630799770883016e+02 4.560428384442606897e-01 -5.782091038822731122e+00
2.700590817613154968e+02 6.237962570035957555e-01 -5.761731788380607122e-02
2.782520799657986572e+02 7.394785188633969941e-01 -2.471291745882907842e-01
2.979833530411099218e+02 2.091632051695437866e-01 -2.498166521056893519e+00
2.938147609570655732e+02 5.921422982051617323e-01 -6.922945677411848742e+00
3.460661995437143901e+02 2.699403826938816531e-01 -2.812349979320307281e+00
3.356228211207520644e+02 1.765554443714195954e-01 -2.038928650590412506e+00
3.329371681050774896e+02 6.746762401250615548e-01 -1.693764831230921253e+00
2.996010640013379316e+02 7.569659725972548436e-01 -3.099896739550344060e-01
2.352930523578115185e+02 6.252087900422094169e-01 -3.423240447055380109e+00
2.727376613487661530e+02 5.003709405952915246e-01 -3.828756315032902369e-01
2.840545072528563537e+02 1.063554008875780971e-01 -3.301784119261028660e+00
3.050967923790325358e+02 4.095645777128755771e-01 -1.268332759855031189e-01
2.564098694466849793e+02 7.714677929657062783e-02 -6.459736812093750391e-01
3.373980594170024006e+02 2.989539540377988969e-01 -1.891540625803490361e+00
2.461844685514598154e+02 6.242752899270540556e-01 -6.956907899325976530e+00
2.895222335999162624e+02 1.496196525999781216e-02 -6.656811500677460580e-02
2.628611511051350362e+02 4.147900520980172812e-01 -1.210898172968900843e-01
2.518950454062246251e+02 3.234880028924931872e-01 -2.434796722208498743e+00
2.521006966522984101e+02 1.045729530338812413e-01 -6.431776178828336743e-01
2.861722080745246899e+02 2.185827625059262036e-01 -1.653911862505239228e+01
3.216021691883658491e+02 7.617578779510111309e-01 -1.299473982186171994e-01
2.921760134364012629e+02 3.721267258795521449e-01 -1.418688435658118152e+01
3.260658393323826658e+02 7.214653290912564909e-01 -3.486790172254587428e-01
2.594065051930606955e+02 4.389717720946666457e-01 -5.879833854912461938e-02
3.301881289062162068e+02 6.372861280536693540e-01 -1.410820964834795799e+00
3.360404133997598706e+02 6.437448887366916672e-01 -1.194776046091624133e+00
2.666161161734497682e+02 7.723641201400868184e-01 -3.310565315399889574e-02
3.213339846224884582e+02 4.001002726432748569e-01 -1.097869194507476165e-01
3.122584036207898635e+02 6.306710264120689302e-02 -2.171875362610878324e-01
3.398629846968221955e+02 4.915534924648161108e-01 -9.145125248165691945e-01
2.335165813950804647e+02 9.340363835573839424e-02 -7.184525538737202011e-01
2.416469435756149551e+02 8.013945488385764522e-04 -4.213326924123474093e+00
2.573476982297720497e+02 2.673371010335920395e-01 -5.192959566488708489e-01
2.997575202249891504e+02 1.929217068116116929e-01 -1.722771881353488244e+00
2.781848046994551282e+02 7.673250854538153642e-02 -5.392214901319818399e-01
2.947690892973877794e+02 1.455494195868783924e-01 -5.347867610744031275e+00
3.236066828988437010e+02 5.456688711454904528e-01 -3.124579354410131696e-02
3.368055573094328565e+02 6.946005984700112101e-01 -8.872769840559994181e-01
2.555298025223552827e+02 6.610199075811982183e-01 -8.115760943919182457e-01
2.726400095397262362e+02 6.672961679161990567e-01 -3.119241722134657446e-01
3.291702392136924686e+02 3.959487418135845260e-01 -1.450387792125813480e+00
2.868732993191073888e+02 6.844831946015021984e-01 -2.061093171706825800e+01
2.828423254664556907e+02 7.488369474468679066e-01 -7.607599974251568753e+00
2.484581569259767377e+02 5.277751166251963832e-01 -6.677098787385058465e+00
3.379051538876959739e+02 7.892795062878295020e-01 -4.946481531002726584e-01
3.277722818770893696e+02 3.415085204970019772e-02 -8.700911120419220213e-01
2.739815125204448236e+02 5.230185696861409245e-02 -1.451297680849628291e+00
3.271391843982160594e+02 3.128194965275277739e-01 -6.977183998153514422e-01
2.805616467196301187e+02 4.477599371670741291e-01 -2.085966097034680278e+00
2.790969312510221698e+02 3.608659123471253394e-01 -3.870616605447034786e-01
2.541551410755347149e+02 1.775194522107523820e-01 -9.158636827046482409e-01
2.604478706200151805e+02 4.720635506094005840e-01 -7.640143188494917872e-03
2.404089559811179697e+02 3.536589255496307427e-01 -2.210659726917447720e+00
3.146457658272674962e+02 2.696580588550958821e-02 -3.187260263511805802e-01
2.728760391763149187e+02 1.741604793566548792e-01 -1.043000840536582485e+00
3.180065622459030692e+02 5.420771845059614291e-01 -1.456183327346441125e-01
3.467275441396705560e+02 6.760703581358727954e-01 -1.031307501353934786e+00
3.435983341005972989e+02 6.074468116265007156e-01 -7.898949284524674486e-01
2.390501720901807801e+02 7.967067714952444923e-01 -4.770609852090935910e+00
2.843469922447235376e+02 5.997556659099951837e-01 -1.361126324808484789e+01
2.348446672119218590e+02 4.653745679897233756e-01 -3.271494581227298859e+00
3.423441179712634153e+02 7.159671856115701338e-01 -4.048406004849467998e-01
3.330662840603918085e+02 2.256021134047513643e-01 -2.454613039068783920e+00
3.411721745278297817e+02 5.191849970521900115e-01 -7.876950363962349488e-01
2.650908005917482342e+02 1.029511457647416112e-01 -7.030178643102723279e-02
2.950661504681385168e+02 7.391620645750341945e-01 -2.999834169181736510e+00
3.054751627842272796e+02 3.309491150234781798e-01 -2.458496683103401914e-01
2.765116025717285879e+02 2.575198223349852156e-01 -4.509811665982947915e-01
3.092255285629422588e+02 2.422981030491146992e-01 -1.376445593014339053e-01
3.439336085010771740e+02 3.005970668754693875e-01 -2.046794618748770223e+00
2.912190810014900535e+02 3.845205836518372222e-01 -1.815615991236160554e+01
3.136622732136947889e+02 2.529230353613751148e-01 -2.636510515025807799e-01
2.709307452474417346e+02 4.568833187580645383e-02 -5.792927015588131834e-01
2.501773731167403128e+02 1.851753092458385819e-01 -2.398876585115643945e+00
2.703450914003294088e+02 3.453468075735355303e-01 -2.294990339187108763e-01
2.646068771812541058e+02 2.832248540825259009e-01 -1.522652877920931680e-01
3.026579000563906447e+02 3.107250041228897253e-01 -3.339027003323244980e-01
3.308749132164750222e+02 7.072106293535238564e-01 -1.414743110808142745e+00
3.108604775990266376e+02 5.070260516375181270e-01 -6.128488918866447505e-02
2.472867302097582467e+02 4.876033221243700755e-01 -6.867205949811697963e+00
2.936155897067544629e+02 7.823748916045648594e-01 -5.267268104584694299e+00
3.111773056295359083e+02 5.728663611284502410e-01 -1.048516465226890376e-01
2.458272894175460124e+02 6.527090584070994739e-01 -6.894484939431963610e+00
3.007361765184191427e+02 1.699064640696548723e-02 -7.730835709305400316e-01
2.684484791856141328e+02 1.267921539855172697e-01 -6.975488560622233880e-02
2.883019138085104487e+02 4.599862640740963737e-01 -2.529974756878385378e+01
3.481140723407394830e+02 2.029186719247041415e-01 -3.157294483191514178e+00
3.352150835641880917e+02 5.797661672791225573e-01 -1.568605670820312437e+00
3.073721453662221279e+02 5.300749586149922088e-01 -7.720794089525211124e-02
2.400311858784113497e+02 7.309180784906156303e-01 -4.729494697912670631e+00
2.325852877353642896e+02 1.327087314519389272e-01 -7.818066358430165730e-01
2.613198264376745215e+02 4.974511693719376182e-01 -6.036510449011234930e-02
3.087730051117977155e+02 4.250910409816209823e-01 -2.285404024331843739e-02
3.166160544724413057e+02 4.195721415220261541e-01 -2.282360497139635791e-01
3.184054832547665228e+02 1.579839300716216199e-01 -7.226954801557079477e-01
3.202557327232497641e+02 8.522233370873617819e-02 -9.700884068441775199e-01
2.373410068817204888e+02 5.662104430858813098e-01 -3.287437505571207286e+00
3.050864801637549135e+02 3.789296396010542467e-01 -1.588163317088466808e-01
2.809559924567879534e+02 6.188141225712082694e-01 -3.638905706292084652e+00
2.970537804838065199e+02 4.519997402171904155e-01 -1.941055492036044772e+00
2.445155537558244419e+02 1.175605696330821320e-01 -2.220512556645271030e-01
2.979535538411389552e+02 2.106067920282961303e-01 -2.713961156818445630e+00
2.587611641754955372e+02 2.390496571356435784e-01 -3.952644076592893851e-01
2.363080032227299796e+02 2.749360162227840187e-01 -2.256936774493346398e+00
2.986600906767187098e+02 3.365518900505998778e-01 -1.703982953926844734e+00
3.246338220357388309e+02 5.905376864202418474e-01 -1.472485257201499864e-01
2.675172216374108416e+02 5.539689429060168369e-01 -2.726091623836537567e-02
3.031623928798038037e+02 1.628326274535342177e-01 -6.351210539119446219e-01
2.853591698543069697e+02 6.097380438648728473e-01 -1.678246730643888895e+01
2.543245863801782605e+02 6.781520525445332293e-02 -3.305083940034543866e-01
3.450559107262393468e+02 1.387237963166191856e-01 -1.786219513630823208e+00
3.333256013951390173e+02 2.934457499269702008e-01 -2.537269831932637665e+00
2.431595285195246277e+02 7.555641840786884167e-01 -4.643474020255459855e+00
2.758286005658248996e+02 6.965264336970913295e-01 -3.570178053719926803e-01
2.867765272175493578e+02 4.484209060668945535e-01 -2.361329121517114160e+01
2.873563917976045445e+02 4.133263587951660489e-01 -2.447479151642565043e+01
2.883820438970963096e+02 3.467414855957031694e-01 -2.556073813483082091e+01
2.882301297464604772e+02 5.101696014404296653e-01 -2.465132852404622099e+01
2.877049191784905702e+02 5.740721225738525391e-01 -2.335738010280696741e+01
2.881546896100520030e+02 4.513471126556396484e-01 -2.538398692847708205e+01
2.876550635862212744e+02 4.384035110473633035e-01 -2.500526501849380878e+01
2.889757818486617111e+02 4.436125755310058594e-01 -2.494870494710291098e+01
2.874004349834524987e+02 3.487479448318481778e-01 -2.494361699688569445e+01
2.882853726113060020e+02 3.608072757720947599e-01 -2.566988932442371052e+01
2.876135799676080751e+02 5.317517280578613059e-01 -2.400564146724449799e+01
2.879746743204311770e+02 4.437731742858886941e-01 -2.533910667150202656e+01
2.879479755614008241e+02 3.562932729721069447e-01 -2.542917778236500936e+01
2.882675127241924997e+02 5.554930686950684260e-01 -2.393873551354383977e+01
2.885226158073973579e+02 5.961103916168213335e-01 -2.299663065327301226e+01
2.881814044670875319e+02 3.388209104537964200e-01 -2.548631792511445227e+01
2.870207759983110236e+02 3.858994960784912220e-01 -2.358224220901924539e+01
2.877105211659724091e+02 2.890415668487548717e-01 -2.423600295043090114e+01
2.888109473585721503e+02 5.271545410156249778e-01 -2.373532930222318527e+01
2.887334145756732369e+02 4.265034198760986328e-01 -2.549008942274112499e+01
2.874777925744327263e+02 3.407866716384888028e-01 -2.483038482004218039e+01
2.891222780073962895e+02 4.555939197540283536e-01 -2.413106074626010766e+01
2.887270819648017550e+02 4.538471221923828236e-01 -2.523402773014008105e+01
2.884226891992722130e+02 5.308136940002441406e-01 -2.434801716659749360e+01
2.891124869782942710e+02 4.773033618927002286e-01 -2.383723540873761593e+01
2.881277409153768758e+02 4.019156054434487868e-01 -2.571518155989337018e+01
2.881028619974490539e+02 4.546593886824297215e-01 -2.534881026256389092e+01
2.876140224519144226e+02 5.019551085772820942e-01 -2.440194141968327912e+01
2.884580569530616572e+02 4.103701114654541016e-01 -2.556493519264671477e+01
2.875140147517454352e+02 3.593435764312744585e-01 -2.501891517236233398e+01
2.888915897391836438e+02 3.716183263568149098e-01 -2.533448895950788327e+01
2.880031312745704213e+02 4.108937263488769975e-01 -2.552569633197549948e+01
2.877013256717722243e+02 4.795565432717741050e-01 -2.464614797434946070e+01
2.887597208143062062e+02 3.345126628875732533e-01 -2.512201957304614908e+01
2.882366697420702621e+02 5.227140895995141534e-01 -2.446341129537280068e+01
2.879528738476916487e+02 5.360332965850830300e-01 -2.421823837907563259e+01
2.881953943411937189e+02 6.042321605423824904e-01 -2.308847138048090741e+01
2.879347677747925900e+02 4.982978820800781361e-01 -2.475595069267765425e+01
2.888879089492226626e+02 2.837081670761108509e-01 -2.418002382647720694e+01
2.883724236540593324e+02 4.941428614036928457e-01 -2.488469902129767064e+01
2.872216901466277932e+02 4.898578643798828236e-01 -2.401514979466860211e+01
2.881875112162435357e+02 3.812752723693847989e-01 -2.573786106108038751e+01
2.887226400860853346e+02 4.074618541805390404e-01 -2.560855144910732761e+01
2.886530930128851082e+02 3.544201253293501330e-01 -2.559216148303857352e+01
2.873039930795411578e+02 5.116106033325195090e-01 -2.375164452965835693e+01
2.882519007205558523e+02 3.585681246473187977e-01 -2.565758137550893636e+01
2.881372844279228502e+02 3.698034048080444669e-01 -2.571378844283312404e+01
2.887752738943295867e+02 5.167116195313745663e-01 -2.389671445874659739e+01
2.878880287265811830e+02 3.433263658321239475e-01 -2.531206901705592927e+01
2.888670748012177114e+02 4.659745070218856977e-01 -2.466096307057264880e+01
2.892343037964012638e+02 4.821122042185064238e-01 -2.380873855749967305e+01
2.887577612571530494e+02 4.760551492262372064e-01 -2.497286217389087426e+01
2.886535286450965145e+02 4.099316798818181673e-01 -2.558890172092644377e+01
2.887328822619107314e+02 3.616499191323146456e-01 -2.528799667605151313e+01
2.873871604537109761e+02 4.246163087653765378e-01 -2.443926189574071728e+01
2.882034058359801634e+02 4.547832012176513672e-01 -2.535107167954317120e+01
2.882087485671768263e+02 3.864728436979219528e-01 -2.573984220062844841e+01
2.877647047287646274e+02 3.910227188567390599e-01 -2.558285770772672763e+01
2.873471544043863446e+02 3.961899544566551135e-01 -2.447900766643467563e+01
2.882759810922019028e+02 3.675444698480087036e-01 -2.570272802473311557e+01
2.879043657030962322e+02 4.105573652813969687e-01 -2.553635541409124343e+01
2.887647913847833934e+02 4.451855182647705411e-01 -2.488362182223556118e+01
2.882363450747049569e+02 5.153401300640281235e-01 -2.457510753607655474e+01
2.884952811282066705e+02 3.436179399490356667e-01 -2.550127672830921455e+01
2.882593861116613425e+02 3.313280288475994872e-01 -2.538743967909091026e+01
2.885194443709084453e+02 3.916191264915657166e-01 -2.564437596754849480e+01
2.876143469756067361e+02 4.373763956696192223e-01 -2.501891306414288252e+01
2.884071562417054793e+02 5.560893058776855691e-01 -2.393756438029090106e+01
2.876217877957709561e+02 4.028228759765625222e-01 -2.514291293335782385e+01
2.881723037099891940e+02 4.950667454848073357e-01 -2.486275293010289644e+01
2.878796793720633787e+02 3.723819048348877003e-01 -2.553333312673450806e+01
2.886455114102311654e+02 4.414031028990621497e-01 -2.535123978486212337e+01
2.876647777429552661e+02 4.537841369603921038e-01 -2.489353524067354684e+01
2.876769419929840979e+02 5.435164638569196516e-01 -2.382757448845504911e+01
2.879711293147569791e+02 4.309682430268957365e-01 -2.543100154365481558e+01
2.881162887667360337e+02 3.893346934533762904e-01 -2.573898538425561000e+01
2.876622399051009893e+02 3.910586737817582925e-01 -2.513250693610130426e+01
2.876796742256414063e+02 3.679348599011431631e-01 -2.504370104525393614e+01
2.884843869450117495e+02 4.265238334908823536e-01 -2.546068937210408478e+01
2.883137712135820152e+02 4.361277362362951937e-01 -2.552453831142258878e+01
2.879659400953010504e+02 4.059209985123810593e-01 -2.554391151105308211e+01
2.874534608307962458e+02 4.306837284071458605e-01 -2.508569914300555226e+01
2.890168521317887098e+02 5.048250675201416682e-01 -2.414436543046889838e+01
2.876245700941561836e+02 3.334513619592044398e-01 -2.469054355213061314e+01
2.883352669624892997e+02 4.506308453855798479e-01 -2.539626203055037124e+01
2.886508160665937339e+02 4.007216712756497268e-01 -2.563029476347207947e+01
2.877339937334070328e+02 4.593614199684105670e-01 -2.483510813539247053e+01
2.883029605427228717e+02 4.155686019551342314e-01 -2.566046018763145398e+01
2.882443698510568311e+02 4.145438598546271614e-01 -2.566516636014558017e+01
2.877870808959919486e+02 3.121896005707249788e-01 -2.482183545561172622e+01
2.881273972127726779e+02 3.532704353332519753e-01 -2.562492949046803048e+01
2.882583492267101519e+02 3.733848954126841591e-01 -2.572267355860955362e+01
2.876492828905780925e+02 4.346625762882171395e-01 -2.502866735484591842e+01
2.883329897472773951e+02 3.688339455777780995e-01 -2.570639167140154058e+01
2.881879347122799118e+02 4.315248878755264528e-01 -2.555764952107320198e+01
2.885998823316921289e+02 4.523594637809519314e-01 -2.523386435066880296e+01
2.880070610920323020e+02 3.638547821474490407e-01 -2.547449052517953660e+01
2.884129238128754764e+02 3.931304459700593057e-01 -2.562974101356741485e+01
2.889068226610253305e+02 4.440655893733187476e-01 -2.492835724627456173e+01
2.885868954805742987e+02 4.235131263732910267e-01 -2.549571054887326582e+01
2.880384231050454673e+02 4.219983348725788730e-01 -2.547588067126922695e+01
2.880150981911813801e+02 3.870242682953825564e-01 -2.555387487460867035e+01
2.884414894434217445e+02 3.954571417852031923e-01 -2.562634075418695545e+01
2.881193102686614793e+02 4.000644108382862552e-01 -2.572042467119613463e+01
2.881240855961891612e+02 3.795587326422472652e-01 -2.573651681518428802e+01
2.883872372845655718e+02 3.967852756287070237e-01 -2.572783435439336230e+01
2.884231029230783179e+02 4.233069896059131754e-01 -2.547749806700691977e+01
2.883456704469817282e+02 3.908773209787120284e-01 -2.573655057823970793e+01
2.882751706443352191e+02 4.071081363615371429e-01 -2.569822998717961937e+01
2.879991984329526531e+02 3.772884049614594337e-01 -2.553633285587827473e+01
2.882156996413368688e+02 4.036284843451218851e-01 -2.571029974670793194e+01
2.886667747600206440e+02 4.512806351771564417e-01 -2.525403950713483425e+01
2.878311252855197608e+02 4.049388689531797647e-01 -2.555946749969354670e+01
2.890206435813670964e+02 4.002751670570067200e-01 -2.529857580676304352e+01
2.885104025739051963e+02 4.144491210345685461e-01 -2.554748939339561531e+01
2.878615492044380062e+02 4.229418869318139484e-01 -2.548686807238306073e+01
2.885835842113668832e+02 4.029475398826090071e-01 -2.561455605560557913e+01
2.883265610808387009e+02 4.184388653552421622e-01 -2.564528421254664892e+01
2.883561155843308370e+02 4.034503936767578347e-01 -2.571100104088375105e+01
2.878854455759225175e+02 3.919450591226013580e-01 -2.557043438068206243e+01
2.884526693852197354e+02 4.103200992742294106e-01 -2.556458707867058422e+01
2.880240349170772447e+02 3.561913956699401806e-01 -2.541814697626152508e+01
2.881601058098200383e+02 3.859996914268251089e-01 -2.574015535503295737e+01
2.875322865546084472e+02 4.488672251924329948e-01 -2.495456377652618940e+01
2.882872380313183385e+02 4.110004220630134597e-01 -2.568223728040310760e+01
2.882952430904629182e+02 3.548443294708520379e-01 -2.563132889507256351e+01
2.879864291857501257e+02 3.856956268106824237e-01 -2.555565475694343291e+01
2.883215134570560281e+02 3.709682724467743831e-01 -2.571418427897663150e+01
2.869852163536871217e+02 4.119230993039646460e-01 -2.364635216948721563e+01
2.881557892655442856e+02 3.923966732839846427e-01 -2.573588734543199408e+01
2.881862505892368631e+02 3.927434650255368642e-01 -2.573540751748327793e+01
2.882668807380406406e+02 3.719917351313181686e-01 -2.571855067199135547e+01
2.880393707569217554e+02 3.839477543117150726e-01 -2.554701118769483870e+01
2.881126787542505099e+02 3.983357840879957479e-01 -2.572479868745235976e+01
2.881152354691152482e+02 3.784116320729148386e-01 -2.573501323520429196e+01
2.886470958340116226e+02 4.290407806418296000e-01 -2.546032704274181668e+01
2.881673077198149713e+02 3.882874344314708459e-01 -2.573951710836659146e+01
2.880613376767701084e+02 3.911474958682518710e-01 -2.555110620450437509e+01
2.881427167953923458e+02 3.798618579961258179e-01 -2.573674133631765670e+01
2.880135701748857855e+02 4.561106806871574881e-01 -2.522928510067216124e+01
2.883386529240510185e+02 3.815651384035536053e-01 -2.573623035082897559e+01
2.882376710817545131e+02 3.787508439551325878e-01 -2.573421374964231489e+01
2.883016974257753304e+02 3.689533862537861530e-01 -2.570759215194230407e+01
2.880858407121844493e+02 3.897872705414349714e-01 -2.573862272997504164e+01
2.882513311346942828e+02 3.890770268437613311e-01 -2.573865502792763849e+01
2.880624028472614668e+02 3.788976548066185224e-01 -2.553329401411700772e+01
2.882556260166669517e+02 4.012555943501348032e-01 -2.571762387313448173e+01
2.880017867846701165e+02 3.975879270625994888e-01 -2.555503645353594067e+01
2.879384926819219572e+02 3.449340274107679516e-01 -2.532303767203323375e+01
2.882436330072310966e+02 4.034690949501891222e-01 -2.571091385022309694e+01
2.393721575808560260e+02 7.464150101475106602e-01 -4.756161295526418975e+00
2.336571341297932349e+02 5.008809705108199228e-01 -3.604285299922320274e+00
2.323640149335795400e+02 5.073636194669488564e-01 -3.545616831894382148e+00
2.732909740407085906e+02 4.544327857324036990e-01 -5.243921695662803195e-01
3.301721289275988624e+02 1.688102603328307154e-03 -4.038239093932188134e-02
2.922545828164856516e+02 2.693941134793363668e-02 -4.147484483971655145e-01
3.246460560134446496e+02 7.540611756717544578e-01 -3.306425350321819945e-01
2.854426484457588913e+02 5.578910026607818429e-01 -1.720291508591765961e+01
2.876920848272532112e+02 4.651767865126606172e-02 -1.220069262296898049e+00
2.367479037522956560e+02 8.053051516211530425e-02 -1.355844748421771495e+00
2.958492274065671950e+02 2.376508104258799325e-01 -4.803898379353096715e+00
2.761875786580289969e+02 4.220325091223977587e-01 -4.448852063867462792e-01
2.597840985303126899e+02 3.980853726270578985e-01 -5.341314867157431756e-02
2.475089831370241313e+02 6.245204702753809345e-01 -7.247150528756573173e+00
3.033298030507694989e+02 3.152414619969279297e-01 -2.382263813022357235e-01
2.895942173789807725e+02 2.685447647317196207e-01 -2.273224210001416523e+01
3.223297094625368118e+02 1.338540619283739852e-01 -1.136595977581615236e+00
3.165881335294696441e+02 1.429861545990168958e-01 -5.904289077639299776e-01
2.701980422663561399e+02 1.237531870770950532e-02 -2.482110553071601999e-01
2.497619422577215573e+02 6.601897446666953329e-01 -5.018495284827301006e+00
3.284709489780733520e+02 6.230210125640696095e-01 -8.166557571448563868e-01
3.335490640793325383e+02 5.908251630204061078e-01 -1.788698384008566178e+00
2.714603041823747276e+02 3.344973657577308690e-01 -3.757669983721620977e-01
3.119289648364974710e+02 1.181259134842706227e-01 -1.460685597967477933e-01
2.809453267587686014e+02 3.470269839673158496e-01 -3.299764494040093421e+00
2.347926795478579152e+02 4.720007012631960430e-01 -3.279063800264313766e+00
2.945242640886286267e+02 2.116758210966788178e-01 -6.862916025335445980e+00
3.101611221673437626e+02 2.290486076781680647e-01 -5.949270598390378473e-02
2.860088112602475690e+02 7.893877543960123866e-01 -1.673663423133677242e+01
2.825372868511857973e+02 7.195713189297556767e-01 -6.796900179960829291e+00
3.292794471347162926e+02 2.277109675456466531e-02 -6.295041114473737265e-01
3.443353756188960801e+02 2.869757197898185064e-01 -2.234016867826723818e+00
3.061137504626857435e+02 4.062023570023754471e-01 -1.637860732233547834e-01
2.562314771263558555e+02 2.056559683180990694e-01 -7.006466580543608824e-01
3.234059916849154774e+02 1.467326007438135571e-01 -1.110427944616267260e+00
2.689515661703046021e+02 7.294295426525452264e-01 -4.681016850581921213e-02
3.199941190025872402e+02 5.417860421417491912e-01 -1.016145144462355099e-01
2.565735520615468204e+02 1.098086012863849215e-01 -6.941196476257692760e-01
2.843248858074297232e+02 7.067322868256959989e-01 -1.277346915815069828e+01
3.049964788198191741e+02 6.596847655071631789e-02 -6.139329679451031030e-01
2.643676139956722864e+02 3.634483959768296940e-02 -4.426503428021831771e-04
2.788095731081657505e+02 5.662484425683024236e-01 -4.175535459449141173e-01
2.930793267957229773e+02 5.755359270201466648e-01 -9.177203576869791490e+00
3.378134318500297582e+02 1.912395068458030423e-01 -1.753156889498257875e+00
3.026045121198549737e+02 5.953136257810672793e-01 -3.375468495267549413e-02
3.007573021790944949e+02 4.138012094747035019e-01 -5.284666865304873395e-01
3.141405801941581331e+02 5.140553633089800512e-01 -1.904243289028082486e-01
2.391248720514921331e+02 6.535136760540840584e-01 -4.491421757877420262e+00
3.257887891271784611e+02 7.652246751592205465e-01 -3.716900677849711565e-01
2.652403558648693433e+02 9.367115549169438560e-02 -6.228376743147580330e-02
3.434735301350768850e+02 4.300235763631294894e-01 -1.401704296380883896e+00
2.521453384551075487e+02 7.275059166802940736e-01 -1.784395927256303471e+00
2.778686818214889627e+02 2.581735208239476220e-01 -3.300457234050668126e-02
2.456894894845822250e+02 1.928118909441905171e-01 -1.336912030987452038e+00
2.997729742718962598e+02 3.394369846905789800e-01 -1.207793520573659185e+00
2.513430770146447060e+02 4.927286152172978828e-01 -2.717540181118636600e+00
3.263694921196459973e+02 6.101852595163523851e-01 -3.216397895627287062e-01
2.668235671289241395e+02 1.019929166888628169e-01 -2.747086401311846574e-02
2.678072721295842484e+02 2.475740996719935083e-01 -2.553413625886564661e-02
3.331147489655685376e+02 2.962604419334581851e-01 -2.537102007346092591e+00
3.422411835303055909e+02 2.541524111880437697e-01 -1.684360584916172243e+00
3.065944628858277383e+02 6.360923534011536651e-01 -7.464773453341976006e-02
2.410084280175380513e+02 1.760139612549507238e-01 -1.111051550862071635e-01
3.182656718371557645e+02 7.680415914936221666e-01 -1.232932863606908680e-01
2.448704781273296476e+02 3.225128236534301474e-01 -2.584422841353255507e+00
2.601360651747299926e+02 2.911121669137836654e-01 -8.846149796464033987e-02
3.391864916442088997e+02 3.743094378391893517e-01 -1.352630139144198385e+00
2.986216122676622717e+02 5.228565358662460305e-01 -9.725790496761418380e-01
2.965390443825189095e+02 5.768949314182371113e-01 -2.030360439613358547e+00
3.077077662275494845e+02 7.410161943723994060e-01 -5.919327323656740913e-02
2.612025385262496116e+02 1.650508667114033434e-01 -1.333748000679152446e-01
3.365895155495616109e+02 2.196378621382173157e-01 -2.091921243485713511e+00
3.096262166122637609e+02 6.651095585582691427e-01 -2.350480709418782330e-02
2.584567346377364174e+02 7.787641039931337827e-01 -1.128224980200969174e-01
3.152084598005012595e+02 1.553083567308949364e-01 -4.504784528529549581e-01
2.978884170088681458e+02 6.794379285349849695e-01 -8.708153577956482261e-01
2.887999654025126119e+02 3.652344563488620910e-01 -2.530898681141169959e+01
3.132494042169151385e+02 2.721666063841584604e-01 -2.027274417584744859e-01
3.467940109934630186e+02 1.713605592920809106e-01 -2.544864911332060053e+00
2.774252607580699532e+02 4.578711761949653125e-01 -5.797688135743089138e-02
2.424327647002259312e+02 5.968701787807133979e-02 -1.665741771715448127e+00
3.213417519687783397e+02 5.464915046709719615e-01 -2.643299879116904616e-02
3.178901607707911694e+02 4.400507844517685396e-01 -2.095860106473730611e-01
2.489286384997558343e+02 7.664683201034562521e-02 -3.537158749907261535e-01
2.910796878305719702e+02 6.014943970151881425e-01 -1.644941188508574470e+01
2.535577021586299225e+02 6.423282595928726524e-01 -1.546616899739567064e+00
2.805732605272508522e+02 4.327932287497651132e-01 -2.055771007894511726e+00
3.456878437824380512e+02 1.274130211152274261e-01 -1.664230868109862982e+00
2.432108360345906704e+02 4.851169240217547696e-01 -3.206008930060314732e+00
2.626571283701007360e+02 6.885337508517005434e-01 -1.312729192524113020e-01
2.378450108736487607e+02 3.896421270327581343e-01 -2.372140919138337800e+00
2.546772218133975514e+02 4.990740608195767813e-02 -3.525707919968819049e-01
3.347007305772983727e+02 7.977356511014503937e-01 -1.163837991409189199e+00
3.372410009847371271e+02 6.826432923207107484e-01 -8.273416646436002608e-01
3.404530953834477032e+02 7.003691345573980209e-01 -4.149765648091026105e-01
2.747100207158549097e+02 3.091063476215027972e-01 -9.501813752314126615e-01
2.719358917094897379e+02 3.540320809069391061e-01 -4.388498690225227650e-01
2.466991018133797979e+02 5.321871245539303574e-01 -6.831179048990271951e+00
3.311488306791542300e+02 3.799450495624416835e-01 -2.131627269788996415e+00
3.475405443715176830e+02 4.671450160087750603e-01 -1.997792162652347825e+00
